X1,X2,X3,X4,X5,X6,X7,X8,X9,X10,X11,X12,X13,X14,X15,X16,X17,X18,X19,X20
0.28164494859410016,-2.3046985589222078,-1.6617663414477721,1.8654852684622947,-3.0706065847587967,0.28768429441021737,1.3775453754044993,1.4305343018477363,0.9632642746299895,1.043589741413152,-3.0788204087189412,3.4921711308112986,5.9794968871645695,2.5527332140685144,-0.10857258042051754,-0.027075457780882828,1.9976601104487601,3.7217315382380844,2.235836232212136,-3.7563790705107625
-7.180401221576682,4.986694836832132,0.6325603825884015,-1.271992089787656,-0.22943395225166419,7.159328740712683,-5.006904315532001,3.3040532227080863,6.905177543057942,-4.066232407080005,-3.635221299100334,10.74672915571756,7.500653747375246,-7.499603266090842,-0.3452673580013971,2.0042808766337026,-0.9052140391047936,0.9277771214007525,-6.339882470508708,2.4596435886251924
3.3858327211686734,-3.017211870210755,0.8664138521785736,-0.6092378037526293,1.0544040789120661,-4.225449513455559,0.22600668730853202,-0.4287318468212684,1.595725292105324,-0.4843022818949627,1.3154573009578052,-7.912708417344698,-2.884142057127525,1.8024443812361721,-0.16523610235926678,0.12255245943929344,2.8710589002791282,0.8245180712510656,-0.42106310522017265,-1.5212130824614976
0.7990721657075903,-2.693793102117959,-0.42071899687486825,-0.8361599298317375,0.5562751041511893,0.2978647916253325,-2.2337987762712532,0.42960939240700396,5.777265616382547,-0.7912630154433127,-2.367511911628119,2.355828982314906,1.1697490429704132,-5.276112550717995,3.248047312559204,-3.2950579669335442,0.8980568574713563,3.0157009027775814,-0.48967491802919394,0.3822291734351013
-4.807695483587924,-0.9141762980464699,-0.4699476517512855,-3.4319269503233,-0.5144237155908521,9.007805838651388,0.09768052842785968,2.544417768808494,2.2930779926922806,-0.615787734727819,0.8354137157550336,7.211239205003853,3.930768652610097,-0.4886280939518379,1.4634506018910947,-3.7821565658845744,-1.275635116586934,-1.6610176845564877,-4.339375720508598,2.6296903283471678
-4.386299992544296,1.17470436336518,0.3390325151880397,-1.4638841347638039,-1.6246172172368933,5.1743385162657045,-0.20298697253674036,-1.5598608946168042,-2.3178133052204952,1.2983319706625425,1.518635895283769,4.314038426593955,-0.6212054580312167,1.866926719087425,-1.23513021231302,0.5470020908385748,-2.478572199992514,-4.2849024148483945,-1.3366262633090642,1.7374694122573193
-2.5408055529484463,0.26499734846107403,-0.0026687528656833687,-2.9018521808329174,-0.8867010960823372,0.528313548349524,-1.4725711382587965,-0.9342972087695507,2.1991116219502294,-0.08804075106957152,0.649963497909242,1.8008758711907489,-3.777350876107418,-1.13317703469973,0.27497823999287546,-1.6727550463806522,0.0019134159166178666,-2.3311333963004515,-1.7734043289216732,-0.33712690904433507
-0.18881399624416617,-0.18364332888648893,1.1629935509734095,-0.5545170609162977,0.8080847288415719,-1.4087618889382663,-0.6098136017527711,1.013893050599393,3.7195081500579326,-1.0017772565554481,3.3205257353419464,-1.549838951264205,-0.39894623509700466,0.22931137392970613,-0.6655038103459379,-1.489121565987935,1.1236357572810727,-0.8583433076061071,-1.5114470619859013,-0.04572886355287411
3.4970074603656576,-2.0432748377693812,1.7522732608089557,1.0405216135231565,0.6640947649436628,-6.831915540507045,2.1476901545194256,0.20832739623408392,2.143681998696802,-0.56501476934909,-0.6279651585974624,-7.546085574170998,-1.8223810783060705,1.1351680053042033,-0.9475710685875234,0.5830860891737926,4.12693282260501,2.170013518287061,-2.231618566771288,-1.7969490283521468
4.621544058742847,-2.007784165166614,-0.2047595046237967,-0.04009416877868488,-0.0586995400824557,-6.147614854234873,4.1025768991457285,-1.2860054450982712,-0.5245429972399736,1.9193832000868563,2.1431928370123696,-2.5195482735521497,-7.726167512047663,4.264931217430072,-0.15725654549777415,-1.86405738010763,2.023610662737054,-0.7174902210227745,3.8248432942677937,-3.5910331041107733
-4.413699996889698,2.1698683879030254,-0.08414483021661398,-3.008723891533082,-0.7532479915106793,2.908033192195829,-1.294321968154712,2.0416610964904423,2.0651806395063708,-1.9077160435791911,-2.889034192649139,6.998515107627599,0.43807950948203733,-2.9152232331828634,1.4800561848970035,-1.9870325432886253,-0.8748367068200849,-0.6292412619128088,-5.168692802241087,0.17394662705733
0.16167360991360014,-0.7566136447888865,-0.4243405584724798,-0.49777454730742354,1.105144825989185,-0.2991251311099662,-0.5143989765586745,1.8592050354923049,0.01849539510797138,-0.942350017878294,-0.5782747273810659,0.3506458232640448,2.8800140763690543,-1.7128288893586432,0.7264609675956163,1.3542197113027008,2.2099538802940573,4.4792199878025185,-1.33237038678656,-0.47383009520377484
-4.538000950634522,3.976618930363791,0.3631194946375564,-1.865125267922461,1.7644470544680142,5.026860754307394,-2.369843782700623,-0.7371751602221983,-3.6338457696304207,-0.15724115842340636,2.7072292662700788,6.758601014760414,1.2941986995682115,-2.9867961138210424,-1.104303186599656,0.17034249810517033,-0.9107522707001117,-0.9736500322477021,-0.8022733344838329,2.349909541514537
0.527356067735174,-2.31287689545545,-1.3655171535546424,-1.6994360037395086,-1.0900509137340477,2.338947021956996,0.8520965190420968,-1.5467918595418595,-2.432953093959049,1.8922594720251393,0.8734063629059514,-0.559313939710631,-0.8653170665652852,3.4121008158918964,1.1284014003714304,-2.2914216857451617,-1.3429967051508833,-0.8879625836657012,3.2644021709192437,-0.6131224648241878
0.7660936482556233,-1.999951634494876,-0.30602788870914405,1.668885347608235,3.1648186341406985,4.070654773694251,1.549117609575402,1.8309133013769578,1.949594686454138,-1.8665478866111145,1.129707929915741,1.1800162454303542,8.664720628507284,-0.28502143033904737,1.086071471452407,-0.3707153222306794,0.9196653992851236,6.860529147820299,-0.043735264444181146,1.0535246503722384
-0.5378350198943038,1.6136507515778824,-0.779109555383797,2.975433281157698,-1.3990690185536299,1.7755271595280222,-2.349990034967653,2.548696640558559,2.121539362574498,-2.0611027362653003,-3.977622081821678,3.76955775071535,5.542707728962053,-2.1746528739327333,0.32113854494206817,2.0069622192479053,-1.1648034310507565,3.548725481382609,2.032666863607411,0.37374238279761385
1.709303814351774,-3.1172325430137158,-0.7588214848609185,-2.16062869730547,-3.639462859603788,-7.1558083620265815,-0.031192968377490304,0.9961208338749518,3.097254292255305,-1.08446271392131,-2.481157146798578,-7.172010962987927,-11.84705991923158,6.00354214376527,0.3605678201224334,-0.7273343187612273,2.8255026809101196,-2.9979607262463053,0.4739556811911139,-4.48070540435339
0.21402290167190013,-0.3559638359183864,-0.06955164729514264,1.5941911388889716,0.003390499601430008,1.3377119867890874,1.076798280530112,1.1986153040733716,0.8500731228686638,1.172157645667038,-1.2332881735479355,1.2333424295887387,5.399588805350536,0.3210138505312056,-0.0318674818105322,-0.09348790060446983,0.13948782771920737,2.3055730795250104,-1.7134488795887681,0.341864989796405
2.859817890124906,-1.4828995865650727,-1.584603438143027,0.15049733357206385,1.4392279699885446,-0.5532765956213979,-2.2636902405567496,-1.6294218118334125,-2.774465581996405,0.3420156355182038,-1.6692951203851678,1.1418663788837995,-1.1491130785139063,-1.8013981848967087,2.0091692213444254,-1.7762624476083455,0.7425210617493185,4.439540745950726,1.2763045122133099,-1.5221148411990741
-1.0608072303371572,0.4506779291562986,0.9309991383844488,-0.11273340100078312,-3.294491879899936,1.5882320701817214,0.6869959354379437,-0.36417384378426654,-0.934427671486343,1.306408430271791,0.6839726282025285,1.229923952200988,-4.304099363099194,2.5763070859065933,-0.33214053218072026,-0.14556464121537505,-3.232234331049494,-6.166692612085935,-1.532315561342859,1.1143583064409643
-1.6411671580248366,1.9739790525909635,0.03076773699078038,0.1989697298338048,-2.6693458186370678,-0.9958793280168992,-1.413795721503421,2.2476476706876505,3.254502595418643,-1.8600559893718955,-3.0102737751771356,4.402860473317483,1.596076068358095,-1.5328273713087408,-0.39348486022171286,2.0495146479501902,1.2504960923303035,0.6728449220073428,-0.007135049994302811,-1.961373262523065
-0.34757238245326944,-1.9202223647623748,-0.5115404365713708,-0.4525000168922336,-1.6422198901002363,1.9891164522738964,-0.3942004068982885,3.54652989769881,4.092097492483763,-0.3867729916684113,-3.8125764249256893,1.5665435236950769,5.764375071998904,-0.33573975809121587,1.3562535121298362,-1.975710963006988,1.8014599284553185,3.648742975572178,-1.4798607339651333,-0.926369133235504
-2.649547956421261,-0.5639113370144778,-0.7061837842135368,-1.618346049446915,0.9683108834083706,3.256488262392172,-1.9432913723798337,2.289670012440472,3.1400325247579604,-0.6539324588044604,2.2506221253106062,1.9833993166975015,-1.064323671001586,-0.8491361392727685,2.3018472601486013,-1.6379513115466837,-0.8990606117258748,-1.3995984509894503,-2.481682190370366,2.0904075992967983
-0.5469587615102294,2.263510148636143,-0.568406152866907,-0.013715928178411885,1.059491021015626,-1.705934306523511,0.5843880855553891,-2.913311372406851,-7.440125114075109,0.6446315045814797,0.14347327059501014,2.3395272694793734,-2.907292717938406,1.1270756363637404,-0.5312004077543965,0.41411962250693524,-0.4275674318504925,-1.1406519715913561,3.0605850951046163,-2.1545364410504044
-3.1947550766232293,2.123463182200995,0.5185312656988248,-0.27563169797761766,0.7070680743771538,2.1613290262805362,-0.5200512293303791,0.7135698630325265,-0.7368375352447892,0.31946124518797936,2.926525162563466,1.0689056084169009,-0.062041960378446726,-1.913544719174757,-0.59047917353189,0.6305409962907178,-1.6995770513676238,-2.15988879749544,-1.0152664291438644,2.2981035939405623
1.0159762198063915,2.3228453696252664,2.8746572939170214,1.0354088540956523,1.04595390941661,-6.983862388816186,-0.5952778795535021,-3.4169707632199655,-0.16947540239127729,0.6038927989199889,5.6981129963739185,-7.495767124208786,-4.0806448878867005,-0.5828438031077467,-3.5228654211482047,5.5123532869703045,1.5676798034060904,-3.084275530605327,-0.28508617587629237,-1.9668435849301635
2.1001020468067173,0.08085503794400317,0.7842244913851643,4.224710861358836,-0.7821070065122485,0.889372974919435,2.4850559311647418,2.7908889941623456,2.2700415060835066,-1.286956951967037,-1.8501619554111595,1.0845478668396105,8.773247210038038,-0.7783023245877879,-0.37340041017162695,1.0611283369148423,-0.4950840311160749,5.216672572719592,0.38313876931071583,1.361893271727548
3.4252816244040765,-4.515483096651912,1.1647779127649487,-0.7450410889271937,-0.8487079214530346,-2.5686200175298963,-0.6984060077322655,0.8313321362912306,6.356973336149905,-0.08151749310530221,2.1422983310219434,-5.678859006770441,-0.4467424284734874,0.8195648123258893,-0.01297532046208194,-0.6716037458172741,3.2685248190520038,0.04326065602812168,-1.7186805132662426,-2.2280018167570104
2.6851290105809316,1.1265749274204857,0.43040042887087376,3.3981696209168732,-3.026236398767601,-4.327823302622593,2.5601998003368776,1.2118148862768168,0.5117484092179175,0.3420941653142331,-2.6267347059315114,-1.970086631250172,-1.6027373052239247,1.8596089777013667,-0.9995973438777352,1.5554318872681114,-0.025256119169285815,1.2051617827813021,1.3585923711187862,0.9512641952287649
-1.108395811688648,0.797763606934973,0.41702309936508425,-1.9038041798070373,-0.08711207451460268,-0.3625689326712502,-1.5570710009005906,-0.4339548114237406,-0.4692873295564073,-1.2967639252812777,-1.300658570557028,-0.09889888002649289,-3.324714757323292,0.32219371611662684,-0.2843976928248759,-0.10317668634998228,-1.629598682909499,-2.8414131277268133,-4.0067153728243,-0.8110444009900653
-0.37514465212915715,-3.396083444298041,-1.768326144839992,-2.486522097755001,5.839198877490681,6.712515542967047,-1.2840673341031579,-0.6723103080811536,-4.967819949174112,-0.8586581430973861,0.07361614842152919,0.9576576057822053,3.9105262660417965,-1.7511282213216628,3.2787001456231044,-3.069851966804024,0.5001671570541963,4.903893248603152,-0.46975934542600317,2.1674827851344753
-0.26087999543388796,0.778975356267757,-0.5810847760489332,-0.3134613912135753,1.2442673757839562,-2.1709688110697076,-3.2976945559234743,0.7701511195278699,4.497232735066101,-2.012248657038703,-3.0880588846366113,2.4770217585206527,4.232185508348955,-5.661612639471674,0.8598736704728802,1.1311194163977871,2.745701374062541,5.577724256613319,-0.7367366409406255,-2.018501603046616
2.414839920493616,-1.4654097473221845,1.0994016630652748,-0.9253357707613057,2.7174910888247785,-3.939473634383105,1.3482925578389247,-4.002669762860777,-2.2635604414949424,2.448066512867344,7.047281052494104,-6.399409459702868,-9.282901622831494,2.482572458343437,-0.7598012569368411,-0.7632777355206817,-0.4709172623168279,-5.102772945035358,0.8644377242413774,-1.0024094022556844
-2.137201603508462,-2.647018073627739,-1.5241471403492233,-0.6134948653266923,-2.3838212133847705,2.182345035248227,-1.0428313756734309,3.9639550288073337,5.314003219625217,-0.3684151695184067,-2.2227408190087328,1.307482574095482,2.703059595774774,-1.462724023556191,1.0249205333485896,-2.1341956081934783,1.6991569424465918,1.9877003554884267,-1.6498609013185823,-1.1113780804257551
-1.261157551556312,1.6940847195340984,0.27690828889466923,-0.3532231761713829,-0.7199163438181638,-1.2505485587147729,0.6306435405380573,-0.41396557677735013,-2.9553285982126263,0.9882040521585982,2.116356479674809,-2.2821817067334864,-3.3158619044263107,2.6834351062743904,-2.0512354790202547,1.344378614830945,-1.0224675300711303,-4.590156455213161,1.6233330107292385,0.9418645451889991
1.2856092655524431,-1.3112659617943119,-1.5387303715488039,-1.5065354082751254,1.4451801494146017,-0.7520632449222201,-0.9698944793118197,0.39467341748327817,-0.35665492032602075,-0.9701176807292561,-2.206221171174274,0.8039748313515211,-2.54852555973529,-0.9694074659487999,1.5970555472604016,-1.383275449156591,1.4617507827079652,1.8677407144935558,-1.5756873632153574,-2.353463405696659
1.3688677664014748,-1.445810515991022,-2.064825147099474,-1.406114776576945,1.237393879920028,-3.2547358832771836,-0.10941464462366168,-4.078131082161081,-6.308827998077188,3.5919470033694547,0.18116432695728468,-1.4328566463095056,-9.20194028886889,2.2016985736776826,1.6558591660705493,-0.24030453945514219,0.0073183384488298975,-1.4930174111161314,5.18073274419634,-2.6960646487239774
0.38558248428492337,-0.36798596897101626,-0.8186655695047296,-2.562836987768242,0.0566057777871122,-4.5864120378745685,-2.2996041382644745,-2.6709456560090477,-1.3204545706232977,1.4116673531109973,-0.3834354306503133,0.5825636879948302,-5.977598298213944,-0.09910953561098074,1.134149536340006,-0.7826825767771941,0.8738456254169269,0.10174645891419863,0.2629990311045755,-4.106483746709243
-0.4462360327468071,-0.5913009476498425,-1.6136290175891246,-2.518427036054898,-0.21437416437692347,3.1834737254801926,-3.47365048961795,0.6887839580470843,0.6936480263557179,-1.7761025722011854,-2.4140536341248287,3.9469070083074556,1.9231014162080329,-2.6608543633018167,1.9846820914235068,-1.3580580920349052,-0.8819607602118376,4.170830490104104,-2.595308165995162,-1.063361840502322
-5.180363064041809,-1.0341039077604282,-3.1441928343643544,-4.2409246156400755,3.710445700423515,14.722927055041577,-3.3917323183455044,0.8253953757484487,-4.553640417507819,-1.3801630153313615,-0.03266623421893372,14.72293711489759,5.720805619058966,-2.2184565563646634,4.720596795609357,-4.454702622163714,-1.6384229017009335,2.244008266611764,-0.38174027350112605,2.4850768090880235
1.3609994619980732,-1.4576726766515535,-2.115832018332904,-0.17070234209511756,0.0922228783256579,0.4465874534798189,0.29615659553699936,-2.1054974047109476,-2.7817163364510735,1.500474849347307,-0.764667228353043,0.3823926424375699,1.3729484848520848,2.003168050669408,-0.3252320099263015,-0.8804544682068052,0.2501775542092419,-0.15829616860397733,2.3790031752177865,-0.8711296695792365
0.5354024357452782,-1.0300251303857246,0.39173493919949376,-0.8791027688463,0.04005926453046287,-2.342946559762759,-1.469288126249885,0.6248231958811796,4.89775648282234,-1.6064340236406132,-2.0510483256221237,-0.8679525868476283,-1.969270007426548,-2.254039030309585,0.7474516160283055,0.5801551314722742,3.077728106619009,1.7180642837470441,-3.2335816780621016,-3.0769576402957064
2.8974287399726903,0.8634489239522006,0.8600075116820319,1.3052065398498394,-1.21309231969537,-10.695651435342361,-0.014894499315950653,-1.8101029146921985,0.2871909982034132,1.0995319207925482,1.8444493822665102,-8.58249913649768,-12.112501565068033,1.072968321236633,-1.732033443146325,2.886114735097988,0.6942886243218573,-4.670298836310603,0.2524613886515221,-3.0138580461480315
4.072186583171884,-3.3453139239249206,-1.6599801549535547,-1.4345236307923492,0.501787651633258,-8.832748713591034,2.8263067010539236,-3.4982805307432328,-1.352900846578331,2.3592796686478934,2.913879702403701,-8.746587799403276,-9.85397374809576,4.815347076995771,0.7031276575251423,0.23495042569871982,1.6033634452819099,-1.1290443260549516,2.4730123064968765,-4.359155969119558
-3.603253816044615,2.9991067316407456,0.17530116365320642,-2.2061481358580184,-2.721867928216727,2.2350992139707344,-2.07704500181843,3.163738944121171,5.165781199780174,-1.5891227160745292,-0.6862035496226597,4.1668413736192695,0.42920846867552165,-1.9158393417762147,-2.2117068480860107,-0.14577522984860325,-2.6024554801339734,-3.9943113550902165,-2.6802108064725885,2.536363131664618
3.384143581015925,-1.1832971466926092,-0.221956471541448,1.8208593946299108,-1.9440352153347,-3.7254011823471314,2.4938433241390214,0.161537299210469,3.18707946082562,1.11784951503337,-1.5634336830396913,-2.693360790503109,-1.6654383437295377,1.6541762593712996,-0.25877209955841196,-0.5088945775623992,0.5951500445747138,0.1419749689590205,1.4749746277034586,-1.2621315356969394
-3.593593963334455,2.2865014355182676,0.312790421488877,-2.043561799254741,2.9026537847679017,2.3209608062257185,-1.6926697706675315,-0.4978094789239829,-2.5882515875549785,-0.11389227554411252,2.359656861725733,2.0340651346479444,0.48529846123466824,-4.112780217550929,0.5507693513740515,-1.0874946280284128,-2.203365567634249,-1.4803870193210567,-2.5205679724749297,3.0397749581736138
-1.1973723427267822,2.690370796156814,1.67656771752286,-0.7562750661213344,0.8053432934355296,-6.011705825122643,-0.6663927705361838,0.9891495279961315,-0.8943963200365759,-3.101985237327733,0.629055213285089,-7.174368318530113,-5.172323670154287,2.0604208718541908,-2.224509843776719,2.451879068199558,1.864761907928122,-2.084961050192212,-2.788860497231666,-1.6949863510803305
1.3486033655772123,-1.1867923724204252,-1.830969965093759,0.23160498569844612,-2.466451081921128,5.656142159839992,-2.6536470239892345,3.255010293271735,5.346061632283646,-1.3179504224082552,-5.870476871296345,3.675828440267267,12.876841150407571,-3.0487125257624923,2.110233325311666,-1.4468541976575213,-0.3930933819630629,5.839685772778771,-1.5145306483930405,2.267110361477587
-5.164141352303212,-1.0707295520226132,-0.0027985443208437223,-5.026798262879063,0.6270068808954242,10.786013384306376,-1.6643098347515453,0.7707699061173372,0.33735185277296975,1.2455235852489703,1.9625710059808823,7.512155146624823,0.23468041598568856,-1.7313044533793884,1.8771890980781132,-3.946725447590052,-2.198657533634091,-4.639776404707012,-3.3992078072500402,4.011008988893449
-4.310128655551941,0.18199482949447354,-0.7983664190018277,-1.8022585104225513,1.5380630797108574,9.86484897515817,-2.2437792204284808,3.00440556715768,1.7661299617200217,-1.9368460304574446,0.32510819289212256,5.324798057684422,6.454607893029417,-2.3624855623911296,1.1940374679062533,-2.6795322303166658,-2.5348993277434273,-1.2948587082022889,-2.223749602127804,3.808977619832281
6.843326464398446,-3.582988939938284,-0.13508411619521807,1.0199476419729419,-0.9669360218330953,-8.435966988117414,3.260131773611688,-1.7657944488739905,0.7410191226080493,0.7661591866736828,-1.3628056692855275,-6.520891335324396,-5.260372110196796,3.2554486764851727,-1.176718562606792,0.182665639162918,4.578758453467971,2.6605777786970517,1.3625450919418114,-4.056603131507771
-3.390689350176415,0.5193458278218196,0.3369033173873159,-1.6012281248311027,-2.4201717206520135,-0.8042475866176012,-0.3153926667182848,0.9453539147777872,1.977495324021654,-1.5229861673551586,-0.14712450274656308,0.30862666103371916,-6.539315231117691,0.8659953177427977,-1.3176715425453829,0.3314680754680379,-0.3619119414121668,-5.192190383826938,-1.7391806609435543,-0.7727763333966579
-0.4256997694906506,1.9473025153604924,1.5579624856308172,0.4329347644353183,-1.5528351372061135,-0.5927176315391556,0.7189428159472003,2.2994959623595217,2.909311591227521,-0.8263556379579448,1.273461953324046,0.6310666365717428,0.29323342525673146,-1.5894470977890538,-2.2648570730127386,1.6345698493609473,-0.7338831054742413,-2.051219157915513,-3.1309637743933147,2.8203475554395476
5.75063541126535,-1.4119201433562778,-1.5207230567687786,2.2633170511624403,1.9704546963832485,-6.013108402926415,1.0112879036677147,-2.329312075958282,-2.408685927725168,-0.20367146064095532,-0.27182518679748346,-5.121649520500281,-0.6496090513021469,1.3738738706402598,0.6414011335315507,-0.07935553262028183,0.5821912849242203,3.5010414192368677,4.679317345054054,-2.5900180902514824
2.840755192162369,-1.4721797062795443,-0.49883726994897576,1.4325772754501926,3.159217097845646,-0.13443236002754766,1.976078821437304,-2.795839909298948,-4.803655459920335,2.689539068741035,3.688711841372097,0.2180395595028691,3.4478637171357507,0.12788589993234933,0.3346996852511092,-0.188352257760106,1.8709528823881882,4.678147945523968,5.153020444029105,-2.178145843046898
1.717862912523563,-4.816891739271038,-1.7583896542494872,-1.5932358517009853,-1.2794457161862645,-1.8703423503399421,-0.18219191513769423,1.6505988537366534,4.215332712727277,-0.42661502305844723,-3.860937201000472,-2.7962749436967558,-2.3637714691913225,0.30118325982943994,2.3123791419838415,-2.811220599983289,2.3258128546834187,2.4911791870194344,-0.3443426292467969,-1.6745150274569003
1.34164542748875,-0.6388377991226508,-1.1203468673181365,0.505931435482563,1.0256200533866453,-0.6193119551630641,0.0622492531522045,-1.5721285128535687,-4.255307468348249,0.6490491805244236,1.0015701593401056,-4.016568301959502,-2.7226567243339033,2.2269783310023357,0.28884441030422103,0.07125025140640362,-0.9540467125644596,-2.763714797205398,1.755489971334857,-0.7168933273705669
-5.149481365306627,2.4776879561026703,1.1638626462625812,1.5863525838082948,-1.629721740214881,4.166970846061471,-2.09085177835263,3.2198078298033055,5.0060580355592545,-2.0308557768584534,-0.7779622978272365,6.365589357762818,12.018768616949862,-4.602941858474324,-1.3047384075204738,3.1380469331176375,1.712289348518194,2.7372906275712716,-4.211007796570692,2.148681291115185
-0.3956370638794209,-1.9769389120435332,-2.7146465794910224,0.22602239774676758,-0.47192422562581493,5.223094601032824,-4.095164395318,3.1028251657903914,3.7677493388006313,-1.1682883775960606,-3.4456358614028892,5.6371238643225965,8.09772421256367,-0.940629285714822,2.2516299521916165,0.962244978107262,0.6427669353486363,6.03979576770769,-2.5707966591253313,-0.43823985548917
-0.909600306577308,0.3214862755907466,1.3792175187280191,-2.190370930445013,0.764921488053666,-5.020300073183894,-2.172376393920197,2.4066192736034693,5.5517632812236,-3.0151008997930457,-1.826582784935523,-5.987505607192805,-3.9044019692920093,-0.40677509119140565,-0.24669686397168045,0.7234279239942505,3.282888320283008,-1.7570964347293712,-3.761007952285187,-0.7879695921946052
0.09587347603240448,0.4153463505183376,1.9142714434769668,2.6200768508611465,1.7928089389217008,1.0798991501577313,0.8358248569924102,-0.09226155680844464,-0.8146963316894807,0.17389656322029934,2.2083041783575204,-3.7676919133426883,5.18368684233975,0.3812075936307814,-1.462573533252301,3.704235079472903,-0.6409483934447489,0.967014687743158,-1.8252923544776254,1.2219311889208424
2.291933805458193,-0.3063961265990275,0.07923150760450487,1.9723871949099825,-1.888604192950593,-8.091770764445021,1.7036520658060497,0.9698876168432573,-0.6909494656615738,2.1916771997259596,-0.544490059178671,-5.206149473519741,0.5490072871832614,2.3506152651561427,-1.522200127886556,1.7918491269348067,3.9293189441676137,2.533701768724662,1.796716320180642,-2.6971765498594222
4.028829339521455,-1.8757190215915382,0.6940967666263848,2.2223506067593197,2.496995799414626,-1.2218959495370867,0.7091614680446046,-2.086503513407725,-3.3314782271485326,0.007330131317163285,-1.279086090165682,-3.9102300615961663,4.894154779743809,0.7740688481513396,0.756394365763131,1.0426940892804664,1.5776150773093456,5.8458633059819505,0.037601620890943654,-0.012567861753272958
-2.982433635162521,3.0154212044426845,2.0837501513064143,-0.5406611594289901,-0.5436526293057284,-2.9414744558193684,-0.605310691000424,-0.9522662478815112,-5.066612123394812,2.095870342852847,2.6896461305224624,-2.3576734316146553,-5.144733755177276,-0.5743639810899219,-1.483896091499116,1.5099315820745458,0.14664921342917747,-3.3558734771382346,-3.6659036828517557,0.9421276254486519
-2.097700810979942,1.6242223388054038,-2.2341565920604336,-1.6283365284912679,-1.3756999500387876,3.0688664429717476,-2.675445951061416,0.5824099974757864,-1.0685578786832357,-2.7557731993811743,-4.115817032786668,7.219409038896442,-0.10361042190403702,-2.08488324690968,1.0128147688342333,0.22564607737785836,-0.633498101255535,0.6863623418545854,-1.897584734373718,-0.14857602206856857
2.287360793268492,0.5778104991506344,1.1711441281166093,1.1945735241071573,0.5792041107816697,-3.5940420907088795,-0.434953331481969,0.7355181535629454,4.066046483011557,-0.896637074733378,-0.4464942829833598,-1.5952757427879103,1.5937872059221125,-1.1705204105249285,-1.1043573370085806,1.724956064324099,0.8678709169034491,0.28218329057161884,-0.7950872756766548,-1.6457363302372896
-5.215608334371542,-0.09421996493617502,0.12182350994584985,-4.626546880588261,-4.36358265056868,4.380948275158705,-2.5365447743476217,3.847094741469893,6.765120468908885,-1.7875922696363744,-0.8552454111022088,5.595380668677184,-2.4617679917825996,0.3958629827601238,0.4337983657612013,-3.1093343358575374,-1.6728437456548355,-5.2980190561382265,-4.478627715069505,-0.542848801562938
0.7022955701834128,-0.5623235558401635,-0.25577417611175823,0.9489175672391267,-0.9386420601510816,-3.1814068086196925,1.5033895198517173,1.3428459104684611,1.3607184282122566,-1.1437715921192746,-2.960466096307273,-2.553040323567535,-3.197698032403585,3.215272332566434,0.5202765872562441,1.5254078533703719,1.2392590012452174,-1.061525728877313,0.7109281529541079,-0.7410846504683246
1.871578988992661,-3.5924538431024478,-1.165350439881956,-0.5874386521863753,3.294172305148035,3.4006534108728705,1.1259070107295432,-0.3983878531025625,-1.1771089519740494,-0.3406936195117176,1.4681463642218555,0.20953472196359557,2.3963779849008695,-0.14745459138836003,2.526357890589959,-3.0068238490985553,0.8950368344257769,4.761756157667864,0.9411126494418034,0.09086253607610167
-2.5913134332898036,0.507413773123621,0.8515446959408606,-0.8242685996853549,2.954346706950595,4.482918595705808,-2.1596184449260782,-0.6174690745811864,-0.6066518621798375,-0.8716775566525566,2.5936465574466743,-0.5947311012503689,4.906952348760588,-4.336877951745421,-1.0239532329801841,0.716808251909728,-0.8148284838299709,0.6647582300039041,-1.5418333547871217,2.7475459457915195
-0.7999444722263234,2.5907212017759567,2.484858572525706,0.574570564233593,-1.6102756312081279,-2.3157989223709867,-0.3549745458431355,0.006753916795680492,2.8684315347762332,-1.7100388342190862,0.5859145910439515,-3.2466892561241645,-6.22955951695604,0.8642346110264515,-2.941511073368029,2.6144153252023776,-1.968446703538787,-8.23221345352117,-0.25166851647924093,0.8310117149640142
-6.118252414149046,1.9370675408372244,-1.428605865543507,-2.871544617883111,-0.8037772011818771,4.289489366141069,-4.268542480747906,4.289830521340237,7.573494669644367,-3.766637595120426,-2.4490323957473,7.208533426152904,1.7330194525001,-5.875108950906955,1.6092953839944126,-2.642128353812648,-0.9017113974834622,-1.3429875440473191,-5.097462828367786,1.3896241709660755
2.4935663679296503,0.5752904202150878,0.1809196296094276,0.635950683294014,2.9417772762437218,0.9999861387588482,-0.5606114530141424,-2.5029888395660236,-4.88647252214458,0.44645270510008606,-1.2208851378934598,-0.5795824560244958,-0.5584451696610566,-0.3103767787770805,-0.17288738524485395,-0.09400125023541858,-0.4292830938291511,1.3368114623236933,1.578312546412255,-0.034832759952754644
-1.6992157246262265,0.5913375011047535,0.653187695749628,-0.13144880597756425,-1.106342161220151,-5.15954326464992,-1.2002463181515346,1.9069937650737674,3.785564308661895,0.5068268379253125,-1.01548857877178,-3.5846651738310253,-1.1406204234319621,-0.2420710979101598,-1.3541122127271155,1.114716380486013,1.29722327344086,-0.7771818223765383,-0.8763617815539168,-1.1695003387108858
2.83067943842511,-0.5199327568597815,-0.8357669814983956,0.6683618681315038,2.5766082618995068,-1.2084135292727987,0.3305182129097767,-0.8354367681568025,-2.9112649096766647,-0.30837235705429394,-0.7076617500025716,-2.3573859898420673,-1.966744149263691,-0.2778074006810815,0.6038883446982728,0.6022369745915858,-0.24361064469309068,1.5821382637463224,1.771663259576584,0.3380365834682452
1.6703588047853555,0.9976707744687515,-0.543649094828145,3.067915608613166,-2.093639392520826,-3.9570018236968436,1.712139400736097,0.08143171692678863,-1.4616743330148216,0.6282077707031021,0.23839063171363084,-3.543701549030309,0.15714469025241795,5.096063486465641,-0.7669668507199394,3.566787361922261,-0.4915689311709719,-0.04036266428187685,3.4577114986775013,-1.2936613408382363
0.03033359173597916,-2.527544609200643,-0.7990459332127184,-1.8890472195950654,-2.3845384549758086,-0.9414257146556442,0.7453625336386229,0.8515604324426221,2.3206100296354357,0.1376520767615711,0.5179319282186416,-1.093570348077959,-4.277921672341039,3.2175635582201165,0.041927477978938255,-2.3090459947875073,0.09418504347710888,-3.308834672237199,0.8159219195199627,-0.968339558276974
-1.3703980269081457,-1.034869309430341,0.05149608076361806,-2.0994032232218474,4.8732198094268915,2.1843396453805095,-3.721226336196605,-2.589029722029356,-1.775176971871456,-0.30120585620927476,1.4515859878663726,1.3137125849622908,-1.2895245447117136,-5.1065343702935415,1.5882960769559342,-1.5562195812150605,1.904347576753048,3.1069921824196918,-2.832666691101476,0.5427477006478392
-2.1281018405936445,-1.7113316416123858,-1.0979874401169298,-3.9536446536471876,1.365505326795962,4.254267531646865,-0.4687245804379496,0.6758673640338873,-0.07165672029287637,1.173868558709755,2.571088722384338,5.513003525732584,-2.779946228219569,-0.7016995615516969,1.4009421771344361,-2.2072402228761736,0.1466022799958353,-2.697710445603259,-1.1841891615907234,0.3669490766529739
-0.8115975351289214,0.5606014567954372,-0.717251041197466,-2.8277611266269584,2.563097228431281,-2.3784892628091914,-1.0117555175873485,-2.4424127926311394,-1.961628230874374,1.3373838537398712,2.8500251515565163,-1.4349274925300364,-7.19749661449196,-0.49064592143100444,1.436269503392547,-2.049145034391467,-0.7503619058382125,-1.5312310465155425,-0.6549619943893985,-0.4959135991011454
-0.3650785378033768,2.4999879279937884,0.6793384333111827,0.13095532285414446,-2.1022097315285055,-3.508892150549273,-2.4426676719380485,-0.9110562337808772,-1.1688626203074657,-1.1720986132424356,-3.712006649550489,0.497883574080062,-1.236641764873385,-2.3841799558775443,-1.6460034618912864,3.163080394327247,0.17802664410603672,-1.4825857117203376,-3.1667428049374102,-2.4382366128218584
-2.142217860356462,2.8059804044902243,1.582132060627488,-0.2892923040654488,-2.728865651997923,-0.07379929194969398,-1.3291082058018702,2.1320775509110033,5.603333846736332,-2.1413594626351227,-2.5628369250120606,5.822383115054406,4.406831332015304,-3.9368433446902955,-1.0642883791075213,1.3114884341873874,1.3932382740431457,2.857546682937352,-5.908334847332759,-0.5959170110603801
-4.60088794042398,-0.05485068226614731,-1.2370950599086334,-3.5403173407709922,0.02009855265393834,8.671445562858171,-1.1357083053047976,1.971393711683324,1.1536873859631993,-0.6012512059093104,-0.21212160929164425,6.166618035404573,-0.399646338447343,-0.5466109361740503,1.314352457427739,-3.2785443749124337,-3.7334141533849015,-5.386358974837248,-0.132479868338369,2.284913059962685
2.4151082669978727,-2.2243038745594936,-0.9130575723551517,0.5858481572633433,-0.3905879164453816,-1.9236824889623891,-0.22036751565407964,-0.6762726597340494,0.23653134735764525,2.0425409248364272,1.427948580328176,-1.2341216419027008,0.368208354544269,2.458849586889216,-0.11177940696501654,-0.21960242595297547,0.15815791432292914,0.5152104772759161,3.466153839352772,-3.244832074893584
7.567473678078584,-2.915917119611974,-0.010892509417237541,1.2289795615129167,0.202739571721694,-11.208088318642812,0.7192293466284296,-4.473845513103308,-1.8795692536151039,1.3711956516246033,-2.3375450222232264,-6.845960815409484,-7.57705820531445,1.7140928797521915,0.2938257988549553,1.7145439588495723,3.8045641086294673,2.4310065997479646,3.6613311637345047,-6.440664503427271
-3.244003962443845,0.8483792563947613,-0.302146352653999,-2.165654768866591,-1.2333655199694324,2.7142220563038975,-4.090178365792598,2.0239840613326585,5.2764578426588855,-3.1059008426844708,-2.9705079871328963,4.6972926568380675,3.0867265155188623,-1.8532572758745838,0.9240790165449677,-1.252958670882551,-0.15075586469880492,0.049376615156219134,-5.54479159742389,-0.8928887846865152
-1.967866720215174,1.829112945535711,0.5474550749608038,-0.14139831702362182,-1.6702858329491155,-4.226426371505939,0.8574525632637093,2.6019647622239956,0.9940635028229532,-0.5019498746924123,-3.1316051475911117,1.7655399786968968,-2.4606196767045754,1.2360974148579154,0.0881629776245435,-0.7040020180572533,0.28618241376172815,-0.9604985839012344,-1.479836065451405,-1.0566039209304179
3.4469656027504367,-2.12542375400284,-1.3541236230165894,1.1508016514296082,-0.5663786522137184,-4.7135896890562385,2.44053980705642,-1.8187784680080035,-0.9971021949573518,2.141851140579443,-0.2714026562219564,-3.5738802599037736,-2.7085267060251184,1.4655026231247197,0.7359881345613554,-2.3313895107365954,0.6345539013945385,0.8216535101056595,4.907281447763288,-1.0989423929905144
-1.4497083262426793,1.6417641736095452,0.7018042936091288,-1.2611961603849857,0.05739102831991609,6.131428284490417,0.5995188797544753,-2.434271417224485,-5.629438729858965,2.1839674337753525,2.635277695079833,3.3349368526131755,-1.968575025811303,1.6458270894737193,-1.1501220661536093,-1.742819170865885,-5.131378667457469,-5.223079737686797,0.714924113416794,3.1694390247774096
-0.17757186971441702,-2.201306963897995,-0.9396699170270569,-2.0691605925100722,-0.8151971537551064,5.385486163930693,-1.744905918894456,0.8979198377542218,3.1258436865102377,-0.5145253823665835,0.545932343556556,4.709844288157375,2.9734556337061075,-0.23514259311369728,2.3763649575074,-2.5261562331504535,-0.4598511594038942,1.1344463280775998,-0.4101128591511407,-1.2327231661942133
-4.625043816197312,5.49368588192611,2.6283136460540386,0.0872415399578208,-1.8741089979210666,2.4839031630682054,-2.826584433137501,1.0169008442308372,-0.6580188044684993,-1.9281190375607486,-3.156327870586197,4.041003075778386,5.540152324017256,-4.107580669447259,-2.1206091873577053,2.491944691659224,-1.7570662977977283,0.2944871164425411,-6.370567189054651,2.112891242624735
3.0205267196562797,-2.3361424942629796,1.1819912943665127,-1.3855981137757816,2.0541900307524292,-2.477941161205441,1.7056935496681465,-3.037622671459503,-2.314338776141263,2.3925856298138872,4.732123267688416,-7.538254300763407,-9.753612115403389,1.325829567324543,0.34500574727843936,-2.40018688208389,-1.609617105906503,-4.343322721160618,1.2634574081032452,1.7983601894396586
1.7004868093513785,0.90572556178704,0.4708612127901037,2.0886045015915675,-0.972040441307764,-2.024562389970429,2.8465262286094495,-0.7899518203087639,-1.5557027039559794,1.1662854538803171,3.387256754441321,-3.650267097157178,-2.653241624909599,2.407270519493282,-2.1130608958608685,1.5704256803168408,-0.3293682242603685,-1.3756958502622805,2.6609259963207554,0.06604089707016825
-2.9679427676774415,-1.885526978152156,-0.8500176337640725,-2.416780747171588,5.27697967823733,7.556338095650828,-0.1893634031744601,-1.6695225426066178,-4.012541411226813,2.276998349831822,5.923935352337622,6.535251266068082,2.480815305383445,-2.1966622443766766,3.144692857944267,-3.891097611723246,-0.8934004566666451,0.22074833235761426,1.7423806040591323,1.45517581447033
5.541890632724486,-2.1211876529596214,0.9073777571276094,2.9463030730052813,2.2247507680371332,-5.1650118669400475,1.0501039511380612,-1.3812524665458752,1.400458620469818,-0.3832696196350949,-0.08519454027536122,-4.406390959905302,3.1447515692571546,-0.5502881348815614,-0.4311918623836858,1.5537701893778353,2.929174722207739,5.013215028991879,0.08679523774738584,-2.481068022937826
0.9265493750254327,0.4924271317324696,0.30075340267460576,0.40042724038088384,-2.183856706176848,-0.886201153498968,2.2660032265686274,-3.0114948328590208,-1.8373814119483134,2.676409195544673,1.0479787246716878,0.8800919379083292,-0.6233419137660536,2.9714248550335656,-1.3342721483979836,1.5542523908174806,-0.47021537707829586,-1.152177626327862,0.8082831838870679,-0.7687949422019196
-3.5565685455913583,1.5236678704713262,0.10598559447346115,-0.9119357290189599,1.8492704041434014,7.571418611184905,-1.0323196480907177,0.37331972907904487,-2.020964793201089,-2.137860597369191,-0.9667115332054024,5.667207163608934,6.035050972653058,-3.3596603699462686,-0.08337787804602449,-0.29815080131021593,-1.2482887775391047,1.4385769906837205,-4.057380309683462,3.6622380715660126
-5.135419384688377,5.0346953687563865,-0.0691995066537868,0.6751442976216548,-1.8449840713224264,1.8227708192988041,-0.13815467610998788,-1.6246568076007175,-5.56801076269915,0.4775623486213416,0.08792928774055109,3.3366940135625605,-3.3118953596509764,1.205600902422948,-1.3954997114957126,3.1171559678806737,-2.8666337779252613,-2.5240022327232574,-0.12300192518333986,1.2232787928562623
-2.190993980770002,1.5746552911787772,-0.05242795087646768,-0.4580459416088948,1.2076325962910581,2.3968707848063184,-1.2589499808316904,-0.9318622536302412,0.5734378466026668,-0.5206251688819202,-0.09513497373120999,5.0397450557391,2.575115210513949,-2.1002759691875994,0.5703576141195703,-0.963039149132972,-0.3364642165328475,1.957670634202937,0.1612188703129913,0.9555349451276758
4.362664990322703,-2.0441965218815668,-0.8859180695709483,1.7638553170224618,-2.4215918068214246,-4.013656049613299,0.93159595674033,-1.2278796401456962,-0.7423324496776813,2.145839190647284,-1.3785313718579766,0.8576062149753034,-3.1476888568255843,1.247566179687465,-0.3840894907411989,-0.1262419636370703,1.0492614064404793,1.2628126084311473,3.307041063596096,-3.8876689674742417
3.3536074396906024,0.9018004107273265,-0.33150328651408983,3.605977658082426,-1.4564550585261988,-6.904977258786438,2.828993502169831,-0.9894399002797085,-1.8495998048617808,2.3521328393016736,-0.44107264699113014,-4.269400657018848,-1.678302788828156,2.8160783935398963,-1.4746092356929486,0.9015827112283719,-0.20907359838067796,-2.3560578350062498,4.559527276423417,-2.570164918304919
-2.228794433774828,1.5147530413481034,1.0842938654645324,2.040857402507396,-2.5813221065172485,-0.11520027171046854,1.5752473851082347,0.6571398023360531,1.5661918902766032,1.6991055465033875,0.6480889394944181,-0.9812855720259723,-0.10211263170565932,-0.3697139978406392,-2.2980555167809946,1.4927419090856242,-1.0332138900220202,-1.8729391417936663,0.44906667865188593,1.3743995575596148
3.639068484120635,-0.5111254702476898,1.8637567170817393,1.1638078752197472,0.5597543027089831,0.5880672519128072,3.5376601784598414,-1.0506948035502826,-0.17653595721431015,0.19375529093809019,3.3658753247356565,-2.9166645611206237,-1.2061518286155652,2.019153369123243,-1.81999799848992,-0.12028863520876931,-2.2889609829636703,-3.9365221604912124,-0.33201808467554583,2.0992811267572695
-1.14268621101228,3.637802650423229,1.6399908544991189,1.2493596320423472,-2.722957183117364,-3.8669742211392464,1.2490499275840976,1.3738925965075548,2.14252615844115,-0.8069138684974364,-0.3860920483744106,1.9896953830319588,-0.9329858078653173,-0.2195349919811479,-0.8448401830928711,1.188855403916555,-0.4924160591857727,-0.19416725226038267,-0.5769902220702875,-0.7516368873791113
-1.8178580592669231,0.6547701826411194,-0.34170898756427237,-1.423680546656191,-1.6748003949221575,-0.6765933641920369,-0.5927281906671568,-0.31748661299488856,1.0654754546302059,-1.8594333670191472,-2.257308947185141,6.1848319839044095,-0.9495581648800311,0.19153708661044722,0.7327558278401345,-1.0279402464503806,2.3178719536093713,3.570553187509698,-2.683984971304066,-2.9907875718303645
4.845768860488003,0.9022130822819769,-0.7252277105498437,3.8242079894600844,0.15349627178148312,-5.7275127700967445,3.488917197318649,-3.4088946563715985,-4.750655264557345,2.581151978544681,2.011473542464325,-5.0881555071597155,-4.932816041208036,4.907157976297425,-1.2519990921574444,0.07531604766621536,-2.4291477133014365,-1.080049249325825,6.05683413963423,-1.1441882140964392
-6.366889798691276,0.33742568515634913,0.16347590019494576,-4.890442250696321,3.670957022289459,10.930642628601165,-1.866940793307024,0.7545387728907913,-2.63519155392934,0.32324808982799635,2.789043997864414,4.639110673766531,1.5499746022681895,-3.1358975472416053,1.6573767559158779,-5.684780139745367,-2.963164137844924,-4.134184242968511,-3.1159611380442978,5.618393507625689
-0.04692013074756729,1.8844071722196687,2.654992141300701,2.6653830143668684,-3.1845428434370042,-6.239597614991425,0.9766366078541161,1.9033399487724763,3.9373294844725484,-0.9351120689351922,-1.3568670485974996,-3.8394342761152513,0.6129353116460527,-0.380237387742563,-2.824827099853235,3.8988383246999074,2.0469058130932196,-1.5298772340247442,-1.181644282384652,-0.2940478997380228
1.5554609905642263,-3.6359845881178425,-0.41848868586041316,-0.9319259160825912,0.1295606835344163,2.831171695031448,0.7806908953034163,-0.8643032916140039,2.0198603588434265,-1.7788324457984452,-0.4366019571756362,-0.008848860104062106,-1.637268558158833,2.2867587616227953,1.5493272890470131,-2.4478211373234444,0.3622227452362996,-1.8700054630902359,0.7820797542912208,-0.13395945079896493
0.9378043437800385,-0.7022498698628644,0.6565165141483378,-0.24282827480527375,1.2811998189080165,-4.641488213238556,0.2825518557084503,-2.36584561553879,-0.4884449560215933,0.8709041769057728,2.191468540905321,-3.992022669377287,-5.11150136485188,2.207111558966357,-0.7593168519531597,0.7934008883968973,2.9516379467985985,-0.32538821285158737,2.159847640342144,-2.650965620862235
1.6894138539634382,1.8490409069399105,0.6809457632006499,0.45352719064322455,-1.7011410876119712,-6.120618374607992,-0.5499090614246306,-0.272071083849901,0.3733273382087483,-1.6779126193114973,-1.1345361780181906,-5.632956042285586,-4.135370787074002,1.1758003733689304,-2.12132392562266,2.3220286739137075,-0.20116857919408582,-0.37387910946112557,-2.4394906143372737,-1.826802690395986
2.5335264467134966,-0.48423461028072223,-1.0890642961386423,0.9460334905876424,-1.9463494301525999,-2.2484603299304,0.1125212448405315,-1.593752767299174,1.539492161757853,0.48229221998268607,-3.3036275939455644,1.3859042428218675,1.2806564381924117,-0.6579494556066003,0.1845244825884298,1.567327703919324,0.9337902358343328,2.8071180504249114,0.8906781384140798,-3.107270732440158
-5.252903826508144,1.8123264865810198,-1.1432582668539009,-0.9057505096139971,-1.9328326243689766,7.065002310016886,-4.70687568444208,3.2049112947968865,2.6474492953902997,-3.221081206860033,-4.175121169600697,7.635678770088528,5.0484193072334556,-2.7001141312653374,0.5626791443656116,0.7942119514839429,-1.2415436472415216,-0.701800960710441,-2.8566447259871657,1.1503690105790474
2.2499462545574964,1.8409519366460008,2.6382055788686203,3.444970526416811,-2.41646191597698,-4.658717862806337,4.206431942591437,1.7225500223878671,2.368031800683238,-0.3244551097803181,2.9517513148504637,-6.905892151680636,-2.5164948416103483,5.238485521222804,-3.403489964155562,2.5143652554582547,-1.4770598062039682,-5.373758263743435,2.083801381465924,1.27611715494414
-2.5358026339732245,-2.5759094190399265,-1.5440868529454175,-1.5312279283272974,2.8597037317011855,5.46771212988213,-2.1996208748246824,1.6807529493208673,0.6020359633273342,-2.2452653938799316,-0.9789696648601113,4.541316590619149,6.3015482257558935,-2.193296659269554,3.4510268170604697,-4.121419786603971,0.8981017993547238,3.6235144942406,-2.415362249246827,-0.8030475842167386
1.7880999396253543,1.4086996797499896,0.4089237402572897,1.9796118691977913,-0.4398792841326362,0.5225385089259772,-1.0950266483240356,0.46654297252770915,-0.9990116557311447,-0.6594404241666122,-1.0416566724433343,2.2509050325784643,1.0379995386459597,0.07619708735816921,0.954877653526601,-0.48211786649491706,-2.509316803324097,1.0209256246892835,0.9844792227006136,1.0022637949371784
-2.5449281459594206,0.6448135503238944,0.17081872089705719,-0.27218825552770903,-1.010217046270048,2.5227109526073157,-0.7031535156785002,3.7547301632366468,5.959805055101763,-2.862688398430494,-2.681564798314932,2.2193197905759328,4.5809454171018045,-2.9536945452032364,0.38226790375641034,0.1606164410565072,0.3252446581983814,1.4701329777053929,-3.0665760142501344,1.7046595669460949
1.231585504678951,-4.260000238443598,-0.14594975688355985,-0.8739043078059392,0.9543048265454683,3.775629792779288,0.741811068035352,3.247005673679541,4.3154690605669455,-1.7850118912536468,0.8101845094037406,1.2503795669459292,2.575796869204884,-0.42616262084307355,2.3070512654621793,-1.974332945835188,1.0002444499701337,0.6252218779687828,0.38347860334877426,-0.21244187438346462
2.778085105762112,-0.9596496803045358,0.8294922167779191,1.5223086862126989,-0.33250191916407035,-4.124847540201414,4.260989828176944,-2.3759232489945417,-3.9081587849286636,3.3706989162484104,5.371639982352385,-5.686190805414045,-8.550268946795374,5.261679105789658,-1.1729820733556418,-0.16026655551431812,-1.0851248530184863,-5.300325173789973,3.3003329979569322,-1.1798012956589226
-4.099851572209739,0.7833316177328555,0.5473210379236516,-3.120458294970615,0.5359494445330641,4.960373030952894,-2.6277721226450836,-0.5179707417736732,1.1849456330814978,-1.2546168479945203,1.0431696747397785,1.794991989685538,-0.3401298014172336,-2.51162992546167,-0.5528350150357434,-1.6177666058875804,-2.804677590150363,-2.452106538791732,-3.0771985391340744,2.446875934294369
1.3238106841313322,-1.3216728097129162,-1.4288627454652088,1.17130117809367,0.2564924279656909,-0.9781144681454738,0.7168298795275525,0.9085776312053577,1.0981982404513677,0.536794905353495,-2.0045853999930316,0.330449531585566,2.7830836789444016,0.7898411441135423,0.46065005553056393,-0.7894292030877911,2.5472377822456886,4.111090211444204,1.2805700128594375,-0.9383529059944782
-2.690288021050207,-0.7715328112810552,0.002873476722707352,-1.4258867796532941,-0.9071261673483426,7.2010314298058855,-0.2321410750931326,2.902139339836527,3.823825176798912,-0.13676433807936852,0.42082891453994653,4.9187243026286955,8.019140517929463,-3.2954639200207345,0.1723224026992447,-2.142214313389025,-1.2238775408935254,1.2677313871657718,-3.774799884351278,3.1616355160726366
-2.5171298356359157,1.6959916951089022,1.0919760469907973,-2.3384383805411306,3.1435327966999886,1.4441070264704845,0.414278076252335,-1.4710576202164212,-4.039135985415192,0.27948011566017017,4.085099632358029,-1.1086235586576585,-3.312169708885392,-1.2588556569758418,-0.1999626406041245,-2.859092841903729,-1.367024946565279,-3.30409797731813,-1.0023194183276622,3.510073574082366
4.33715481668474,-4.071209942543327,-1.5716727442156424,0.3859348509098981,1.8672844107165116,-1.6013077134645448,-0.9107570492700572,-1.8186406168931075,0.9331060895401018,-0.9132356487719036,-0.08451631633511547,-5.59865752635013,-2.8554738970988747,1.0953158907465597,0.9685402938084322,-0.15737048427321698,1.6717137798155295,1.6871523798548564,1.3953459220211029,-1.4116301133611935
2.587479640364922,0.9049520186758091,0.6350827143711478,2.347378474820208,0.4532771171119694,-4.949545314558366,1.3115827808771479,0.429694333195605,0.41626115980694395,-0.44425461426497626,-0.7043627742051826,-3.539091180266738,0.13935194129019224,1.5275455407660163,-1.9442531738399387,2.3674695168931432,-0.10962915597841594,-0.13415335375709891,1.0345677666775641,-1.0513987641585134
-0.5499867703242988,-2.136485076557748,1.0124439927033833,-1.4330654455679268,1.2588537480390922,1.2710498017068863,-0.31125537734005415,-0.5709609939029232,-0.09211004298054877,-0.05553418416367513,1.241139540667235,-1.427008234465581,-0.1954006875858756,0.4762244246611278,0.8569196264514349,-0.32307687225826576,1.3419498244268984,1.792679877226286,-0.24560867215928606,0.4468702514821923
6.061059474909336,-0.05020227644113762,-0.675497843385698,2.6143325912628517,3.1202116291934843,-11.158433130874577,1.880820823097836,-4.22071549327791,-4.481806991326952,1.1686033928430057,0.5482449335810295,-7.5046396377607225,-6.925090906469228,1.1635590174685184,-0.3915931866019877,1.2241279756217989,1.929063915585116,2.014385777174316,6.124545386993169,-5.135909152076739
-1.7658014153869273,0.37453073211133775,0.10511367396025008,0.7952259219968454,-2.0145478356704487,3.3596721899921254,-2.665232361287085,3.4580159902972083,5.389172125473903,-1.4719340595474981,-3.1559227115834845,4.731737253556094,9.08128605056914,-3.8029343329191834,1.0365348955493652,1.1157010484972576,0.9876760469669932,5.294604575290874,-2.9981964955333162,0.3376829326636187
1.1604787599487487,-1.550612570481614,-0.009358414427693609,1.2946803446608424,0.7739330384147431,0.49153779422082045,-1.232607471904121,-0.11348806329550176,-0.6897310569562276,-1.1759008394304695,-3.3541250784079657,-0.8028855456717672,5.999522015643188,-2.6623604690995,1.572647919696427,0.43251364559284955,1.654751827797385,4.418240405105973,-1.2309553801527442,-0.21233909767522607
3.0774732075453586,-1.7494067837515161,-1.627564802430737,1.6980253277087374,0.3087227770910346,-7.681690789235595,3.3225508608776106,-1.081697183050566,-3.4341549010216834,3.6461966357531552,2.8121935769952477,-8.624626897974752,-5.401241541642484,4.4649643174897955,-0.5815295452914597,0.24680720696138825,-0.14310131396004322,-3.0825140158710944,6.7990116585759335,-2.285163616951406
-6.413575032856835,4.983457898212311,-0.4174602271731027,1.397341672903324,-5.928437135905882,5.889191678514194,-2.732756073497887,5.255260252406893,4.559979386428129,-2.608960890927782,-4.876015999967748,11.407552149019278,8.943944074252842,-3.875637087538287,-0.8721844418955235,1.7700983748008605,-2.208740688609861,1.7929623069538745,-2.179516063844931,1.9542737797930556
3.7116307709689416,1.2345899994316616,0.43910537611011285,2.194874551745521,1.8813522930913962,-6.439941805876449,1.601329857360315,-1.8202688316556808,-2.9224770414049357,-0.04992318208486862,-0.685056506717635,-4.092386780647872,-1.2520112348524468,-0.4312129191289079,-1.2813631915408046,2.5882464546357404,0.7643252574460488,2.9366201160690015,1.3676683503047666,-1.0115374093890943
2.0010022277542965,-3.4550398583780964,-1.0450650026588157,0.0145885494821143,1.9811297244486685,3.058070378783335,0.06382939324539233,0.5047193242895798,1.6847903133961726,-0.9756295231103671,0.8311966605306205,-0.1972353297994376,3.4857084402477585,-2.4534629588160004,1.4738440333830427,-1.6738316173262757,0.6820309895863628,4.6988548569804385,-1.1033751412678678,1.9720120498671365
0.773074464083854,2.7607884320777796,0.7172548280332772,0.8760311693307588,-0.39721034112034426,-9.034101343508471,2.368976880515104,-2.85585608622939,-1.8684448053931657,0.665044780823635,3.5658464722794196,-6.757264864604457,-8.778126924422244,2.5427707594168685,-4.261180961231281,3.0998661551273914,-1.5057979187625001,-5.672495421962038,2.9892511768181924,-1.6175155387049203
-2.7981778160271116,2.5284231931654975,0.14150000283417066,0.25132955964428866,-1.1351365675375729,2.311139695911555,-1.1359042469926544,1.0976839092183486,0.01735658043431232,0.536770259375165,0.9182206016166199,3.3962603558377573,1.1019653343922875,-2.3302401527741234,-1.0570246347242152,0.7210020014914065,-1.4729398946825532,-2.757424475450307,-0.4103551192315818,2.7111627511517864
-2.1908567080232317,1.3728863195334704,0.1936729377556843,-1.2616436820613013,-1.9078175989812316,1.7431420241757833,-1.8206160095503097,-0.7879356112443552,-1.2346349643931986,-1.2359888067277276,-2.62634511018358,2.930963850015938,-0.6054235523009311,-1.1672192778026758,-0.6377586525333799,-0.18865724646036297,-1.3976000048269812,-0.9475307975591285,0.22566406850321785,-0.7695730721130128
5.036156298226347,-1.630857828846787,1.668616590412959,2.5689818652844347,-1.179172946797806,-12.17408527799698,1.9218125573645601,0.2576666357175496,6.192219107577591,-0.30771443096369433,-2.0707981073742276,-8.516443346879655,-3.6007775188735858,0.9175426676125988,-2.0544052974320905,3.7263208757170827,5.454818559979273,2.3523577270557388,-0.38901832826333926,-5.615934251825703
0.20923554956300738,-4.2749925322977305,-2.4456083905982933,-2.7773546701744447,1.167276378671167,2.531429447753388,0.013837736910128795,-0.07863491425983427,-1.1319248174583376,1.0866830640368164,0.25352827388420585,0.8135203351782341,-0.30141664958242104,1.8875327499717836,3.1834527693074732,-3.8807877679329854,2.3650416326822867,2.694550902436474,0.8699852891234745,-1.482140315240879
3.0181016392606224,-0.5361773845152089,1.4221084608303656,3.310381416203787,-1.1271152561485769,-6.1808442109868045,2.7805822533957425,-1.6255602563033242,-2.576776106888464,1.4144045361024151,0.8245328952404329,-7.720611290219213,-4.299072416497237,3.9576992787876346,-2.187085771572397,2.7705777246968877,2.114517762427305,-0.8959307806749212,4.835602937082675,-1.9992918534452988
4.829485033191096,-2.6421338491393747,-1.5457878043477387,2.061590376482056,4.571421637270661,-0.8987778054303652,0.7719362595323004,-1.2808338270300883,-2.2041840898126743,0.44549710649800944,-0.20950511867051017,-0.22242983748454237,3.3936877095267874,-2.7188027451700045,3.1920018415667855,-1.1267640006137665,2.2096467520518237,8.343219427126966,2.5381862086606333,-1.297045561924782
2.9717535832238178,-1.4759694574721536,0.8469943901923649,-2.0675856361653184,4.658822387099009,0.3885098251241663,0.055322836585957824,-3.9478930561817256,-3.0380800384276596,-0.048433067151256115,3.459674036195624,-5.933624425787734,-2.685711932470413,-0.5498007525735548,0.4118493274770324,-1.760507125106927,-1.2214478313584374,-2.2274042840883075,-1.1820970570728995,2.213984171245972
3.224965590761917,1.6143229944140853,1.8897747360404613,6.812212246484714,-4.05951878840533,-5.034618397948423,3.438735999173105,0.39920502807831193,1.3652863801074893,0.26089402397699885,-2.945069912895016,-2.611067887395957,5.62762585110543,1.4871051743060781,-3.0697890534118004,4.4056155562151975,1.4076812297735841,1.6113478860986645,2.503654591153593,-0.9035027265973294
4.608615426588397,-1.358038784605427,1.0837637349254055,2.2271478458800327,3.306399192001119,-5.353556568232441,1.3920784826468826,-3.880480631677261,-6.044947685865952,2.856724434727359,3.3408093951988453,-9.517340413323293,0.40195791441146844,0.6930533227368894,-0.7866522563744648,2.7692292747256313,1.452724110125013,2.0877862955435194,3.0848042498438852,-0.8113545111128282
-3.7062365288010106,1.2023183057235716,1.1667477387518863,-1.378990607832687,2.160040601726019,4.3970967760038775,-4.702994621916429,0.18107325623298265,2.871731755659892,-2.6292447978430453,0.24307970518916266,3.048502616033739,6.815211827673157,-7.11289205565726,0.39692615226185657,-0.030619350165932147,0.31363815029355274,3.158891092730762,-6.185173049005186,1.8094052315022577
1.381073588584452,2.791761077387755,2.076321260978544,2.6318411615900614,3.4075444918585918,0.8940401033639132,2.1421886334748645,-0.07254723485099523,-2.3423219722055797,-2.5623007205323067,2.0917312285047513,2.777381115241608,7.025135442265984,-1.1513973696688011,-0.99156408647708,1.6646549718564243,0.511872755369346,3.7171036203257057,-0.9427513547690162,1.3179233927743068
2.0089836980459106,0.34255718127606727,-0.3402093598207072,2.459811746688257,-1.5043672294782788,-5.013073018663578,0.33793752653343145,0.3694007415346531,-1.08143411902028,0.05022770621486983,-3.555601604302522,-0.8330421171594715,1.9955406495637338,-0.8394563810372264,-0.691634291317708,0.798324367632405,1.4513341504822181,3.4711785912162822,0.8175901939380442,-2.1532195413932858
0.763343378265893,-0.6490570754276377,-0.954826760290587,-0.7225509371514826,2.9872580548604146,-0.5207616911732769,0.38483314524119505,-1.1440133665151972,-0.8893127331491987,0.47880889788203784,1.0542469712357616,1.4765612920350655,3.869624179289949,-1.7916338380067283,1.3947075293740736,-0.13079472435766126,1.3962149775967092,3.643981075624028,0.06411111586232313,-0.7283425242236121
-0.8310644475330372,-1.6150213025352356,-0.1593712201578429,0.19850200991868217,-5.246111854938682,1.556262702963657,-0.32732023979539177,4.297270938849627,5.689714616504252,1.0002491818424217,-3.37514914280109,0.8085345624998341,3.308126196752159,1.4710402529167497,-0.9134838489134063,1.7222027851407113,3.371777331298544,2.1946669349890358,-2.0289335419229153,-1.8509821169108291
5.026964438132091,-0.4775161670661432,-0.32491911659200645,3.0949857037703516,-1.082377025148288,-5.645763497191466,1.843104659749618,-1.8460696296686323,-2.93750780043353,0.8670648604403312,-1.9827379965300265,-3.8101748460082754,1.4155512848589202,1.9242480331689993,-0.2026123371408634,1.885750732955212,0.5564053212500563,3.4975214934583057,2.820202265831403,-2.104365660894289
0.15710933631926904,-0.8946192495211789,1.2860753243286418,0.11699600261994678,2.0470368921514353,-0.8332401206854163,1.4836269368530823,-0.8268420996447226,-1.5283283373688594,0.8105722241376814,3.650032003369555,-3.9928341796920863,-1.7723523900275353,1.9229061869341626,-1.1736590378157186,-0.3144370282018685,0.09542954997667782,-2.5780032189306716,-0.28849624875450774,-0.14117102608520815
-2.6166385644378902,4.998605268054098,0.0944530148243013,-0.7865792678867325,1.4719165363841586,0.7580452050549158,-3.1227939361083683,-1.4859280728362299,-2.1260216446362867,-1.641574629329985,0.4395619191406764,4.547125904102851,-0.031588863113049426,-3.332682628158252,-0.9544063288195704,0.8485320555028877,-2.531523788771501,-2.364541050785867,-4.422199183178699,2.166449950048923
-8.868357146391727,2.6030143596842956,-0.6455378539676812,-4.256484520002349,-2.0609516706197692,9.912680007131186,-2.0076142776531882,1.8484639878306417,-0.3493108287423883,-0.41985683811636537,0.47236811568830395,8.123477753491969,1.957840230030888,-1.9620496716633091,0.25150895945953505,-2.620314778213538,-3.439734887380978,-3.520104906684042,-4.588026937290363,4.2168206657660585
-4.998981871945315,-0.37920292247516074,-0.10628204855750814,-3.007090470589588,-0.3497164928203256,7.3229725205099205,-0.4126024495896572,0.1295982691752222,-0.8847965964472159,0.8388735695123108,0.2585787909153345,6.925482028056321,0.26979808849859843,-1.2885942696332768,1.0103490174148504,-0.4936695151970396,0.17609237138440892,-0.09667693897266755,-1.3547462579276939,1.4502406075401941
1.9183841882603097,-0.619178672259782,0.27849155129152914,2.168260754086698,-2.7986724461117136,-5.513087335895632,1.7190256792308518,0.3936846345187792,2.248251167751975,0.5935667584891348,-1.2993182376851995,-2.8486359788035003,-1.2039127939963707,4.447544179555049,-1.3085686868255877,3.3059994963177375,1.7907866241972998,-2.061988874452471,1.434370461192924,-3.35335548597579
4.376862451207512,-3.8465376519338492,0.37854956351327684,0.9783119578859616,-3.102874544922703,-7.423810337748935,0.16126192975695142,1.7644593654651701,6.53495453847863,-1.186581963626801,-6.227497421312126,-2.6401250536290037,2.021393939873176,-0.9804862344782457,0.7396572361580427,-0.32115103928649874,6.625315364197151,5.790034939246713,-2.3319453923155766,-6.122789559393147
-1.4220271199237369,4.013489336619319,1.5569079005945843,3.2775915365330204,-0.294238586656685,-6.911450159067616,0.9701552299582943,-0.36413891587326463,0.7509642609204572,1.4017001735264794,2.5473029951442716,-4.633610218842184,-1.6425248031389141,-0.7867370971225439,-3.385843405488207,4.557585402654628,-0.3947350817833025,-3.429190688887066,-1.408061505417449,-0.9730859772182097
-1.7674144512315357,1.06159683400998,-1.2127884379420237,0.31351572916667014,-3.0685980310718564,-4.221140892178291,0.21481510375318047,2.588675760082145,3.72718427376482,-2.148356046894421,-5.161156846407744,-0.6641802110138204,-2.1059046203583422,1.8504202926618432,-0.43803929346472215,2.140445845627564,0.24633669475721598,-2.201651846553645,-0.8340510855847324,-1.760505645526473
1.4756795148003983,-2.9772818335914524,-1.1586116540753655,-1.5789206981699222,3.2445393531611995,-2.501307973017994,0.6483478307133741,-1.8887570727076004,-0.23942870611652145,0.7211256380161128,2.3792364471196654,-5.466273640052455,-8.763160702218864,2.9424130384294953,1.4227513646309087,-2.6294972943573,-1.6873545491197413,-3.4409530999551743,1.6034151803951653,-0.39291139784227236
-4.717113316170679,2.568583349194377,0.7438693014484639,-1.6552655185946128,3.0947826190365384,8.04316737403194,-0.17607327434650122,-2.2465452646846935,-3.2808480924613654,1.4310247596601424,4.6573884365845375,4.430331474159107,3.7985117837940248,-1.624188791197795,-0.6219526246160967,-0.026828693014368965,-4.661826837178564,-2.6237414299121697,-1.0348488833570686,5.038200817468715
-0.5443438178989972,-0.1047711218350354,1.4880513960630224,-1.5125124431747057,0.6986556328522012,-5.033003864490796,0.6686425754750831,-1.9890412355960536,-1.848589849114279,1.0061150356757287,2.128405068659063,-5.923460437304165,-9.024074549690166,1.9993353442819404,-0.21283659415391543,-0.29686755100049467,-0.13826102850380212,-5.4817344954229075,1.5721049748966787,-1.2033059608002477
4.022150887515263,-2.799687916068347,-0.011249753664523049,-0.4266284074417416,-1.9185920890133648,-4.227630610098002,2.3403389361063147,-0.4526569887498068,0.18712064614129734,1.1579329728312004,0.7924916544662213,-6.458511713935211,-5.15573089058523,5.2559229925610165,-0.4323669034818537,-2.2133312592072794,-0.31823704464276314,-3.3089190947847795,0.5136665459388383,-2.278098045190963
-1.5356288031277523,2.210278256464665,2.666419352615221,0.26168837333370387,-3.877190625122876,-0.3597881798362326,-0.7367307297165151,0.15408436220284405,1.4252826980527715,-0.9769345344280477,-0.39269198799455063,-2.1112440007296995,0.06934768668418456,-0.036355950362516376,-3.3489567600149672,3.7408403556495218,-1.4046054704553552,-4.47962185854171,-4.227530876945813,1.7314984411674241
-1.93623495623768,0.7611451845744802,-0.8379661204025101,0.14974439309592674,-1.4148988863406506,1.561594490366315,0.5797512363507737,1.4393993020626616,0.03357691891037906,0.7552408119660835,-0.6010717822281271,2.2573807684432348,-0.8787759039031311,1.250212316991716,0.1405309793482643,-0.945429722556127,-1.5618675382765108,-2.841966711903059,1.613847682283747,0.6555597139052832
-3.6741918156104196,2.9200364311171363,2.679893940480703,0.2488042661032,1.3553745709376595,-0.7521085261127114,-0.5331064025250213,-1.3960065105500523,-4.3456619823331515,1.2624514498502077,4.7209610574207925,-3.280636177216028,-2.9765784007907934,-0.9493042924527,-1.213413640447844,1.6106067355319917,-0.7892984942593605,-2.6134133205266368,-2.628121575036907,1.8246665767813277
-1.8173619554270373,2.731380600888904,-0.3942632966570905,-0.3386355063031665,-1.4295882473780708,5.320303088295246,-1.1778937942313439,1.0554495145058378,1.9049701615883003,-1.284628436255213,-2.105885955034233,7.705918239169358,4.946751530537266,-2.8547750260896017,0.7471995462663483,-1.4650988913762775,-2.0223710758025355,1.5053250476495044,-1.0764449688944433,2.360368177618115
-3.080181969158355,2.442694748894989,-0.7480116456573012,-0.2555920577410097,1.4534247044067277,4.78721727075781,-0.8263970025387766,0.9942224061309223,-3.0866622895515334,-0.40044515501935574,1.9099159320280457,4.510062485882661,3.6014605466513845,-2.4121558013039515,-0.08135903668238142,-0.9174406462875103,-0.8048388846449317,0.23037951253376165,-0.8858087220658586,2.350281042748459
-2.8572978991617046,2.7221581613618127,1.0423200511089221,0.9040678021699308,-1.127393064876396,0.9604486990293423,0.29640617223917376,2.4987858392642477,2.974738022786042,0.0358709269415618,1.4261168980445569,2.32592818149334,0.7307007334019702,-0.5853633537652583,-1.6334355844297224,1.367999495182048,-1.6627579456678407,-2.4677893533412436,1.463862370223424,2.2539676039406693
3.898328463548243,-1.5806169462979196,-0.5652542757128466,3.048984296764877,-0.5454848442990823,-0.895640091621563,3.3036290964347232,1.442365487595136,2.186142262693731,-0.439279150996122,0.052598149643545256,-1.9536967444828817,1.4025467775107558,1.8474796666286162,-0.6953703267632896,0.49439478876756504,0.15170195049398982,-1.025229765793549,4.433759591410995,0.30820048389604016
-1.5282131844411047,4.646643862216351,3.1357750268986253,1.861176682690927,-1.458507611220484,-7.530970053542025,-0.6337750482222265,0.14474411655424846,3.338604771095621,-1.9655066078799353,0.6762351619626876,-4.419991452263124,-5.037151883324238,-2.3844943585539085,-4.37710708806002,5.465878786525188,0.26485140436929255,-4.323948843001875,-3.492588357717079,-0.15472554353184254
-3.6593970678292664,4.001871919835384,1.6843615641594432,1.9900848127964825,-6.368301901965789,-3.5298444293475786,-1.0353198294168822,4.5255192613936845,7.933111710830556,-1.8014977331731354,-0.3177403264055725,-0.14819839911921506,-0.12250463210112794,-0.13267065842686276,-4.226967838374323,3.880084969598579,-0.897978180951474,-5.7723370739651685,-2.6233266742916337,-0.1871480965193899
4.228178610790922,-0.4825004010217091,1.34752270366727,3.280866510250131,0.7867082835468495,-6.738281158966878,2.220113881373602,-0.7680473850863523,1.802003827708617,0.6704658719370731,1.408936983716854,-8.23847100993655,-6.092995778417574,0.9848185781511353,-0.9304611958251865,1.561202333687742,1.1032008789834948,-0.9363934501534461,2.950100521933516,-0.355857580895401
-7.342854158652905,2.8517229512508075,0.005641735115909697,-3.8980293219677717,0.04208133264415426,9.177890595020587,-4.063922360857324,1.8097950887439862,1.6259180455555535,-1.5113781595320033,-0.20324063794084446,11.210972641034283,0.38066748704290987,-5.901010925998631,1.4238343678482337,-3.8182947782736583,-2.5901706779301863,-2.890680467861951,-5.417327016254654,3.920229756185904
0.5435928155748468,-1.3000377564340935,0.8778368690855035,-1.675438252243826,1.0630026148028875,1.312335713791689,-0.8130041868539555,-0.38505930474926575,0.28213926668019107,-0.052473915779296554,1.2918631170185013,-4.015812669553356,0.13168831156288607,0.19706168541683622,0.7209176202759611,-1.0441331007304497,-0.47875690973448914,-0.5071745765068713,-2.7503152812161122,1.5652224916488222
1.948145993582137,0.7545197206214826,2.766973830684427,1.5300192274697455,-0.9345679334279215,-0.9173112007479158,0.5260633934073997,2.5738575966763895,3.9157437570074567,-1.0599430346500909,-0.36513756302709066,-1.2100886043687649,0.6612022915387836,-0.32230435976466054,-1.430160631206324,0.2882130530466913,0.5261122101393652,-1.7933406470939675,-2.8359237279046,0.8729042499478222
-0.6242825842243058,-0.6882416812988263,-1.1892435664661734,-3.7129545642744777,-0.2973677659635884,5.006051548349399,-3.2329335067747427,1.0985860975905166,3.236014647417206,-2.4880539572215943,-0.6921349772720466,5.9115567233351465,3.7184552116226186,-1.7846009327432213,1.4311589413970127,-3.3829203183092718,-2.04294288874465,-0.3149860683964123,-5.364062600237769,0.867418350222537
-4.748561402458027,1.68281996748181,1.2857460125359967,-3.3694659055348417,2.192221702202724,3.8541853360908327,-3.8234378847242456,1.9746543563776786,2.4815562635745643,-3.719039929718016,-0.7335415469152798,3.2462461080622567,1.615003362145456,-6.806779460564478,1.1836720035462784,-1.2786241017448716,0.07459349074959398,-0.7161042089110543,-8.809791063309527,2.914787536631697
-2.0767095200830124,-1.245269300505878,-1.5986960033014461,-0.04717976760354059,0.42862725129656826,5.5418862435044005,0.9913610596923488,-0.7615935571293712,-4.64656184589734,1.121384143396446,2.9804561291123974,-0.11819397724005043,-0.4067521582079079,3.1581745568764186,0.1879967445907278,-1.3118586241218053,-2.961218244435982,-5.4780826505982985,1.8856436868986837,2.00700081811485
-0.9794640059449065,1.125787495180166,-0.22732751977421367,-0.34339355686977663,1.5263509598064502,3.2665818256366794,-1.3240869315265942,1.3965080634793,-1.8932415917048742,-1.0360342538678267,-1.0915912757687112,3.2997527868144183,4.874750929591491,-2.837319571971172,1.3149556168052272,-1.0072019345183325,-0.5599994355183192,1.8778232754211985,-1.0264781493137838,2.141180464679198
-4.7210730719141285,2.5786534236277694,0.9566028266691601,-1.9466056839888362,0.12409065238671635,3.2990637087768078,-2.0429106003803925,-0.6147613571454721,-0.014897754025163579,-0.319457032616974,1.6642971841964929,1.2520148309142838,-3.993168273121267,-2.679840768410636,-0.842936786477607,-0.6319543857627009,-1.9908405696329217,-3.348426050483782,-2.0145686189966687,2.712307376429716
2.44733855615148,-3.2600983189065165,-1.3788585504213844,0.5297338798347626,2.0390338931026104,0.10269418579501477,2.129678157467014,-0.04668747659089134,-0.6401698937200615,0.7764399931739082,0.3580112263202655,-2.939806231210358,1.177336527811784,2.5839138269785584,2.768688605724069,-3.356063237365947,0.5799049301840352,3.2444771570553015,3.8386466857148456,-0.5851199714131357
-3.5476543611705176,0.935688070028285,-1.4148737681880033,-1.5996628850387369,-3.51266079854548,3.9780818215190084,0.6153493367556583,2.3830034464148797,0.741913266677726,-1.2415779842866996,-3.5050022670989724,3.866588031917924,-2.140814067374738,2.0650958535971204,1.1841117824555087,-3.1394246884996706,-3.595233381926044,-3.4197456087146536,1.3417950530667104,2.944546989558446
-6.674528072070968,3.036466175291519,-3.062462462710819,-1.0623101135117141,-3.2511703227609248,4.782957930958888,-2.3680492090837415,3.1543749759300805,0.5301799754119014,-1.6605643216613888,-3.975137246810016,10.207949583251992,5.459811796116467,-1.9431429375152542,0.35620305827837706,0.7126302716437211,-0.3081733975728558,1.2155551826932864,0.10709501682434552,-0.04256872626783159
-0.8476177448864468,1.5409071434899728,-0.3857755155007891,-0.11380048837691592,-1.2664842396800733,-0.2247066972493102,-1.5037645297478226,2.36682779450857,1.037108315757394,-1.5732739937298885,-1.0456774648155673,0.2862021325061105,1.6749359855822095,-0.6205720451417412,-1.1339677092809268,2.3852722683251737,-0.11201443681746526,-0.11352574601601328,-1.0941189675615404,0.06101207171308015
-0.5317465171359141,1.6137953169618,-0.5171386848613229,1.047962189912159,-3.2210421014287194,-4.825025576785757,0.3984221611945633,-0.10447405222023276,1.2920754070057625,1.55740396590308,-0.6913367218230789,-1.4895649996411964,-2.2283372073058376,1.4416646623229898,-2.2729582676872337,1.7113349330488494,-1.0611436135887766,-1.392931460272434,2.9065103049109497,-0.8475212461749014
9.345312077151123,-5.841199891034064,-1.231190040229171,2.2047804520856813,0.6288847585967401,-9.144947784828197,4.163476248183647,-2.6648513800809885,0.5326166111182918,2.5720330642142604,1.8380354861895714,-10.253936845890811,-8.363432610619704,5.174089968799475,1.4393821852690172,-1.4628721683527524,1.8000252820751999,-0.2213338835549381,6.510738541550091,-4.426833261723374
-0.7286327800917174,2.39114822949048,0.1436998837845167,1.2016478913721913,-3.345735935915633,-5.249929156325338,1.3983066667560946,-0.6129977198090408,-0.6050197590120193,0.9149230815343177,0.3180869151890771,-3.4689902584411647,-8.085055779742229,4.595040819674239,-2.6246748646817246,1.5064668027046135,-1.6281040775716025,-5.802286994222998,4.090145674839878,-1.5748807583723616
-0.8069002930570137,2.83951492033558,-0.5526905797211769,2.1803103445858065,-2.1855667609870006,-1.022269195961133,0.17479277600109722,2.1368884060012587,1.8752825251673282,-1.5290202123250975,-1.9994207625727944,1.5355165854418125,2.0087342093022476,-0.8543140421315394,-0.7867267625424605,2.0095504449592743,-1.2386526660104547,0.5030177247435438,-2.3046265667870007,0.5092311116431206
0.16197375652536833,1.0486638361691858,0.0225147407295379,1.1714377371335893,-2.2158279638125515,-1.8863720857644375,0.1370429328433736,-0.03638930868405166,-1.5880662128359802,0.8168739905691726,-3.4378484272298313,2.7425487761528116,-1.3650147959967576,-0.4924599314680827,0.40201900794071643,0.7803964044388205,0.8740801312465161,-0.3664114213723404,1.5660162032280924,-0.028279996343530234
1.8658338077683392,0.6523172791464106,-0.1901477375381682,2.491974209715555,-2.3326955974101624,-7.166993774321257,2.764096113999324,0.35041302408385394,-0.4842338290619348,0.7499098652766328,-1.8479506668355685,-1.6087170065168355,-1.4912479126355085,2.0872876636664572,-0.7150369238327743,0.7560555436808664,2.9086249442259264,1.8222254466447736,2.9595664280253944,-2.972452788248316
-6.309381695842628,1.9204876479443844,-0.6101939633997452,-3.81705345795545,-1.3966862298842824,3.650181720371526,-2.452603237295108,3.39428013182508,3.2079729985146703,-2.217969034958992,-1.9318297268313198,5.3337144500514855,-5.049832831303908,-1.5037492683585578,1.605722570751222,-0.7776552290392679,-0.7253715384709127,-4.360185685038047,-3.940603814873058,1.9904336775648435
1.9060086966595446,-0.3694995246000208,0.6409916962590675,1.6590245226685862,-0.9328617754775868,-3.336272075972821,-0.7881771011875693,0.7791048442292967,3.3448228624992304,-0.5002044768742484,-0.7768205392150682,-2.8686709683210836,0.55313748570765,-1.069906435004676,-0.6506968007591551,2.554411224804974,1.84659095319903,0.4743592731135453,1.9512273137108855,-2.209518499885571
0.43384700052933245,-0.05875764455509447,0.06178615586517001,1.547686939419759,-0.6794968739317512,0.9859631636380959,0.8507737333902835,2.201074192349979,1.9268394318975652,-0.9516695400581021,-2.231075260581065,2.9115133166088447,6.39696981042843,-0.21260777189776453,-0.16421787081722117,1.7166160958158212,2.910111609876484,3.740775279958676,-1.0827160650025793,-1.7181218644522198
-0.42172172217708614,0.39365685781872595,0.9157153791936363,0.9337069048218412,-0.015392905252921807,1.1059214676608522,0.11761469180780404,-0.46087494648885635,1.9800628032011902,-0.40348679281951644,0.06892984784710077,2.860147476898489,5.0324421900759795,-1.918062881621847,0.13354125313271636,0.6814387226703675,0.7875226469644534,3.0254657358539823,-1.860606670488425,-0.27074109418846504
-1.4401948449303164,1.3214530707205763,-0.2543610075043137,0.2479989667351648,-2.024628604286617,-1.9826637138911853,-0.7042273957515316,0.5120355073618843,0.42810175028444797,0.22003248399843772,-3.0012185734475088,1.2688092949802425,-3.392511674347769,-0.192188713355114,0.2339041163005478,-0.5631002741137766,0.08037608604825408,-0.46054631497129295,1.1533245148975098,-1.7718692004534047
-0.9778946487080307,-1.9741763826697394,-1.5021722580254713,0.7467659829522206,-1.2699539607306198,8.200061188198315,-0.573260633844467,1.6290368519334137,-0.07786701011378239,1.093356620041535,-0.3885393290657557,8.700680868699115,9.503822213492153,-0.6396896180590071,2.358783730419735,-2.683568182476825,-0.7220535545363,3.4870381148839322,0.2177858058739255,0.7495069654645504
-0.2484851113275085,-0.5387464987316033,0.8722419295148222,0.29297656224444435,-0.808690475871944,-2.5386503297557104,1.2370233002100453,0.23049271076115552,-1.3034949591365572,0.8636587620934449,-0.24897674060258523,-1.662604475065977,-2.8039405825622485,1.18191195884213,-1.1407045765780386,-0.07530497623655519,0.9531490861315612,-1.2571145845419824,-1.1102694455691569,-1.6689929028115142
-3.4677157455287424,0.7279342448129293,-0.5385171454548896,-0.5554664849037656,0.0680213470983484,7.969500494144127,-3.52985241277227,3.6575227128640315,3.532797125411622,-2.8571515163138335,-2.1556577014968257,7.831152375979458,9.591707167920013,-4.6274714918542745,2.095931015245408,-1.067630731483413,-1.8356265919826082,3.6099556840041966,-4.998538003782024,2.289227815104643
1.2892025404511456,0.16263831637204484,-0.3432627669781162,1.1044373824045775,0.38338890810012294,-1.4530134085710635,-1.917560462773812,-1.547535703167972,-1.4335423887761256,-0.4192543308159724,-2.8147559123061106,-0.49989266102325797,4.101051629208232,-2.25596027837507,0.1663618069956746,1.4151790819094636,1.8711428265832932,4.084097913221084,-1.4794464878376288,-0.9873652447708041
-2.2854684056790586,1.2823200661425833,0.7447473500145558,-0.5321988922428035,-2.804075359058292,-0.004305668573912846,-0.8642874208842563,0.014498372621633893,-0.8717927758604979,0.5111516565767726,-0.8141626722962895,0.6980214491101806,-0.42965928285715416,1.4164680502604932,-0.8903889661114901,1.0201728399186178,-0.8565532775767596,-1.6706548461643058,1.12230248295361,-0.29993871140287665
