X1,X2,X3,X4,X5,X6,X7,X8,X9,X10,X11,X12,X13,X14,X15,X16,X17,X18,X19,X20
-3.744291283977941,1.6191059420187761,-0.1578071206092999,-0.5344833164269649,-0.36458998662695635,-1.329052445989693,-0.5295149259377909,0.541289349182419,-2.1935093391009888,-0.8365509294681754,0.9636971702731638,-2.058003178678696,2.1370989582253137,0.34201243226800404,3.1745664264096374,-4.691278566080872,-2.5049808049799687,2.2883724118882824,-1.2039813943335538,-1.4161348456668952
-1.6260583840393763,-0.1890243045886391,-0.8820002155451441,2.1348637496455725,1.6474571748879654,-1.860532790659643,1.4557411886311078,-1.2144852691358143,-1.1845909941223423,-0.17031240748576482,-0.4648738695282555,-0.2728859811791968,0.559079002746026,4.82650077984898,-2.9458140608935315,-0.21776602905802933,-0.8949397769921262,-0.7522378344607654,6.234951424844323,-2.6486453513956114
1.641133416274275,0.5029896572780266,0.25850935772715533,-3.4925335253945944,-0.255926958878552,1.4243619843224127,-1.7711823045134338,0.09375110735307562,1.3452403343764596,-0.17675014745074752,3.72152741820299,-1.0372620420330594,-4.365356891022637,2.681054439010556,-2.539621644544418,-6.014832602368454,-2.153234474984216,2.248337496303552,-2.280721209132376,2.3740786276898045
-0.7742270736878907,-0.8440998474321403,-1.3711464520654286,-0.5801085013222151,-0.390140836999525,-1.6023688830094205,-2.5546144345835695,-1.8561454371023525,-0.6242915073322738,2.1988609035002176,1.7159575341463515,1.3109305921663197,-2.195460067381535,0.5856618255360915,-0.001236730295310906,-5.648841239493791,-1.0987077979329483,2.403227980610386,-1.8777325115155314,1.25518760917019
-1.5260378934006185,0.38161719270090805,0.5438780644222088,-0.09519793787118325,0.24903217716998477,-0.19809267256443902,-0.4162870458060265,-0.9022458405306392,-0.4397764681295369,0.22405612236554184,1.1925966416747324,-0.1564706143754435,-1.9394002867819582,0.9800192599318235,-0.34212925994174515,-3.712522176246153,0.09511744463308014,1.102239374141354,-1.4363161697273863,1.9403994129736881
-3.245955790046173,-1.6180586946780795,1.1974116671823434,3.5293397443277104,0.4863751832738218,-5.57711858518045,2.5706115080442054,2.513641414380836,-4.358311327845976,-2.1952904941388836,-3.833912083458601,1.3268885906151653,2.192650643198399,-3.451194216702696,5.898604753910339,4.159713931937943,2.246133396952276,-1.592857823051153,7.392269529654087,-5.290199615669999
1.9100713666661393,-0.22018428304573806,0.8463668125716506,-0.5058916501630988,0.7010549567779475,2.9979299078233597,-1.1804203605895092,-0.4699414932020046,2.909080903491687,-4.037095215944485,2.10188896499877,2.51929955647435,-0.6844853447374641,1.7950774530828544,-8.985669694048548,4.967623635368282,-1.7002324279974301,-3.292770616585537,-0.16372860291802788,1.4636314277649456
2.6601279696270437,-2.6161090060703494,-3.3596097543375523,-1.2974679145983268,-0.8791019599188626,0.9026804591672707,-1.3016962377072956,-0.6492160895104419,3.7540566670334887,1.2819409339059304,1.2927666184704925,2.613709367935561,0.3585362650077695,2.732584286035003,-5.505293743406074,1.9165434900263665,-2.2238658903472954,-1.5235134368985768,2.3189397098492934,1.2387978157225308
-2.116084515665939,-2.131452819965659,4.181967478804948,1.3697726007998925,0.014927334532527797,-4.827756785962319,0.48043675257170637,1.5228832489470236,-1.8654948934026794,-3.8312337122310183,-0.7789690905733331,1.2302340406799126,1.1636237135011844,-2.20336885137714,1.8032857323890048,-1.6526654605422344,1.6945423727963924,0.2714468953091729,2.0930607398431196,-1.6850986380954462
-1.4738009802246566,-0.012636749446475248,-0.5091106856281419,2.0176731332152227,-0.40439881533376615,-1.337717992782802,1.4575960409801874,1.02454398295711,-0.7447248867417292,-0.1371607529658967,-4.524798583702362,-0.16665076690714864,4.164469183718383,-2.135347066468825,7.40924164951684,8.808365950541816,2.2587966190666613,-2.721926557882575,4.670502500224555,-3.639291370603413
-1.0552186062464266,-0.6361729849643887,0.35514181095897335,0.5933335290919557,-1.9224837147485603,-0.7152809605450499,-0.5907340556356726,-0.5083553302401485,0.2694156369208345,1.5518175172680553,-0.9655958915209676,0.6881860532147773,-1.0844032145778675,-4.540348265981382,3.4360525661989634,-3.1874264028058406,1.314293092677938,0.2623957430997206,-3.0880303761631946,0.7888121218973774
-3.382688824758954,-2.5933420416403083,-2.9849288009221566,1.7134964199657057,1.0490052933365095,-4.845185683699626,0.7527004094522938,-0.18163828392310594,-1.4410434375233216,-1.2184241117202266,-0.6290573351458237,1.5602512410288216,3.4104313693308255,1.2798626396081314,1.6570062042238014,0.17640491519042462,-0.8560662315042791,0.3837882671798716,4.439881267544458,-3.223064044672417
1.7372915664699904,0.3295835142448526,1.8934094804879467,-0.7367161676175342,-0.5190243911407308,3.7169473021743302,0.6037750351370597,0.911667488347168,2.4424376430765724,0.4998720964485127,-0.9732975614912445,-1.2258410097880819,2.2941017693675243,-1.0357638119210586,1.5436212889627852,2.288205250945908,0.6819112059314381,-0.5036307565127048,-1.8442164075636325,0.9215962847036675
6.022419315078808,1.8863135245768432,5.469099404213852,-5.956449752909575,-2.032513008008383,7.920889918000674,-1.4254976283240717,0.9615725883973325,6.2550334837566375,-0.272368644893802,2.0963383836585265,-3.4689651642637678,-2.751139876614002,1.0683835045610799,-2.591788653741695,-0.6050831075920555,-1.5758202568074449,0.6410018720581585,-11.446715395114282,7.498594958082859
-5.255319076079871,-1.45924235379559,1.701701536017842,1.4893445352763592,-0.04614210698026732,-7.759124869456577,0.6034486249276108,0.7335974680303555,-3.0335239333335733,-1.7913943467355078,-1.15131909900712,1.5489348596608319,-1.844632001257188,-5.806007528557916,6.7662111223264105,-5.091284928294238,2.9675630953037806,1.4306940883289248,2.776001419690294,-3.03867047060311
-3.1764865704178704,-0.6428437168398966,-7.969750325010083,3.340495005199825,0.4779764764882514,-3.8899137994463695,2.2324782860171823,-0.22499057409599935,-0.45790072621468136,-0.16360745137379262,-4.5425608829981945,1.750788369549146,2.630418787801594,-2.4751777065529543,1.0467865303874566,8.372047261480276,0.40537718753962837,-4.194448035590323,6.623502721657813,-5.035844382772338
2.628974834756373,2.6180447524088697,4.476445583796058,-2.3213656769780737,1.433533431379136,2.5407827083780186,0.5089905282197182,0.1972047371267173,3.8568302034708886,-0.9420570268147292,0.8810126538970623,-2.217336680935783,0.7514807675232702,1.937697662014324,-1.450665704038344,1.96955276961086,-1.3034921027197757,2.1002142898717406,-5.531278745604055,3.195372501438669
1.8921805430117165,2.450968074535445,5.269952101395561,0.08963199187354709,2.27923839935329,1.4853381565739112,1.250566869511592,-0.7604578513328225,0.38686807822217945,-0.6574408608750681,2.7204325068054587,-0.15636047678396325,0.034601456708995615,3.5350900257644158,-4.611524367058556,-3.054146615657118,-0.9001231442978856,1.9531455019278994,-4.790907497841388,4.370891889902402
1.0952547962149004,-0.8786890270687142,-0.5140176510810887,0.2478143086368083,0.3044392260762072,0.811340508506709,1.4011354534612308,0.4898371161307908,-2.204083232848507,0.04035013637480034,-1.4614976192828215,0.1967861086240844,0.9621323360239147,-0.8330306356839255,0.027599352327513316,4.549075521675572,0.00012851168368976928,-0.27625158048989185,1.2999942758507272,-1.9664848774527186
-0.9359087511621724,0.21081369503257175,-0.3519865423260289,2.177947787594464,-1.7808704805210056,-2.9405293093855835,1.6978324828631668,0.8302844370162222,-1.5716486840668702,-2.5388583076380282,-5.215349181883639,-0.44095779226369425,1.6602167342839123,-7.032779095219281,6.197054342008485,8.423983101640175,2.4331900907700876,-3.6217172545001874,0.3919600008428541,-3.7788394765013145
-1.1478285050598562,0.617047203872051,1.5655504695773907,-1.8216308060667783,-0.7331952693397571,0.9896715564860252,-2.426703626642099,0.12372404582948705,2.200329573629069,0.060434633104212876,3.417459081670401,0.1360252292329458,1.5294779609890883,2.1921415088170266,-1.6730296094328991,-1.116714942940555,-1.7650689629417107,1.5754347133114146,-3.5403717547820777,2.4356222506601193
-2.1601629040185704,-1.2145964198206451,0.4320452828880281,2.3306100842238604,0.9376099185576151,-7.086015564323768,0.34633132829025975,2.6217689463478124,0.6003893889327907,-1.5292897588282435,0.1620255240492645,2.286805214609819,-1.774724938459948,-1.2699351566047028,0.2238427566048351,-3.8022431362040154,0.4477503954520362,1.277231604562108,8.166148671654796,-7.4740018715753695
-2.4870331883339576,-1.184810986697455,3.2303811716009516,-1.5827504741516147,-0.2757910097703356,-5.075126675353031,-2.0801025419576806,-0.10538137800041635,-2.281581285324112,-0.9843075877258425,0.9259834262404103,1.3137152594093413,-1.2587261039529098,-0.7836802748224627,2.828949507747832,-2.9669100004334603,0.345791856610159,2.726268666636538,-0.1251536331217379,0.6072295273507088
0.4777883884754386,-1.2417432524739374,1.9207204299332203,-0.32736415399353125,-0.7165043011815646,-0.4392653997879671,-0.2884867168584895,0.688541489721127,0.052929488752058496,-0.4304369237882528,1.1168795294771467,0.13602056623557235,0.26310032297525376,0.7833081988607355,1.5526518805544982,-0.7215261260566681,0.14644137813588043,-0.2158575252387358,-1.35818543354932,1.0809005939630558
-0.587706629283961,-0.05620219301133419,0.6774849741958773,1.1524680856837977,-0.05677290201759906,-1.5991691652564488,0.09923606140871463,0.022084984543994875,-0.03213600644831893,0.3472676322438495,-0.07661911815139592,1.2993174046788374,-0.7666367760189875,1.5345935667045671,1.9162887076289776,-0.6134145053644158,0.5523137256921475,0.6393046228067782,-0.3443858359171159,-0.5989831560554333
0.5583049524991571,0.13755740070506822,-4.025115250462634,0.20958027533274903,-0.37027037416151476,2.2169233190979907,0.47729386469470136,0.2671988676163512,3.339426183264698,2.2158760082198836,-0.11737907011840942,-0.5500068810878878,0.43978464146426766,0.2728489346879043,-2.610822080349182,4.1853594074998295,-0.08721432841153376,-2.091487377578078,0.027715160369156777,0.8962119824493197
0.0171092831963513,-0.4316285846154615,-1.0842724026009818,-0.127881272258203,2.001414778967651,-3.0855578032704023,-2.495366830715465,-1.7849875781841467,-1.5748376155772936,0.6202432610681675,4.404006085390771,1.6315355747864737,-2.2143155292109844,4.241071518600666,-3.839594969860895,-8.096169937023918,-1.704076644252409,1.9099923333383795,3.680458271587264,-0.5885560572212205
0.09304155957812821,-0.1468485455020877,-0.8110043047488339,1.048682960023886,0.8054847316405441,0.9305716726090797,1.2559484505566032,-1.1479368527588487,-2.028457908227738,-0.24338264141928345,-2.0394240128326113,0.49828747681179375,1.8198411312361567,-0.5254327042205582,-1.179786171376115,2.641107644325198,-0.05630081625209482,-0.08807512831591624,2.9784538717207245,-1.423617993076979
-3.8791580841069035,-1.9932584613795652,-5.603894409927864,1.587768376618611,0.18768519119611649,-6.344708492805785,-1.0350166758080488,1.3913499026209415,-2.403143413957342,-0.6731694227202321,-0.9337254755540391,2.0876323835646033,1.2489619606788145,0.16699053648799178,1.8304574598727987,-2.1500447355495185,-0.5399416145726696,-0.1739041155276099,8.004935578303021,-7.178227095559544
-2.003465157870285,-1.9040263807439848,-4.508688638117771,2.0685691225227507,-0.8984450505421389,-3.401217829894188,0.2500975452546619,-0.9787732791313187,0.05941705821482013,3.434826418837882,-1.6964368863626513,1.5591882943959086,-1.9982551070926995,-5.225597252980297,3.8439784917599336,0.6686958574859713,2.8642041130477773,-2.127604637782832,2.723532418348957,-2.4457971419077094
-1.5151075180634257,0.5816304554563366,-0.723394953961066,0.3368078969285426,-0.3668545164150404,-0.4988768402760997,0.3494913740957571,0.9417781340458906,-0.3272112432621679,-0.17794333426823816,-0.3687314566904063,-1.9678624958107318,0.6978915350018244,-2.89707876381257,2.7607099832158526,-0.8102490459184959,0.28512936134162997,1.4634849080374095,-0.4221367552119297,-1.036843486294645
-0.6748862443807866,1.1795487740748882,-8.289188729105689,1.0023798726009698,1.6833127549422704,5.186519930176534,0.624469428742474,-0.7896317465064646,1.8276909039764744,2.1121516834941465,1.819171619783392,1.077364605676503,2.9843558731512165,6.3512619993050965,-9.468012828606826,4.590379021269779,-3.604716628310864,-2.632048947637047,-2.8208766304698383,3.293471604629168
1.7073803746626561,-0.13372785515555174,3.443335456491352,-1.6261132507131992,-0.43192745287969186,-0.013991206362824249,-0.9958391971553217,1.7591106075391771,0.13176750301541726,0.47566945229837243,0.2655905662279069,-0.7949740142056154,-2.2879992029724088,-3.125649798192618,4.528730698268051,-2.8188634443380343,2.6959268344255705,0.324178692441324,-2.238299622505931,0.6745558610411513
0.43285491756020256,-0.6778846538686427,-2.936177050533591,0.859305649932824,-1.2625839095441806,0.5403018127553565,-0.4704287235764533,0.684487007213389,1.6946386664308102,2.699888820534266,0.5250278950303195,0.8471914482599118,0.384138626547051,0.6496573624237882,-1.227860519986368,2.1529803839372637,-0.9370228014340227,-0.5299541195306474,-1.2894220698810415,-0.5175979515065114
1.9619317851083256,0.15385646396507852,0.200543737163714,-1.4559049240990336,-0.6651582412726497,3.62864519934541,-0.30937748606018767,-1.3586976160450568,3.14717160214588,0.8879141629924071,0.29409594128990424,0.3748977675804736,-1.919400832235163,-1.520404170296075,-2.9760670686509645,0.5396311053306468,0.4942528378598387,0.2369389172752353,-1.0887745612839368,2.2875547158530813
-0.18743016346330776,-0.5486133759873572,-4.429809887598812,0.8976650516869531,-1.5947707418997306,0.9123340840300241,0.5570741842852798,1.1660528332790412,0.827617866694885,-0.06947236671394208,-2.205253929397557,1.5554103413244937,0.7318619740938732,-3.3218508598018777,-0.29687170798436924,3.971236138011708,0.1745662893188864,-4.034356670180685,0.9880709787825125,-1.3144487738898873
4.348871002913374,0.7832384641179984,4.5536056643796705,-3.526615990539585,0.9830708446777627,3.4975165841888076,-0.9812848082431898,1.1787976854278908,1.3987898661686957,-0.028353373250390668,3.406613570652771,-1.3288432048244965,0.03766644258810459,2.2317294971538217,-6.901932754168734,-0.2924356104134581,-2.025563036550572,1.8523861296122934,-6.202754605573768,4.594155840694573
3.1868808237011623,0.5549479737542768,-4.788326755885755,1.3052505787045567,-0.030122192712280896,2.570942743148925,0.5267697833046935,1.2016866176081613,1.5322695979958645,0.4738487711801904,-1.4165317575603902,-0.19423210789590628,-0.9818525784792302,0.899412471728741,-3.5023990648718852,5.360339730469204,-0.6408800638511188,-2.3908139359852587,0.3936799467812637,-0.7105105194916337
-1.6758666811322285,-0.8699217344125114,3.2992538730370935,0.5063946818505358,1.6296012272375917,-7.654536692134386,0.1863799831768746,0.7945297235297242,-1.5992799994665676,-1.5794237500157826,-0.5208580301982252,0.10906201308887842,1.463613677183329,-0.8164504006170008,6.479149145622668,-1.5158914468113989,0.6924938298899839,1.938424682481196,7.38052041422387,-5.2827761362311065
-1.0764226430023447,-0.08250287539359097,4.506063199686987,-1.1861588187804313,-0.6983306587795526,-0.7044831796540406,-0.2767923908654976,0.8847446860385968,0.026353072429959823,-1.8114238008386043,-1.3656456231425247,-0.3954966782257913,0.46680257514356677,-2.070869679289794,4.082021279780765,2.00941156690829,1.659274848879777,0.6520603131646935,0.6870562117345385,0.24562321301205825
-0.5452595116027343,-1.3450712078164089,3.0013152825786045,1.9170324852667056,-0.6797254516921761,-3.9721422256576444,0.9015747155918523,0.7330358410047116,0.6417744785172943,-0.901319567138736,-1.6738768284323953,0.7925639582846815,0.5959265604760238,-4.1211451387390365,6.049645469232009,1.3674920089597031,1.9878528634599082,1.1225684798498963,2.495703401975268,-2.5380710919831793
6.003857095564088,0.9401261158478702,3.746977375192974,-3.158989883321083,0.5507759087921745,5.08780521081233,0.2726529647109954,0.37051315285294917,0.9557127228945153,-0.09546504680979212,3.011592178593797,-2.8376176163320546,-2.2233028663224275,4.720247981115035,-5.779427918798829,-0.9529693934116222,-2.2594955730227304,2.945572794452771,-6.071749096934037,5.21571160742534
1.4595168601167219,1.1092958087157352,-1.0920848559708078,0.8115014283374005,0.33368250241072334,4.4995324100677365,1.8807209673357008,-0.11501255573466072,0.9340152298296015,-1.1555902932808635,-0.6468027266908474,0.021573949821270255,2.9216245972646036,1.8567232498237514,-5.23254571383739,6.1474031287846795,-0.7415263625803207,-2.2103447918968273,-0.48163489977184826,2.0988257907358423
0.2942482101581692,0.08273020296700362,3.7482553437826662,-0.6669512676550999,-1.7900331742539002,-1.5917373025210875,-2.0011500792185037,1.8058412415974971,1.1764921669415134,-1.3171368355035402,1.727420599169636,-0.36869069978955976,-1.3147260446083686,-1.4593085389882243,2.4098207488267462,-2.0726634090535967,-0.6178130866458569,0.8032041449017986,-1.7497311868443455,-0.30361191492806705
-1.2941783613859754,-1.0974862274276171,-7.977034313921598,3.054560365417812,1.7466259519201974,3.0864626771132855,2.8799113357835,-2.1128852063649464,-3.2139122229651127,4.731663188655201,-1.8402595225396459,2.6771959257598295,2.800925904235514,0.6540270666439296,-5.4855321165224815,3.1916190953226464,1.4979267309843451,-3.463883100983488,5.624928548339387,-2.214110587325327
4.554244013575307,0.11718257646521787,2.0275575670093158,-2.217921257301967,-0.3244316592357246,5.501211476334549,-0.4010054974213983,-0.06703465542659953,0.5175050178324414,2.0513700769319083,1.2052886031877903,-1.3276179128496355,0.06718348222054282,4.007394693187576,-3.7175433890596348,4.023468693025134,0.08105911950347022,-1.5873022844619964,-2.619474904733945,3.12016965213982
0.9018897187499679,1.061468484088105,-3.814422763805317,-1.82779409114826,-0.03613696530361282,5.4646105419429,0.6121283891100577,-1.7354439190785373,3.369618781084775,1.8105240276700982,-1.0558548678387503,-1.5646400927194326,-1.2769987473133353,2.8770766786848148,-3.154736982384402,0.6098600548992155,0.8433006174523744,-2.024530962143913,-3.285761965012958,3.8421847797540556
1.9504679218946683,1.9669453804683616,1.1974817432781706,-3.0313745273014967,-0.3629507087230545,2.3360590605713076,-1.590196566583475,-0.8411232666777285,1.8761392469383957,1.7852898327334081,0.12387440749525513,-5.111763314188311,-0.32608873063840904,0.5825873288789586,4.757228583660809,-1.2713510637528895,0.5344592201289226,0.5045209345969557,-3.94356842618489,1.098811511315386
-1.2765894216601523,1.5282967895090755,0.9686667271121034,0.42427148926180547,-0.9296960769093705,2.4320120931169464,1.015278220525437,-0.22800058635349718,-1.3646452424165603,-2.412483664284658,-3.260106993987238,-2.1013138598714143,1.4817477289899437,-3.173320490692741,2.905642526757075,4.695592247023654,1.904549105710046,-1.0800043873548701,-1.4829510474158543,-0.9782384933508697
2.257625870974767,1.8962891301794405,5.400851723159037,-0.21087593177070552,1.4487847862787728,0.2810736515298137,0.17957156727082477,-0.16498181099463982,1.7039095922632093,0.008856759851805672,1.1872916832345117,-0.2637564927266498,-1.083457426854898,0.17425982108411286,1.9039566456852919,-4.893130666635221,1.0005277780375068,3.571124593145582,-4.9661438148257515,2.097392454530956
3.172036776803585,1.6115033866609578,5.9208035300144015,-2.597978635620036,0.366231331064074,3.888215905120785,-1.0456482166610268,-1.7529402405543872,-0.013077544297332766,0.593925060360605,2.6617085502558866,-1.4713846799647565,-3.8520778985512174,-0.8712889889604445,-1.740013823310179,-4.124675930144804,-0.4105971466655819,2.7426693013948875,-6.581029778538996,5.032331886458585
2.9413446806365977,2.203430119260899,0.5103297700130682,-1.5717161543314426,-0.09643343038455134,6.373868430980044,0.6561386838831631,-1.094876064991296,2.1941190739242358,3.8950137271222394,0.7921891359694682,-1.9977932650527208,-0.5600744415616815,2.5199494182653,-2.8027038080369366,0.7038121047252106,-0.7236603057338064,0.3821044500055591,-6.379643759367788,4.866831620207252
0.2708620738211778,1.4156353382347917,0.14635689931722706,-1.6181813533395615,1.732400887461824,3.923937751772592,0.09849904723632541,-0.8936568151274796,1.2394738497611408,-0.6271210379038133,2.201702992615824,-1.3408513607858037,-0.28225225608234356,4.402236913351873,-7.039164592106147,-1.206964798117017,-1.8873917029315272,-0.008733456564734787,-1.4216464805488733,3.5101066157453076
2.5639697824655054,1.8378649514394503,7.974733230692191,-3.382213891355682,-0.6846310164438829,2.9502428347179137,-0.7417603290201868,-0.3400565438851086,2.351870501897369,0.23625005194318596,1.791010685207854,-3.355408837599961,-1.4178471085246391,-1.2022982038677434,1.9313053139866727,-5.225676896013146,0.8288873173351663,3.6847662099989185,-7.476598284427434,5.035762903722551
4.010911328539002,0.3196468979536827,4.120837315086504,-4.468221637017663,-2.0372855377582435,4.023578403229131,-2.869016942200758,-1.5740980541132685,4.8038289722343475,-0.20840441331281268,1.883132796142252,-0.5955830049665659,-5.487975345354382,-0.9614368707571874,0.8684964143669238,-2.464580700698276,0.32207878701094617,0.4322959565358544,-4.034295067691354,5.877705962505163
5.530714922129673,0.7109666789713276,0.4875108603067152,-4.33110675211202,1.267281310767588,5.438404954373201,-1.6308870398350301,0.045210653185232735,3.762348908036798,0.8075125573620633,4.501320946359119,-1.8349532730684817,-0.34911154023487834,5.687969503151022,-9.86893795781803,1.3464861705682996,-1.916397543248224,-0.4937780335362807,-3.104661395216256,4.188032863957848
-1.6239157365709334,-0.022930006785654655,-3.2603545336306006,-1.0144679838450923,-1.0211388430956396,-1.6588812281450371,-1.9629070998070002,0.7377134236097612,0.8935933695806507,0.5130267642445647,0.7117314327153204,-1.562550036373405,-1.5514142147439791,0.17386257284547413,4.011602111390729,-2.019515302493108,-1.3129226559915148,-0.08895235946295776,0.22228823541278878,-1.57174038502709
-1.1373772327319613,0.11528996010503248,-4.008447385368731,2.0393321161901956,1.4572560383813247,-2.0857954077887446,0.17180891591745504,0.2559166493300159,-0.6890576538592423,-1.0780569631674877,-0.6737337838969647,1.107645209522964,3.259155691727975,-1.7683000204182895,-2.9236251114582306,2.5204985246222864,0.19192006521126315,-2.335504373174895,4.74092451113081,-4.120640189377814
-0.4324491895699193,2.405786009891669,8.079327674505983,-3.318175566317711,1.9977353596010339,1.2539993768512487,-1.3751148863030218,-2.3143290545684194,-1.1713800640615222,1.5959532137481351,4.447543313331582,-2.9455050044660362,-3.307982357104602,1.9475187213986387,3.883479033321951,-10.617541380810918,0.48027063292303795,5.7270648048027,-6.753434612097791,5.465633529011525
-3.949496042210125,-1.9386323232974574,-2.6488144468870702,0.8530378711576614,-0.6853845488686177,-2.543784999897201,-1.0427615143419506,-1.0025917838962828,0.34075476584867254,-0.27919803073110927,1.229012777358479,3.270899470612309,-2.8434164246002225,-3.3774565365435185,-1.6763902129231272,-4.686031739409884,0.3881896331539717,-1.264467398507981,1.5021957678558575,-1.5371847772854565
1.4859374958298897,-1.0329680672479662,0.7399074823529997,2.234932439636906,0.0430060441889496,-1.8578807350652784,2.7452255490378583,0.9175300979562213,1.304519978540919,-1.004094168970153,-1.8112732153239992,1.2815770900399617,-0.7159302824512457,-2.190255767743224,-0.021985855046682573,6.073976954704825,1.7030470918274374,-1.7016370903421731,2.084442640335963,-2.7491591860233413
-2.7626548171320255,0.3653730010207722,0.4650796508094559,1.0977094049710132,-1.8934826147354127,-2.1803501634722564,1.4804096759092709,1.8448320518409278,-1.1436425453783232,-2.176292680345905,-3.527581711737036,-1.57827879405967,2.3792984862657356,-5.585536715806399,8.523392591355485,2.7677494177580884,1.4881351112523662,-0.24855514678806473,1.4216437502131911,-5.103678221596679
0.5731029758330191,2.08248329707296,0.12970365600975575,-0.15183022741407842,0.19202623660215692,2.680542821572672,0.10974920658495493,-0.5132437545629213,0.7695854855775133,-0.09036651165691112,0.0020872602085717507,-0.6397796233241655,-0.4603245677639751,-2.7179824710034026,1.4616864244457535,3.9338277272665225,1.1484536503012923,-1.0526606733682586,-2.647129988114038,1.009785237952981
2.4329882550694055,1.427462661793753,9.611217514035385,-4.2331929678087885,-1.5714637421859057,1.8798696922551572,-1.2921408584806295,0.5252237827634322,2.475461923226847,-1.5101023803331814,1.2934960658622532,-4.546495311513654,-2.180896826815448,1.1026365314045066,3.7137669658313577,-2.5537000019419263,0.2622806200212032,3.6987934515667003,-7.3068191701197405,3.4668413982374267
1.1452650094343668,-1.2231643924928786,-1.6615532533985968,-0.7598663449754633,0.16869252090855602,-3.5313759170320713,-2.479204981376063,-0.45524648122928757,2.1098741503841265,0.9595091827770512,3.364776126507965,2.616071274397882,-2.564397755680071,-0.917151381109874,-2.2688914107783478,-4.933108340233881,-0.9316246485327903,1.0332164728314137,2.178017251151612,-0.673294542148646
0.02798696597626177,-0.890588213064804,1.8978551530098402,-0.7192146764768981,0.04721972228535351,-0.5728334372068303,0.17870939740570235,0.25404973477808124,-2.2692354891052555,0.7621622110897296,1.706772721388637,0.42534850374762434,0.3774911989653369,-0.6199852337482135,-0.09964704633132371,-2.897763545426001,0.30925279872734013,1.1818149714705477,-2.4282507428074678,1.912393150962378
-1.1423216572369317,-0.4632233997859417,-5.615983113120341,-0.3963875437045753,0.6851352251273398,3.0511540785767286,1.1248957870334684,-0.8022907036465663,-0.7303681195412361,2.5302142972838824,-0.994842483199117,-1.7614970089201134,0.40828610509292007,3.506517539714581,-3.319947352552935,-0.6872463906891223,-0.532358140393976,-0.6482941744545816,3.2885815789189907,0.8388616588385901
-7.174814511689445,-0.2042980389485412,1.3265696095529802,3.7018010756718023,0.09235357444934271,-7.020074485568062,2.0073758508487565,1.644396545706498,-4.282268479040431,-3.319328079512404,-3.0468356553563423,0.13152149392727852,3.4176117462346816,-4.196358691845865,8.214457310927774,-1.1861213283948107,2.3655156168385973,0.1510004874894475,4.7525305336895425,-5.200082339087961
-1.17552301010744,0.5268787206252277,1.9540173193695667,1.244124956992006,0.29766312397995204,-0.28160408403857917,0.8840994103656373,0.7272762161651886,0.8344944914129074,-2.0093505920985706,-0.12010780143763022,-0.5236119638440829,-0.06209372738193064,-0.9720255353708394,0.22927689013911512,-0.4373299147063173,0.24085184636747925,-1.0826090942342426,0.3426243368113202,0.9648791707179665
1.5478624456043584,1.1845554674223888,-2.008662609251647,1.1955504786881106,2.1390769857611187,0.8993630687977404,0.06932276431351903,0.11661083513088949,-2.5615644628205185,1.2091105727218519,0.5455005664876464,0.7883904994969806,0.10301882852801403,0.4292976153780881,-4.040605631488749,4.487678937610356,-0.02674417887844638,-2.068487537985827,-1.2165796302759244,0.11141820157305582
-0.6031680480807914,1.5051664481199443,-6.059191405169955,-0.6374356003582172,2.3243894473868147,3.1132811433397762,0.27872237356951457,-0.9773725143536148,-2.217717742471493,2.3812501303185396,1.9150698131079338,-0.7875992446127893,1.2793815091447271,4.675853527225851,-5.3714127366745785,-2.103782962502632,-1.1150931468445107,0.7050482768165918,-4.729217009413874,4.240315128213451
-4.4184264912603,-0.8841998670766031,-6.643056743905739,2.7810292232125997,1.7553139921072047,-4.065326853748875,1.4743207383426347,-0.43125703349671646,-5.044191450506468,-0.6241862125918596,-0.7292630995892859,2.6934916183402176,1.9948573877716391,1.0817814486083592,-1.423315723897451,-1.2904523707275044,0.549686605381545,-0.6249130343161065,5.628544369033847,-3.5431240187453583
-3.813870668027333,-0.9134408556752331,-6.033563780569228,4.729024467562559,1.2154819209578391,-2.4833562039223076,3.865549207131034,1.116221567555617,-3.0871928292472983,-1.2539076734337413,-6.3637141983354875,0.5840959418479326,6.168321035044375,-4.502363306104016,1.7398680360640206,8.892612873292476,2.7853837151921703,-5.228047282519971,9.350254000558941,-7.125245707761732
-1.3255515566594998,-0.8374255849065735,3.600641018382476,0.11517638955905563,0.3907483441341694,-4.856998863105608,-0.875255043941032,0.17964589037322265,-3.8171241243469165,-0.4511019045489292,-0.47078193065042095,-1.636869939259416,-0.250337448553998,-1.6143956818063019,7.7260371028536285,-2.210651487166466,2.600476482897433,1.0056288096758892,3.31087829049745,-1.3469555997033749
2.6146377227452144,1.3304158491874731,1.7952460586632115,-2.1484661905103577,0.9726487840218024,2.9388382248547544,-1.3095824285742996,0.08792149578533998,1.8104730439678867,1.0706878318131892,2.427367210812519,-1.3577871730062638,-1.0142564467853052,3.5555365857167467,-1.454273031694223,-4.8982464935913885,-1.4167647828905197,2.597877959864561,-2.202600743433314,2.139989877793516
2.6673472940031706,0.5542450896622588,-6.809669270825057,-1.810276288519149,-0.25923224561857094,7.856970815480239,-0.23313423149812718,-2.0939393367865833,0.6081064766220794,3.2807395972932163,0.4774703594840878,-0.2396752752660135,-0.3156231721583841,5.372389018758406,-8.46443201335872,0.9409426784231663,-1.5569574418179986,-2.0983497029737608,-4.3323849417231735,5.261412931347937
-6.878588341318169,-2.9677502411910077,2.8094144519495647,0.15577560301730098,2.5098566609338797,-10.355160607275618,-2.252598404405091,2.1982298091049506,-5.1575922537331635,-4.264517874893413,1.0643200284124168,0.7759830602768634,1.9736596352557814,-0.16061608002192618,5.71069313020672,-8.102393233765815,1.228799782740298,3.1657077294907805,7.332417362100555,-5.443373921062882
-1.3634485500917428,0.6243232056667567,-3.615152579132407,0.4245813494502455,1.3763503683238785,0.21684658719832384,1.2639322122139784,1.6451441731221144,1.3835791791022305,-0.00672383000804011,-0.1319507914011676,-1.252196870728127,-0.3894209636594703,0.561879694004659,-1.4074769534315323,-1.7175816403803026,0.47882149074555624,0.01943216402457637,3.438424991784824,-2.2386185467457893
1.0588641299305799,0.6001635007490731,-1.8942080663161276,2.356526240785868,-0.5824039778366082,1.2564054620570189,0.8276703622908895,-0.37749146865103306,2.648567622626688,2.584960527102551,-1.1319163196545148,0.960271005931709,-0.18399755506015214,-1.4508108444058059,-0.8311901641699008,0.5561184047853525,-7.491152568306347e-05,-1.322563487911764,2.3833922610308207,-1.3058420405593165
4.032333841735507,1.806839829725404,-0.7330973874608185,-0.8026508358122686,-1.80642685731388,8.381830431542422,2.163337324721772,-1.9386820077811475,3.0155870204220867,2.527165613248034,-2.8294446777308004,-1.0347589868965534,1.6695010168093438,0.596989990375373,-2.259480262692184,8.85931178973451,0.04305399930730114,-2.621542658980597,-6.218670664636935,4.243272756437437
1.8509529288220956,-1.8771627401589988,-7.478514085085714,3.3879562862099935,-0.6722696374078767,2.2783403546391994,3.1451818312096265,-2.1385371312534542,-2.884315856995518,1.4449438287393706,-4.976473852082447,4.805583033243208,0.11174332480365456,-2.5427582662107056,-5.965920504535148,13.023605866756537,1.8180763716876855,-7.309148721315546,4.36774227823911,-2.4155250669948978
0.4959570198031422,-0.39281707142208055,3.9858035620535577,-3.1544009292910484,0.36605530217803267,0.37249087262575076,-2.2137000936762483,0.1385636158958245,-0.8595956285802898,-0.8526277402340968,2.6332302068904343,-0.78501254194918,-0.7937295670366464,1.7342282858585818,0.14115088623367023,-5.813486514137348,-0.9068233448215329,2.835371105270302,-2.8385709930634793,2.386659943588083
1.4340768855102417,0.4182388039393584,3.298316238931082,-1.8670019932291881,0.48977615173983596,1.7098585792465038,-0.45377943473045446,-0.22181606634668982,2.9094627472362324,-1.3410008303355803,2.62671146667014,-0.6715187529788862,-2.7328998158250704,4.9087486479505955,-3.8263312733555512,-3.6400698468213637,-1.380885069979242,2.5975220550602542,-4.498416067174704,3.8703181100973345
-1.7439376023316095,-0.5070298690763454,-3.984719724461136,-0.8997404627643191,-1.88309240027286,2.010516830211233,2.4286058269867987,0.535179278171614,-0.9544655697308105,1.816107384216591,-6.371416756245838,-2.7740281268677967,4.801222082715935,-5.3375322948587876,5.061533347387528,10.6264545761602,2.592741219958055,-2.065939572907442,0.01894906095988902,-0.5034610348563022
4.308318700463929,0.4319423011356557,-3.8679420461608434,0.45719887937564985,-1.406729469855166,6.910208859021825,1.9340993107284468,-0.47487081799997866,3.887501652586645,1.332333735867996,0.07813123016071266,1.386126913619052,-0.8630793024071806,0.09472562156486664,-11.015037210301806,3.609936057575274,-2.602078732273837,-3.233320238822265,-1.1697013364489866,1.628829433318568
2.796746417314712,0.05983562923909298,3.1972475012914137,-0.5481122661644909,-0.943115791291475,2.4439871220548293,0.3718680755040144,-0.016477902322520634,-1.2845839883538623,-0.6891862393618718,1.7431566733854629,0.8494908359303158,-5.209551990527374,0.9150710829786031,-3.175420501697172,-3.0960606359213925,0.2868219815355737,1.664698188009155,-3.9988815916035323,2.0913130735396015
-1.7975673170575899,-1.1530483535166665,2.2812040769990323,-1.8111286002363134,-1.4489880834498088,-0.10779567216085839,-1.4025123832136681,0.26476298207702476,2.841254135407503,-0.2866718718982055,1.3104290459636334,-0.9902414882738632,-2.3701951613627985,-0.24430395314962017,1.7488710748722422,-7.381298058333334,0.20997426954924858,2.428953030331911,-0.6125626146333536,1.490210623647878
-3.7913901864436523,-0.7942722173608413,-6.709493937081002,-1.3826050777938002,3.271399199726347,-1.9894836703440224,-1.7804262916864464,-0.966981125498039,-5.534105172628888,3.0169822430594397,3.1949877415096837,-0.22015236533627136,1.4447714014505733,7.289279076897221,-3.1885988522267885,-8.953041561225922,-1.3821270277435183,3.6278005993144973,3.825057491027161,-0.5900993990680001
-3.18589761148434,-1.204315712067435,5.522467267196546,-0.32955830650275164,0.8206847481186007,-7.350972497308246,-0.8022155204543832,0.8099260477440882,-0.5273279017693757,-1.7529095481742658,-1.3396477896669898,-1.3312501237117393,0.7554487907749521,-1.4961566451234347,10.055784905789988,-0.9201433813449369,1.525526605380169,2.8829184987672036,5.737695084225331,-3.3093227287048887
2.831784519752577,-1.2246527124935844,-6.135017542224156,0.21666315665526437,0.5740592701822191,3.4759785593239423,0.3509082111931856,-0.8678486655454744,0.8569357974345512,3.559084021338266,0.7827536707821744,1.1870158588138622,0.5354422400130907,3.0061658242087663,-8.527852467427016,4.8259963315628,-1.4665251451957473,-2.267999264087743,2.782846929793081,-0.26850816158385654
-0.8896940748953213,-0.0431801611451003,5.602454203223934,0.04678265712026798,0.04806554990222375,-3.1339332928561654,0.5518557641685597,-0.10768806575037124,-3.108466310156496,-0.5812307857894091,0.23527400783409924,-0.37564344965914276,-1.3185561223232878,-1.726023050605967,5.264908126428294,-5.660785163232063,2.312772259479689,2.5387293773923347,0.23501465760703155,-0.0902889750589323
-1.5601617862142607,-3.4463941430022045,-6.888483125262268,-0.6019243289692686,1.55264281426641,-3.728383687291402,-1.287020065492413,-0.9580895321107499,-0.6148603900226156,2.0056197145732524,2.273340210156085,3.228350513385706,-2.4784573620579877,3.374861679635221,-4.4861720271798635,-3.299105833260325,-0.280848935043123,-0.6880372695080845,7.5766424486551305,-2.2352789674739704
-0.5507256976385666,-0.6620849101900591,-1.1671351430362955,-2.054248223353903,1.332500512886339,-2.510601883485456,-1.875527897222395,0.10306164565871435,-0.4684238618398623,0.8118295092178474,3.2756942696685787,0.2796536209590674,0.1928273050739806,4.686242678409704,-2.7806221467413597,-4.203042214475246,-1.0806377296699505,1.6011571066509487,0.9417619753268933,0.4274575235366834
-4.181635980522204,-1.7444628985828081,-0.9547519250529435,3.4810971943630555,-0.903356840924701,-7.873384913489343,2.8931118345238938,3.697324373268731,0.5309011763760489,-2.10093520730775,-5.481250328234334,1.4628567439214106,2.0402815043119835,-5.634633889449358,7.370668998268455,2.6801589280944684,2.9963556493151624,-3.0804092957276037,6.87232924019838,-7.697113578770303
-4.176595557621498,-0.5442498395832913,-0.9566264832354252,4.263337606278003,-0.5113039997232943,-4.817185860047395,2.5654405764557415,-0.2733703695789061,-1.8351827461732486,-0.04719503202148856,-8.6441207051555,-0.9523609388943257,3.753088415642036,-6.559720026516194,12.788504045947603,12.205267515077338,5.41970089761424,-4.569179335759284,5.030002725981793,-6.563235054101109
-3.0730334615145254,0.9149488860405102,-0.14678556776879192,0.39572067254673904,-0.3143750093842907,-6.081713416869942,-0.3453599194897366,0.6684644592042979,1.9955856370251772,-0.7481082939979433,0.21673898735473393,-0.4688142301439624,1.1535766048471663,-4.148984437117965,5.321511549516758,-2.1789400585371643,0.5958895854657319,1.0439033220531295,-0.9212538136448029,-2.024419596956524
-1.4545339200852945,-0.30733243695282186,5.315097513172623,-1.7655809033892662,-1.657766097668223,-4.3965762610341415,-1.7399190157925446,1.1920335355568477,2.8998539271343886,-1.0273679844513364,1.706739266192494,-1.1616882260669636,-1.8044409906203924,-2.919353134333445,6.401123936313608,-4.451963902319692,-0.6049678100535424,3.283675873906302,-1.5880679732434244,-1.0647497825007668
4.3905515445401555,0.018423019308491995,8.844840045809377,-0.7597539769210728,-2.615810899207073,-1.3041340213822123,1.228297648181901,2.6624119759707217,1.639248092063621,-2.0396368751377203,-1.4989396452248578,-0.7630013575249391,-2.1879225991745828,-6.96418105181493,5.139570283781108,2.955122425880046,2.9782356014059848,0.17349892899568709,-3.1737617186084472,0.7997874629352709
4.082763339845432,-0.3667248989731756,3.432823082494824,-1.7190993431545796,1.5165169833782122,-0.301853085520122,-1.3521750500632537,-0.6666827918541938,-1.31479413910099,0.8084387485275095,2.7703062632941173,-0.4632316374353349,-1.6280643555119036,4.2564247471619385,-2.502583744827537,-3.722818067212012,-2.0256165129475274,2.8445931949807743,-0.9738314664734348,3.099914646219584
2.1140123324074396,-1.4134467415931082,3.454157778490951,-1.5858809306264483,2.8467364237182267,-0.5625400122660749,-0.502408640010726,1.4974153369919458,-4.328539655751391,-2.0511866946067174,4.551999426594719,0.9578893917090633,-2.439249566084622,5.782276757405187,-7.488421174162124,-7.948970323423734,-2.431648945170325,4.499788062973632,1.4436380565801334,1.0717029499221216
0.3269206161151843,-0.6643586198813183,6.050268158787308,-0.4793410533623905,-1.6351191965195806,-1.724309897365051,-1.6981118583268524,-0.045458775273667866,-0.8440931893802952,-0.8691853264866511,-0.15221753770674828,0.35018482362674164,-1.3500205850478162,-3.973362758666615,5.171485868196548,-3.599762874614983,2.094482944380378,1.7819514280889286,-3.670090241918801,1.4032323595125509
2.130351317407049,-0.26554791391442495,2.7109356512272553,-1.81277160150178,-1.3301814087769424,2.849566324514563,-0.6237370237973462,-0.2231303129433202,1.785181048936049,1.9687049761550617,-0.3356970409018787,-0.8028987015981505,0.4890657017589297,-1.0837824173492066,-0.04244418914222203,4.0557910330224685,1.2020306105043281,0.0838089051235173,-4.125114276585826,4.626763321942448
2.9469333497288535,-0.404683331747981,0.1155976492313362,-0.2828945368092586,-0.5006329043475963,2.574951608589835,-0.8950422569623999,1.6827101996262344,2.9741961625929147,-2.4045744756071152,0.8010115229424059,1.4148098904459827,-0.8252593916700882,-0.043995947370279564,-6.521828527315341,3.556846323278477,-3.167301880529884,-2.1526073337528002,-3.1959330827008796,0.5838875551220946
-0.6645037663783883,-1.4816262680089944,-0.4769654641146621,0.2570490103619686,1.8527662953506507,-3.6433226885886243,0.49522100206544617,2.0198282442108053,-0.5910133308831735,-2.8817906755502136,1.28646166380612,0.404606464144832,0.09910624513042443,4.8511286833446166,-3.532334395143992,-2.9745388768162,-2.2135596595300164,0.9349699429987386,5.007161477806137,-1.5652051141511025
1.6100985147077724,-0.03794229486933505,0.9203903484818764,0.13825532404746727,-1.7616617100408614,3.2122086224999613,0.24907617928739953,-0.2601648702759652,2.3636370969033225,1.6228952960812217,-2.5615006631937467,-0.2008352536918414,-1.0222096483024419,-4.292596808890431,3.6239605813629794,7.33562010123984,1.624402749722465,-1.2272541510879353,-5.103418869160361,1.5840271067488303
-0.33099712487040067,0.6365240271601293,-2.446023482818113,1.817602039741388,-1.2941658091428199,3.0568280247849504,0.682542402056378,-2.653283006070044,2.0326638369101424,2.7592602387877148,-0.9667478407776574,1.5412188274613778,-2.2591361788036775,-1.7852981347742614,-1.525902499306329,2.314593871228574,0.5961594300081055,-1.5973890350997353,-2.2284863398166292,1.653088341265773
2.2957552824491683,0.5045540746584394,8.282834759609347,-2.1048721535040036,0.25941817822898616,0.0024729483314992473,-0.505111853311577,1.2738962463674273,-0.08185113507178149,-2.020683268913705,0.7106441568147729,-1.8125884282666318,0.21796537572798452,-0.36878827584267615,3.1416441439613676,0.5157816795952641,1.7470310231980775,3.3590424723638153,-2.1174282191521545,2.1669724636127476
-0.43460680509130056,0.2253543150941646,1.3989827766247545,-0.06710790536854172,1.0814518238724418,0.604469991281279,-0.46440188890529527,-0.3562172537769743,0.0821640645203332,0.19225444335951358,0.4910103629990974,-1.2178400031606358,0.7061257641165246,-0.5167653632838303,3.9957324571943613,-1.029155140959459,1.715979828292826,0.5951611552722207,-0.5126113172030449,1.0022434888767666
-0.8827562375494586,-0.8452496607317603,-4.009942404226589,2.33793274421535,1.809495009290919,-0.155711500126839,0.6956734769585752,-0.5855893699459841,-4.116090826200233,2.0819488534353634,-0.3869283327575174,1.0380273789228838,-0.12729200721875178,1.0988325435081636,-0.9543032547574224,3.366662786046871,1.4007085858802557,-1.2953025895835586,4.508024168367494,-1.634492015320047
2.455244838625304,1.6076643243490512,0.7638773974993112,-0.42289028050821953,-1.382348200262772,-0.48718395415225046,-0.9938587622283196,0.29097110852390484,1.2570897720911312,-1.1671183478200267,0.37225851227503715,-1.5788341837180755,-1.1701464164512312,0.2910213864742805,-1.4532713708770253,2.1778377303250096,-3.531982366756899,-0.5386002166077777,-4.2860052257111345,0.1525310876337289
2.4095486896789433,1.3078711338226434,-4.574282130473665,0.5925942202217259,-0.5892913863476804,4.32090504995248,1.8063567131934226,0.8106682643940003,1.6485841453594978,0.42008774896741374,-1.4007812844066163,-0.7524390959422197,2.6298861627909833,-0.7558211567285483,-5.13826197650289,7.747089477833937,-1.766190032968424,-3.1905011571978497,-2.261436029017938,-0.8252760651985416
0.9394399837623171,0.4631858672911429,3.278639171869308,-1.69165968541647,-0.9507566527822896,-2.8232451311734192,-0.3547081322927642,0.4825625089940135,0.7542190501395556,-1.5190246680276076,1.2296708590075758,-0.6552983076039551,-2.249338203260597,-2.771188378166728,3.9933535230228867,-1.5291096640709645,0.6647606577157256,2.5989648996824313,-0.2118950343475552,-1.5655489895168193
2.093694831867947,-0.6061560263925367,-1.9818074256422225,-1.366742103453732,-2.2522773649466856,0.7218038670361662,-1.7893230160569344,-1.016268774358239,1.451159469600642,1.4418581341896421,0.17606035669098596,1.2532396086770612,-0.7850272051073617,-1.4725540759103941,1.4169986893011113,3.2966893420603216,-0.09651392186727747,-2.0273747924939496,-1.5524838272783406,0.528007072934972
-1.590854030030516,-1.5252386540581813,-6.264996772815158,4.271910896365703,0.3139869637203686,-2.879423610335747,1.7338244276587949,-0.3835510895579598,-2.0245245791116777,1.5124440279051634,-4.164613126688257,2.5454872666266315,2.073706578643533,-2.2981864530207994,1.0104152687036583,9.21971365370364,1.7019787983857693,-5.5139160279886585,6.81992845548309,-5.17502976054949
1.7747297502833634,1.1907909153469813,-0.18278005983954715,-2.155278125247733,1.6006654076480697,2.3242472575311144,-0.5766183036588155,-0.4820340649910847,0.6521902747568141,0.4070466026473434,1.6583412376992555,-1.6844713129766842,-0.8509716862320559,3.0096867683199715,-2.656575543892023,-2.2669462025085783,-1.2805531767999985,0.36720290698419844,-2.955718477064882,2.7255872127882443
1.364259311887662,0.5397907834404493,7.273344471241404,-1.9197704370596775,-0.059112765366405355,0.366297655842437,-2.0827365130153805,-0.3223914403436909,1.5302996714893466,-0.47488408474148536,3.1426854644815503,-0.8286833423127905,-2.216191366887799,1.2597901808806766,2.615642872929042,-8.703882882593966,-1.1015984457900716,3.7019489579645475,-4.284114258721674,3.0802135332562015
0.27089228948232447,0.16652489267675052,0.9017908319520633,-3.0848259203734325,-0.383728837298575,0.36525974256922744,-3.0456247735326527,-1.1466451723215505,0.712689563243198,2.3566581635136314,3.821018974425921,-1.1874096425301162,-5.219030255984309,2.5113074411191785,0.6049854913154716,-11.136053083207214,0.5316482414641566,2.3488736327216824,-5.239893372982853,4.161080070163546
-1.0374479782967827,1.3888795949725556,1.672985000637706,0.37987511193704737,1.4271330901278094,0.48077915430613477,0.27679832667408627,0.6365298357669662,-2.083232171893659,-1.449270593722419,-1.621893988718024,-2.136539457766414,3.5014391670781153,1.0898930159300062,1.2094763064489042,3.011521756460159,-0.0334058968578129,-0.26227918028804864,0.7957110853986074,-1.0923213042607196
1.415396257266174,1.5420520841663,-2.156903373070661,3.7176116616437556,0.1893350310176936,1.5157856349543921,2.5353480864606794,0.6012462032560085,0.23256341815947845,1.241301695818675,-4.747811279105038,-0.4470220281456092,2.850779140557375,-5.1757077871722394,0.8310767339690142,6.732566554943622,2.295660278714216,-3.8379287209011683,2.6086451464312397,-3.1879840623067266
3.804604513127428,1.2841245476544048,10.270086287228665,-2.0649909567593294,-0.3944308382709005,3.7577302013382905,-1.7248973947321222,0.4202578292379044,1.1705793675039615,-3.2309797382612757,1.560101455847349,-2.115836165381365,1.2340261951047256,-0.18306940813132114,0.16429791337914038,4.372502275850758,-0.018265481654647697,0.8821050218249268,-5.6975689527809195,4.774279738848101
-1.4700367999836956,-0.6855956603291287,-1.7009029438751777,-0.31761985106580765,-0.1597854259456313,-1.861124939497863,-1.5729179085009484,-1.5529679917037742,-0.19982616168321893,0.019686377444044334,2.080156926877617,2.6797903223294885,-0.2831663131196569,-1.0031885600603738,-1.8033516226797837,-5.356648375700209,-0.39094353637958457,1.1114270084422981,-1.5425322796525702,1.5937671026659361
-4.448259560857495,0.3153006687199114,-7.7450417095350295,3.010186342991391,0.3617868651183883,-2.3720780885073687,2.016101880346713,0.13042361444898148,-1.320624545988308,3.0005924953001797,-3.97595799897607,-0.2585688697192328,3.4271535111193154,-2.8365299182865886,4.22146357827206,3.3170271134861373,2.8096036065951693,-4.9996063665191475,6.1331340466839555,-5.522595561900465
2.761770595664195,1.4241444074336407,-4.8914544268137075,-3.5573279431201508,2.3706673674499026,4.676665149373431,-1.8076688194188688,-2.3402167256262163,0.4816520696184359,3.594577449511271,4.8111894194939175,-0.992107648534253,0.3850712147363686,11.651514264438617,-9.296908771189315,-5.050151233340242,-6.175662581566853,1.9296471341720143,-2.059891967517248,3.033985779976001
3.988745942590432,0.7482422269338804,1.4115187184530038,-1.7757692358327617,-0.8022923850211061,1.3352212518488678,-0.728360060176453,-0.09932448022154843,2.3987047425381127,0.35688877166989896,1.9691757551818179,0.20563722019967412,-5.270248665368146,0.6800538081042792,-2.61757537739104,-1.4591180684452985,-1.144569126131787,2.074283596631223,-3.405142015126898,0.9887321107387539
-0.772309386466954,0.7076253221147251,4.6380509818530244,-0.7996035012040639,-1.208516392446522,-0.2838502349017026,0.7866546923868294,-0.21559607979075282,-0.9267490561091914,1.2414508867815952,-3.1671836849218424,-2.6851399919121013,0.03065571133657574,-3.137041880931493,9.935453333949507,0.8491764670588904,4.200696421519152,0.69018058911985,-1.3255811322171862,1.535128718418223
-5.032002422469082,-1.2291857355123066,-5.4665087687950775,1.9673389712048008,0.8223065143038156,-3.8307970458188296,0.5181752984630663,-0.5103425493859236,-2.649796687691975,-0.06652942245605054,-1.8697055239078508,1.2103762485591198,2.969202196087441,1.5058230241075696,1.8817864863769604,-1.9375300240900992,0.4578242533576544,-0.8585875987256157,6.176523817308084,-2.844922571473302
-0.9451234290726549,0.32939976343337224,-2.6293633488587833,0.45003211357544365,1.407089395770467,0.5563302350899793,0.2611083774097548,-2.0927365293867988,-0.8657143412568671,2.2167359939252678,-0.5650094116359812,1.2087138126300696,-0.8588439346940524,0.9852134377195514,-0.2650011707541812,1.3495800315783977,1.611854692425358,0.38288098878052557,2.694740399609892,0.45310242688851327
-0.7806317886863506,-1.3135239803309453,3.205154118465302,-0.17006721499667765,-0.0608620629095789,-2.049812782796468,0.3191835316358355,0.6733961519364298,-1.391562186152864,-1.353598815773276,0.1381739970814656,0.3657486162533906,1.310389484326062,0.09330954994762708,0.9637141159168695,0.4299433453950976,0.5921585074511929,0.8943106243583703,1.7294434996293857,-0.44205471317723044
1.1496704348886562,0.5894245774820235,-1.1431084890500465,-1.4358912400251984,-0.6726555360594277,3.413968216053628,-0.49817986058912156,-0.5535958758733968,1.1362923938468705,-1.1669182230065127,0.32022879367661194,0.49517364283387244,-2.7548053048980075,2.2570777124911094,-4.065951956929562,0.9426949742967703,-1.3589122520346932,-1.4554831085708346,-1.7899259227732505,1.089997648672492
-1.7095748124069021,0.16551749345491462,-5.031135277243448,-0.6049995528212623,0.3892720974707129,1.732965234630682,0.0734319531603867,-1.5840354303773434,-0.18131471154122866,-0.11498579442741907,1.1686053286377962,-0.3234760675592028,2.6200910164346234,5.298124768195541,-1.9794968901002419,-2.996705468297905,-1.780765914706188,1.6050421684228955,0.06278166860031942,1.4492400865981603
-6.931575635652531,-1.6646494139434593,0.7540783929251214,1.0926510495924249,-0.17960412056036096,-6.275677024336503,0.3916386746362892,0.7795801223384731,-2.0599878451590414,-0.1887226385510442,-1.1080854210703033,0.2789023452959103,0.5564749181864098,-1.896734204566791,8.304167320819452,-9.192813384673872,2.535786160207653,2.4010506101006515,3.1864148449583194,-2.971074523528803
-2.4016040341514997,0.5565739700574998,-3.313017291290995,0.7077420528113412,-1.3772775552150671,1.2222747483534975,0.51572597551046,0.4245844256042997,0.2629514462961788,1.5030649436754893,-3.0573006113228205,-0.3876072869462506,1.5601623837496974,-4.0803456597781285,4.125408895263508,3.6134566491705082,0.6611449416109959,-1.817933278623166,-0.8436453873758711,-1.4239913490199043
4.9905921721883,0.23944884536223662,6.159837932559412,-1.4384349366768294,-2.1767304376351824,3.562136322132605,0.5623040382555325,-0.21607653978472788,0.9003773504435852,0.9274367046129539,-0.39206224074496543,-0.2845042053185061,-2.451378730194545,-4.170804584421723,1.2216839956582657,4.207489467691522,2.1315883840118772,-1.2511091458101244,-5.0161653649555635,3.2876531796524815
6.498499801473268,1.337662327564734,4.26138239163847,-3.3156705659049885,0.3271736360074464,4.597640582566523,-1.1945203033760188,-1.5708067042544696,1.5065216781495585,-0.07008922714343968,4.690528457565792,-0.48566969783348946,-2.338056187739139,4.032751565206144,-5.582233104606855,-1.1878435902350504,-2.114885046743548,1.9821838329703265,-6.76794647406553,6.586628683010687
2.2827613001780818,-0.6850367150104172,2.3290271318483775,-3.518791821902192,-0.9458661020360766,0.9831011026743337,-2.838258769707343,-0.3658349606325058,2.247968693745983,1.1615647532328115,3.8131907271395504,0.28641635582097325,-3.1957002292637973,3.2453948015940393,-0.13417448927956688,-6.011014689273442,-1.8533652515091712,2.7526648811792573,-2.68303387309395,2.261683575378628
-0.6619868558967203,-0.9773056086272751,-2.9103746388201355,0.30339832426730073,0.6132599714238484,-2.0329146826077884,0.059372086032743035,0.7484236608685072,-0.22360889177243726,-0.399804108365915,-0.37780368857150753,-0.10821538411816467,-1.3564317868332754,-0.6416036622885302,1.424729257485773,-1.2937312332658775,0.587350010199782,0.31718086309811927,1.4396440856251234,-1.7172876431359752
-0.5015707298363954,-0.1833154485886911,7.1826798816605795,0.32787192154481015,-0.3892824606999468,-2.7537639652611112,0.7683091584488568,0.5227231995668932,-0.34653452307138854,-1.7019821689023484,-0.551717030119468,-0.5251907007548589,1.7819348450781713,-3.487003636717608,5.220131441425347,-1.4651733191353928,2.6376535977124886,2.5982388506559664,-0.4540772669096051,-0.37048325501120566
-2.762702307634488,0.7347905352921642,-0.6266266951035151,-0.3757697859683444,1.1800174196504023,-0.3594402975062757,1.5790908641072487,-2.2829902594537446,-1.354201934483168,0.7982457835387999,-0.46199790502143134,-0.28162798745309725,1.1596118109855935,3.059879453123794,0.3757223937646774,-4.594276711597719,0.7429267261699906,2.6163907563633653,1.6610141613713132,0.08595061435814744
-3.3160850403427156,-0.05787361258179091,-3.892328747447063,1.148195528927626,0.9025178884496824,-1.1476888765996756,0.7888281909229319,0.4667648277078145,-3.6359953661189612,-0.1072514127872698,-2.359786404219405,-0.15828137408090545,4.5762351492063225,-1.926659405216191,1.5894511855949593,0.5421655439106146,1.035124229196688,-2.275257744517294,2.9196872575173693,-3.4699357863321416
-1.9838863403963343,-2.7729754455141546,-2.0129148044662237,1.5338209642758303,0.5176098614454874,-4.7664179918042064,-0.5964460645387089,2.070552085701086,0.0628086160768917,-2.5105521171061387,0.5089569360950795,2.1847779925701234,-0.5600677627643906,2.5479036855064168,-2.280231146557507,-2.9964555007681777,-1.2696454083898625,0.748489646928643,3.826626648197904,-2.9223556710792566
4.812720698244412,0.7940317949041359,4.615577989118836,-0.7527750845829821,-0.6043595888127756,4.057482587464625,-0.7343385760085784,-0.5973964508522359,1.3852691565034188,-0.6019198800620312,2.6215817535681496,-0.09234021824802846,-1.1467770253972183,-0.5934680310206214,-2.3876195837112557,4.154921905875248,-0.10090025746170195,-2.2457130636436045,-5.05099433126551,4.249358245737085
1.175927656269824,-1.6807763300007355,3.029563258707794,-0.0983548112467072,-0.22866102635261068,-3.1173887722288582,-0.4209151882657999,1.1705912711766113,0.1233948214328194,-0.6934747473342,-0.30666588498768665,1.361562333194887,-2.4783850822158278,-3.6580479749086003,2.0700155206105,0.5067690162434073,1.2355019212393703,0.11754953425394654,2.1975977569486176,-2.1318977634613034
1.779680299463555,0.9863815469376105,3.7032548702407286,-1.548783895020366,0.8572123315629738,2.121900944036272,-1.6256323003754254,-1.4131212148624195,-0.6376225550289256,-1.3572764958419445,3.3855810994662248,-0.9820227852087442,-0.6721206028775878,3.3843176038659113,-3.596787128589069,-4.2172146532965,-2.8156875307226876,2.2490052948355763,-3.4773618684191034,3.3121069034355717
-5.677148758387811,-1.9627997413287888,-5.641200972178527,2.6341764379981805,0.38320504986951803,-6.24903655750808,0.22285404332912623,0.3310750045073843,-0.5957176320582471,0.25254387437528014,-1.9464137093884648,0.7387196898081931,3.2111834732605984,-0.17740771914542763,3.305821592615895,1.5682291267474076,0.35691263607477686,-0.41335414183406693,4.48117317530037,-4.440725148994144
0.8550765646957772,0.8548140994816003,-0.9994723852352672,-0.28738822340344655,-1.0608117920093731,3.40816343797953,0.7221845504219288,-0.3173130731949229,0.6853697152057251,1.333605021019068,-2.1182428294069435,-0.46322489577377846,2.186281501343336,-0.12642097809368547,0.07275570095754894,6.557321320953934,0.018118445482690093,-1.8201970619614074,-0.6261200355417949,0.1995866427725051
-3.1514089305524755,-0.46971318001456225,-3.4585747167914764,0.5291542927631622,-1.2985255688035369,-2.306616053433543,-0.6758140555853657,-0.15239044134807725,0.5114311952223247,1.443006495556875,-1.694688244859798,-0.48297193551696027,2.567049199272838,-1.8451801098847194,4.209316934829512,2.7251002401490645,-0.7439610265752622,0.39147916422175255,0.365581412499532,-1.782645061613108
0.6625406322084931,-0.7512414301591499,-1.2803390715521805,-0.12665486713857654,-2.4928065665399908,-0.7035051288820475,-2.354827114284088,0.932706913361913,0.6806893984631952,0.7509247000492865,1.1894800499596345,0.7638425706120214,0.2507865284016191,-2.4053519674545716,0.8383320908932141,2.1814490318825746,-2.0466898261952284,-0.927164331926248,-4.447765920726987,0.660563249886183
2.4537691264918045,-0.11961129237914558,-0.15177449605487792,-0.001131419502709896,-0.13021479563704688,0.9741202567975831,1.0902390992025988,1.1950187154471437,0.4744515839897333,-1.3858434393032406,-0.28488358376270695,1.2887984399278098,-1.2703690675108057,-0.9068710875567921,-3.560370892097808,2.823193172405121,-0.5639365277528136,-3.1194471836334743,-0.1392671569269015,-1.0412259985111576
0.460216745709555,-1.0832227611581244,-3.7105246877978315,0.1976923736201488,-0.939973748693857,-1.6587806619903693,-1.0447109081134185,-0.20770083716300508,0.04970354396551668,-0.49084292027381304,1.0740824599475132,1.9630417864225858,-1.7856181521510368,0.4180338789558743,-2.9178129271111155,-1.9863508394286296,-2.4391435074708863,-0.1390545299551112,1.2770176449526016,-1.7278273797947952
2.1459458636062925,1.0546451566825512,10.584109625063373,-3.777075036078566,1.2141407839618916,0.29993399213269645,-2.7782609619731358,-0.36038736293588036,-2.35908306143559,-3.445798364633242,4.814505163193073,-1.6602955970653874,-3.758293260283052,0.31899730755397027,-0.4514617669237728,-10.055177366206516,-0.10645152301078131,5.663474718472131,-4.240217674132223,3.575405646987935
0.7808987923395678,1.1092132484581672,0.6253255043114803,-2.3062662985279614,-0.4089956396163167,4.6127441461556735,-0.9779512502453067,-0.1218810234636829,2.9898026557916344,1.661443706705486,0.15012496780441853,-1.1525757312310514,-0.8289467138946143,1.7296268701772655,-0.17253885835887806,-0.25830723754964924,-1.0035276747030293,0.43216757691086793,-4.7229636753654525,2.215932211608533
0.5058673537619749,0.9983432084804442,-2.762261119198177,-2.170250878017563,2.6071670136545544,1.7579197670550757,-0.3044807737395953,-0.6101936154042729,1.8234755311173623,-0.1718514125849595,3.0329712186429596,-0.4354442976261456,-2.0650518034440206,3.5597843143506096,-7.313804431586538,-4.065776871439461,-2.084071995077422,0.9431742271785004,-1.180541035848905,1.2868041627245719
-1.0562299464135374,-1.7805658727827263,2.122833007427036,1.960535677619152,1.589566305545648,-5.211178241979514,0.5804575625437107,2.0517912383695776,-4.475680952913168,-3.0931470159968772,0.16608079117292296,0.8667978654716428,0.5793865444344464,0.4592114833301776,1.208743628303205,-2.3347504872364455,-0.5018952213152674,0.9672119106486246,7.1891664182955735,-5.459455887935879
-5.769424876533578,-0.725681927342313,-3.0106859055075135,1.93918927427945,1.6623387217760432,-4.761118057087999,0.7561876060519377,0.8072683294585224,-3.3277883372513903,-1.5037073035081983,-3.505068445150772,0.80750892487203,4.890299153778681,-0.9717830654800499,4.773565529372983,1.9048208226092695,2.34888011193945,-1.6859289091786775,7.035773645854485,-4.528988566441095
0.6696206582923352,-0.11455102482501955,3.912713415543749,0.7780266144803847,-0.16279312865349166,0.39871704126627,1.384270922595801,0.6021063868631352,-0.45379612924907275,-2.1037282201661487,-2.440917215021717,-0.48563417868872005,-0.9600290973519481,-3.2490953398907214,2.3661223791917205,1.823937687602574,1.6856229946651173,-1.9613515114170084,-0.05993568009064007,0.019752424168005378
4.618322806299421,0.08909870676367138,9.268128170620203,-3.73314105340254,-1.602558287544417,-0.5632903118451243,-0.9064621561008794,-0.050961987466551104,0.7479690177597256,0.603488822589648,2.118401132759816,-1.8804756928683042,-2.680404421410546,-3.3720521951220137,4.609935399673705,-4.063267323119847,0.9119349297434741,4.527898203190956,-4.223476478212203,3.2761482980551984
-0.8740017293467782,-0.08403180346231277,-3.099854223685511,0.6942056450224129,1.252795617424403,1.135239406882779,1.6522463500033298,-0.23102568596400935,-0.4994987111950939,-0.2207472368017659,-0.39603789192036265,-0.06688011466448146,1.5509227209147054,2.4589640891756344,-2.4352305565285564,0.47012688757550675,-0.4293795157018917,0.4188346526148398,3.083278132373256,-0.6706868711281635
0.049765286984045365,0.8845651214690043,7.1551921658894155,-2.7576282615875813,0.6858541466369668,1.1298600795213405,0.9197408790991188,-0.17675855824913342,-0.7207108476050058,-1.2161737292725943,0.08951082963518617,-3.2459385928295763,1.2058775643593598,1.4540551688716707,4.258427769409088,-2.8280109652546153,0.6045607719751648,4.616550667193906,-2.9438220938631927,1.891684924068227
-3.6590961972599683,-0.21707538455210273,-0.89116742262271,-0.25451888531204747,0.1477758754922214,-1.3484936591899142,1.3021963668134975,0.5857589412105932,0.7698011790384471,-0.3187479441885329,-1.123308785882057,-0.8887865147368483,1.577986253509684,-0.16654564773074176,2.632185842051426,-5.3878278919943305,0.10035594487726085,2.4515212366025096,2.015984092414814,-1.7478379945589488
0.333312260353522,0.5135690458969208,-0.32945051225622113,-0.4103871714540815,-0.08837579046050288,2.234121248610373,0.44742759425139683,-0.1568924606386206,-0.8644175543454345,1.3900849568897804,-0.7519331966571923,-1.0487903364107733,0.3894773615713899,0.4488217371821761,0.7361524978179157,2.1548793686933716,0.49617800896514774,-0.2218535925010035,0.061020098018914615,-0.23491338520193916
0.14531547118591093,0.4971931938535258,-0.4179838036163095,-0.287757470356633,-0.6572002635540026,3.0167083527938647,-0.1548753393038032,-0.654486407227687,0.44440102076871796,1.4954733460834406,-0.2203056601261909,-1.3802732732023082,1.6757207836800838,1.7444216345767747,-0.43083702963427806,4.076249139436356,-0.31984182126465854,-2.2535601723011864,-1.298198515928998,1.1515002416479951
5.2225854210278,-0.96654494574457,4.01334694500659,0.3302287324126154,-0.6143074356807234,1.5465106975798057,-0.8827758611632509,0.6285841079011993,1.966955103375323,-0.6662947787061617,0.8386892227833425,1.0100678662143758,-1.2212145586496344,-0.5185244638865392,-4.630698254033958,6.10288635319752,-0.8528432783235609,-2.658549381314713,-0.4909704299358244,0.6244405941604816
-4.318828609462998,-1.455568561170985,-0.05287688623646899,2.5007005483640574,0.37626848330940066,-6.575078601544133,1.7164106546066442,2.427159919466513,-2.6017437483791004,-1.3972538620801502,-4.054638289102743,0.44812012852038074,1.6483408888363078,-2.7113903792439555,8.097577514370784,3.7367652722899836,3.187469383191738,-0.8049771721981692,6.514327623702592,-6.734610632225575
0.6864877995096251,-0.06067237560311978,-2.07474861690901,-0.7166621672010559,-0.5711359392915232,2.9753648167055733,1.043831857772712,1.5140233283954905,-0.03188559130573212,1.8348096093577906,-3.9018674236586706,-1.4149019007174264,1.420471498005719,-3.5978117525024738,2.9476525403186504,6.822122421486691,2.5794676834388923,-3.232927074794893,2.316927038335698,-2.1937152327890006
-0.6148155922046177,0.4492195593692995,1.6233930657212647,-0.9650427776498854,-0.7782356109448353,-0.983477651621186,0.985098989736422,0.8435627928534885,0.5162995969765981,-0.47423046433486127,-2.9136636978015655,-0.9250665168149227,1.171126299427729,-4.8972137758349135,7.14568631133686,3.1759246388938966,2.3418748349515313,-1.587726010942208,-2.667594482794014,0.8084998796833107
5.073823792001628,-0.2338191529247836,-0.9800221580765502,-0.9427944611974133,0.5455558494391205,6.7016960530293,0.5723204479307387,-0.06296437107697352,2.4472144473395234,0.876719261225757,1.394217900569977,-0.0036310613335497066,-0.49440681433624617,3.407750213540119,-9.002881599109623,4.29308680495814,-2.020836385339824,-0.28067754476213225,-3.8402109857768476,4.202736036981442
-2.5048023826326244,-1.6243633636640824,-2.6225707380940197,2.0258964157300037,0.7605515627758547,-2.302888919069644,1.1879948361477557,-0.05014976465819228,-0.8759459134484087,-0.5591312283214552,-0.6101387788030386,2.5578731706643203,3.1604479779589885,0.5797850159162278,-2.6558558886241026,1.786325350494827,-0.444112714673761,-1.822278550633282,5.145045843430259,-3.3871222645874264
2.9856751349571704,0.016902081915275757,2.9000249232182433,0.9649277073848108,0.5510092893360566,-3.743704765171433,-2.3118642893214063,0.9140331230373651,-0.8646900810369004,-1.2627149909001452,-1.7003154566146814,0.575163152921228,1.9703662532563473,-3.7404725172143123,4.538427665537203,4.044821004415268,0.49205039815891866,-1.035061271648003,2.6688684091860493,-4.288814532823918
3.149620244373776,-0.20547429035887813,-1.3278015198479518,0.07025402998966135,-0.19745495448729042,4.0536054678604865,0.5594195292255709,1.1243141479906142,3.264167327976227,0.014494486776942095,-1.535642749718365,0.34196049030236797,0.7458368827093002,2.2476103568266197,-5.33785089319074,8.979909201397952,-0.7471895976585328,-3.23799271960029,-0.9869956856050319,0.24722016964647464
1.0408105568953605,-0.0104593285847209,-0.2905902582849862,-1.9561346191879403,2.3218760614824263,3.232249471741741,0.6483527402973464,-0.32363065768240384,-2.821227159788682,0.47860897585123086,2.2029142588198556,-0.018791617829257118,0.9977103328861477,5.6314491224728025,-8.426049864226574,-2.115164611850475,-1.37174750505886,0.8791792179631079,0.4154847455138816,2.05259688656119
0.4337940094873348,0.1365567684888912,-3.410328556811733,0.3648337208405963,-0.943545113485937,1.1948426996984922,-1.0823916609137796,-2.163046273899379,0.3771957971800083,2.466358406841348,0.06362105424955777,1.5414498810207666,-0.3685014728866399,0.03971240243218678,-1.7328378514645837,1.0165447240534884,-0.6669632922851103,-1.2981677021886422,1.235295104730165,-0.3395258560312231
-4.471365737306341,-0.6426215177564818,-5.5418718072640205,1.0815825262136354,0.43737728035257095,-3.980278901777495,-0.7342116918453417,0.44638125912245685,-2.5634412695787407,1.1410251785108123,-0.8951869830392171,-0.049602625197214034,1.9102412835929978,3.0720621021124304,2.641447837272806,-3.836352078116259,-2.5532266130758794,1.3456237913114748,5.520374251635376,-4.936468359215025
2.1089439481650905,-0.27419481964498915,-0.4351121666317992,-1.1836547755481774,0.2178255421129619,-0.21630366818088675,-1.7336973378576697,-1.4223572966649831,-0.5467783949614585,2.5041182560068664,3.564978120693338,0.0020204603603782845,-2.5894098859348533,4.516570863766862,-2.158879219632526,-5.8450564822718984,-0.33652059969553827,1.7496227303403291,-0.8685848480791422,2.567657675262812
-0.8044737007834561,-1.684727262858084,2.6221805166146432,2.430565286813895,-1.8502828202963064,-2.0376022703573935,0.28485114575500187,1.1123485438668153,0.17827257524525641,-1.8136603684490185,-4.626063435135359,0.8307566914283997,3.2041464546577285,-5.786163127463557,8.208061451194435,8.084221507702548,2.1274597675152758,-2.5212047391167283,2.1492409804406343,-3.380795640889888
5.582296723085244,1.4708659845716698,-1.4731191316898555,-0.880969342188365,0.29925814174421866,7.431613954138677,1.5446745276076053,-1.9087757000646617,1.498763972817617,6.123229775204918,1.0322271517625712,-0.533544115222271,-1.6340944605641092,3.561626382564603,-5.793957527631102,0.4735773613612375,0.8297623162257521,-0.37914005713692844,-5.206189458497165,5.619662815935124
0.997184248173308,0.32985631204432025,5.043800167730286,0.5881180325112092,-0.6021744643297247,-5.202695993840447,-1.3742201382085109,1.2461000273649832,-1.152217103041969,-1.6150827292610548,0.468847309071176,0.0471037641108506,-2.043396578128953,-2.291190236631179,7.291113998623097,-1.8566335889628356,0.7195430923261791,1.1767832025558094,1.6671274746910025,-1.0415785116505036
1.4011501758307616,1.3990476374092036,1.3295860139464826,-1.6372829377381892,2.059949395331882,3.8581983240105275,-1.621940697669814,-0.6435955877255166,0.12535194807788957,1.540297193505383,5.527784988288216,-1.209316526662555,-1.1214605933859032,5.670511930079005,-6.759071193785823,-8.414725583291686,-1.517477402602074,4.275868199414847,-4.155958613112272,5.456737089064644
3.726035847433878,-0.39157462250033404,3.860117008949956,-2.930873451180998,0.5537918008410381,2.229394447683632,-2.0700951218531296,-0.40849553035694874,0.6137256058002958,2.5482661654611487,2.4923159526594962,-0.6194018869034033,-0.32943233664135607,3.7214079340004584,-1.4451511733497415,-0.9824139620897476,-0.8115323326276639,3.7297367874007694,-2.3688183907941314,2.9747675190758476
-2.030875406043655,0.031599894644789725,-3.00425004808203,0.20856062608562254,-1.2975265619566554,-0.5021946033333156,-0.28744325186525926,-0.39288483962623716,0.508538581505375,1.391237874383833,-1.9555727262012175,-1.012122075146818,1.1719392420860446,-0.4458499309119174,3.9689803276463143,-0.2095591863209898,-0.45014929720779784,-0.736217603510159,1.5530986755247174,-0.5892620171176703
-2.026426722851775,0.03436007798418955,1.2946719452849413,0.09574598607057228,0.09320518714816892,-1.8970954069444608,-2.0041090411702793,0.9014719827284374,-0.8212777782862086,-1.2498415991942076,2.4294628286797897,-1.4366004002805268,-1.733193789856439,1.909339080324386,2.351465494509104,-6.308555274180614,-0.6119251483875525,1.305141950540643,-1.2559160389337054,-0.6920621622011076
0.9230165517247484,-0.49079629304896777,0.6992181551021499,0.7788749261531911,-0.6243865089379874,0.22479634121966818,0.4287454542717641,0.2735827890766539,-1.1182566352794157,0.8581261442470666,-2.1018225999327256,-0.6282543958873463,1.3605375946004263,-1.3464997130926513,2.901930589569541,5.035370990523814,2.3800918314426345,-1.5266743360790416,-0.9451335415715161,-0.7133691849175581
-5.252791512199946,-1.5838464065037807,1.757104626682601,1.2786786271080857,-0.6844674040658054,-7.896993923041731,-0.8168357268397881,1.0450071235836702,-1.0729623882668433,0.24406347712326004,-0.605478861704556,0.9265241197993361,-1.5145444410630806,-4.317772946438358,10.316848751542349,-5.572677179710072,3.234076174986585,2.162785214695971,3.1022170372276907,-2.8296508214351954
0.6950139006507168,-1.0104503769364237,-9.203778820996058,2.007700787237769,2.321999150480258,0.29976246672847384,1.6317315217607975,-0.8909400823322472,-1.6062913954830862,3.08191460309545,-0.3930916740439479,2.373599923381476,1.4637497232819394,4.999655231512255,-7.339820319387311,4.226504700749833,-2.1878114648866136,-2.0304384403104123,6.268339570726705,-3.304431041284547
1.167307870778343,-0.11475577794060338,-1.3596920588986925,-0.009483726775529222,-1.7132799019846585,1.4676511757623447,-0.05369081128469155,-1.1575165432890266,1.3987209683366877,1.4709159952871207,-0.4907464197265566,1.5158833972212364,-0.3594502557987903,-0.4607693755019098,-0.7412494247489585,0.6806875775047501,-0.010266114784117486,-1.0178921770176408,-2.107543053907352,1.5889962547253673
-4.645504608358492,0.9208030682523981,-5.53514336276666,1.1887627722700111,0.6205001909097742,-1.925050623919777,0.6618188894017072,-0.8214791149156996,-2.440549035312645,1.3578242644741225,-3.9501913797673187,-0.5451511214857072,5.4187401420636565,-0.34941707898050206,5.031087460597007,2.5280428340645624,-0.38328629998526487,-1.265926773236047,2.697150500016097,-4.020227669490499
1.791773606089788,-0.6644810850070768,6.0561327693348845,2.1549312055869927,-1.601061817952694,-4.374882892008063,1.1430725642552404,0.057788664895322146,-2.9114407067240924,-0.3476736556197298,-1.2017085606581828,1.705669468624745,-0.5493414686818038,-8.368420009522822,8.161246083966722,1.6624770108526559,2.4062917706522295,0.48803468268019734,-0.2451757972737255,-0.7468779021572024
5.469308688172962,0.5549907217505967,5.702716984526985,-1.1276321365703719,-2.0319078089828535,4.749748697556698,1.1695343875102333,0.7482211156778313,2.24299234953262,0.506928052410554,-1.2089261011483505,0.02406168772838191,0.1071786683142123,-5.000931700907188,0.9286836479536031,4.76751869255919,2.444909691045613,-0.15050390457301566,-6.583066628080837,3.470780658212263
2.3625601349498537,0.6912007488263447,-0.2885684093306752,0.6266177574576559,0.959609165988055,2.531910344452968,2.142439413214898,1.0039250264558426,-0.02962185270971645,-0.10181124837067435,-0.60738937748608,-0.019479166143731352,0.5627393216869403,1.6307143308462244,-2.3893265073134504,4.76596325486108,-0.0771951223839972,-0.5909108391645802,-1.5929203725465926,1.0640042069715812
-2.7364422230965983,-0.7249420544649594,-4.150659041277361,3.1305468316101424,-0.9510604028509982,-1.9063093306013348,2.4541842553011333,-0.28978313854502197,-1.0648804818610949,0.30567472101388055,-5.402199186713085,3.2402396057234286,0.5512253663622393,-8.225777184403938,1.7745150331063624,5.34222538225426,3.1839728361188278,-4.387412941625152,3.0425008823901427,-3.776681696358232
-4.815946621921789,-1.3285417545433886,-2.4196886377072238,0.15438785228511476,1.0140901459332465,-6.98819487155175,-1.6897753127103323,2.1537402746978977,-1.5729974096795278,-1.4758991220334072,1.430622114218707,-0.7011130661655611,0.1163403130251926,-0.5442990717971476,1.34861739757179,-5.994816912265046,-0.3597558897590164,0.6817216113455484,8.052473891004185,-5.243971059473191
1.1425300268004563,2.5990679211035315,1.4298104602718198,-1.4140289380785258,0.580534391199956,4.3262377232834295,-0.5528892550611695,-2.6966153413466336,1.6550674150165614,3.4006023676732267,1.6912721740400551,-2.4176406412685814,-1.1732467096179695,-0.45333535840431827,2.84554773017772,-1.4067373867938653,0.3421316779660796,2.428959990835363,-8.743663986861664,4.798437153845465
2.5692355038550994,2.519071729455026,-0.6394541717052864,-0.7596060709115404,0.4253953602540965,4.575018668036844,0.9196978549783134,-1.6560570518766877,1.2131740442223904,1.0857209641094328,-0.055823681083721044,-1.01576084311669,-1.50272586268121,1.6764060009113742,-2.9087367277858,2.4948233421257413,-0.9411207214649604,-0.21349350868997552,-6.010592766927978,2.689546229981871
-1.6578574751143627,-1.033828228463835,-0.9688825410493211,3.5632159872585683,-2.1132938502156082,-3.0492257865786945,1.8086617290297673,1.2304330141169866,-1.4971768375204824,-3.240858880592367,-5.562222996928911,1.651305920679076,3.398314216072073,-7.222099247387249,4.621447284898966,8.497657123229597,1.445879595682198,-3.9826891652705645,1.925535502761875,-4.814288486723431
-0.4675240370363216,-1.0103083450298675,5.236191830623289,0.9409147709378681,0.6780844672194156,-2.0592851138122663,0.6839242662427651,1.7063084920517435,-2.3701817195378165,-3.702949419093117,-0.5212048726596895,0.9836280632515862,-0.6051245556281197,-1.6506372246423546,0.559135289397538,-2.4320204720781313,1.415606185818514,0.5029270441581075,0.4198419615958833,-1.6166458397785672
-6.288028504671683,-0.6133895280888042,-7.420155888559877,4.936706537441236,-0.6054671235099636,-4.976612659071112,1.852110814865807,0.5933223535712755,-1.8170835046394673,0.7781205921550572,-3.025627196320053,-0.3694953419375534,2.1977679964937455,-0.9983885677841948,7.1715795782790455,-1.129307694255227,0.045321025469259535,-0.5413203769733376,4.516567674708458,-4.655122328820525
0.684776803854301,2.310161478126122,5.127762144680457,-0.1482993785821205,0.1800465130866731,0.7941334230952151,0.7900436452232229,-0.6325453365354277,-1.1807935876239744,-0.7716441332685817,-2.5818909052866283,-2.6704648891661313,1.5904519828480834,-3.1681304165206123,7.215801201206258,3.255880043421569,2.470693191255973,-0.8997717776880577,-2.4737875269386844,-0.07899086910899615
1.6618028194217533,1.5807553701966701,2.149034842932501,-1.1543125081585455,0.08202292660610068,2.9304718056848142,-0.1232900084666087,0.21348108367568253,1.7818498232609365,1.602906128116256,0.5699197331414212,-1.8326429471855201,0.5571494231681362,-1.434206405481186,1.053803995140362,-0.01135111983567405,1.2306740647679972,1.1529907523202365,-4.162246330332479,2.1711817815406267
3.103601772193414,1.2213230976062939,-4.4585001744361605,-0.9499108454392957,0.3056988695493467,7.026931659900767,-0.007788274138817053,-1.199677952686734,1.6851913478348708,3.231814891557259,1.242071040844418,-1.252977324678732,-0.857214596702057,5.354163561132391,-7.862414753452621,2.7818199687377,-1.9717571537921141,-0.9936286100952466,-4.0908787428544375,4.087624529636988
-5.056675855657744,-1.172897004455277,-4.298413643982455,1.409098371880145,0.9454519284227988,-4.271605701093287,-0.8755297052247821,-0.798963459542714,-0.380081662647068,0.07229838605927263,1.099554783098033,0.13646454010586728,1.7473412375120616,2.0319234914835174,1.6080817085498893,-5.49359002583109,-0.44680320719388444,1.688349525222097,4.005775908625269,-2.033386626976953
0.8951395076203128,1.0777763904505169,2.263875225491041,-1.5365408060844523,0.20622407464993195,-1.5058099307292179,-1.7047726024052687,0.9898518396927323,2.4273500889364747,-0.2641011144524632,2.166573223812207,-0.8576467381047893,-1.0579754221658444,2.04462969056941,2.0042707119237853,-2.364321099576845,-1.1978575920442143,1.2888443078896985,-2.5260531308131804,-0.045107296977439315
