X1,X2,X3,X4,X5,X6,X7,X8,X9,X10,X11,X12,X13,X14,X15,X16,X17,X18,X19,X20
2.1821499662773736,0.2019275475362492,-0.21304469737961537,0.5982178422296818,-0.17805398948205942,1.798513331824493,-0.18308618616113306,0.9582135337193709,-0.16783535964665355,-0.7909480837622385,0.922751092510102,0.3891926180123713,-0.1565120633807685,0.7710583619843713,-0.2549462561569233,0.8432947022960411,1.9754506776872405,-0.8296936207838178,-0.9257556294079443,-2.3091439987854843
1.1649645735365537,-0.427938899644227,0.5146235581948561,0.06378799282093316,0.9016352793311283,-0.5288125788652591,0.12956786860440148,-1.5166157122267818,-1.1944170611160465,0.34213778760471075,-0.8907493745150706,1.8695734677765514,-0.13247274520850214,0.9956647469599937,2.0266412108315666,-0.7587439212609495,-0.31727105315778337,-0.6759037704143365,-0.5198829080181324,0.26896042407975257
-1.8051215338810622,-2.195118185020385,0.10943757616908516,0.9319906559871527,1.537551912373227,-0.6378578807325409,-1.3330663256914965,-0.184182947741188,-0.5126490280847461,-0.6653243299188125,-1.4020005288083595,0.9959080436285327,2.043641038115199,-1.146097366213446,-0.3284014262914378,0.7091121470353288,-2.019820184815103,2.729792549781283,1.1643182748066467,-1.267734448465575
0.07448714677205537,0.34258634900837753,1.0144006340048684,-0.35598956989515756,1.0147705732907657,1.3283689335336832,-0.5249568590397491,0.5983562461431514,0.6840359695219338,0.39705570152056957,0.41613958331144446,0.414960581288788,-0.21621803625506306,-0.33274060191458477,0.9513776089856586,-0.31146971222705117,-0.15544264198907196,-1.557979642838215,-1.722209708603753,0.21698944632511413
2.576299467194009,-0.16036179770649478,1.3570556190685874,-1.1901042756511446,-1.4207212092551618,0.6127181758035218,1.2233533440217983,-1.216600211766783,1.839588070649567,0.4829569764716469,-0.8155477454762923,0.02179797818805776,-0.8893745115876803,-1.257813350486243,-0.49655135496258707,-1.889918891317075,1.5623647485130838,-1.6618819069874058,-0.5503280666569473,1.0280756792979542
-0.1626717324428376,1.2938873502332024,0.9777893174743346,0.8886242522621784,-0.02078053973565102,0.12198899976265218,-0.18421487138280762,1.0355151428649019,0.7500379806555652,-1.725010608509313,-1.1806343043203924,0.2716729647323037,-0.5898953118863194,0.47430557368262966,0.6866410392358981,1.8315498316541134,0.5436331631295807,2.4674402323597855,-2.005460718450032,-0.051225408627679644
-1.6986575832980044,-0.9247858046454668,-0.5493204159705557,-2.0688346184779833,-0.5815451066063079,-1.0060656261738554,-0.5027548896505063,1.9709276208392021,-0.2017595322778953,0.5793745691372538,0.6073155964528039,-0.516401212395827,1.1499086513465104,-0.6549205645121762,-0.6927724263566103,2.456200720434111,-0.16123665674452745,1.5852833739260734,1.7890774148628592,-1.279899453014802
0.3834543828510991,0.5698475487504865,-0.6171456990647799,1.3733043441462998,0.8444111409923508,-0.946215513031231,0.40494738105382305,0.24328419131489948,0.38788172585170616,-0.8696105810049354,1.723099439754471,-0.03332746478273293,-1.1836322598481874,-0.1725895722250166,-1.6640632204498678,1.3862338200868167,2.02423342358577,0.49071277802661406,1.0817007088425608,-1.2509275386521437
1.6990673610071045,-2.0501199809148636,-0.8824435278973349,0.8934726312215046,-0.20481529658435627,-0.029162794617693173,0.7085201887773261,0.14691498070802772,-1.0222849560520966,0.3664521655677054,0.16433923130210418,2.5907925567323655,0.8227599131027992,0.4297838045489625,1.2364711616390096,-2.023868585359812,-0.8442689994808638,-2.292445067919914,0.8954192647577256,-0.8559387159546856
-1.7663433438131815,-1.5669938270003982,0.15382269577760713,-1.2518015441611081,0.35688453734463865,-1.161035712852806,-0.6550991379375707,-0.6993688342516664,-0.7261473673184677,0.8618009432293204,-0.3725007908397605,0.6044066297517853,0.8377496282204705,-1.0812834468696477,0.653761906548012,-1.3542127659438026,-1.2797815150828555,0.05066587768794277,0.9821816403815136,0.45658795688605086
-0.206832758101546,1.3296627694087177,0.3304501815206331,-1.5735480071581487,-0.9391278903702708,-2.7224578721848696,-2.478329343966689,-0.2558344050553638,-0.2979025942329322,-0.8511497577097231,0.21028548399382724,-0.026553630212210248,0.5784775844311244,-1.5700555421963138,-0.4700856894992223,0.3193178518938717,-1.3764380809024064,1.1982701584190452,2.4840730694121556,-0.6940230541168582
0.6837176009773065,0.4072471955431991,0.9079317256821042,1.6891704074092673,1.5886685421147981,0.4959461927674105,-0.010933130781708465,-1.922974086170077,0.5458318652458705,0.26201631757616434,0.1226302029051324,-0.013482710687661738,0.690806396015205,0.8578211853312429,-0.600252428917833,0.34775795655472935,1.7736441840279906,0.7127867257660297,-1.253503603601572,-0.9319112715878851
-1.3767753720428277,-1.431604358613547,-1.237913359472225,1.0364723201403192,0.09497922544657617,-0.4245370883450122,1.381223510269811,0.6346485044936007,0.6229956101380107,-0.515779984781538,-0.6667494132736855,-1.5595995957739666,0.8023508704656331,-0.40246875424274675,-0.14927344695088646,0.25614985141514196,0.006566261040218786,0.9322358894643707,0.9139717106796261,0.7457113138119709
0.9033900971796023,-0.8755635449413619,0.20306999619767288,-1.4211874110564324,-0.8941965395340035,0.060876284710083696,1.9072477051195371,1.8781946302138526,0.8228993086679737,-1.3416664802261633,-0.5461239379856571,-0.4872335673352056,-0.9596540019801766,-1.7207608397300231,-0.6701136105120874,0.9743866289859755,-0.37790446013367973,0.7847521786964059,1.3571946017277434,0.4350403743100078
0.1602337825977046,1.6740879511822357,0.09631790212333065,-2.200853526569761,1.263077652653768,-0.0026042960047686445,-1.936631670395242,1.140398530292216,1.104603803645334,-1.903707026000193,1.0352291674272447,-0.6192383476395203,-0.6099054927161291,-1.0785132830692419,-1.3951074735454614,1.9596543953617402,-0.0031018401725169177,1.4748238677951917,0.6463212312783714,0.8611320337401246
-1.1872226876565735,-0.0954035099647496,-1.1372937781355557,1.0055371979970142,0.6386360118158373,-1.184975149924287,1.0871244622201743,-0.13829666136527555,0.00045331497294403514,0.182132530347705,0.19863179428538377,0.11255989298941163,0.5656649552770872,0.8728465129033646,1.155519134434206,-0.28538492208638205,0.5392651936867007,0.44193276065818776,0.01148661766960172,1.0839706135934124
0.028356451684248097,0.5150838573596249,-0.30353623606824665,0.8950531419900974,-0.2692925796263648,-0.48841344753075,0.3947109768326149,0.9565890478467934,-1.169176569497754,-1.1987361701926114,-2.0239633501712384,0.9794991615225837,-0.16858077476692115,0.7908240587838727,2.1059311813631942,0.6515969792737945,-0.9424533411374577,0.6354705843926735,0.23925622857017725,-0.7161132243518062
-1.8371096023661289,0.46913348841822167,0.8430041336184775,0.9703599303390905,-0.3410952656666113,0.3568341260725137,-0.3512917373553374,0.49531023881826564,-0.14278580972598143,-0.9018853898670641,-0.1346338182742921,-1.7575016639046874,0.7764763414462736,-1.4728268547711167,0.493805199759077,-1.027706641583188,-1.1049552390212856,0.08341626289399706,1.0933114902425436,0.7527515402754463
0.5435670200215302,1.1412627466912935,1.7162870287357663,1.000615807318953,-0.24490078854119557,1.0179035573917314,0.5196308238257249,0.6086409547766384,-1.1640914244848974,1.8836717612376648,-0.7367357510484288,0.8299934407669373,-0.4816284408165352,0.031106086679839655,0.8370863563253915,-0.19068586310842264,-0.19305086285456832,-2.199461760094389,-1.0641611622382987,0.5733233562065325
2.089708093373151,-0.2177914790802997,1.9807506437430626,1.0389189951764515,1.2562214956395819,0.5686595326559082,-0.9373561510911951,-1.1468874113556273,-0.7084302515728544,-0.38368495958623805,0.44271506196320526,-0.5968598637943645,2.3088691442401954,-1.0601700977492328,-0.036833746002665126,-0.9525809797592846,0.05079719874185158,1.139052136693315,0.4864459780392645,-0.9680820731347755
1.415331511750757,0.5253475201137553,-1.989189071238812,0.6923828408148509,1.3085388652074488,0.5207826713962076,-0.07964420655423216,1.058387848144917,2.687007874701509,1.7855512536779294,-1.2180862564999806,-0.11438592366207738,0.8595752954744279,-0.42075232395256335,-0.5429528452598797,0.7567217370714041,-1.0724054203454516,0.30090070574935984,0.3472796624827428,-0.7428440310089737
-0.6690993335227022,-1.2381187684770976,-0.5558415360994202,0.9714136485558085,-1.7446908592205763,0.4482122145564011,-0.7337753922335591,1.2735163223420023,1.6910610547187832,-2.033598094634181,-0.14118828831713226,0.2241667557602284,0.6526501756842117,-0.4902559791720494,-0.7764715005183261,0.8717781295700004,0.08600307954219813,1.4772344491456315,0.6198128582446438,-0.994437761793848
1.5524086067850853,-1.5678729651251722,1.3917619724022878,1.1930233000255912,0.46801319738254044,0.5594276695416854,0.6273609793500214,-0.24955236589889646,-0.8544057182386895,0.754156271058221,0.6543149264194292,-0.5935580342188614,-0.04960914384285801,-1.5732595424356544,-0.6355567239457955,-1.1331990349576335,0.9130016042291751,-2.2940305198993505,-0.3143216469854936,1.232119804168775
-0.2711642711280661,-0.6271265932265786,-0.2229561618501169,-1.2064406181274774,-0.3815896538459189,-0.18394631867949024,-0.1483119089795883,-2.0250242877173767,-0.8285958602559662,0.8801686222351982,0.02390414194328297,0.32900570581866584,0.4190930093276894,1.3769910452200138,0.2112178522214506,-0.0825007999621905,0.3287118199196111,1.2144007075570624,-0.8205539448058912,0.1036194063141584
0.44854328822959083,0.8775853641786758,-0.7260961424531454,-1.4974145183129606,-0.0704003186835095,0.1663791831599974,-1.6627666541212385,-1.0794263662881087,-0.49844342417697346,1.484219707181408,-0.007988881453503125,-1.3038710272680276,0.23994738582446995,0.7525397485467537,0.5236617082401284,-0.6312640801659225,1.1799295019065585,-1.2968279986322944,-0.31616074838741803,0.6280801387776954
-0.17577186157987068,-0.35859096464208556,0.2696890587124545,-1.140988469446957,-0.32858483088845547,-1.0767762075879879,-0.5834655501812787,0.35461129389079554,-0.20165794675305046,-0.2374274392899171,0.7633253464512568,-1.6308558685928911,-1.0851483339293868,-1.8311319922348896,-0.8739046039126528,0.12665779564649485,-1.0542872998039028,-0.32466357626441467,0.4843587002830953,1.2957288114425853
-0.31972703110079465,0.421324444531548,-1.1974187598099937,0.19279265279479105,0.591847327722765,-2.452399319176015,-0.967066313837027,-0.5774867085984074,-1.42158708162853,1.0533078917834227,1.589211255234682,-0.4842175801088143,-0.9586289148151357,-1.0102380843924992,-0.9032789495945496,0.5255718957115697,-0.29053717945455515,-0.8109547877308799,2.066959791744456,0.0858046622292272
-0.9672943434270128,0.460906623367013,-0.2986056179537444,-0.08219862460578113,1.125493691185896,-0.16672259388466643,0.21952367250452134,-0.5333353342688464,0.6318960916424965,-1.1959115053742173,0.18489802968434085,0.18042173002884523,-0.6248317903007983,-0.05631310260311224,-2.5727143694403036,1.597967573634948,-0.49266059594811,1.0352661679092943,0.22744486835097377,-0.4970760271759156
1.2395915123577048,-0.10122480459157888,-0.35647762479822004,0.33116513272872744,0.6837792303137733,0.26965262403826,0.12202098552011423,-0.25065928669794607,1.0161677894292,-1.1719053392672365,-0.022689786044857017,-0.20743919450366052,-0.7710333132704482,0.8612282231759832,0.006295292657597478,-0.3057543174976969,-0.4113551002267596,-0.5179722732733839,-1.3701625585772184,0.43029405008873917
-2.487625293749001,1.0734375538482899,-1.136905221562926,-1.4797724623925348,-0.885745008519536,-0.20353387963780512,-0.01365888377504488,-0.33334024795946815,0.6552791405225192,2.422278588391996,1.2264185051229402,-1.1059783314309843,-1.3069213163049165,-0.39027855862952415,-1.835861412122921,-0.7866394968962501,0.5636066963801143,-0.20200653274192198,0.0012949464065023794,0.20000997438611579
-0.9393600727808951,0.8241652118674411,0.8496278946685882,-1.4543030879650862,0.31480760929464774,-0.3979365221572654,0.32881250688522734,-0.7501428685844052,-0.8292167280761205,2.3208616756635196,0.26845055384832256,1.6696428486179369,0.3926932093564571,-0.7396426509918871,0.029040623792674625,-1.3814119734680033,-1.208086459674685,-1.1870201323397724,0.45736603531034586,-1.5029045970319583
-0.2482808692891973,1.7201665069248688,0.278828605589436,0.6432437200039811,-0.33511488504510495,-0.5900169422237667,-0.7515041505298637,1.2226992375188297,0.9087520595304109,0.2826802557946456,1.8121859364186574,0.5841991136917527,-1.4107357481893106,0.5123790524451131,0.5990492455838123,-1.67410313888575,1.0988908277534446,-1.6271870574308167,1.8700496232218164,0.6378637168853045
0.1485982436858892,-0.669881523808694,1.2507785339533601,0.8008087274765396,-0.6413757895651429,0.3511516303050181,0.2681221624877042,0.23597477557022084,-0.3238976970089425,-0.3944079273659811,-0.7885895977263917,1.4154923671776793,0.4694526149237232,0.8125985771543971,0.7110697461295468,-1.0596521831204118,-0.6950599237548167,-0.5095936619142833,0.34448601303068155,-1.1516626022791976
-1.7120295550590947,-0.335120366521614,0.19750467820860787,0.2130465613474165,-1.2044857901762631,-0.9483978797752856,1.706625951524046,0.7393261353793966,0.49501045582418696,-1.312820909587408,2.6533958201830212,-1.158130273942285,-3.0917470186736558,1.2548858819039304,-0.6726413659549826,0.5392625521872195,1.9594804331940738,-0.2820922845231863,0.5916876612974882,0.2344012920975901
-1.424838126398116,0.11982768000191393,0.10112396147225974,-0.08609185609327243,-1.8077005572708882,1.8162283345095125,-0.45205692865944364,0.5128434209723478,-0.4151861711407143,-1.3715114563130917,-1.3060830198407327,-0.02706352757897265,0.7883580336166018,1.5135587712850487,0.4808806944592902,-0.08218660877654159,-0.7768012387852055,0.7055343535777526,-1.1310610066441937,0.930618989853324
-2.3552810899368577,0.037523500875046724,-0.31576555790098754,-0.2906829022500648,-0.3063891998558255,-0.1008557094606013,-1.1055838994559117,0.8577958874370581,-0.1631048669429513,-0.8489944320356596,-0.031814374866711105,0.14141893983840026,0.11473466208163208,-0.14332283244029098,0.34581812044901594,1.261728286056374,-1.1529561504968444,1.4854287873931455,-0.5717222803928507,-1.2345764899914673
-0.6663124129443229,0.15790197258940936,-1.3441014435718424,-0.6306139087466164,0.9819651210797398,0.9409679809217842,0.6113085508407734,-1.2634579401645085,-1.0220999640597368,1.3519708832952544,-1.3281471717576476,-1.3254337101212772,-0.7507679122755466,0.6155079354790578,-0.27024117809464254,-0.18785491591840417,0.368836258198814,-0.338908924644599,-0.13218321722289936,0.2786608036914871
-0.3405866942170834,-0.6691507213021507,-0.10329846043374831,-0.0035144861549874823,-0.20262241484548368,-0.4372582732759934,1.7781304983592123,0.922133164142614,1.82606548306825,-0.16729487092520304,-0.3525930645788616,0.19477247880813045,-0.5816328486910152,0.5902642402055844,1.6323310258724901,-1.3088036254819109,1.3378935813780934,0.13910094247746516,-0.3352469480919121,0.3283393966580578
-1.0947903570384365,-0.2805095239486805,-0.6610627459383737,-2.0132485171269114,-0.28790164717584915,-0.9964990956176384,-1.1597192133353666,0.2659862063188914,0.5629052396708913,0.6369844638351395,0.08851470520924525,-0.886123959013183,0.0151055727544307,-0.11044338152408112,0.6064905462217232,0.11521063419327456,-0.404271773309121,0.03096086329839345,0.7852585713425034,1.2801287699446315
-0.27240756388877135,0.6206928893251324,-1.8230536220993916,-0.7852611270790093,-0.39840273772439416,0.2932895486205964,-0.5283112618475546,1.2534095952265252,-0.3941873089502103,-0.5289601462386522,-0.36908073412634645,1.7951169477523627,0.23868307955262166,1.0001320026707492,1.3852759317762486,0.39803076500106455,-1.159506699512898,1.1471054374305345,0.4655256035624587,-1.340969248792542
2.4874672410933,0.22946718069087166,1.4728584869639045,1.1465910540011397,-0.3076292652891411,0.18481632741153559,1.755619273872308,-0.977304203014177,-0.22643529557147438,-0.33884824079780224,-0.8654384095077894,-0.011095441280737823,0.6101707912032459,1.1877726114024585,0.5413599185183317,-0.9819293633923533,2.1620002728540526,-0.17486653031505905,-0.6038888899079979,-0.7249457443323284
0.49297469833100105,-0.6494291568009841,-0.7189685582000854,1.195925896434852,-0.6658431824955569,-0.8388412438785146,1.0232915877811044,0.03850372958872765,0.04977749980460352,0.15058083116853743,0.010174708116651932,1.3359739789232827,-1.0511343325246267,-0.37618404155805873,0.6636169067349679,-0.7412110338975494,1.077868721784956,-1.3447231561282647,0.22389494618813446,-0.3781479709117758
-0.1680353079239523,-0.9782020179138663,-0.5543426632948587,0.037361934985302145,1.4808700469798748,-1.450615655853955,0.18643044982140014,0.6641298846950234,0.7277030421542582,0.04334053488962355,1.4839734494796537,0.6346048215879431,-1.6158378333636474,-0.5459457290661742,-1.4187772922195365,1.599978059789601,-0.6872450738429524,-0.7899346004819462,0.35378403025432353,-0.14397725092125507
1.0801527803505384,0.6145306117294245,-0.8079994628062825,-0.20346483726335762,1.6047674825985636,-0.7095074629305342,0.4797119894115557,-0.24641794711128143,0.8931681522978788,-1.8075432739724633,-0.6530346389003303,-1.929801491934177,-1.9604520714913134,1.1926856855401344,-1.1872969266070144,1.9287987314801573,2.1163954885472105,0.1813225289725832,-0.3269497777953023,0.6995163008457643
-0.459378145894452,-0.8181876387708985,-1.5726775915640776,-0.014036596757647674,-0.12390082403820532,1.9147777627871805,1.0537732524567323,0.35156068638929777,0.21544269403443853,0.6088446910002703,0.7620941582393689,1.8295066156785171,-1.606671086959849,2.102563684827556,0.2496355209658588,-1.9320541729221736,-0.40244193228513164,-1.6571884351397712,-1.959793194641281,-0.3894664296863013
-0.34401817521016226,0.821302431987634,-0.7986891270212383,0.4751850294281666,0.6755785729188243,2.0800841809763178,0.5466982489872138,-0.28891866621674867,0.8505326173055562,0.481502874084094,0.41631666770837755,-1.3537633734595391,-0.09271931984811489,0.33881367660385414,-0.6689466502978462,-1.2495403584522824,0.9944905293649705,-0.8228664993362202,1.0870811951730055,-0.9062542767187807
0.4455818455167993,0.3932636999798784,0.9468302095347366,0.5927612232810525,-0.3681412948769659,0.6549073050884461,-2.2571807072177754,-0.5297613477795112,-0.2774396467082481,-1.0874755172719264,-0.16756971296409984,-1.4886331243313313,0.7040782907241445,-1.9089219768429035,-1.8355386568666845,1.5655552260638612,1.274784166129318,0.8350688108904663,-1.28997006554316,-0.6666288954966214
-0.5100560630069789,-0.10942765152635567,-0.5030877687568507,0.09867857887942001,1.9196805157906969,-0.17945080363794638,0.12320003024002248,-1.3494097797989755,-1.124219971320288,-0.13639412862654177,1.0043929477191216,-2.378277914948105,-1.2401449407755492,-0.5235730793377804,-0.004695459368228205,0.06389702647393074,1.9981357210213604,0.8088170357585748,-0.5836095628074198,0.9576618024799517
0.43234572316408953,1.128305450481077,-0.6038265508462166,0.3782034384385526,-1.1468919614332311,-0.07677348006829296,-1.5416135169051084,-1.1297704706612275,-1.939940678643979,0.2881133463153114,-0.9477371283133588,0.5453085257865847,-0.364613099533078,0.8199581893663879,0.8031742436411763,-0.45212304461581204,-1.3295939297277954,-0.1910279277121967,-1.470418435828201,1.8713987627514916
-0.4009384641965003,-1.2315861224825817,-1.1829204785827678,0.726347543864656,0.30775964041511894,2.2290798378105374,-0.13085258395317592,-0.07713433311130197,-0.7582308649370292,0.29707142932660247,-0.9796124878283747,0.8081019524775966,1.2684159150228407,1.5878807604612322,0.8132444285661395,-1.1057514187269368,-1.9176823564012053,-0.1604457945890616,-0.2573860169013451,-0.2890870880970924
0.09959279658103347,0.09618794682572272,-0.9175427414040577,-0.08389090576005169,0.010755349194037155,-0.11673782386122052,-0.6234572130782718,0.6953140242212804,0.9149098150687357,-0.4201946020119161,-0.12436518358257952,1.2937677573320387,0.31067681619198845,1.9919416756993282,0.04381465996580466,0.41345631911902186,-0.7305974553102963,-0.037660767286049536,-0.32265375275601516,2.151750046299728
-0.3135310844212613,0.615264449473515,-2.31792234525863,2.421983528331456,1.1773361519406287,0.7527658804779784,-0.022078358340201592,0.3393557782541188,1.0890606451374312,1.6635685971619953,1.835563091360811,-0.42212531194653635,-0.5200183425814481,1.1450784811854657,-0.6580271997548081,-0.36435371553330265,0.19547077799091375,-2.9339635619320226,0.1444891527133068,-0.43088336595564786
-0.5008119274680944,-1.8596743432627676,-2.587028126777439,1.8277500230042214,1.1642357743529517,1.3125192221094326,-1.3515474702366659,0.4600480223974942,1.2553775997402077,0.340280381891584,0.150779058863361,-1.0010293817332427,0.9642815948802643,-0.151286732958419,-2.274386899933453,0.7284211603534889,0.3471960824708079,0.8288154039811698,-0.8320431775735857,-0.42194484375959335
0.17347912607344745,0.8944612083709249,1.9389708318013135,-1.1373254116752338,0.9178728075362048,-1.8060086239621358,1.0319570854455027,0.0901844220816485,1.0004410881077448,1.006526292511959,1.6550461922551758,0.7830899756826065,-0.8356732149866781,-0.890208781510075,1.1604859110153323,-0.9945316710089062,-0.15308383751585297,-1.371048041147456,0.5303667249980818,1.4183788313935293
0.15191102865029119,-0.7685089031320559,-1.0659661881710247,-0.7501890783313058,-0.7890127007708904,1.3927508877260955,0.7921312075601066,0.817766598360282,0.300811996955836,1.4179933959196231,-0.3806798295205047,0.3568341272526424,0.17373830249166586,1.088712357389469,0.027395242654124047,-0.14326838325619762,0.20565983749106675,-0.8519694520194766,0.17961876393517703,0.0856527914252848
1.1870324735421476,-0.3892863459029738,-0.9635321964617152,-0.7103954399930449,1.704690088285134,0.19110088076284967,-0.3532310138578483,-1.263298127376052,0.7484978102169403,0.8657029112069938,0.10149481422758463,-0.9788213720589612,-0.20518462374167618,-0.5248500807107784,-1.257200766111378,-0.03145264792172668,0.9885591141369194,-0.8928967843448266,-0.8326670059661067,1.159510627389745
1.0966295616235144,1.7839906457358832,-0.9969997259129746,0.12508796630115898,1.0565937299782224,0.6949075078082049,-0.6474400002124061,-0.6417100310201092,0.11477375549890158,0.7179417890721639,0.4342194718733362,0.4568743973428177,0.1411363754799009,-0.4262018947772682,-0.6650889098167084,-0.31614405308091476,-0.2446434320359948,-1.4044766905993082,-1.0577682962801636,-2.4259745827247428
0.5571031311536396,-1.6596767456466095,0.026804157387532685,-0.5048346528729858,0.6448097668100414,-0.24596472881440845,-0.30799844833047807,0.18666553562276691,-0.928650984536576,-0.3301925483215672,0.37205819332026485,0.6364027017188972,0.33068923788899796,-0.7252105782368455,-0.02863736102139147,0.5935959524862664,-0.08534089850374367,-0.7088352910930903,0.5870087588671321,-0.030422223211275263
1.3846372586023779,-1.6678254759606088,0.7324163605699862,-0.5051942989059259,-0.570931623618344,-0.6440198582588867,0.6587079206061832,-0.9019096024055095,-1.0802571699471755,0.0281728458533527,-0.1624455419565146,0.4889007488793316,-0.08034441476174485,-0.4852879800814202,1.2538347289608633,-1.7526738599197493,0.8606439515447928,-1.5675388446997627,-0.42697217076536154,1.3125597073338238
0.7626372671668828,1.1118215076765765,0.6393267338770069,-1.232394077339389,-1.137114957186977,1.0543835205727066,1.143770697358126,-0.6498225615944536,-0.463635319166204,-1.850240880407023,-0.23379940746149114,-0.7360371183338682,-0.8373386245320489,0.22502068230156608,-0.8022099944306588,0.9771693287621338,0.6936245989688388,0.86008134009089,-0.216327021937876,-0.7709084794139412
0.8425358392081869,0.4721604092853102,-0.34577890837418723,-0.6378407520132573,1.8862614843757652,-0.8999633026750412,-0.42940567468014407,0.038597347212396806,1.005634872431018,0.5882759713178722,1.2925759788747562,-0.3230859696389078,-0.945436272637744,0.12671131678733108,-0.9196744801372112,0.37967943572886176,0.4410106587519027,-1.4667118763174734,0.6664833081558496,0.39176401187213133
-0.2966436365473046,-1.6297527085090726,-0.09086218114135197,0.11153576685409923,1.183383391124001,-0.04034532533204534,-1.449417701996034,-0.04088898065482605,0.4408965865446845,0.13382846794976988,-0.5076151174637498,0.03959711321820008,-0.15137497180218598,-0.3541110258252405,-1.5535298198686793,1.102781885172923,-0.4643039689622994,-0.9986495873738175,-1.7175859287174895,0.7402143410130197
-0.8387549403654656,0.3919115022005078,-1.0003206975926042,-1.149083401372448,0.050459606437490936,0.6314627544024853,-0.5459912619910816,0.6660594914693638,0.7432569094721503,0.5274565167167561,-0.3287872653644844,-0.5867092788802412,-0.0015089189266122465,-1.8508093670251213,-2.4706442954597194,1.950338281691943,-0.621384799104495,-0.0909815629977299,0.9551705843932006,-0.031284028818842395
1.6899741645548751,-0.6335343751831775,0.49407443261335676,0.49742052991008007,-0.46711090187771515,1.1351475529019845,0.5927231072720748,-0.007851370465351493,0.7051581712303351,-0.512908388620899,-1.508831364698687,0.6138524284386548,0.04404130034366439,0.40966507979398376,-0.0051236681140201384,-0.35217089793006134,1.1587828323891336,0.5607300383843064,0.45705721375636255,0.3092992807236244
-0.8629522226491884,-1.157811701090114,0.6188804232425437,0.7991145245758389,-1.2205153597369613,-0.10360613801128116,0.8827872687090801,-0.24613412724755143,-1.1157669511070518,0.17128885360703014,0.09044841521436724,0.6585592408858526,0.6864779647371734,-1.082259621091024,-1.175586765497081,-0.7764665740542801,0.3319900181003738,-1.1711028612618335,1.2436346299432937,-0.6867537293421476
-0.7079188112564707,0.6589302647449548,0.15907004690380944,0.3501668295334105,-0.33440975955449936,0.4708823739466535,-0.5162059636652392,1.6707329785292635,1.2564601442243768,-3.105848268807076,-1.3076998592992588,-1.4873003608297828,1.9154176226659558,-1.7210637824759771,-1.6194095214544058,1.8842888605609496,-1.5357091024621847,2.313421954279326,1.2191653310871537,-0.004755135947744526
0.06001815810606876,1.1526230983255312,-1.3232234236428173,1.1185618010800682,-1.5513544776013262,1.8176418225444413,-0.06074895875540596,1.2942128742168513,2.4228966781280015,-1.7444836716766987,-2.1195660097482523,-0.430384930671111,0.028424096165375792,-0.2396661993018851,-1.5833357006779318,1.0570508683092534,1.3324654191272367,1.234271014612162,-0.9421937330364328,-0.6601598766258332
-1.3540153139519864,1.6329160464346246,1.5806354341103301,-0.5255981868579496,-1.1093963021746711,-1.3627573626815719,0.18378482408356026,-0.43012184949389304,-1.815919994668826,0.382593690121087,-0.5839581483759476,-1.180947840562134,0.21733380259642046,-0.17385834837339548,0.969328616477825,-0.9389609131110528,-0.14139923995975207,0.8267575548386349,1.4369399989308602,0.2646262517845769
1.5082028170558255,1.62375309160042,0.9579017341726666,-1.2014572590009691,-0.23755472327232968,0.038356449377509226,0.4816552780377333,0.7011491287238223,0.7835770832323897,-0.4974411427904286,-0.46549510633585073,-0.26420127841476343,0.49500950701322916,-1.8082898622808516,0.8806704123171342,0.3606682111852768,-0.5785959462771159,0.7996913575713009,-1.667351761246951,0.0501135663003473
-0.9181524508636619,-0.26375334514981963,-0.3768493354935108,-0.9680327442625478,-0.4579372519089385,-0.485985715497214,-0.9593905987959715,0.008400836163376692,-0.10645249812374559,-0.4539263976630481,0.6942165374794592,-0.5059744360426605,0.21276353745841609,-0.014074494618782284,0.2567602628766378,-0.1119102931175428,-0.5182687900861812,0.24852697442272909,0.5097803565475781,0.6120714012932553
0.14480597203443954,-2.0964835230061576,0.887048777386036,-0.840663155329107,0.7804522261111534,-0.4467210549941291,-0.7387296007623777,-0.12358525468631476,-2.5584145383756876,0.8867700686574025,-0.06999512128056877,1.6711625277154118,1.6940093871397117,-0.07363042067702426,0.062376734329903386,0.8182450508133101,-1.210677964056111,0.34277543378414865,0.441044651912056,-0.027585002386601207
0.5585086528994839,0.16964665698624348,-0.9120540270497192,0.5773096932294514,0.06103241561784999,-0.6653890822190185,0.8994531810746256,-0.3465406727150289,-0.3707278302636769,-1.4914819650860565,-0.6862621023142095,-0.5532630602065884,0.3927226614381963,0.09268183287253895,0.8768472895622481,0.4816459812943032,1.0968848483694784,1.869747790904467,0.05489507829333496,0.1261724153541323
-1.5250474183261742,-0.8302572958478617,-0.3911496275190485,-1.0052317849270902,0.4032763887652299,-0.35208035053820186,-0.17584794962526645,-0.945181060834169,-0.7594812562827081,1.5659667054852378,-0.9305072875708017,2.289381467003228,0.17681169145662293,0.8884860394178601,2.6793189570193077,-2.2522290806912424,-1.0743003370205921,-0.5205406481118725,-1.0102192252041868,1.1105814698787342
-1.0392147148755964,-1.123722900051923,0.6501858864938329,1.2665458781693946,0.013053417422515172,-0.9168268047340764,-0.27619635906473616,0.7078777232086199,-0.654530450081457,-0.2013119710046143,0.8234917093473565,0.02582209822807231,0.9631604559918695,0.04512463067029518,0.5189682337872052,0.5587608394491755,-0.8624584296253345,0.533722733209783,-0.2653473911866745,-0.9152091468179568
1.0087808840199126,-0.4434104683883101,1.631756930859624,2.1068365524037374,0.5367887497685132,2.170234683585472,1.147882675199272,-1.7153636585278917,-2.606150036716719,0.6667326220114879,0.2611237852457228,1.6095580330595856,0.873522961524799,1.779898496623424,0.8993124622755132,-2.5615801850160023,0.24900073580140583,-1.1526864675350943,-0.6450742762897549,-0.9018436161805359
0.6295443344188563,0.9148652239839706,1.8097296170677446,0.17117716044333245,1.7501896785874627,0.6270858651910786,-0.8713870582680542,-1.4272491979412956,-1.2973240753724131,-0.36932582167681155,-0.59104382191312,-0.9601852040824357,1.0716029607748172,-1.0545499246880539,0.43834186100876293,0.056676885012214545,0.36877914901830217,0.5871900486036739,-1.495743008459726,-0.08789086420610927
0.14997795600825015,0.2628572244145409,1.058263857455936,0.8952085751695262,0.59938824886918,-0.4076948475556873,-0.730441118091423,-1.4309298263835089,-0.04385069160243705,-0.4165499398192369,-0.5042358268465722,1.2346976700544634,-0.6822899965681398,-0.3675530262725936,-0.49079931281683303,-1.1538906613955604,-0.5291658126199145,-0.09339690301382933,1.5918782850435629,-2.0387653870334796
0.096357922282468,1.0664201310149364,-0.4412249398037032,0.33885756846069526,0.0009208715941371562,-0.3928012453902949,-0.2980864185957507,-0.5078057449535648,-0.07557534495588401,-0.3036078461789374,-0.22207104005793907,-1.584862724054318,0.43788275971235824,1.4740006822540652,0.24194690248176728,1.098177340916649,1.3553656860153016,0.2291216658222918,1.00980353297847,-0.46437196976059686
0.901526515675138,0.16428935147067686,-0.8158065305276019,1.1193200257303952,-0.33811484110221385,-1.0371169636904234,-0.4883087805740003,1.2995220899334174,1.6201294514150804,0.6209321029973045,-0.2730960396116723,-0.07022736628214393,1.085626167322741,-0.527152944583331,0.7301903715867802,-1.463608100642185,0.2846440529733313,-1.111820734346404,0.9723116711868244,0.7420137613407475
0.39215419972889676,0.43802177630369155,-0.6649930742509393,1.3118285472844413,0.7499581877936273,0.2761423356088519,-1.6531806304686203,-0.42162323775440275,-0.11139659821219401,1.4447156881521754,-0.6133650540040645,1.9382066468697132,1.9652850416052292,0.34440147092448653,0.3083567705120097,-0.23367726387622262,-0.6395123187534627,0.3979841290052655,-1.0549697529597986,-4.362855240071574
-1.5538993645078523,-0.7431922639413109,0.6189410818155998,-0.43665492386357657,-1.326266805807834,0.07882856246595693,1.206858744580225,2.199988694305169,-0.5782473254514667,-0.6494926502828203,-1.3602697808434985,1.152360009849055,1.1338132597624333,0.243287086858848,1.2670885141390758,1.7616363030324633,-1.1613522416681665,0.7585864208692222,1.2817485016826515,-0.5786793574654233
-1.4816436094748546,1.1128056699063966,-0.03570089491923591,-0.4823074664773878,-0.4614933836645634,1.789322578009414,-1.1235852746521007,0.9665416352287324,-0.6029236226603338,1.414358379282437,1.0904746267455379,-1.7986595229149405,-0.5698712392211239,-0.06253410317844056,0.5006488310327636,0.011098427740229734,-0.43940673953231674,-0.32581416988719375,-1.2719711737021602,1.180013417269481
-1.3372252745505206,-0.9290206968332341,0.02297399307477516,-0.1246764531701187,-0.12986584488824102,-0.4146829377319802,-0.633937426886763,-0.22194744995387017,0.18195886017576546,-0.17043676325417723,0.26639156379987716,-0.4502475645782047,-0.4758390127042448,-0.7242359215900382,-0.966063675984886,0.7154309659604212,-0.2860502474761509,0.6522403708380473,-0.7161800482563296,-1.6094574774225314
-1.6584758231164183,0.155306241562792,0.3592797646603406,2.3259872517227564,-0.07524927718087666,-1.6385845307533973,-0.4194595636464496,0.18078258620180526,-2.7714457033941744,-0.20843307766945784,0.7592620886865945,1.759419707819977,0.3733364327685128,2.748100829189746,2.251198973568708,0.06466462287695256,-0.6510366412851699,0.07639805005031734,1.4052826738194049,-1.6596948842093044
0.33966101767894646,0.8551756356290573,0.5213747548667487,0.14893171523503484,-1.5561975338497953,-0.5440565832377875,0.6881362164285294,0.009570436045206767,-0.6169125772547959,-2.786606960874725,-0.26923432366541394,0.31633370794460697,-0.48081576154262656,-1.9101427798196957,-0.8290377205721705,0.6870115467779442,0.7042824210426307,-0.041205850373624814,0.35706862864097,-0.3493052513364988
0.45019027088036206,3.1681245747892635,-0.15920897811400964,-0.9573373576095862,0.03679983564613192,0.5214874360726764,0.2787368088719491,-1.7912386487406757,0.5310079545661315,-0.6159602035555144,-0.0872542662982257,-0.4703988165335761,-1.0872347248236638,1.144418830093045,-0.3816726116107473,-0.8645864573577124,0.2704514196590678,-0.04491730214602247,-1.02044455408041,-0.4905895442059378
0.9571190541944702,-0.3433702601152139,0.5026112972556673,-0.4376124110252334,-0.7857467904665405,-0.21292885937449404,1.6263503037543303,0.29049263982509765,1.042443986136546,0.694432352731285,-0.5237323203780513,0.24454432589213687,0.6836405849843428,0.5002101243445037,1.2956989482247332,-1.132265411357417,0.8644631120269944,0.4142361847986366,1.1671908801982116,0.4500220519035901
0.053508707176346475,-1.045124352134681,-0.21636943300734116,1.1057912303363173,-0.17539719073756296,-1.74282767479374,0.0504461418240301,-1.4576971490123842,-0.05354369946178471,-0.09202127625638414,0.692658401906037,1.116359612419325,-0.364079732331964,0.4721748419093755,0.9399024466408843,-1.5101982602861066,-0.2677588220487837,-1.3771954804285573,0.9175854599305406,-0.7647851116414975
0.47566688913369326,0.20346311428901387,0.6457041234681632,-0.5734285001278732,0.49586406113068177,-1.7059652660165883,-1.1611212822768264,-2.217851730248582,0.7807517607053471,0.2111431454740859,0.15667179277510263,-1.0892820018318636,-0.10591968103180777,-0.6909606153310232,0.19326536652278778,-1.955937124870537,0.36251178898463776,-0.6996483852440565,-0.9271501955814869,0.4270691152021183
-0.808983417256888,0.5715279527856543,2.206533795377128,-0.27082027781484747,-0.5916033074344107,-0.6144654266162134,-0.9358153893068646,0.8567391852056317,-1.3695209827301438,0.42666616687552966,1.7361263743875694,-0.21663600674030464,0.03581725416939291,-1.7006241357656158,-0.3940350156604255,-0.014484946905519165,0.24455622765315196,-0.9686018930617468,1.7794588494164536,0.40574252642662373
-0.25268673100599676,1.358656164944007,-0.7367004638160555,0.2740881879365934,-0.745180110731431,-0.11051428938341563,-0.4846689907643598,-0.9473909807523855,0.4021148884095602,-1.8858875836801066,-0.16730517429829295,-0.4147063337248778,-0.6796318801707135,-0.721511611423709,-1.1803727239084112,1.0590297647235511,-0.5279817740905859,0.803009771101535,-1.1923770396891726,-1.3570710622747277
-0.11337209734576746,-1.0896387762984945,0.5954363898143997,0.7699402897670924,-1.3110854349352095,-1.1655256549435637,-0.9669387775455404,0.7356334950769445,-0.5637371254018904,-2.3238736034909064,-0.5159026203088468,1.1902061759734277,1.0430827974351335,0.6770431744295426,1.278303130311818,0.20734379086569255,-1.5752925035027745,0.06935722078441144,0.5989852612237453,-0.380963337162919
0.6231178053616508,-0.6365750415955678,0.2580851680462231,0.09421735203243436,0.013586911718647229,-0.6734382465336034,-0.7817054719711071,-1.3574948824554096,-0.7203855253010217,1.1168136438996823,-0.8300888612015259,-0.31941691746962453,0.6311458959282309,-1.0646087255735153,-0.38573197940421444,-0.731717263546907,-0.2805672642417467,-0.14154986073343356,0.07046103748820472,-0.6018159494012993
0.3504393391032901,0.9465184018435551,0.4821121250720618,0.5279885060386784,-1.3232062481099514,1.4431689539815304,0.22648332995397288,1.0890016866520498,-0.49879706734992774,-2.1302982598826223,-0.9221182064107681,0.43481712027667685,1.46770133295696,0.5112584159865787,1.4749152358837743,1.2473518469614728,-0.793983339849562,0.8122462549675818,-0.8943417064614877,-0.19482224501994438
0.7372464642262266,-0.71734777903924,-0.6923157071092935,0.7217943813417732,0.4371672251000796,2.4248027000658445,1.2864222263695948,-1.9167625081868203,-0.38013540743120094,1.0712604191864008,-0.07763282832603931,-0.6108597240496476,-0.5515661807729322,0.9773864095062722,-2.0731492580396633,-0.16749826933564757,-0.4090365053260184,-0.3313994677781836,-2.1142982432295763,-1.1218773994259674
1.958055251832153,-1.307076814451771,1.846056643154235,1.3890629690047693,0.6020404411160495,0.34373611713416447,-0.08747836384602238,-0.5250577652842048,-0.2194508210853861,0.41967200504662083,-1.0849087060093685,0.27415073010239416,1.009336757274973,-1.493134278231689,0.5560513850758861,0.4786557244287343,-0.27477090697687134,-0.8346216546880496,-0.8098886180209592,-0.3207626530929642
-0.6339808807144398,1.3938591412084596,-1.438587103148108,-1.8131998103140798,-0.29494864380264696,0.36219489600978655,-1.602894785673014,0.5680899240465579,1.717372792784995,-1.1789600513815257,0.262745677338655,0.04424365025067406,-1.0448529876040968,0.9424033142739461,1.0431439705446994,0.04965324824951701,-0.8203155938417664,0.612287645462338,-0.440275711638616,-0.0054913868936620185
-1.5679574625961827,0.6286357528775264,-0.6617655670846836,-0.10298012683125884,-0.7042155638131109,0.03781083595749419,0.44155436132401815,1.1495107278591492,-0.9437572973803732,-0.0027827592793749057,1.0401330915329228,-0.08968690304508871,-0.8070335777277301,0.11360161981810578,-0.605748467215647,0.16757801002437342,-2.0583915641077026,-0.3247219390166662,0.2952892555251298,-0.6699905275605947
0.5667395201166674,-0.2034643313449032,-0.05367719657721904,-1.4538628018675148,-1.2119841942246623,-1.1775371410313245,-1.2569747889824783,0.33875202917918046,-0.34388638855900994,-1.1404159684272877,-1.7723592197153875,0.728835181595114,2.1004242166228044,-1.43173430251826,-0.5192573831233505,2.8570387222981517,-1.433260683410779,2.2130029248014416,-0.17957953695436288,-1.2949521833208522
-1.0130584238836726,-0.6392396772810705,-2.0585304666481203,1.3076149064347413,-0.11730791409622547,-1.5569563154140595,-0.2416473655814752,0.39553816946601755,0.6879910700643053,0.05994648791364422,-0.6123029653882321,-1.1148618474524368,0.5487510368384996,-1.3959287874553759,-1.0596969856226082,0.046366505968020055,-1.0059532797061537,0.7918068970825122,0.9418654745708548,-0.05193091528345664
0.15420646480329378,-1.5527810101049615,-0.2576619718972888,0.06117871770466724,0.10842381672589449,0.8749733698397169,0.10019518923630892,0.0376980001698795,0.7239705346062766,0.8004437749140896,-1.331654861360578,1.9376171065252281,1.8614701962667348,1.0313114814371875,1.6803771498824127,-1.1119398194074206,0.751091905814747,1.0129463581382976,-0.23672784391717847,-1.621446080870757
0.4164129893048988,0.939594068215025,0.49605201020774453,-1.8833745792477161,0.7926150600851617,-2.125170258798165,-0.1526793318073872,-2.3446570226525654,-0.1802160103129804,0.8769625260155577,-0.13799700745818974,-1.9060358595094533,-0.7222692778792591,-2.263375513926974,-1.1102947485028478,-0.6663958579352425,-0.1182057114125324,0.10269242728935153,0.7954314966672784,-0.05297125061268939
-0.2952516713119056,-0.8778869568127161,0.9898139146047956,-0.23599844350268728,0.10619332024424916,0.13526193090249758,-0.8047073662928127,-0.573674198250387,-0.4735502658133569,-0.3830369034107613,-0.6403368129393261,0.14717604339551316,0.6243511301674428,0.7098488541386272,0.5339915247283263,-0.28042037440771045,0.28523587199010236,0.6810685581752743,-0.2808605007766009,-0.4582902530153217
0.6273032084671872,1.2511949850311392,1.112071995331214,-0.6681259579655913,0.3616463758887133,-0.9000695084706805,0.17638859849497912,0.6787678439477541,-0.34515856939295764,0.35264308837998765,0.7603563375131617,-0.9393082312546958,0.4885679204242796,-1.12464400664474,0.34615163814660466,0.6816965477923667,0.251286080176018,0.9628774353353455,0.8700215768180588,0.0046541216801744695
-0.6978762801875984,0.6563637957755205,-0.015961707817089252,-1.0146292478531744,-1.3065620331710617,-1.4328972524398174,-0.07032654152908525,-0.7431387444918436,-0.67115108086768,-0.5053507723052839,1.8204881779458595,-0.6967848809081189,-2.0146531784479564,-1.5910575290899138,-2.1724492619549927,0.2335618450540285,-0.2804141339650743,-0.628968249419477,0.41544595921197075,-0.433895268932903
0.7179720438485501,0.5860349972890495,-0.6358883180205605,-1.0367443651859924,-0.1448870413916618,-0.30204823270678627,-0.2309180812710851,1.2730193708086823,1.022534567517759,0.3788636565918602,-1.0852986920968792,-0.4340353352345065,-1.1824928051170156,-0.8322855314489885,-0.4752541521903727,0.8395100321552698,-0.7233997456371805,-0.4026680473582277,-0.2589194175589895,0.39112482167996854
-0.03335387839235432,-1.3598233467672816,1.739529826457484,0.9338160900472603,-1.450630820234694,-0.26684332503035585,1.0277893302708194,0.45826391783827825,-1.202166921067701,-0.18999677822546676,1.2506455782327655,-1.0151894709867162,0.24406262858532626,-1.2124564609859905,-0.334824167041938,-0.667482799348209,2.1629368130302176,-0.13895789529521652,1.067759292477271,-0.6289339861147435
0.5838112050176109,-0.29322699294896654,1.0882675104126958,0.46686598434534193,-0.0372796385479436,0.9911390678403161,-1.8050183725274984,0.350301903588141,0.5035776450300617,0.35884952376920815,1.5709306611673717,-0.640832386553955,-0.18482813231988296,0.22471845484300912,-0.5864074318387298,0.24978027211643328,1.6558047863687215,-2.1175606064042736,-1.1786414395507183,1.6652523867381996
0.04882913826810676,1.2819636570390285,-0.40551597536922807,-0.4277203897618539,-2.7884266334926764,1.7881938270133289,2.3954866368006273,-1.256885390893055,-0.3046918365242474,0.6303839312778604,-1.2893704607832306,-0.562037955465698,-1.6184121071118478,0.8293238313593724,0.1156265440779697,-0.47212280543577284,0.42062269787641204,0.4561681352883175,-0.9631008249014981,0.7464435279422943
-0.9031293251696695,2.154640043469474,-0.06819100503051043,-1.0947833935981979,0.2422747752093889,-0.6603316910075175,-2.1165342027910743,0.5587570370733392,1.1047593191115104,-1.0881053538487184,-0.16468698123585485,-0.307377053733297,1.2016781074226035,0.6842255694511921,0.7567713802338428,-0.14901527555539335,-0.04703853030837936,0.6885102842622817,0.7717469075760292,-0.597034468757883
-1.3234521806464412,0.1939899756230848,-0.32570582034209694,-0.3459474353026631,1.6465296453807645,0.12337475908706383,0.14681010845821119,-0.10587816613538892,0.6947486213927441,-0.1550146381727312,0.020513272053869068,-0.5252796386364444,0.6224102061627927,-0.578748924873373,1.6180559293721277,-0.010014872471705256,1.084804457028008,1.2977995605761556,1.6936583272528174,0.25564227215522906
1.6531013160809753,-0.18265313587589127,0.45859029443638377,0.813494944056677,-1.020961533897931,1.8421275466866325,0.6980356054236396,0.251972734861505,0.32023977158357275,-1.2524527228864952,-1.961471230868608,-0.5875035470194542,2.018693098218988,-0.5450674304079127,0.13361881538263545,1.7191251642237897,1.9711222169715323,1.3585310939482382,-1.1684824434195686,-0.5080174640167784
-0.5959908875790889,-1.626236407297754,0.437406351397555,-0.48985210261143064,0.5129909766951799,0.8476040281266142,0.14033854543068686,-0.5889648980400148,-0.30551148558139757,0.7740735090342136,-1.03928549015433,0.8252939541253198,1.6480498868906162,-0.3064558535157577,-0.12036378958675786,-0.33157417401918143,-0.5161858596597159,0.008106692476303225,-1.01762694055376,0.3427072753803445
-0.7881449120772323,0.4651697276746441,1.1837517795029244,1.2721643096060276,-0.7640883438527611,0.31414320421483244,0.03243536480967788,0.8727609612707826,0.36026272445991375,1.208721118960032,-0.2405536320444075,0.5731626218706012,0.24432482643702355,0.1954608909282477,1.4886580322375047,0.16166008123906428,0.5161030663842806,0.32932448845378576,-1.757021700973687,-0.745405575503965
0.33720815452028746,0.6911949379426688,0.25243700267902547,-0.6932030412793847,0.554588372947126,0.6893491909058612,-0.7763513045625547,-0.08848847196205437,-0.21705013283083738,0.5032278741837212,0.41304213204841045,-2.197496865147944,0.8093444984764557,-0.21062823150805093,0.5000560129058076,1.5301664301729958,1.7441669975095568,1.0528447102908707,-0.32668714430782675,1.8740677044133882
-1.3365886766905486,-0.5904048819791721,0.9079972536379944,0.6590059548270908,-0.24545902339364623,-2.5360775408175167,1.4067268705093776,0.4161922027472446,-0.9911618975053371,1.2005126420236774,0.2590344047708292,-1.0871489740673899,-1.169283015238486,-0.661762480146948,0.365753494427482,0.6472219813541377,2.3701747821031716,0.0164168914187152,1.3768144548523533,0.7491278178211708
1.4716168109354988,-0.6398248444819453,0.47041794450470203,0.04482626946279643,-0.228547250043803,-1.7551723946241156,1.4423211393619402,-0.6738020816008151,0.03140064682179491,-0.344138938120937,-1.0104316656484136,-0.07826642355324584,-0.9681331776387324,0.5666666853461327,1.1379733614837437,0.48389551482913257,0.5594874204273048,0.9194976983852915,0.07354670141353248,1.1769225430943027
-1.6616541269381793,2.2501573570320983,-1.768380873693377,0.6389830980848773,-1.2911601587245272,-0.48290044301375445,0.08995450963045558,0.7781047559359343,0.2720602110607436,0.2062063297112479,1.1156040416795259,-0.6007349917534024,-1.4579753533669553,0.4931485875805007,-0.4311333346575118,0.096250784604898,-1.2870713434061052,-0.6792284557265748,-0.7129660583883294,-0.7451321086398449
1.9163700111741984,-1.2149813025038574,1.1146083573481,2.1234444160186166,1.2423200955607954,1.3494176962336253,0.42209052058609664,-1.037905452064151,-0.5740886061884297,1.0672484034678862,-0.12663933745231562,0.9395804791512579,0.15290783316826295,-0.21787623283385268,0.6444177162328352,-0.020702544269153373,0.5747625162620228,-1.3878438510511675,-1.966426631759807,-0.0697611092764372
-0.1580040428374704,-0.1887091752571898,0.693639309994342,-0.08952337345748587,0.22689958086805942,0.8044855684739021,-0.1820735809754924,-1.8640752623577008,-1.533965205430769,-0.6173901622125197,-1.34878854555889,1.0021979711910152,0.1629843897799646,-0.0354126245436702,0.3219889160575781,0.5105396367021652,-1.1542406897847504,1.0283606342461606,-1.9033173022723315,-1.3900724815821817
0.7486150042253911,-0.01572747833083524,-2.109479392379816,-0.11779187942417657,0.9795413366575962,1.3231045997875936,-0.8783057407632711,-0.6216006164046334,0.18230661125660372,0.9599720718566361,0.16981893497824402,-0.3933649609959261,1.2185871235867445,0.5384711858983144,-0.8246618969978539,-0.628652268939184,-1.4896245473197993,-0.12801486762693579,-0.2505525830125323,0.40468707123615416
-0.3184731293130569,0.7338112599894137,-0.8128939164404387,-0.14812097497972426,1.5742170377288387,0.9300846998378903,-0.4289364439468469,1.7955470036068562,1.7129257954902324,0.26893968868798446,1.722670683019693,0.20905012327207284,0.016294603001078718,-0.4382580284911436,-0.3824638829703102,1.0628479114703433,-0.6079173212961826,-0.0783046431248861,1.0083408508445357,0.14821020012789196
-0.08683772948404805,-0.4302945349701595,-1.1860685909408293,-1.527347563043374,-0.9406938121233117,-0.4873182579421931,0.5443267279189085,0.8365827882312731,-0.08612249788027172,0.8349630597595912,-0.4220623861017129,-0.20062777049931188,0.6426168670223653,-0.5749958697369459,-1.0352585854026746,0.28866461063537174,-0.8940813094170665,0.08485365736459907,1.3959238382954722,-0.9680232435214019
0.3082810173422758,-0.13129956607173537,0.38153569388220254,-1.6594927748930515,-1.5401191081136822,0.5558111982049019,0.08305423940378548,-0.5538856067112528,-1.265552549493769,-0.7972805090584969,-1.6125365828508,1.4399847575544,-0.8762907146491536,-0.9680511365536419,0.35703711339012045,-0.4525499642380248,-0.6549523247363733,0.04464790553986191,-1.8192103667706752,0.5355538988799137
-0.17480268970646018,0.13207342182839213,0.638379220202403,-0.31428222043465787,1.462612517670679,-0.9369961672315876,-0.2658257716927711,0.42763189812102276,1.4990755725989733,0.027723006159339415,1.303361047045539,-0.7478175494014802,-0.8769726248423819,-1.8519126765374363,-1.7475206096109535,0.5186373006716435,1.571547189159711,-0.07862958104729624,1.0532856624125428,0.9809445465268206
-0.6325006438890602,-2.2207540006688675,-0.794411769080421,-0.1790852759513332,-1.3166526684754014,-0.8899153054299379,0.04263964955023417,-0.7802281549597561,-0.4656381523183276,1.036707169667305,-0.7396792277512967,0.5310968718769952,-0.08338250816747049,0.27363985802363944,-1.2451016817483582,-0.17043364265971347,-0.36145755593455836,1.0350820793687934,0.6817028015454353,-0.28573693524846455
-1.0872978125302053,1.3087632541854375,0.8269009378629123,-0.8646356956284156,-1.6016224843764306,0.5894586043743486,2.8327526974721065,-0.29737006869417515,-0.14424811696102766,-1.0888006322521975,-0.4342525449396302,-1.7946006426577439,-1.3134093718562774,0.6915380194102593,-0.3975149351380357,0.7882294351565577,0.9431176966871025,2.0810238467174593,-0.31706127797528316,1.0710253067391124
0.3958089973675184,0.25677466040478647,-0.4218735106339875,0.4148526504971072,0.20990865549828489,-0.6262297418746702,-0.8786821161999289,1.2494020931459355,1.0508739724019385,-0.744059125501752,-0.14098337753622245,0.43794377498648,0.673784953613383,0.6332546720046123,0.689845089091584,0.47549946847589886,0.2061558277825541,0.318650027130892,-0.5155103270437614,1.2205675935098108
-1.1477902119306747,1.134503829436972,-1.677584514414672,0.6719887775984775,1.3317875615755819,1.1105075507332884,-2.215973221176818,-0.5498133338349621,-0.7361626345670991,-0.9285346960064816,1.3250617195015684,-0.43884047084597966,1.564362415476106,0.4453838523928942,-0.008186179751890661,1.4045757660934945,-1.5292705745391504,2.7291975436524085,0.3995270634123613,-0.11978672361935308
1.161318936765985,1.4675055403274253,-1.3191056444580302,0.21747284424927157,0.05739868787478241,-0.4542084281927503,0.8976600954795246,-1.080224974139098,2.326355711954254,1.452387681045589,-0.7183749702267964,-1.2474120575224081,-0.47707059985226496,0.42940276473610567,-0.8824314833914532,-0.685790818223385,1.7711333542553904,-0.21405945846174645,-1.0684587973336523,-0.23241265254633076
-0.6313483610634536,-0.5493931489185276,-0.4493371495009435,-1.5217603333460885,-0.09408700862245062,-0.4826123815485543,1.6576867605614802,0.7992604580661312,0.9545982581702963,-1.183680393486614,0.14306156791483593,-1.4639900819851692,-1.5751594717349044,0.46295950101799577,-0.3885136705475535,-0.19471996768666372,1.098052532945952,-1.3365167407702823,0.22041022597076515,1.6653004666037028
-1.1439988816427238,-1.0986882887540232,-0.4712326361227594,-1.1842109836446115,0.6607052771198719,-0.7518273316218728,-0.08102618038318637,0.6557679861089719,1.1012429106805175,-0.28722738385863916,1.1713738960976587,-0.5797745785106817,-0.3889105292497232,0.36428419763739966,0.7413419720824425,-0.3382433812236007,-0.4308370118863707,0.557209485938477,-0.2144072192561583,1.7721904426705746
0.15571679431436994,2.567808490244235,0.10176188583668427,-0.39512940097902394,-1.056118935517956,0.13323983108762724,-0.8042264665514224,0.1052748232970858,-0.6331847991779322,-0.9968560376742065,-0.032830118437993494,-0.7511184863960538,-0.08669102879714587,-0.3536300731091669,-0.4607207014066931,0.20098471557448058,-1.043600485225935,1.1770753346050367,-0.249287087566188,1.6124632680568636
0.2719586581149921,-0.17598269302186004,-0.7854556737620624,-1.3455999512640606,-0.2810921425429176,-0.40043980245833993,-0.29721980092417377,-0.968501441424181,-1.2521119356638295,0.3286029014029588,0.2808652106691389,-0.20729286282017806,-1.1924409834244856,0.6177275979435326,0.34060508148539226,0.40021805650324305,0.42610794214051423,0.41165938531119006,-1.460518214102852,0.2138038213687687
-1.016299459727326,-0.2014681132449199,-0.362830585401191,3.084743777120649,-0.6240039369311446,1.1820906652609486,0.4974150603380675,1.570230157695163,0.12385243504067674,0.461112988384831,1.4220110674245714,1.1519505656609221,0.3127384651151126,1.4050422975135783,0.602108489710394,-1.2833064697803342,-0.705161471015391,-1.4329404255109472,0.5219264213647444,-0.48013273541509355
0.23689642100826008,1.8849203562378323,-2.132688123422949,-1.3550016467730053,1.5047265155417053,1.5453440910655079,-1.0475178478595908,-0.8036937444667095,0.0106152244146748,-0.11338573968745848,-1.059980273816691,-0.4019663212431353,0.6558281617707148,1.3885430169715924,0.27226513048580625,-0.8827967218644309,-2.0812756619695203,0.7006191324430954,-1.3249598630812007,-0.0595981726043776
-0.17288308766297736,-1.0904309240342862,-1.9940835466481468,0.5530648837272388,1.1977352328050153,-0.23780377884601922,0.11033925160566037,-1.4507842525673817,0.2922921219872086,0.7450882746990801,-0.07131098077690065,0.6458921686701136,-0.4773875131477949,-0.7065726054106027,-0.39366014630167734,-0.40821894590244756,-1.2025151519209782,-0.46691072699010255,-1.9694459243699947,0.6947725314461807
-1.754594437562843,-0.21237562879975416,-0.20888579868625975,0.3885300916767236,0.6464710112562164,-0.24629659329592005,-0.22454651141029533,0.2659259448728621,0.16176892270244858,-1.3794152827740223,0.46764387514617556,1.7880015003184977,0.8219920732942698,0.22940917061952973,1.2781842175833489,-0.612565139147948,-1.6219010532042206,0.9694622306854751,-0.1073157587139451,-1.5518303939511853
1.250139933659932,0.21741815746075357,1.7111425803724907,0.43175217447166264,-2.0134996337969433,0.24887423465176528,1.000779936202919,1.426813621623758,-0.31862037337679977,0.9795475873478724,-0.21488015763419027,0.044173159185619267,-0.5076273506052668,-0.7804157998059036,0.5214297950085446,-0.15075419545004862,1.7102864164973135,-0.8097267078825262,-1.0196229791402631,0.5284736561675606
1.7216554729657647,0.4513161560483555,1.0042644979647406,-0.5413030482092888,1.2799926534252124,-0.9011374565319994,0.3353847301633088,-2.109258910070411,0.4787735007260784,-0.4237832839541456,0.9870033600127595,-1.66897381128393,-1.6968265820749528,-2.568044962285715,-1.961029701273604,0.3637493089629046,2.54558424763424,0.17194883561090288,-0.7013021695178675,-1.3325258486365288
-1.6868463985391382,-0.7445248140319393,-0.4435330933218523,0.9939768165459953,0.10797061790045137,0.18519992498628557,1.5407771129685186,0.6620774434162339,0.4685481144410558,-0.733728874139617,2.1238047870474497,1.2334253455575692,-0.7474271215204306,1.7885805472244198,-0.8350599068692541,0.5656439545931968,-0.5608972513465036,-0.4491438974302272,0.4425804219882667,-2.2952120994571596
-0.7434109411499255,-2.15766501726248,-0.4720839913039471,-0.053381208798920284,0.1530183479913678,-0.26587786135331537,0.8286054903168725,0.9979808311271512,-0.22043042958908887,-1.5733122310912186,0.43811477582723507,-0.15913849319226875,0.3320997510166524,1.2346120122550825,0.203431345830358,0.5454273468042022,-0.21832369809069865,0.23534764838073494,0.797285366261055,-0.2828464650577053
-1.06741413180272,-0.9188171980096698,-0.7282147246674976,0.9903157689459188,1.9326014926961697,-0.633178837243739,0.45864178953180673,0.2521153474186803,-2.036163484637321,0.17623602715525025,2.1621718554139298,2.635298414014463,0.2637982915188073,2.564724360870273,1.1623412875895989,-1.046374677072657,-0.46878684364141915,-0.8831881803789834,1.1586328938165218,-0.9641681331328491
1.44413904552867,0.3134740268141797,-0.03045110792236149,-0.03483303174857131,0.19704186759428624,-1.4796869559584045,-0.5681107145407804,-0.8689532930699754,1.605379857529941,-0.6332701443646118,-0.32405201110019305,-1.235318433732999,0.06751489462176884,0.2232761769828303,-0.14832170719745516,-0.03364509958234388,1.2006361099843241,0.934252764477821,0.92784517342077,0.7503775285163465
1.6065598406229562,0.16374300167730768,2.0857478488863217,0.468867876116793,2.759176397681831,-0.9261925338213265,0.4721098320730128,-2.235940708824841,-0.3261725478672672,0.3578017513843777,0.6071833948928071,0.9581778605725669,1.7282721071705318,0.6388732480667773,1.177041109694715,-2.238398651225435,0.9795969389484767,0.35439577478001894,1.628944066750195,-0.820480820930653
-0.47319249470504143,-0.5830262667964706,-0.8263290506719253,-0.12601912562092377,0.7128029171159532,-0.26740670748619183,-0.6730416392375846,0.6256080324623459,0.876055364092202,0.4841530128633346,0.4804540168950458,1.130589702797998,-0.2816914567323188,-0.4990889992009612,-0.5811603405360898,1.218194492372752,0.004026556836411915,-0.3986130950870484,-0.44464732369376087,-0.3758928453491164
0.6860417832738371,0.4328432877851426,-0.013895943653851942,1.5017910285567333,1.051138415802338,1.025494018842561,-1.3161952108872288,-1.0917395587384073,0.09443209659378049,1.2067419031415914,-0.9739667788061384,1.6606893189277214,0.9231979631937491,1.4800461005124799,0.9824449160064097,-1.115271750636261,-1.3402202335543207,-1.15302199113075,-1.0633292425034442,-1.3084988074061563
-0.2245275114532395,1.2938305507892975,0.5117169509221022,-0.01635323049220723,0.1380157669580218,1.607581447359297,0.8350931835176525,-1.2764359414412485,-1.258351248161554,2.2426214699714513,-1.0257310268357693,0.7299311909267326,0.4593331103673999,1.490585467000258,0.628035415251787,-1.318189748249428,-0.13371297384558165,0.31061417715380174,-0.9853684901856689,-0.4060548253008331
-0.14636923760183232,1.2658833394568885,0.07629082073531192,-0.4534122638204185,0.3311028359835538,-0.36232806064275813,-0.02702478128124043,-1.2855313078955237,-1.1939111804364873,0.2731655268813455,1.512198009489116,-0.5912467407350382,-0.4424616108913806,-0.44448850114067023,0.6566405560903509,-0.3301290268274822,-0.5320052103484535,-0.5990843978476857,-0.18887633396852122,0.3134113203808798
0.3166496958013655,0.4404263423862907,0.8555799091652513,-1.397571517054757,1.971836475419797,-1.061369671996692,-1.5054202748031822,-1.7373264019206136,-1.332341480675267,0.25927777715001954,1.8812710990331252,0.9079118165632603,-0.4464656784397958,0.7006333306850826,0.2632452144191361,-0.3383625911106752,-0.24033105238496882,-0.5278065687475352,0.46534155256469345,0.9860451239445548
0.4706889257593254,0.9604410785467525,-0.5981375958556353,0.34805280462268096,0.6492941240064818,-0.4030330363949337,-2.179827258792101,-1.30979685883682,0.32182338266849264,0.7143558971690579,-0.5103839002227132,-1.7390083630159603,-0.0013394391015453446,0.43564392095312915,-1.338538332446202,0.2065858886790532,0.05680400094943739,0.8618291147449908,-0.7089134604698543,0.8503114638796363
0.2852030480382836,-0.8715809241457526,1.8623050410732715,0.22804679279671766,-1.1427228517062873,1.463540995817046,0.14591830566752426,1.0441292174494885,0.1887056594052835,-1.979358887334931,-1.2025254930643194,-0.4290145798745232,0.5299444231490361,1.3393926175480155,-1.0366621219232712,0.9063462536383528,0.11703039828849886,0.04227504838476908,-0.4552506312975731,1.7942640706002007
-1.0212290546499987,-1.814580314055072,-0.882876644915012,1.9015350871450127,0.4454456419952307,-0.47802630221346976,-0.10701178970843074,1.6578553768527622,-0.5639979549842918,1.0625674600628403,0.8836499858982625,0.8378563782657756,0.8170317218689774,-0.25819783188173984,0.5512562418200944,-0.7843750192960419,-0.9811828739794713,-0.43705068595289737,1.4516012373288216,-1.316854978981235
0.419135933500869,0.843444036761938,-0.3097619333008795,-1.4356698912025583,0.4116114042830862,-0.45884127559020543,-1.055803358158131,0.20784018107705313,0.8451094151565328,-0.6086621059632997,1.7772045379613797,0.5679231623448135,-2.3887131435132942,1.1191163878800579,-0.11381301422832386,-0.15905140352267588,-0.654273667141332,-0.9847330816055756,1.192727046957512,0.8504046413710424
1.1726581023798897,-0.991686702308222,0.9946307688136359,-0.8278490967683513,0.6878737897273243,0.8294011560247965,-0.33189985393419674,0.1282243568486775,0.021660313222109432,-0.12790210177298117,-0.872524373426585,1.053107291805379,1.2640779487399447,-0.06520170275216222,0.08379461881491869,-0.13533409532161061,-0.5380921155214704,0.2160174542456412,-1.259036271025608,0.00746704516987128
0.6228528469482223,-0.9015153657555124,0.7354162618191646,-0.7371879820029655,-0.14284835439241916,0.0836887886023696,-0.3775611235359242,-0.11486245056732336,-0.46127701007750094,0.6490780885850558,-1.714497163532899,0.7762546584887391,0.8660146748064924,-0.4223973362052886,1.153173845948904,0.27987302820642124,-0.02354041718389017,0.6476843963517211,-0.8453312066443935,2.433789856288521
-0.6401697133246262,0.7209010327988798,-0.7657726379164695,-1.1090141706236782,-0.21798192422735396,-1.1772225265884673,-0.1451557668346628,0.5399339494073145,-0.07601711789311734,-1.1277891859903355,0.43911721995095415,-0.6861042855343368,-1.240560713261468,0.7635246470349383,0.7853392631534242,0.07902562403545625,-1.140316713989945,0.9823857801580783,1.234523145052958,-0.2824374526447385
-0.7657267989883447,-0.5197425501835643,0.01686362429359794,1.3717447471672792,0.8818108936177047,0.13794170705347167,-1.9189453961083436,1.514374963078869,-0.642929484135068,-0.5779154420114254,1.6939391967518291,-0.4740331213479882,0.9585561371552817,-0.2992923883675674,-0.5997986638778183,1.3065227405823883,0.5632361393215453,0.1624589905362202,0.8382531669668773,0.39875739516813724
1.8482415987425989,1.3514363185466698,-0.06050746310596308,-0.6772565122895694,2.0862992361718065,-0.31415272146415596,-1.3009197340694958,1.3094635088255322,1.4817359850435596,-1.6130703819825838,0.563640622500653,-1.0443439079347505,-0.6773602382779601,-0.5840231613893456,-0.4826837294110393,2.214983320352026,0.07393724664664754,1.5336748194652725,0.4458152499378394,1.3081833328257437
0.4597279848076839,-0.6154685235578031,-0.1669532755675171,-0.1402149855007894,-1.377910225015396,0.8196466012253549,0.902750276606983,0.5796161790346374,-2.256839104523874,-0.582803718749018,1.2816611262024158,1.02017666692913,0.16123007717525847,-0.05086411683664023,0.3886761718395595,0.7123805737516707,-0.8981117003554233,-0.529979299908088,-0.007209795421201573,-0.11475243043742159
0.5992762838948779,-1.0908861701506751,-0.9462346816568601,0.46527918584182754,1.5544305153602023,1.3223280628178802,-0.4485225260854628,-1.3432763468359186,-0.4108979485707533,-0.09717320879886497,-1.8881838205076091,0.8051665520381649,1.1985050675433402,0.6325911077267297,0.30994083038485065,0.9854317912082371,-1.2626733923577693,0.8835071275587382,-1.6239865472841,0.3812104840093295
-0.11848085758953582,-1.1335396188459903,1.6609841359470539,-2.0098217021653424,0.18892612082575394,-1.6295055525452955,0.552181921470672,1.1999859793435665,1.1199329831523546,0.343533137045258,1.001878723767794,0.3846991336341144,-1.3649064042813381,-1.8229720491518975,-0.4536110440358854,1.1346285249592978,1.2371990019375538,-0.850115149439444,1.7130295181170558,-0.8628934528854376
-0.31326843176846414,-0.9081484682434441,-0.6052239478896513,-0.47038387580444346,-0.23015055963957795,2.040755877535257,2.352821875779682,0.7799597866095692,-0.23424363481656912,0.3620022644018239,-1.2532756957703488,0.9895303746921407,0.5369215381238531,0.3038635042191542,1.1308015176394048,-0.8323356852498244,-0.10066955306794807,0.021770178748677864,0.7744396720076611,-1.7438085627045943
-0.5536887264784055,0.784075366209975,-1.1244628355093385,0.7822691475154363,-0.7084446290975018,-0.391917777063667,0.40099117054878286,1.0189588994977892,0.13645344623415767,0.3746476125905739,-0.330558819297118,-0.5383988722089711,-0.07861019403057244,0.07037584995858996,-1.3827460645505174,0.9338643738770922,-1.4626659520325884,-1.173624808477958,0.8557180373977699,0.716799452244811
0.6525025971993643,-0.7891189404390481,1.3207361672211435,0.32661672067995146,-2.2367580504604296,-1.186708448963748,0.9386417448807425,-1.2430531562235547,-1.5659106508119294,-1.9088729227734482,-1.8265586374474299,-0.18072454937823654,0.6986473513477355,0.41186454003655953,0.11124970995583121,-0.8161973983795684,0.28234623101780015,0.3482583840159853,0.39865529611213657,0.7939646502321606
1.5762163566065706,0.3478150023381363,0.31290832342481084,-1.2392539085566971,1.3356391973144415,0.9145503946321931,-0.6875269185353047,-2.379056732630342,-1.0059591085297113,0.36610164122286953,-0.0470262044410611,-0.5772298542165728,-0.1401273049525627,0.16389825261139912,-0.26826074526311006,-1.3047484137975425,0.3878254509807413,-0.13925208156103305,-1.2569023793155394,0.5817975768051982
0.8037984211012121,-0.39112859986042564,0.43674746488846183,0.8966855863909522,-1.768653882539658,0.1744426768314922,1.2842942091950842,1.0193635376051857,-1.1725399278402975,0.3467277050320049,-0.5830681177796593,0.6458147420542942,-1.1772794220639649,-0.04285398078017816,0.5673996584077958,0.600388540599462,0.07579539853205294,-0.40537043241272563,-1.5707911872232228,1.3576375609162321
-1.1815207736887006,0.1738552184232459,-0.780798926123886,-1.4248949981582608,-1.2017292233812564,0.5508615966184927,-0.4509619624090493,0.009956306271054207,-0.6900688980544822,0.1463764638756291,1.1246498600488417,-0.02835773449145155,-1.358174055613717,0.19439688770842695,0.2168611191186043,-1.1187378166198712,-1.1315113034613093,-1.660630349372396,0.14532493701740087,0.9691379480684176
0.8050186278724987,-1.7844959769014876,-0.387751660791113,1.5249940827580362,-0.21322598657573574,-0.5566757949265667,0.7644712609358669,-0.2176570975091883,1.17769677548168,1.5858002969076872,-0.3677142219515489,2.0335025501773805,0.12947435924509462,-0.1121065979776046,1.2994411048908108,-2.373317177186361,-0.38018520330068134,-1.2725277131385555,-0.012773144709391249,0.8441849345774781
-0.1006103628847524,-0.21936863859371744,-0.2198720350592994,0.8201090881064519,-0.3016943621247314,0.3011216004648467,-2.1168957374490303,0.6081517910975318,0.6466381729349329,1.2176626895131295,-1.4192409189659523,1.210969989417465,2.9871321163813964,0.3126798566032914,0.895470273108437,-0.7685243362851287,-0.4586223432748095,-0.21167130026316455,0.22987030875144351,0.47919587034367117
-1.4411531838101228,-0.37323753006881283,-0.21910586027248563,0.06851302366391668,-1.2328175299623654,1.3492259009884142,0.39031220616865825,-0.36544074696378975,-0.13694204339521007,-0.9097209964937158,-1.3153107720527373,-1.549796768070467,0.062463430523790116,-0.4265742134625456,-0.997649982754311,-0.89710054189158,0.19533222509303247,0.45230547152581146,-0.9104021523759991,0.2327826047314445
-0.07714319746573271,0.5356859294441269,1.0272472476049854,0.3051470058494598,-0.9868026124543011,-0.8712049501366302,1.4026380422664337,-1.1889922672919273,0.29230451600780405,0.6657152052530375,0.28950863977108426,0.5367503334231157,-1.5947514225082833,0.1410167096559889,-0.12491244489087751,-0.8956236449246756,1.1455198762590557,-1.3162371469094656,0.7318088648046256,-1.689721957856076
0.2969304644256798,0.3341410771734271,-1.4903482997310584,0.02802457041728235,0.07995775892880633,0.25713102314844904,-0.3201715740037966,-1.945895793341151,0.007113745256613658,-0.03756763463356823,-0.6890974304439214,-1.4598543983807588,0.3369225637013616,0.7963525396033859,-0.6871611616471808,0.3199344059092136,0.35196739785692205,0.9990305565050798,-0.5745677249769868,0.9736164041189302
0.3433091481412099,0.4010365005043169,0.6714305729550006,-1.057630720626634,-1.764226881869592,-0.7648576884075656,0.3858812168434636,0.17266528370155018,0.43161980402932104,-0.5990414079434538,-0.2552807139926093,-0.8256836304506369,-0.9180145541228886,-0.3410731276380515,-0.8282440674504526,0.36196422729405325,0.9721818750967998,-0.6910085626316925,0.6967258218828007,1.4377547839310263
0.45982120253566156,0.00651409838220699,-0.84482468956278,0.40263129699589806,-0.6264159037213293,1.2192814575708781,-1.6658350592192384,0.1767834303067935,0.1415576820693549,2.3420793157601034,0.7204809512006476,-0.6959473626215289,1.0419871899127577,-1.8113811525419574,-1.9352818784808679,-1.30857183265252,0.4604998186332676,-0.8715173068633726,0.66116861553157,0.1974689199317126
-0.9696380050310831,-1.2784633763943283,-0.406302737257966,-0.23462849995659968,0.4402212470732488,0.16064805645275046,0.4742633914800616,2.0224793502761917,0.7578093763407218,-0.9019726579192964,-2.0969277285992,1.553044941215601,0.7104528944476195,0.513873544538881,-0.5096284505873498,1.1027117444551515,-1.364272927546722,2.060965319442532,0.9602142676948535,0.21803716985549187
0.28225404480312094,-0.6719204600012915,-0.6975277291624518,0.457143940656094,-0.11094254608317364,0.5973856735147601,1.2139075432859114,0.5769364766773544,-0.874364675656496,0.042341331988582524,0.0528623644649024,0.9858822446535078,-0.08639324518221372,2.238857588200495,1.3457896266242202,-1.1079269123294788,-0.5371986219468772,-1.189360669398565,-0.5770440230342626,2.0153441251251647
1.162637389193299,1.9477545222466484,0.02785792523139872,-0.41506970567119605,0.05745439518618366,-0.7868138392638925,0.5013054735865722,0.8651625278039051,0.24254057409173657,0.8820311634785991,-0.47667903993886496,-0.5780185495803293,-0.3212769261071948,-0.7027747603609251,0.8086285567862153,0.9192596611405689,-0.2839688751724877,0.7867051554234894,0.6950187289176505,-0.9211850653882534
-0.65392586529177,0.6094529381323411,-0.8458388689324037,-0.20521940704821856,-0.013571753052653622,-0.891790833842238,0.16167344524192107,0.5690156407936553,0.6787007825638778,0.34538661165805945,1.8365967075815128,-0.12460364015616446,-0.6704079341148649,-0.5189759590851687,0.29775792730199213,-0.960838460538476,-0.861259483261332,-0.42485239696997323,1.9357960607344542,-0.18649889653114482
0.04077837041916418,0.2014289937927529,-0.4111744714218613,1.24049862624589,-1.7967810265774218,1.4772491259145246,2.695093982548571,1.452871010875104,1.2835133791905613,0.4025294601583321,1.014790066297048,0.10858063438198519,-1.1535564591893808,2.3145999358422267,0.44830774670283174,0.3644712720292234,1.1221392667441048,0.43640973705011926,0.3816846808471107,0.6373604507957319
-1.9647834670040563,-1.0885388375154197,-0.1396892188764723,0.7901920983990179,-1.2042564153278308,1.4728090575309227,0.14175562607213107,0.7597969100191333,-0.8397468351853072,-0.7487013877252867,-1.845084822054378,0.1557493935779505,1.2836883118840863,0.7923756109912692,-0.6420380482658269,1.7927876069936528,-0.5521732143886824,1.4043250462180792,-0.6106252336744185,-0.05491497085516859
1.350772665798354,-0.529361506365493,1.1117370403466176,0.5452723490556591,1.8026112410770605,0.2965608069389526,0.7933689765717256,0.6142030878090058,2.1273211288660425,0.7631928656527454,0.05611396463769591,1.181832036743417,-0.29414357697231913,0.5706659130491571,1.5091258799733986,-1.462957208835996,1.161393347104951,-0.5694979629721342,-0.5175782268698436,-0.8881982976005819
-1.9080931657660811,-1.1271981153867878,2.3066659298967207,0.9104386277465264,-0.886819441669298,1.1708880016557732,0.5791173613848973,1.4157039568719618,-2.5145210484002414,0.4756708620798913,1.9692888740465406,0.18927139831136447,0.537346917055073,0.22480583896987344,-1.1915151949181209,0.0838379951154943,-0.6155104900656047,-1.835269692191307,0.012905717754715992,0.21393727037293922
-0.2725327297970727,1.7465182620910573,-1.5497014315388722,0.5148792680650228,-0.006468646286099928,0.8649229299763933,0.7095565165464695,0.5766958215356949,2.0919050984803325,0.4819487465886954,-0.20556285726550474,0.027123382290790067,-1.1694211884494077,1.5900059085534275,-0.23916806875560434,0.9307183300874858,-0.11745958104804857,0.4393463000111623,-0.41022771892675397,-0.3703128304027333
-0.6586047164189088,0.3719550495829821,2.4805881069467306,-1.8723976543790426,-2.28235500566752,-1.7403077198078016,-0.98900036398542,-0.6198133456313029,-0.35317737393904614,-0.32715870418558807,0.9335462344936801,-0.7504760957474079,-1.828191933340079,-1.379335530915331,-1.7577153205089273,0.6853037902801872,0.5894433632257288,-0.5257430676252803,0.7957747109807902,1.6597125632720786
0.43523522045288554,0.531048936138403,0.4483507165455824,-0.898433157125665,-1.8880512089858044,-1.7487318139595405,2.716857708053339,-0.893098823052296,0.502690076655109,-0.17857471092587773,1.3622993229017701,-0.5252610435524719,-2.255904212493724,-1.5570439417487902,-0.4647306127382636,0.5934158347574535,0.5896068712498668,-1.0449306489244832,0.3546113808672674,-0.43545211401868295
0.664511402114064,-0.4181292086350256,0.5670152765252381,1.0804639732529808,0.8384288882502252,0.5610075997059216,0.8364264345737809,1.7238624133833362,-0.7183145790576831,-0.13162442868854304,1.5522855435598706,-0.12914664743818774,0.9211528586707044,0.3257488639572413,0.17562060135516577,0.911270134551586,0.3782235498744593,-0.5589114528033412,0.9361279281950232,-1.4965322229613223
-0.3113990672879989,0.42663910577610814,0.40389265536547825,-0.43382929433889694,0.19029955705730875,0.32935184727208233,-2.0748148459163236,0.36180984364509916,1.0954463187818007,1.1943856471939835,-0.7560652191860368,-1.439136105103467,0.44986766626256613,-1.7890232868319427,-1.0606685707242376,0.7944914682453865,0.6111264328079988,0.6803511593694368,-0.07803274093354262,0.5305707392501381
0.721871488108657,-0.6110185728037567,-0.6527367598124423,-0.10877392885770766,0.49712856174634085,0.5942309998215572,0.21383947786885732,0.16230095200121716,0.10698024274295265,0.5798487441907109,-1.9112946997789193,1.0350578712389813,-0.30095443133934513,1.2507940483539561,1.4593589225091477,0.06929659289486984,-0.13843732350749074,-0.7532738963789799,-1.4294668998146292,0.1869961078555029
-1.4096826981276303,-1.0667203822571598,-0.22098672948617862,0.04442905991823883,-1.8044692185411062,-0.8363236983417002,0.7584414906805884,0.7911694690690402,-1.2467504582630875,-0.025551611975008923,-0.15539285545341017,1.0629623319733101,0.8442297329563622,0.1625829547765274,1.192839983513814,-1.580847972539171,-2.0759347524384473,0.2930943507231557,1.3506909385744619,-0.15558681266955668
0.19089260702402294,0.10262723814430608,0.03266148049952629,0.9055458685669456,0.39290639435370117,1.2283146451268974,-0.5681833101325466,0.04404721838506343,-2.407193603794392,2.1993385897669433,0.3452246939286481,0.6188901018912615,2.2692074070427717,0.5062034343823243,1.529888084974638,-0.7064401968033953,-0.3785654174983458,-0.24021380544902848,0.14362305085927266,-1.1519990566240914
1.1969919621475544,-0.9514929018408417,-0.0996205072969599,0.3031652044699748,0.7873950065530914,0.49289473535590683,1.1886490208406624,-0.8487432287600182,0.5243393722451909,0.3993668097112288,0.908546870583819,-0.912376484734525,0.15094409129740619,-0.7417249765376066,-0.05665607216680215,-0.2554772939312984,1.7103159079525652,-0.5057196759798058,-0.00932892234865431,0.5418469565060268
-0.739936850126231,0.8524767526706862,-0.9761448918439223,0.9292689000782477,0.374519119340778,0.39398237848308315,0.489340285823596,0.024277988220038606,0.3410410517062421,0.9807548753931489,1.4594141876656552,-0.49411636483228843,-1.3560882258996307,0.027242035171008743,-0.875304532504513,0.24938282607746431,0.16526375847128863,-1.0492240937339254,-0.8337477940893059,-1.4080011752176456
1.6276342020578074,-0.454122025958993,2.8433597342169508,-2.445489548700986,0.372814857907414,-0.07955902001187298,0.15616988055209202,-1.204335533032654,-0.6342205508172498,-1.0411230646317788,-0.400164556356423,0.20570352496523267,0.48927470468042766,-1.469700078312407,1.6393917647582497,-1.3503722157663927,-0.8764870447419251,0.21330423234330034,0.057054650507478565,1.4838443451595547
0.6135811220564338,0.8256307502123287,0.6621089920277929,-2.0095976048308484,0.47368811525955223,0.09742687964494674,-0.06566276664293429,-0.39478225772157477,0.0844704859336811,0.6038400704288197,-0.8559932090534316,0.13724268934553838,-1.4729335464468476,0.24221125015088962,1.6168499598111201,-0.7332241809589227,0.7577708387114069,0.5937365065814894,-1.698126799214286,2.2275038293171114
-0.3724706925364692,-0.27490604702415367,0.17529422555997695,-0.7089346689890802,0.7138919492987212,-1.7129042361888456,0.45022173958273054,-1.1890296313865865,0.5982281343128403,-0.18541502439863577,-0.769348534567341,-0.9001191531020751,-1.0951352212029863,-0.3913289970958851,0.11019690326950106,-0.6029995557849785,0.6522083810032224,1.041699277248973,0.5585572071760581,0.597866012530687
-0.281814738333354,0.5779053577201372,0.027864644852173236,0.7250547474113376,-0.8550686370537949,0.026291308319449567,0.19006768684178288,0.8200886233392924,0.7577556112007897,0.552231852990018,-0.5899471341636425,-0.10018514671340817,0.7113912518121135,-0.7715329903102764,-0.9494964295528693,-0.001049975246851213,-1.4012608100290853,-0.13705079754495916,2.415144181674006,0.409405796971474
0.49625352574072507,0.4206829443262628,1.1997774703644604,-0.3233616721684063,0.3336655913001789,-0.6336761361105615,-0.5405477863878627,0.8648335946801237,0.5304104184055769,-0.5337257826921715,0.5122743909767654,-0.1216316302435226,0.12821210102077424,-0.39334374929821736,0.41302626334661025,-0.17233537304561142,0.8356759306306477,-0.19195157461993476,0.3445403288824693,0.36547505485980963
0.07684667264675944,-0.4310875612153439,1.2437954324737155,0.059315895819705276,-0.5896406062157744,-0.4729461260932219,1.4899546433318553,1.43457733418198,0.5377145901978612,-1.5315337178775439,0.8193032132877219,-0.6936184774874422,-1.2017461746905282,0.12561388748286856,0.14211005117447092,0.30065641685026434,0.6110262989729672,-0.5829864286535721,-0.6693889623614946,0.08428829164300794
0.6581605572820319,0.6987570148549832,-0.11806988053357895,0.370476948946152,0.7743885290734939,0.6476643575346417,0.4009085003179489,-0.04360087725559616,2.3501521140224,0.6823936858339397,-0.23606681380050518,-1.4528646572828645,-1.0904994294343626,0.8621680989135521,-2.224980303116959,1.2547733748116718,1.4829782542730225,-0.7785795424384188,-0.8556651597200489,0.37605341502910505
