X1,X2,X3,X4,X5,X6,X7,X8,X9,X10,X11,X12,X13,X14,X15,X16,X17,X18,X19,X20
-0.8656417759509492,-0.6074129642951176,0.2187856423119056,-0.531061896189012,1.9136534884874157,-1.356773678591294,-1.1219806895376985,-0.312547761268877,0.9859612190740699,-0.4148145253075192,0.7340267298573289,-1.782575777672633,-1.4656664297708866,-0.04110466134546868,-1.7400872707614123,-0.2963688222327106,0.6191440580570553,0.2816217704057191,-0.6327108207216855,-0.5082612310468857
1.7055825536033051,-0.38128666040281894,0.6032576123399809,1.0866005411765558,0.0006512635357953027,-0.35075574677228977,0.5847248715715327,-0.21171782301235223,-0.5176865550876966,1.167878536684249,0.5695680072892816,-0.012536311257217785,-1.2339676703163103,-0.08428222838431815,-0.004589382246752908,-0.7116390658267355,0.19328728517587507,0.7960474287775893,-0.18212144355604207,-1.1114184887277099
0.4910791963610693,-0.8846092540931729,-1.3444009601955444,-1.0042434167241816,-1.6776393193360366,0.13223111180434316,0.4416170370243379,-1.0420135166492783,-1.5299070513341786,-1.3576917757665454,-1.0733775456709473,0.537706613329961,-0.4826986397801924,0.6678994751672135,0.6358466041959607,-0.18369090797231025,-0.9045269787619382,-0.24555300561434165,0.9332357980188752,-0.06897529951437922
-0.23673432828227434,0.5558689881385328,-0.4245260211379522,-0.47671480940421224,0.7172582524817545,0.7133293210193941,-0.4389055432024941,0.737030444549974,0.6270411607955306,0.9614794221011534,2.100856665500774,0.887947569664458,0.14011183168360886,0.8161731088881655,-0.4360942109963537,1.0281321423134415,1.1241835901305932,-0.08228408839593017,0.31585972555463404,-1.241236534644872
-1.9797493824577193,1.733499467433374,-1.530752945153667,0.01826497541151225,0.1189635669787818,0.7609608904149823,0.5387099397314253,1.2744196824152079,1.1501002293377067,1.029520380953902,1.3663282889467037,0.8607247826383817,0.23230026617908464,-0.012058403291076132,1.0216448986620803,0.3949904043319089,0.8806385315241457,-0.4317647634583598,0.5607038548292296,-1.3934834536964318
0.2846168472831499,-1.6894753842056904,-0.13096345585285132,0.04076979274057543,1.398065562545819,-0.5117651300650055,0.5081397800472128,0.871044743061939,-1.2149333436122782,-0.28485093977932974,-0.3458425429308972,0.10986504926636002,-0.943714045615663,-0.10029018235716196,-1.553134665056976,0.5413173208825663,0.13945122374968358,0.9850502629119038,0.18150668145991547,-0.6937345909004801
0.9141115583502942,-1.217549692300488,1.402619809477739,0.09849986674665502,-1.9582537676772176,-0.14158041612194522,0.719324308637491,0.24423265641084188,-1.062121475172644,-0.9926002238613497,-0.9449589954017462,2.1861109203460307,0.7587630326995178,-0.43605131418872217,0.7189491427962921,0.2737770867102689,-0.051518397695732944,0.17449403417826573,0.8682878873856853,0.5156332843232327
0.7744471901838629,2.221767350549839,-0.8829431631473383,0.6011551869751426,-0.071453822339459,0.8000872721157559,0.9308321783479812,1.151284606119885,1.5523974336495805,-0.0018583987734578273,-0.1101159766045074,1.2613166171161396,1.4905257731423625,-0.028795107331029954,1.323189418326004,0.5441748981704423,0.8233181329432038,0.2797599905237682,-0.11435696707915906,-0.8108294782971547
1.005927562477404,0.8648236721410629,-1.1244139975726861,-0.04204519101434596,-1.640485726708827,-1.5048621081576454,1.6036232568305104,0.3047290870901544,0.9218009128134514,-1.2560580212340198,-1.2637625453271342,-2.6554130388452113,1.2203772753980215,0.8444038360336747,1.4907618584148448,-0.2816186969468711,0.07049344108537221,-0.06204791535991423,-1.6061422479593201,1.3220314341992447
1.484698986805806,-2.01233766838878,1.5888837467096253,-1.3646066873272429,0.06311486120901554,-2.2670581432041628,0.6635498434139485,-2.1352106085469917,-0.9829768101803841,0.41835497262547366,0.010991722643746258,1.0161561283851206,-1.41404897410363,1.2890061910885575,-0.23866579206463925,-1.8822649699942589,-1.1453062476133855,-0.5799906623495636,2.0479727433839465,0.4443745996347494
0.19339313467678082,-0.3184284025964964,0.9354510057885076,0.8817476939827801,0.4653925831078008,-0.12763301418512016,0.032761184904159836,1.8107230534288115,-0.5796290201064414,-2.1057928908137953,-1.5004886542780393,1.8319129874055595,-0.6985890602048105,0.21176032677302742,0.07594737740762318,0.714696739873964,1.3591968730160655,-0.5459423122092747,0.6960630479811541,-2.2519618910199197
0.3097878158611122,-0.18191115974888028,1.405848796838261,-0.9893591523619718,0.21903432106336967,0.7444955560218112,-1.956454583667041,0.370488058080394,0.793042779380534,0.24099068199032733,-0.449752725708904,2.352472140980886,0.13610277494610643,1.0903335481938556,-0.14667995247341759,0.10702714893029384,0.12039911540143353,0.7020193407974573,1.2554022811400103,-1.3899386740957749
1.2294613619569916,-0.08239397935778342,0.7722106170611639,-0.623552312441656,-1.8937812573703874,0.008144448765663838,0.7248481603387527,-0.7586801643742357,0.6188181685588079,1.2851135620917546,-0.35385774828861116,1.7545779097065373,1.3145402575039065,-0.7205545870764362,2.110820127409147,-1.1574879407032275,0.9152160614222747,-0.5768429245259737,0.7573447404323902,0.05645188327867088
0.026621549421058124,0.011794456845360058,-0.15356384371853102,1.593010153952734,-0.9546294665258169,0.21024548987372468,0.8810591082311379,1.5351213699624289,-0.05548098349546941,0.6550106268183643,0.8402377276401681,-0.29454011540469555,0.5341871400641649,-0.44388931829983574,-0.012315163847596493,0.29746476518367826,-0.05277365446929319,1.5977496959351665,-0.4192213497857878,-0.019879779238588302
1.5837957611275797,1.2621539053006088,-0.5759365751497525,-0.960757949814781,-0.4829706154432605,-1.0497165357069114,-0.43838037321636425,-2.3111755296804404,2.1777140952359795,-1.3164060895583485,-0.7758636771040507,-1.5106169703605852,1.326807628395851,0.06581696290436671,0.3852938534862882,0.02953877089554786,0.5248201912630053,-0.34451496503867685,-0.7089973527698659,0.9658503985179219
0.7670204438362552,1.5775634102008993,1.3548818818958048,0.011163178200435437,0.7369723079474496,-1.090866048642622,0.13404386246797884,-0.38593899380817265,1.9552532063357346,-0.13139497096791536,-0.8071058435300438,-0.9829742107598116,0.6519554290330688,-0.6258421542388453,0.17419801250443542,-0.8278130724468596,0.5283079793994935,-0.5244019550623528,-1.1591560269112657,0.2543648795394651
-2.200222837954048,0.24551086724400886,0.5571873612735595,0.30524054639713566,-1.1230376734158558,-0.8432599986591398,0.693012689487798,0.09251959047035378,0.25883374528861774,-0.545431559657573,0.10596245147486287,0.07251891432269424,-0.30158376993269725,-1.153397840109694,1.1286140070614847,0.4657998716726365,0.29423052875625966,-1.6033057215356883,0.14918053339117843,0.3523912804505467
-0.6368717575333201,0.293364446429448,-0.409757585267326,1.2447560843914736,1.2817224167904302,0.9752173886661424,-0.6200612168742339,2.4495737482878286,0.5168185174180233,0.4833716354222,0.8988528748737973,-0.9988362887530513,0.19853378295265936,-0.6592229763586509,-2.1601419389665204,-1.352675324105219,1.4210866072684034,1.5527381656418664,-2.151256557520007,-0.004092012322504543
0.5415902390192089,1.035301641532926,1.8841016281422371,0.8905587248527964,0.4840929109932405,-0.06460717620976446,-1.3573387728553286,0.5686406360804559,2.3334575527494525,0.01571332461207517,-1.438156202587115,0.0018475002463747751,0.8402243871868001,-0.5707560009434305,-0.5493217965066874,0.2602590568299623,0.9274053015347662,0.9175231830229565,-0.45392959967313123,-0.4773205063354049
-0.03532993032641871,0.12438593000353726,1.750565943134539,0.16806325500879188,-0.8720218745312187,0.08371393752766955,1.2153503828239491,-0.3383716735163166,-0.9195557093046172,0.5970108155974635,-1.0442676009283904,0.6458384831739772,-0.15668392107110116,-1.2483028848701534,0.7536196206976233,-1.3254715686324279,-1.1552741976032541,-0.3581476378843305,-0.9514985107016373,1.0130582925636489
-0.3383722926900837,-0.7193232799491398,-0.7547494252229353,-0.832058630204884,1.4256891176924202,-0.9597199914613767,0.9260187291488997,-0.11334898470860462,-0.2159077221487573,0.24919775648244463,-0.7302448101939212,-1.7095973050208193,1.838953571454792,0.48103842132007896,1.7991375447287852,-0.5871897587980597,0.23386749227582812,-3.4519523892664594,-0.02237981299694075,1.8733803653822985
1.9459771193378257,-1.390471639385059,0.4736612456774585,2.217881379992161,1.1703273318831533,0.7488693405077868,0.2479959168237555,0.3416590094683154,-1.6557031270499607,-1.442347208287269,-0.6617609090380479,1.548421691513735,-0.11506969977625503,-2.1371803408225207,-0.3339828052780811,0.8758258991446428,0.13515922807148967,0.7150960790078207,0.9838494900758841,-0.25740876304976007
0.6218094838921129,-0.12930182282681116,-0.40779473423135015,-0.8522666594249367,-0.6686955707326152,-1.2804484853542402,0.7273221257573262,0.6806639452719168,0.1733843376332306,-1.0025065377665425,0.2662286382730686,0.17823838868170735,-2.4833946789366204,0.9614965253500111,-0.6321496375035608,0.3677158650095469,-2.0244035449294344,0.8030024925189926,1.4063426151383813,-0.2306814591290406
0.2850787084651901,1.7262838855334641,-0.3572962863978445,1.0893549760771275,-0.059662763947659375,0.3066932062249096,0.4100720688965536,0.8843439571037182,1.322473029073814,0.10828660932911408,1.139593784083963,0.1559489683408328,0.016305958485086036,-1.0559227899466013,0.10163451134061796,0.1800697812478689,1.200778034249377,0.6164637824990987,-0.3561186618811163,-0.6775742921160008
0.9549733480977504,-0.7290782770402996,0.6912793746781041,0.2025514391328371,-0.2997820879110487,-0.13259206625749265,-0.2641055456531488,-0.7889969256076688,-0.9900076121548723,-0.3268182659694303,-0.9227698555913268,1.075031400448194,-1.335029367462426,0.5067589200347774,-0.40419101734723134,-1.2064855702125765,-0.3216647347364292,0.13657406077376716,1.0950581998306472,-1.3950892548544538
1.6483904996553513,1.1988968135786968,-0.754129350235042,1.5613668104034792,-0.7513994100912231,0.22192188382495082,0.9754676215107364,1.8218972313719268,-0.37612771830233727,-1.2456857188494428,-1.1690682209178103,-0.5605803752555671,1.2408464167144653,-0.9726659359106009,1.8857704445201935,-0.5304491847768916,1.2082743852822824,-0.7801627641700553,-0.8232109733514366,0.5147137688978144
0.7712679434144332,-0.42429079062094976,-0.5783986085412451,2.233577994420571,0.7387361747377953,1.2618600870719066,0.13601790858431517,1.2371688187827516,-1.1990839282655332,-0.6803644872889517,1.1154622307699336,0.9687908574922588,-0.06112136594470365,-1.9983216315887098,-0.2596764608117074,-0.43926460518344185,1.0902013436759241,0.28560575677755434,0.19688618864159424,-0.6499870168591215
-1.8436650095889593,2.115082887545476,-0.7793367745483428,-0.3211298271743547,0.051652534182198936,0.46658768151444174,-0.27333243445044364,-0.17151020510254025,1.6658147876644165,0.31639995354967965,0.5529861649803649,-0.878850922751798,0.8756160391687413,1.0191710934807747,-0.8428215839425083,-0.2475854118572414,0.29609737638193523,1.4602895128729594,-1.4268168768539566,-0.09299966255255274
-1.2545556977414198,0.934193965124132,-1.8303680939644773,0.3300500357911801,0.6652457184028433,0.6701485075947453,0.5574736937989359,1.2984484473619253,0.1856406417454532,0.1363437641794204,0.7292981876553623,-0.06060025213096463,0.7616608118997973,0.6054538034734118,-1.6217786882483969,2.8693215375114414,1.8295310510017444,0.8980185582060253,-1.2382255174075336,-2.5335676537440732
0.6583601137254266,-0.9706241934073011,1.2045633315999107,-0.41930087100326807,-0.5182688289972259,-0.8054727130284154,0.6911007323411347,-0.5041292649693919,-0.3104482159225452,-0.7970752186794492,0.2794825708090556,1.8970931326346363,-0.10178422146297918,-0.42522732810867825,-0.007767382104964074,-0.27446979817062045,0.6926778603453402,-0.3414577812719327,0.8426273039858497,-0.8365718370284
-0.31207407195275305,-0.5135672644944123,0.5480774667824236,0.8937965814294329,-0.0487564922408789,0.4132726075438781,0.16610220816178145,0.22609967610488746,-1.1250519022784955,0.7077503937729551,0.123499499703431,0.13694007782580245,-1.1005915336054357,-0.16424841262582238,-1.0510249010760626,-0.4526231189307618,-0.384687780547378,-0.16172485228674302,-0.15947207511100897,0.04673283949870087
-0.3904437528851591,1.3905709188907225,-1.3661913629627296,-0.7695366568414357,-1.2310475712133913,0.3614394375022321,-0.2588163689317619,-1.1758476709080676,0.7429832219993272,-2.0560793278568177,-0.5477879352390965,0.7014629485680159,-0.027160844612908228,-0.02061044313398374,1.23487674918014,0.08175503477219656,0.6485805220893928,-1.380519574508701,0.6238641519407235,-1.029070908581917
1.0015780433495687,0.6841903275854366,0.6772551811775889,-0.02380395100162253,-1.58172058641464,0.9548858025497482,-0.7867579170868917,0.13250646968217264,0.6424173927277981,-0.13757509577195745,0.1126867876813148,1.5157794591868243,0.3677597076484072,-0.07823204634371568,1.5685836726653317,-0.4776646450037369,-1.6017195274091443,0.35234398070601314,1.4781091319126596,1.2561238950502562
0.527152516695973,0.9923353105471702,1.926102199762942,0.7052688232676417,-0.8197061515836919,0.5279622756221802,1.007382891446675,0.8311662306329443,-0.46931536333216783,0.06490910992154747,-0.8460338093889225,1.5707927311490237,0.03207660099725638,0.2926519785870316,-0.1330452159375291,-0.8691610638491953,0.8102255060365204,0.19836645542334286,-1.2562587908337892,-1.1351556423963922
-0.6833720032589025,-1.5602037461415759,1.516218017340658,0.8650447636614074,-0.3392024341700975,-0.6763775373883957,1.0852959866188325,0.41007292721000954,-1.4628595947195626,1.3476791715189336,1.357310694560702,-0.3014090714657715,0.6642726052525845,-1.1057295966110714,-0.1615072769202886,1.1226893782908158,0.5346939632692327,-1.0027638030375354,-0.6629710076717601,0.9905636245206255
0.25675043201241615,1.355982099143913,0.03563582405272707,-0.386060747785035,-1.316485776130008,0.5800326622216205,-1.1173972536723644,0.48697191299590287,1.3077115979189247,-0.7741077009876153,-0.5035169749884039,0.7757027948420018,-0.16638967506394853,0.6233906161831492,0.7823989871948055,-0.22700837381253205,-0.6433551429887657,-0.7918517864487573,1.2641191198806117,-0.562056002161545
0.8245773752841602,1.0532735830218576,0.5715023761035898,0.33056893449267827,-0.1634821016490389,-0.12203537611828376,0.4121898143865818,-0.8425790421498239,0.7312580179069744,-0.0039462163304071745,-1.6526314425272084,-0.34003881195912944,0.5625527131951077,-0.17022676655959107,0.7331037872916869,-0.9458112311384814,0.5710202776405111,0.17954290200357345,-1.113014687194889,0.10318479067314203
-1.2630272165238545,0.6493502641552045,0.9699372253529406,-0.1466973865628754,-0.24045180880102004,-0.31778989166828303,1.188495232398462,0.8110454417066729,-0.3043563414845728,0.9843056913451609,1.6244318936482907,0.6952898254146936,-1.3421433604587454,0.30939358616701845,-1.191787527301832,0.3455371368355512,0.16561047913182272,0.07536663514700868,-0.6837682470991264,-1.4749821446655305
1.432434434040984,0.7229450130000834,-0.8827097880013293,-2.3520964054049514,-1.3270217053476572,-1.4875511064136757,0.8392248992766221,-0.5002896581705077,1.478349133517524,1.4247063498068486,-1.3466297958872586,-0.7804891677480602,0.9320538046612018,0.06796809202277217,1.0463734122673654,-0.7473122480389366,0.04354769817821591,0.617811737818842,0.10397559893263811,0.16908194684140396
-0.2858125838917141,0.5073878083571554,-2.541421441096437,-0.4789363510599765,1.112827855427563,0.8111798927982542,-1.080335322231187,0.07885285421989754,0.9333709148620785,-0.6463167006044288,0.6777374165963622,-1.5708567320210605,1.0216182220594605,0.2725463687242861,1.1242177752511664,-1.015557724891446,-0.7589950727926579,-1.1713086668554962,0.6569592426581549,2.2869021114213353
-2.65269574867423,1.7883091051162323,0.5711093734307456,0.5220308190190408,0.722219612453422,1.9180727455288127,-0.3286657016548131,1.4816433807771265,1.3507561833341135,1.8664767648438396,2.0748017940467767,-0.4279462432801986,1.106076118260641,-0.46148894197854584,-0.38077020536038086,0.6129203258293804,-2.22994823220614,1.667808376987778,-1.7488841443250227,2.5300496510142247
-2.0098060195426912,-1.0390112335841304,0.48849116601804615,-1.7845151774268118,-1.0276668433295466,-0.9408391211873885,-0.8981429741295593,-0.678082862859867,-0.47351606957521253,1.5978611674619194,2.0075414575192747,-0.8968691673940139,-0.9113023543699513,2.101956593151699,-0.9261912017034042,0.6323966138493798,-1.0696330835938648,-0.0863687334480078,0.4557020225069661,-0.27354270344519754
0.7956449606440932,-0.7232027784820305,0.35706839424944253,-0.008568381592180272,0.5143521712873644,-1.0218114179661715,0.3181435266610671,-0.4094977564707071,-0.2933378710343321,0.034445175886316425,-1.1959486111787472,0.6023396770907803,0.5434635479938684,-0.7258788214540534,0.5807233258718374,0.30313978767373356,0.3881473668165602,-0.7793860637693368,1.506695327917082,-0.1150201054565621
-0.8466656511986108,1.101538902896342,-0.7791120355614807,-1.31745958333885,1.5960341853539513,0.81434950765109,-1.4406500995057894,0.5306422892982012,1.2211841618800339,-0.2959096658440934,-0.6883567444610826,-0.8306820725944789,-0.19083253322028157,1.2070797897131682,-0.9680971968627295,0.039356561939637935,-1.0653572285967765,1.3539581656318638,-0.6440110196165908,0.6900402696616474
-0.2925227405535874,1.445736381412719,0.6178402314459199,-1.5606928445140154,0.1890131577774542,0.10476498767434217,-1.2621336421340346,-2.6868649380445273,1.746789806224073,-1.2786283961405338,-0.9987935962749537,-0.10475589699129026,-0.030999131220172137,1.2664476751244031,-0.21018632492926473,-0.8208640063208421,-0.25795438191509823,-0.42527552828084053,-0.5501109634716089,-0.058365923349545074
2.64451305706669,0.32201275190018563,-0.49656587946196823,1.3993055673233006,1.2419831456212411,-1.4020674239991016,1.8208066636789002,-0.666126191643807,0.1028816871855803,-0.32938139258793997,-0.2695831544784123,-1.7345592550578792,0.27387132508008355,-0.8452010891183183,-0.972583973033141,0.8102793753139323,1.1490414086584293,1.3370477498964175,-1.480416411965386,0.20362647089238356
1.6626061384000248,-0.3170248001269059,-0.1746566024993819,-0.27254443502369824,0.2560478916143734,-0.8142612667768852,0.8590989844749681,-1.2277830467660698,-0.6332459053508325,-0.929122738519113,-1.3040289387007284,-0.9192478644555425,0.016385631800853367,-0.652639061787644,-0.38610169971707964,1.586967593392926,-0.14956774846501877,-0.12632469604337687,-0.6897569067431473,0.3865934688210625
0.28307363632734145,0.25097310425140906,-0.33878525697542133,-2.073365567612359,-1.514115650905969,-0.7147464925484314,-1.2567313082291887,-0.3087450838558733,0.9857315385441263,-1.4849409040781207,-0.4459581301201058,0.3084174078072509,-1.3915141592208131,0.6408722595014101,0.503446184818861,-0.6371471030424786,0.07904132469721244,-0.9558637224703022,1.428952267617526,-1.5076778833367586
-0.48098339212868924,-0.0584640756574462,1.686414628731857,2.2293686462636186,-0.5574494362513097,1.1461995401701333,0.5935108816200332,1.106080092917765,-0.9156423359085127,1.2655663289497077,0.7190877812114727,0.4498403191482172,-1.1375585677726794,-2.5916799277225215,-0.8858123530452825,-0.5014380336412391,-1.5541761402605572,1.371650811847887,-1.1224538012543253,1.1044692229801718
-0.37903753959212644,0.07789675349981051,-0.4881034692855316,-0.20416574634670825,1.1099877973117356,0.9743401173124782,-1.0451870230883227,0.7448774223370747,-0.2050573456632071,-0.05241839937130928,0.9527202249560398,0.7914900687261298,-0.37073527579035925,0.6102337213161758,-0.3426609304625172,0.6033266675538504,-0.34145930878217695,-1.033071560179041,1.067489741364723,-1.0938403675625838
0.88327990618086,-0.6911733236804178,0.3076239022321403,1.2923698481467176,-0.9310401481842017,0.502479640604418,0.09703690596991067,-0.3250550610724337,-0.9937856263034978,0.3058356086316642,0.6692693525619062,1.3126583496987607,0.5098907250629476,-0.6307743081090866,0.8546503523513469,-0.10369807031607245,0.7490305898582053,1.5113638845169366,0.856240095012779,-0.3253956842344117
0.3199861404420851,-0.26881243393940746,-1.4437151751637696,1.8841683691568496,0.2762363645214417,0.1476481817905942,0.521662517587673,0.13665110627836805,-0.5591103735111124,-2.220386008568228,0.1351937063568965,-0.252091876617223,0.28323462877999694,-1.1165978707293296,2.0872977381534286,0.10549853934867227,1.4840132309041312,-2.7711901627718034,1.211308978160339,0.2513187511093336
-0.4037965154054813,0.03497271012818765,1.7812285755073212,-1.1514157022983298,-0.08745486970848113,0.22463996747840062,-1.2131557665895476,-0.41802823596885014,-0.12312045451499387,0.8935355148349813,0.3645644445974204,-0.47046616142649317,-0.9228316559904319,1.7872213239880212,-1.7641269905793928,0.4483471050050994,-1.3900725750663432,0.9392858983677552,-1.2916977310829931,0.16517932898588997
1.0828405667049956,1.334920982820453,0.12004140273571816,-0.9682795569698325,0.8958962863375416,-0.5749766269012803,-1.1660806651337055,-1.1679260764056474,2.408143186919861,0.5260186062363695,0.48172208683353257,0.539401311729852,-0.8315734160157858,0.7368608543842617,0.2187558234518659,-0.6330559028520555,-0.017566402199228524,-0.23418086328800114,1.5687666237525013,0.12479214674441463
0.6309757569947297,-1.027020425474455,0.04121764855757667,0.24786725104052235,-1.4256457512221532,-0.2838177141448687,1.084369198855043,0.32936469098191257,-1.9726935078193255,-0.41394108448631645,-0.6623199521041987,-0.47545851368777226,-0.5987631066319348,-0.1209149295049925,-0.5627570777753012,0.6474542174476973,-0.17929858618042271,1.1243631449317806,-1.1517919647805814,-0.03583123382589077
-1.5165454057348375,-0.25832631528742445,1.4790054532348091,0.49680596553856077,1.124492142598635,0.4443832823218609,-0.3447331259136367,0.07536507652529378,-1.1810335125910414,-0.36090296981050946,1.3757695545450592,1.453409817092083,-0.8185333018701837,0.2993965887131928,-1.143578516833734,2.078893098141402,-0.24519776401881194,-0.5038053322358991,0.11523047700295798,-0.8522794690495745
0.8101252128592513,1.0635672714610604,-1.1311754313491507,-0.9572557230963958,-0.5846912535722718,-0.014767652679874189,0.9478130506060184,-0.030686578239905466,0.9019066457761673,-1.2006837694359354,0.1357344199532162,0.32350673888950715,0.5989617181137455,0.45511085641487836,0.46830525254331673,1.3380260597643336,0.17128454911322086,0.8767241748049815,-0.5743900805702099,-0.20483664820782377
-1.1981478912183008,-1.7943713921470807,1.0714386741200677,0.40143259788775104,-0.21462161139920882,-0.8678619404955984,0.3398063602191457,1.0480469099495249,-1.983903666275383,0.900135895221869,0.025144496225845712,-0.522507995144972,-0.17342826271838582,-0.06179732667595334,-0.6953802089130484,-0.10998633008117371,0.5609134966690882,-1.5600853134988957,-0.3493349792078525,-0.09245178706021569
0.1260307004880399,0.010176852045888677,-0.1025787611368822,0.677352877239023,-0.3689204805144918,-0.6669037389919767,0.35014365261351144,0.16466359454197357,0.03958734720359363,-0.408405583570416,0.7341667066351056,-0.171762336385711,-0.2972274024807721,-0.34915785324308435,-0.3476348606786545,-0.09392396857064446,0.7179449633075325,-0.03529743300728537,0.021608969144959047,-0.1540298817177929
-0.3444084614628543,-0.7800836161414593,-1.3415810228620144,-0.30561789319548754,-0.1672217453231272,-0.053813103783007084,-0.28634545415780305,0.42510129484665193,-1.1418813392353242,0.7021157713815234,0.8740939965571921,0.732802299563496,-1.182163126766795,0.3096594448065397,0.6185910766313792,1.3025037258021988,0.8485440105305688,-0.3538264893594615,1.6132511376896002,-2.736113039971978
-2.778909883984849,0.22086852253872247,2.226851173541955,-1.4518368064698266,1.788889269156867,1.4197646114723095,-2.9794847432624167,-1.0131606036911673,0.2696590997086085,2.0306740891110877,3.568205418564149,1.908007073397247,-1.6427461773145833,1.4324131890696177,-1.446634978039726,-0.019781342824576418,-2.7563173372770784,-1.2326604230511244,2.290660960543038,0.527663088157643
1.7583234467716147,1.8821228388049078,-1.5976120258442184,0.7998542007222216,-0.45789473367667965,1.364732409951799,-1.1195850172829178,0.6036547430725507,1.5005237648803678,0.49825508531539947,-0.19750594454962195,0.5274906265459725,1.328098741404877,0.2369108270957229,0.1119580051006333,0.3393557973888513,1.4135185986410213,1.4032540796619992,0.8496192112917778,-0.9340776849958294
0.2998265598774108,-1.4334807067326998,-0.6634674110025597,-1.01069441444925,0.5972855354042453,-1.6186231679486762,0.4138746142335611,0.7036817389467417,-1.0841267261177712,0.9768060893978058,-0.2285935427347801,-1.8931304931902464,-0.742741772609843,-0.061131573729749075,-0.47944761967038346,-0.8097170389582257,-0.4282413870277219,-0.1920723479212716,0.06128691391301357,0.6257934164330409
-0.03501867978995613,-1.5639733974446384,-0.06900335393971009,0.6899388684873424,-0.5192858693439347,0.7139207001106628,1.2384752783649597,1.1885188908495252,-1.9193289545262069,1.3916369511392779,0.6177847070388269,0.8037237646273021,0.6775878182801282,-0.22765868583929275,-0.08873306666683795,-0.10117605468250597,0.17860152857730485,0.3276754445839298,-0.3629756898830799,0.2649198227830038
-0.042953433710448775,0.07258194964525339,-0.5889596921547798,-0.024368813185836204,-1.8841401046534292,-1.0365182705832032,1.310707335372455,-0.1332987320877351,0.03875875565630628,-0.11485843750874923,-0.18223105730401137,0.23194029825478693,-1.316940976648941,0.06437748137709055,0.2649476861894468,-1.0144066192897034,0.41337504920031953,0.8825346482841071,0.23674214879249544,-1.7314716081322028
-0.16889211049322428,-0.6436640323478802,1.2797984756276122,0.9146683076008159,-1.3170405841378705,-0.4862677707679494,1.3908869388048977,0.5244308011374708,-0.4227556516618936,1.2585585594235973,1.2270887518247182,-0.33200160775362175,-0.7453824596946846,-1.0717472313673653,-0.7744338525755559,0.33322048450843134,0.11187434101958207,1.4745751364706523,-1.6441698482397946,-0.18760441548222845
1.3714163734923608,-1.0102901076056447,0.319734985105011,1.1497621015289181,0.41165077041111947,0.15077778716832657,-0.33895144568519087,0.9257276925668274,-0.6776469039064141,-0.873076811453817,0.1547469362561683,-0.0003314194652578039,0.37367313398149216,-1.4000511820536474,-0.18556733053702726,-0.7829627370014093,0.45519107261944414,-0.16410135504850568,0.23121047362514313,1.2977024233454562
0.5395883266688046,1.9761527924555786,-1.1430840635038797,-0.2937780697085788,-1.2794032906974064,1.6075414889831814,0.24882743078075636,0.5637506014704667,0.718675787906612,0.13412222650810396,-0.020842777470077248,2.1793057206765623,1.3345187957084075,-0.5489119844352617,0.526257133835228,0.642924713126812,1.2812600041217987,1.2853901441501545,0.2522538179894923,-1.2102905111385176
0.04286837793926193,-0.38963039919819803,-0.2961791803136282,1.5889743322529246,-0.21956249081941756,1.1640792540537124,0.8165984546498211,-1.1311196675021435,-1.147338688409008,1.7444189464855773,0.3617749826491758,-0.6805940881440011,0.8944778502702327,-2.355727456986426,0.21453901761624308,-0.5908036479749927,0.25813035089382186,-0.21628797225481045,-0.9977218424473931,1.4705159877104386
0.2913130827999394,-0.2540213702661295,0.7681889181870575,1.4094303524964304,-0.058865641568759786,-0.23399505776285134,0.6827297601363631,0.4259097891139047,-0.5445689151572598,0.3128273688141633,-1.1114363203192863,0.34624259462458024,-1.3920850644069063,-2.0590606862196528,0.5517965805861785,0.11152561616170054,-1.6112248608626154,-0.2887487307188579,1.2710271752965274,0.5349237087828387
0.20368758193922434,-0.07794185935010835,-0.02098966117185154,1.6075064846813325,0.10341317716808553,0.3598445523724559,-0.46505920005628776,0.8679292332858138,-0.06607021885394203,0.17342731746424012,0.5589130820096673,-0.3425429286938332,-0.8382004331315805,-1.3239842441853196,-0.7262459307017857,0.26450989323249424,1.470771277369814,0.5719032628359014,-0.6847157445371383,-1.997701988484701
0.8739844182261236,0.7727985581747103,1.1829919362457173,0.3496260549351057,-0.40336124866945267,-1.4387063624943202,1.121525511413535,0.3129108308985044,0.8654067924832599,0.22864682482682294,-0.2659035863840343,-1.0677493764676975,0.9889575387668594,-0.9331376220650982,0.8853769833729803,-0.7031398437722229,1.1191351796436966,-1.2650095604113583,-1.2405506735308787,0.39583073882715947
-0.1099399017232838,-0.08149057174777334,-0.564295211311597,0.05721006261731476,-0.5181535999331094,0.6306830563988108,-1.7340206779282252,-0.011409880739350403,0.6903342705779774,1.6109968503940306,-0.3345674190524961,-1.001937239272362,1.463546477310021,0.038947871886871814,2.2005261747193563,0.02478663441169648,-0.04594313562404214,-2.8940123450199833,1.259813711616928,1.2358024144915605
1.2469824853223233,-0.45143399210672985,-0.3869557531095159,0.4258480177257394,0.0043148387363044225,-0.15306261532128307,1.1159748550201967,0.3936391652845951,-1.409389302345157,0.39419450581838034,-0.568565397119283,0.07522014856828876,-0.709476926921503,-0.9999773760496452,0.3002394426528607,1.505795826822636,-0.7919918958847629,0.476671303845968,0.44888032604308564,-0.07184981059566148
-1.710645288231798,-0.6020617542229467,0.7843406944808551,0.5380214257480366,-0.02325432235069991,0.9349312582223782,-0.8904442252908715,0.10707382547719618,0.10510425715479102,1.236021715402114,1.2179307800164596,1.271595780761882,-0.8445698903854705,-0.7147659687575424,0.3602284648021846,0.4017147553104639,-1.1246448683458325,-0.18669956077618816,1.528224984023152,-0.1129486049771542
-0.27642270070918373,0.7365319141032768,0.18001956570819522,-1.755686796837715,-0.3851092811463496,-0.13096669381941814,0.5133603318336714,-0.7013261227976388,1.1140315437417951,2.229562927351174,0.5968221689220692,0.7275835326876385,0.11603260593052565,1.0619473684547538,0.056596345683294046,-0.42767269141252057,-1.1716773817852122,1.5192729489229164,0.00960243959953174,0.4910007398574252
0.06372597577913686,0.72233158653534,1.3086331809753637,-1.1318707508344152,-1.1171402706954863,-0.48065429429312356,-0.06681651579865729,0.2507468733870856,0.1916801140555744,1.8923921784909847,-0.16949904801480606,1.4373782307943224,-0.28763161262177983,2.3299368537316387,1.2826015508218604,-0.621349853631243,0.6884424714217274,-0.8785770041827621,0.6635001181528575,-2.397577849946516
-0.2668925558502882,-1.319747348609546,0.29651524078222863,1.3975649187703845,1.0248663025118874,0.9542321501827266,-1.1249091627553485,0.3944769884214795,-0.4429149846935047,1.3756021492730004,1.3354910644169184,0.5249410421899452,0.046461080823285594,-0.7368937233539995,0.1654393673998113,-0.47229106609809857,0.564068118125631,-0.16351520146301313,0.6612383025792757,0.1730563002520346
0.4101573128766643,-1.3694886879619743,-0.7903193670250162,0.9868081740661944,-1.0741617753355037,-0.04031823451079377,1.204214908943697,-0.5089360466063222,-1.2517429858316584,0.5791421217314277,0.30298535711075647,-0.7735488028353774,0.9549940822184705,-2.6067644041659115,0.6778623475519322,-0.8373612959498643,0.8564775380346777,-0.9361091478477639,-0.5705139154493101,0.753034027748985
0.032467158887690084,-0.035432348292122086,-1.578329027858918,-0.6379718163478697,0.40774873049613436,0.39091361489903137,0.8374800716724117,-0.07810870037333066,-0.04955170435136623,-1.2078685712605173,-0.4436813570122753,0.8594309071999806,1.7314807089898372,-0.6667707892755904,1.0368210099347681,2.046730402484058,2.0961421460809926,0.030334800766026137,-0.7493088067898268,-1.02991745641112
-0.23127549254841784,-1.6638971065269033,0.9379006247088502,-1.8665805595555545,0.9910876503967386,-0.0963163500024286,-1.8299940838123625,0.1602722962149719,-1.4775294591495085,-0.08020052004204584,-0.8696317343882166,0.8810085623724094,-1.6531418653940593,2.210106850460444,-0.09568028006048013,-0.696016195596229,-2.486070574724646,-1.329753161241,2.325453854051559,0.2972520284980634
-0.44281836804139874,0.9749874886621459,-1.5235347797113084,1.6126675755410167,0.4971003979865555,2.2234803135105583,0.4719228181080321,1.1697698054075205,-0.91981793635538,-0.5693305868047263,0.29005777562716206,-0.03360583027524459,1.306759071711784,-1.6829453270256431,-1.0001036688021439,0.429082004951902,0.346550681112064,-0.4251601418253353,-1.3358659061802909,1.1165965734244498
1.3618394004866032,0.17763187884177425,0.7043893078047809,-0.8013899539303082,0.4243009144025416,-0.017304694611670682,0.7037724299198235,-1.2707419512692308,-0.49546496907357046,-0.24199889039167616,1.6321241232763144,2.1925989396801246,-0.1328466388645101,-0.3932414486555579,0.7043360406827767,2.166855331941748,-0.7572599374743441,-0.7722950687165633,1.51790122745221,-0.6894015852892544
-0.38996197593543896,1.6848920190521046,-0.5961393842056073,0.09128469092587334,0.645065611626004,1.3550313098756666,-0.5233685611757053,1.4067677495176378,1.3953656906508578,1.1097646651590654,-0.44547617151495855,0.3550039677607603,0.7393326835111236,-0.07046321224278261,-0.8200246812571942,1.9771795168546011,0.06524072037720689,0.18099530917909107,-0.08807763438379558,-1.2248893824070182
1.557278557245725,-0.2259501199980893,-0.15442808967982682,-1.3299081496879503,-0.6477972116438786,-0.4630621943563633,-0.4201821106383648,-1.2540893241048283,-0.7855455415005084,-0.6448116337077736,-2.151233744725033,-0.5126467878604668,-0.2180615371357836,1.7747042546478784,0.2726291738236596,-0.24824087702446135,-0.6599481247395944,0.14452155886571147,0.11457157395973051,-0.7142232389503879
0.984051631274039,0.1387935634462201,-0.00635300365525315,-0.11003400138865142,-0.510044350911533,1.065710087169637,0.6813910582189058,1.489100329541519,-1.0807058764677382,-1.4425628508412285,0.5854842751797417,1.874274242898147,0.6628218106544251,-0.8900948445512658,1.0103647195003809,-0.003586342136788483,1.0440354785524162,-0.7621953784193268,-0.2735280649632911,-0.46002931936368946
-0.02826221869691503,0.05548333813065755,-0.9050596000484379,-0.6625632727485624,-0.8700054202355555,0.12132291687279467,1.6002643061277182,-0.2268085744094646,-0.24874373615260087,1.537040462223543,1.0546961003280264,1.9011496953510656,1.3218265985760178,0.1965184273073882,2.162430507921417,-0.9643640275252267,1.3507687250044214,-1.1748551789043455,1.3613920730608038,-0.5663791904759753
0.6715516851929538,1.154310169740338,-0.36240541728238346,0.601223315053743,0.5257431674880223,-0.03712996096200714,0.5865857747692187,1.4248799907867447,0.15184773291536138,-1.2430275323181896,-0.8569728808177576,-0.48351715446321825,-0.3671424859119989,-0.49241984455541327,-0.2366050468983482,0.7139005833073431,-0.2830659760997145,-0.5679796506273658,-0.4126527993637062,-0.29184697976708013
-0.4528809296171857,0.8870043965252822,-0.3059945178848405,-0.3871644842086095,1.11609066854732,-0.3271536029926361,0.5362514953999684,0.6878083819010652,1.1256658826036088,0.10225818248333322,1.2535816050285662,-0.09723817682076183,0.10468458855816368,0.48750138951555994,0.30294577592135885,-0.3021150306440479,0.5279210187677629,-0.09911074241826356,-0.5257211178593268,0.14954215251405306
-0.5710781516948719,-1.0411174415797484,-0.686077315257384,0.7282937340300558,-1.060158095987099,-0.3108317321090706,0.9278400064562917,-1.1718907264999425,-0.8244169413806308,0.3593380824132062,-1.117410888788265,-0.7420482345538729,0.8689964356987953,-0.9358873632498466,-0.32738217848693624,0.19270814979149278,1.9684429004931925,0.26971673617367775,-1.2739876643979673,-0.6991107112399286
1.299196493133346,-0.4258670484575167,0.6470551061942196,0.352952400780757,-1.3865855357035588,-1.1089447372949917,0.4921705290393666,1.1448239397141051,0.04865803771937524,0.15442256147162556,-0.9713426123517177,0.09864591623360129,-1.4800520468392757,-0.6134486020621335,0.2359286776551849,-1.04631052104337,0.16999090121233415,0.7065374458739362,0.183820134334625,-0.931171055094024
0.27521258073712096,-0.8255318036828989,-0.8409437834433118,0.6072115972383865,0.02038261632297497,1.1012068532489765,-1.4497803388981827,0.09827085335138452,-0.1287149032249625,-0.023319746612888794,-0.16166094069190687,0.08388265255581262,-0.09833907099113068,-0.004621157355875722,0.1568327030423535,-0.6190177838426997,0.489209227317874,0.06836328775691221,0.7963552206216429,-0.3293310011674645
-0.5284413627827473,1.354728427969342,-0.04876952621681278,-0.33818557966756907,1.7327331599970368,2.006159575659156,-0.6433561333237102,-0.24945481291875582,-0.21722515228542216,-0.06274247230318453,0.11564606093044769,0.5912169358387815,0.25697642870418996,0.047770194990260285,-0.8958216097427342,-0.4923155566199952,-1.416326359867455,0.4882610279138888,-0.9554798139592883,1.1081800930039274
1.0399046774095102,1.3905584639228497,-2.0362986785965456,-1.4234405517904285,1.0536653153324462,-0.32735530375479954,-0.11373755507730415,-0.27410998333285175,1.2275301749778658,-1.1700436027745544,-1.7193800900990044,-1.014299951334105,0.5888794978048459,2.2704087443413554,0.420821890143855,-0.15033345995560476,1.5161345418281365,-0.3140021548408351,-0.8029085961671169,-1.8807274511096412
-1.4077029253318658,-2.0721269413592487,0.034426346050368505,-1.9919913448449824,-0.7760403506274897,-0.36229070361442856,-0.7221921526868736,-1.9509279823082046,-1.6448089579409477,-0.8576372468762782,0.25059054450360985,-0.7914304940764259,-1.689458151216775,1.8591954579975367,-1.8290118882395419,-0.6481244236105691,-0.8114157382915492,1.164592901039168,-0.6563229851316247,-0.6339046942598819
1.4595018998091884,0.45381340912047247,1.1814506364715656,-0.8402953957333242,0.0009086261524280621,-1.1976495284806004,0.8428418341717356,-1.563555811473619,0.47098220227114773,-0.07822045507389135,0.19647430519177625,1.0338711878740463,-0.6874481230621067,0.6030407856730471,0.36261424192148517,-0.7239311470618663,-0.16340502278237456,0.9019038397281627,0.26543871679436903,-0.6780936897494017
0.5082852428397433,0.36887630358241247,1.9741269590754238,-1.0053321342478212,0.12725432186135124,-2.2736864812609117,0.9797176708280271,1.1278118942794328,1.0821367629431413,-1.160086968891335,-0.4328415691060638,-0.30093582675660996,-0.5847846884889035,0.2316689378832025,0.9262803426703139,-0.951373399117671,-0.9213492429702003,-1.231921452485703,0.4664896570197183,0.6939822471669816
-0.060011478790851794,-0.34543834724777533,-0.22658567416999145,0.4054912523703337,0.10475305671344076,-0.7021274360719537,0.6442613876222015,-2.0823829758787014,-0.08969190995610889,0.5718527673393486,1.3092380188196597,-0.740144506183245,-1.136180688281275,1.1993650749087132,-1.4675030542366256,0.8325472258042252,-0.7523296316751489,2.311572311476286,-0.39929254786357626,-0.21512648580591803
0.7894398610929061,1.4615074405592998,-0.6188472292928686,-0.5931100719404316,0.09005455672792538,0.1221805048240397,-0.5184203850719218,0.7180631694639159,1.022385662450254,-1.4915563165978698,-0.266889066925683,0.6706018902468586,-0.7256705877195792,1.002409284195671,0.5834054183266272,0.782766394874785,-1.272980262013185,0.03781520797683667,1.3597186142026323,-0.19352051063522221
-0.781277610638808,-0.6246718013673855,-0.5875594363015907,-1.717329996858075,-0.4962681676189525,0.16842754441991006,-1.295099932062737,-0.6691061732194195,-0.4707786316175314,0.6459865174355082,-0.273715060828927,-0.8777229341938347,0.30336727230329863,1.6190760529803245,-0.03635446668459067,1.178768779813272,-1.6302259780603787,-0.7620018765310891,0.5071135081087856,0.7804269657415184
1.4747022572547688,0.011768556293259088,-1.4501864597281617,-0.48236727480381614,1.9174110642507896,-0.8852898514635803,-1.1096923923659616,-0.2832078460733129,1.4881936881151097,-1.4822298694053295,-1.647313247986541,-1.4595496907786296,0.262752469105103,0.6506472920257375,-1.388865793011325,0.7512332936029978,1.7415677006015764,1.4136310446056257,-0.2830761607103003,-1.7236305642448038
1.1817018834691673,0.49076861675486194,0.5385655335282254,-0.0886297518570479,-0.7642797863520744,-1.3876997828827022,1.8644870822040607,0.19882544056156384,-0.08847858474598909,-1.0469133162060387,-0.38228422875887746,-0.7849142403233718,0.0762733331597246,-0.6485830158815459,1.0843097044782657,0.47776866964188014,-0.5413426637878694,-0.6463306511298015,-0.6580033034810037,0.9079614096674625
-0.8214758024401487,0.030494850959864553,0.3340338579616756,-0.2954377846396337,-1.256040249775981,0.25957524448352065,0.10432252089171849,-0.3621660883392293,0.09701869555994479,0.5527337737609728,-0.03674452268823229,1.040079155719266,1.8298675377962395,-0.28284016106799065,1.7928191307485581,0.03841426072289827,0.9833068038223561,-1.3547735896013402,0.4271466526168061,-0.053249930275943456
-1.5698430059490163,-0.8398967722939497,0.7930187623679634,-0.5981971324014801,0.6597602690840955,0.593709241187706,-1.9289353604596977,0.017780619757701573,-0.6588690678083781,-0.5480607487334764,0.16774633898293964,0.6188566971734267,-1.2525606816341215,0.8303409141999414,-0.44653844543227006,0.8797155535197134,-1.5753884457164236,-0.7598186830147056,1.6329439639640213,0.047631111831601035
-1.1228256928015399,-0.771673457468982,0.6430016577956801,0.11450483607191846,0.41456494460422694,0.9579956057453539,-1.3036399754439565,0.07401629932324509,0.23598813958614745,-0.31658942905323967,0.4224887298785698,0.2627368096107956,-0.2716647720176484,-0.7229510639125494,-0.6789043585242291,-1.321470308769812,-0.004651048039408529,1.0534848967435622,-0.3531384215822485,0.6283965599959837
0.2929212269214467,-1.8708646910554005,-1.4081810912604258,0.7657192665515485,0.7347479984716568,0.3725631770885398,-0.24205647902184727,0.31660992213323946,-1.5914796336299164,-1.2439861797295193,-0.8165506876894941,-0.7102985347097793,1.3094076905103669,-0.09131129048485892,0.1125650448681599,0.8669042623714771,0.31895053824891245,-0.12950082200015542,0.38111205679049065,1.1629767036205207
0.21719755256436626,-1.695351212813389,1.2350610641401452,-0.9594734956596517,0.4182190506611166,-0.1806916294466629,-1.7282627952015595,0.1460112696842494,-0.5403436526320383,-1.9233783832282625,-0.9870527046856591,3.075684825264651,-1.1651364362428125,0.6060682067725199,-0.9839115830789636,1.0584719124911806,0.6293303751017081,-0.11547043154416012,2.6933451904829244,-2.090386076396315
-0.11936877726625456,0.027278730505744773,-2.2468648750006865,-0.9026362497761087,1.5171049818416555,1.0268705503330458,0.3383315859977104,1.1801035675246698,-1.613654070145803,-0.02255959749758257,-1.995122636282663,-0.6294495540656271,0.6421027571793477,0.6539835830569481,-1.3352149357444414,1.4019977798416932,-0.31692817505179927,0.1168203972814299,-0.619089311549125,-0.6287112168469307
0.913575152609433,-0.15397748982392281,0.8634141772585164,-1.312447894906081,-1.703570801273363,-2.620026015986662,0.5091926987227113,-1.887906783164427,0.7966780255484079,0.13395013222469299,-0.6952074112703163,-1.830575828886258,0.34008606424265114,0.38774774357462183,1.2706224547571798,-1.4279307355867088,-0.49398162732548667,-0.47024067101176104,-0.18605659989259068,1.8736147587134038
-0.7844672526321272,2.230975575549885,-1.1584190308890163,-1.4480616939397968,-0.2050688866377223,2.2778718295809868,-0.7497555159711405,-1.9151205481737765,1.9303821552523546,0.4830677520605425,0.6337985938824211,0.8878738571238731,1.4569395225685102,0.5781857102602556,0.32451319804022316,-0.3555931232108594,-0.4588805296805735,2.107404936919339,-1.1910533233546252,0.3591333101175029
-2.5308735786343988,0.31752983436301224,1.064243033357489,-0.5115539357294302,-0.37508425303661275,-0.5002066760463213,-1.959965539304648,-1.1267303220618468,1.5955617465718108,0.4025115642752547,2.980776647275462,-1.7742005176382645,-1.9698136698637636,1.0375122057257615,-1.7731365039001377,-1.6534118040286014,0.7827270147567069,0.3294088952017082,-1.7956264772419708,-1.2257230741561569
-1.0529813948060518,1.1699856823958943,-1.2577169392025649,0.042339835376723665,-0.4366571281753349,2.293972635930338,-1.8461440293676585,0.700046920757342,1.5636490794195939,1.1095235461937765,0.36946304003435276,-0.49822228662302936,1.4207962687165596,0.31022151502917694,0.33657717908276596,-2.464805063384601,-0.3580451696952996,1.066554392885974,-0.6829107898718345,1.8982216912049157
-0.33906594943365304,-0.44966107549049844,0.10192257086325561,-0.33158978315950954,-1.273738313005699,-0.9237300895709252,0.3919073546284853,-1.6666600646907874,-0.3140625584266892,0.7101048296394713,1.0055684750935212,-0.6915271155309917,-1.243685609661814,-0.057995520637303635,1.2812641908905702,-1.727745564339597,-0.46170306039853587,-1.1835385202038042,0.5877035121186127,0.15694311197818106
-0.296493221435965,0.6752779829998244,0.5511837173480806,-1.3352849905188462,0.34311742707613063,-1.7444726713106786,1.2005453427535053,-0.02169076659262814,0.41329184187625634,-0.2011664335272756,0.07728494324648466,0.4328218601976342,-0.597669457902849,0.47929639298629917,0.3727266098505189,-1.5930241686384257,1.5800689176234983,-0.09701506663216303,-0.5231823354328454,-1.0607514003677745
0.33948270785960377,1.63418748249597,0.9809255394263049,-1.3382615566528686,1.5044547441043827,0.23533557737718178,-1.6235726189105097,-0.3590738871172487,1.8722252374350405,0.4809241560835039,-2.3749949091668072,0.7761817851019345,0.7959887867708644,1.0504464002560205,0.14553374725747834,0.3713049138169801,0.10923873833574743,-0.876330891222265,0.8378316185198397,-1.0174014174430772
-0.4443187569897729,0.8997953099268264,0.13098042123961678,-0.3448931391788476,-0.01686750487293506,0.19624613583917283,0.9954805951061715,0.05305164826067283,0.3809774924664607,0.8372022717365246,-0.4726302018511497,-0.1057910359764327,2.3476437126766307,0.5012188464224467,1.4603995536256116,1.327259036628568,-1.0110968727560259,-0.9754666427347133,-0.30904770741886367,1.617635366403201
-0.15991751733521878,0.9808403925994166,0.20221383028378445,0.2995377487597816,-0.8067282509633606,0.737501321339842,-0.49877766615101615,-1.654924740376553,0.31107628737576004,0.6034949001656502,-0.054571443805673636,0.7496658136195203,0.22928135799816118,0.14416625330343316,0.03953728455247995,-0.26679056930668554,-0.12573620931103546,0.9247725961261681,0.12092979052521176,-0.3696924807398288
0.8003975606031496,-0.6352994810081711,-0.23320421073814288,0.7479932630628109,-0.899976111054495,-1.1102545578712695,-0.09452247343169172,0.30497266239774623,-0.15948813629290592,-1.113834288643343,-0.41563112292799115,-0.2680310754463313,-1.3488471443323133,0.6559055398161233,2.0639301802904035,-1.541038174254406,-0.8942457930279315,-1.759701602110324,2.2649328362799386,0.6077384614578213
-0.20926696143831847,1.7819170313200234,-0.908881395859204,-0.17256273760066698,0.692113702196969,0.4641367139645563,-1.1881429109583292,0.23258469594413939,1.6574327904594008,-0.3869577938667107,-0.5648736944889241,-0.5061229470803147,1.5689078384275543,1.4572049625246013,0.6860705849799904,1.3321819783357487,0.4820869173485006,-0.2668168351530198,0.20245666280557614,-0.2142164062388599
1.5273626521022163,-0.039079291189604196,1.3608186800677318,0.5415947563932556,1.4052467644890994,-0.9538719358519335,0.5828769703431108,-0.4361510014743797,-0.7529071406069577,-3.5121688073559465,-1.2472808772832598,0.6163571038172625,-0.8401522032050894,-1.5743314674150726,1.0207095851029595,0.20600017623232847,-0.13731388851733276,-1.7030239722651483,0.5654028926265816,0.09419084936532796
-1.215064876657438,-1.825129478707875,-0.053281989171783194,-0.10198802471088415,-2.411811790946957,-0.07760590178293716,0.4831708078057654,1.1954889082679363,-1.313062216577009,1.2028244646121764,-0.7237192954744861,0.002558627584822255,-0.6453733252803738,0.15821914953258792,0.04237037058977367,-1.4662829178401224,-0.849579823002843,0.27472276075491453,-0.04473978187186087,0.8847452156990357
0.38995927600265773,-1.1781162060153845,-0.27693273931046375,0.05824818999990437,-0.5299403293352546,-1.4716263992252747,1.3529277877069215,-0.5163218596990623,-0.8912708315515704,-0.49665105181836927,-1.627478686942302,-1.0833987169851986,0.009236696922159443,-1.004609512373221,-0.8866549791996151,0.00492810481674573,1.5128345302215707,0.177946814887927,-1.1830380368343378,-0.8198311188510671
-0.002758155352901924,2.112044361588783,0.17549297236301012,1.0167715654467335,-1.3304307008948177,1.677478452500049,-0.9992459851556665,-0.12106677834734116,1.4728952556161699,0.3305486197975721,0.7284534554515311,1.127342623146958,0.49638579361683255,-0.8275500708319775,1.219622513754549,1.8453385067923134,-0.5757012129750226,-0.062255679540101194,1.0608527465953739,0.4056302757968603
-0.532044155323725,0.4060179958122132,-0.14937965943487155,1.3938617774448268,-0.19213760005618422,0.7928962444314058,-0.8489442804198862,0.35997229466376063,1.141805900947455,-0.6983591365178945,0.6286872465736951,-0.09964983484296841,-1.2127013077027464,-1.0967146162733354,0.06197780213780579,-0.8106548421686929,-1.8167215358702555,0.5031466355674777,0.8713103661072071,1.7571457979511662
0.2208193506197046,-0.0398695276919023,0.055647757185012935,1.4596354432038303,0.7408030467583645,0.7983625590796949,0.04035230978636661,1.46064094081199,-0.30353376609099836,0.8601872797397218,-0.4422783551142023,-0.7461700935873299,1.0946706610786432,-1.5889136000428055,0.11541707541852818,1.1233740945937214,0.5753974226161184,-1.9788959997192814,-0.678601677526959,0.4059875364233868
-0.813931260983611,2.555157498188101,-0.26818680179991844,1.0380195557047478,-0.20430921789880327,1.2116321322662398,1.163099629161068,0.7033478028374504,0.7240255190986719,0.6485633978543975,1.0911350394648096,0.02369203767766817,0.7329080435161774,0.25228710150816747,0.11785861484604228,0.36952109008150474,0.3321770336739349,0.9595334729770261,-2.0713671777385274,-0.20099321666331138
0.47498976577394625,0.6810943698176926,0.13533016170422202,-1.0560834280513627,-0.8451783914830405,-0.7741800927973295,0.178622886624341,-0.0135054136132986,1.1090272374214782,-1.0769953246378503,0.17848475441292966,1.4610509059509038,0.8296869220571422,0.6002946409552709,0.5392600175588644,1.039177971555487,1.4637162658356084,0.04307959699063838,0.6738028768858866,-1.1544537756630502
-0.124481367881464,-1.4208363414311675,0.7825669295620419,1.9532849651635373,-0.03835557433382783,-0.6388559211019258,2.0189183073259795,0.6314549191499813,-2.062714658731873,1.0787789644791224,-0.8935736320595435,-1.1079212779679828,-1.7469342693774468,-0.5147650894596035,-2.2419998625545805,0.15181208154955766,-0.7402590327526098,2.077961137997596,-1.5030290614032629,-0.08142756060536051
0.4570373734494271,-0.9422621205013935,0.6684929533505811,-0.8309906860715062,0.299618992388997,-0.6099637643711137,-0.16306502503098927,-0.0029174223394995338,-0.9499647240015122,0.1989543069943602,-1.119843098344677,0.5274796361190577,-0.49846331402837535,1.5101331760358927,-0.7055992543674594,2.4856940066865403,-1.004614175427417,-0.17971942204732508,1.5736845823851462,-0.7835998558094608
1.235457652812102,0.5746262501122719,1.0865101464792495,0.9386318445237135,0.9120474933016885,0.47118646985112783,-1.1221911913590719,-0.3190030520508435,0.8197123733890185,-1.7947719352440576,-0.8906730100208998,0.11056371173931713,-0.05611906205293152,-0.753904189870931,-0.46040171156641435,-0.8760694952756332,0.36570439183580394,0.19611557330935617,-0.3654311747760767,-0.2993359012185001
0.5538460856609476,0.723256187799992,-0.3874648092213878,-1.2509007018256304,-0.45377883649757483,-0.925251464964655,1.1705840124336613,-1.5612364705501756,0.286234029988484,0.3227587480507422,-0.061627357208479484,0.0022697281355413277,1.5838042774501278,-1.1045510408951598,1.8255260209524642,0.9797676553020046,-0.22748961477683133,-0.8974173189563442,0.3922623636386587,1.1113137123301082
0.19263272775671433,0.7970926195687833,0.5821599489475618,0.0405690234695074,-0.9431459154117839,-0.7670131743837175,0.43887138816306787,-0.5373532168594244,0.39418464744543447,-0.10907363152438583,-0.45303259635706367,-0.15539211196330432,0.8104273475228096,0.8473116295788038,0.8476508574270868,1.8498663261248494,-0.2585552297049199,-0.7326017926590994,0.2664999533229902,-0.394555012476621
0.16938057715884577,0.18920625232071228,0.0563818147646783,0.14513722117677824,1.2379884093557942,-0.33867838730476935,-0.7521480243398192,0.5777443431934407,0.6109682048177972,0.7008934693895229,-1.6088070336728164,-1.6925064446346676,-0.07023943344824407,0.46734397410853684,-0.9127240434312759,-0.051894145790445656,0.17166425343244315,0.4522460412156459,-1.0344904669027595,-0.7280068533113331
-0.7837871717558159,-1.290637833030456,1.2954292684295392,-0.2961156218359543,-0.41943949430559363,1.2994222263985142,-1.863491251162732,-1.0962685806466008,-1.0864163259325799,1.7201059944735293,0.9240602815780485,0.7177635092880824,-0.7499595379899304,1.3505570121858022,-0.27030829488255603,0.1232820993915222,-2.8538197106082133,-0.14883342165320873,1.397487792250009,1.210594919302056
0.13950027859086214,-0.9041058310719161,-0.08511503296647946,-1.2026028447311186,0.0593832249259627,0.270092058337026,-0.10356219913924573,-1.0695085530191843,-1.4182984865355917,-0.5465714662298394,-0.6102089716484248,0.2538332475995802,0.6952807494457598,0.8381894433933517,0.6219228623086437,0.7377659702397024,-1.4308097374163768,-1.75985422925775,0.8716458444659714,1.6351210651900967
1.4843426471635983,-0.191876948075234,0.7473795570171076,-0.20722236571196317,-0.9741758722682861,-1.6038340784470833,1.5265304605526238,0.4821372119672437,-0.23815225001394164,-1.1876504741512186,-0.7243675111871943,-0.7242956551482913,-0.23432078590491756,0.9401099251292809,0.445060031340654,1.1551079154026245,-0.5952155677139298,-0.860422241871327,-0.2547285320219833,0.74862353203422
-0.9899525016998076,-1.7260327603012855,1.2748365974215656,-0.7088451456177408,-0.0851617854417973,-0.39119225568792737,-1.5036679001040998,-0.5874432439351462,-0.3674106662165685,-0.10361129875851846,-0.5165166628135787,-0.8974762855410497,-0.6604932606348664,-0.27869004149786697,-1.6080430121307692,-0.12698635029570596,-0.21858522813882944,0.06349522125576922,-0.7407385852038748,0.17502544308853468
0.8994051613877411,-0.5167130603949309,-0.5031547701486531,1.2003353855055638,0.9397573517918583,1.003165783373765,-0.17701780235110592,2.371150213944188,-0.7677205404393492,0.5198354536450154,-0.23757159848758025,0.6522942070974198,-0.5481776128790697,-0.31730826482706087,-0.07793136790358023,0.8486982559531606,-1.3917540111868507,0.7679468442360293,1.4034279416768578,0.19137479635673646
2.4926964256802027,-1.1387354436169892,1.252342773233709,0.6611515123615812,0.5843820908322079,-2.163728356218614,0.034702362429768895,0.396849921607142,-0.9677310307021747,-0.31208506376399914,-1.6419857243924398,-1.984199247673173,-1.0963947123399713,0.0810580901293278,-0.5468612600162398,-0.0693899997321975,0.44618554717960396,-0.23051657514097418,-0.3108908648083635,-0.4699889982571921
1.831106456802143,-1.481812518369187,-0.3992494963483099,0.6982806868261943,1.543717863222379,0.9481220470498558,0.536801933694562,1.5125392923869725,-1.6222793898628936,0.8500187800054185,0.35973013769183093,0.14673414610625463,0.868939990144993,-0.9914130321242861,0.03581111791136878,0.7759397640325931,0.007620114135980638,0.035091664249210876,-0.29351455673193816,1.0898175924743396
0.02001702963243681,0.5755531738810432,0.3211409339629271,0.30437786638825653,-0.3092951439283817,-0.5321452479039221,0.8204242182513598,-1.058773883367883,0.17680116719322236,-1.442761602355688,0.44086426708769366,0.2934545050563448,-0.9917320504833412,0.4279225568219578,-0.2873649955764136,-0.8051964179867445,-0.35681736049988355,-0.15815652784248857,-0.013960698543496039,-0.44348955166349874
1.672067078667933,1.5114594099920327,-0.013067305552633574,0.6380728649199412,0.9295307177563947,-0.15104765830708716,-0.4355417289990848,-0.8798440589723107,2.6171565083435584,-0.14043109749717983,-0.5876496305636815,-1.5271341736425963,1.1178274084643318,0.22002087888965155,-0.15043615419460815,-1.002331143603103,0.9099222499871575,0.8791061073701966,-1.523703958873213,0.020617202773519673
0.14249244293183422,-1.4881899407438293,0.3563043827462714,-0.8098879315198821,-0.7534258465345269,-1.314896147612733,-0.4108976650003716,-2.0733346965122585,-0.30188338197170106,-1.8780101695886746,-1.481396815366556,-0.25239205489621885,-1.7006457414367768,0.020508868059556103,1.719039580714065,-0.054064722981416256,-0.9615894789970699,-2.8458954471067286,1.671796447824208,0.449528948574337
-0.8629110543406678,-2.060333993442585,2.406168181468868,1.6089315007172156,-1.5308493645810677,-0.889360354376081,0.38355148629174857,0.6839477269933162,-1.4035725553671572,0.2782506018721963,-0.38452840606859834,-0.7697502377481845,-1.6374584174275717,-1.4156821756932856,-2.197197912967029,-1.1081089772336925,-0.20543721089928046,2.0700920503364477,-1.6771932185681928,0.6061137914978364
0.20033700027559018,-0.47000585302739445,-0.36772635868680353,0.8510958560244969,1.4695360143256,1.3044021372525807,-0.08967471054301239,0.3055094579911513,-1.0924298301112452,0.7387485227930983,-0.06907563708867259,1.3028199508601606,0.2949884879452871,0.48352201723717775,0.028621072886497838,0.4750771497331965,0.19899318782059738,-0.49668094857710554,0.7307998073571933,-0.8079227484519882
-0.10097228766377322,-0.30205680788506023,-0.45546308253935114,0.3754537047708024,0.7031837434038606,1.1748015877269118,-1.9253611810718654,-0.7446626596643524,0.17802082977986447,-1.8318884400881374,-0.5483722045068654,-0.8045166545606582,-0.28632785003071765,-0.1279745811710647,-2.090494646415226,0.47287414156028124,0.12135443599966728,1.5655321734613643,-1.1115742895301555,0.09501462528582119
-0.11572611604756054,-1.9560289225248257,1.9572297267169987,0.6745879468618255,0.7685605824721118,-0.5210806750242186,0.27360029808582215,-0.09965222195091783,-2.3733626677988866,0.02578506047702155,-0.7539141142143522,-0.6630880800316281,-1.8983914120762533,-0.7767208265849983,-2.4675527158634902,0.8352546115026854,-1.6924771047934388,0.3385499884773234,-0.8884074506691699,0.00176199172652085
-3.130035395663378,-0.16716508721622142,-1.0700732871035763,0.0149131225183976,0.18438464543517433,0.5095661049015783,0.09352833879944412,-0.30743929209554066,-0.8613515242362108,1.1411151865622124,2.1776757178659887,-0.2580927168928765,-1.2496402069605341,0.6444194443182015,-0.546082612751357,-0.570753439799081,-1.779981627477351,-0.6286221099755496,0.9832334419086853,0.9117548119449772
-0.9208871247939894,-0.43266891606164426,0.621529762096137,0.03235182745644015,1.4754489612446262,-1.4808564731354799,-0.6602219584038227,1.105532444144056,0.3991829727593987,-0.4931042140251484,0.341826930981989,-1.3414871529797674,-0.8550160994900342,1.058388467219185,-0.5446409993656885,-1.200840614397616,-0.8601331231744082,-0.7957259965560324,0.7752982804168816,0.6698542267951075
-0.36203073421528636,1.1273506224378607,-0.40665011720766836,0.4678609715240818,-0.42476913335952904,0.24386163026833163,0.8706435266027001,-0.9051957147741947,0.6645462792483502,0.29508584615404315,0.6270122257143924,-0.9230536435044915,0.9345167900767032,0.5828961209789058,1.018718519242031,-0.5526555977923686,0.29009070837492423,-0.10368784358037803,-1.4962531487765631,0.4583462283170252
-1.4196477356846104,-1.6794230096295717,2.0171526155806427,-0.2371551339950863,-2.5337637822899155,-1.1668713297472184,-0.5276280979530107,1.33834172634284,-0.7918430464128323,1.4620588818529305,1.6355295531178902,-0.32597498174003975,-1.272400635797071,0.09180372818006126,0.5011075009431165,-3.088271215888459,0.11882787458932245,-1.0606743592683618,0.1777936394465626,0.08411355333935733
-0.6867062004997931,0.24410322568888773,-2.6753870647252804,-0.614461765178981,1.2091303077948004,0.9333196257662515,-1.4078668974340436,-0.43743817985705535,0.12357603183160872,-0.35006114982467623,1.8225307611406174,-1.2391918733057083,-0.44516827211918963,-0.2433483223860821,-0.39013408281994577,0.18874469685963688,0.5549523525343708,-1.014386949260601,0.5348660015565666,0.022916136543889007
0.5657293911231219,0.39042170669528325,-0.5240696649083755,-0.6338289014867297,-1.164291553067947,0.23617915312832785,-0.42115684395037306,-1.625594042901275,0.3746833385060549,-0.9693056502100871,-1.359606132645147,0.022696503182122626,-0.029649233096518197,-0.022726101281051053,0.7187498723449469,-0.1498132258017094,-0.19461914553903084,-0.33172411765139204,-0.03858768969332571,0.2224600113931228
1.049089104124361,-0.12257052846692963,-0.9417101752668413,1.0229567457174462,-0.7306769396345344,-0.24535082014739384,1.3049382662110518,-0.15165342199591142,-0.3852308504281832,-0.9515414959011624,-0.8335893144978079,0.3260291842460341,0.1918502677451761,-1.3084796613638536,0.321885192547017,-0.3531371017038345,1.221840327273498,0.4229679253056114,-0.09818977843995981,-0.16819996164922824
-1.2352382406590376,0.16638708863763946,-0.1041369991946428,-0.5630372619441891,2.3206224799420205,0.0020573875566113416,-1.0321005997981862,0.5675526410995492,0.5979186577489077,0.48808952279869305,0.9240717630596288,0.2422295677812976,-0.7735800655146832,1.7921902356577821,-0.8116930048858116,-1.6180129678819644,-0.9927782590297858,0.21840291537284132,1.571273071554607,0.6058834554506612
-0.09793708776240202,0.9806806808298208,-1.1732854991513573,-0.34788874581450846,0.9867255038197835,0.36584387769533366,-0.013392970877827553,0.480920417416135,0.94819774167554,1.2952628172012681,-1.083957207869164,0.7426507401805325,0.9315673576559858,1.0058203045291492,0.8413242183602622,1.4225356546388221,-0.012567819180599809,-0.3043915227794988,1.8826032373798463,-0.46621565996390096
0.3637744650543341,0.3713371457612165,-0.4920023121002817,0.261777649206615,-1.9597258050207238,0.6895170512836124,1.9648625848653392,0.6048353178488728,-0.7655943171840057,-0.3936612129282069,-1.2825026720083748,0.7415531475597414,1.679650822099546,-0.2279285752572002,1.6980861209858027,0.6485926224747335,0.37366083745123696,-0.24411473608941242,-1.1763754018272818,0.6404559863602508
-0.016014971763894204,-0.8971064263506463,-0.7251417613528481,-0.9792579134166646,-0.03922687520470983,-0.42054018311245966,-0.557404286246478,1.008648705019185,-0.40930258748135034,-0.8076574846874366,0.19672746797580978,-0.4596782728833162,-0.6040183255402506,0.8618123060851208,-0.23254062463219277,-0.23557169487064789,0.08224357661847509,-0.7292886247914636,0.2245939679373868,-0.5757705655291421
-0.569418375062017,0.6031431010469348,-1.6657816773286516,-1.695021974109264,0.2278282843034193,0.7274279847367535,-1.1105568011063467,-1.7243591615477234,1.3070575231826955,0.5245727169648252,-0.10727431175992078,-1.9326513395967748,2.1512742477830353,1.2017625738802993,-0.6318989806174852,-0.1598599771901866,-0.11791167319432717,1.817767660754391,-1.7120734091092398,1.7508967194189093
0.38864005595107776,-0.6598296104125656,0.6514299943810961,1.1574575022736548,-1.5546740780425998,0.31201674579577415,0.4518747128237993,0.27375437602353164,-0.8299314655410741,0.38652674882405336,-0.6397979389539402,-0.20681877306597407,0.2590554650449277,-1.1349215550474923,0.4201013883926405,1.4595056330170308,-0.7351627931340288,-0.36745740004045646,-0.1757888914081698,0.774384315688319
-0.9232344511557508,-0.3141536996510434,-0.8985574218664418,0.010768252677855935,1.2648388034057012,0.5014207641883327,-0.843908406207867,0.5639103311126986,-0.05027292566629676,0.2762477120367582,2.1880519284798816,-1.148659173072187,0.5217817398164099,-0.8334499444121077,-0.6117793623339072,-0.4536203674682051,-0.661068002772535,1.1541589039168676,-0.27897145979404037,1.993098448199675
0.11707646692561469,-0.04588248906512772,-0.23904794489398104,1.5703724525247948,0.5895277220694927,2.376291616356687,-0.8664257048985103,-0.5549093125739687,-0.5841013602961779,1.2684395353223534,-0.012324499812219157,0.95352337292748,-0.38572557965174575,-0.03926803242206984,-2.2524912244603077,1.7262597854400141,-0.6380857722288078,1.9394185297963007,0.07692785976975423,-0.7795488583592544
-1.5518666920642767,-0.9840469389522052,1.1128743475875569,0.4990900687550222,1.71155635949023,1.106083675512427,-1.7880478538855697,0.780861522409972,-0.08377430949126914,1.2047658391122613,1.336531191909416,-0.2965625538918388,-0.12856085649381274,0.2543335835418972,-1.943673232862414,0.5868840360339068,-0.5208537814107643,0.4741598994790972,0.022216202409224416,0.5525866986885877
-1.6212887537004494,0.5623330210864197,0.8226436736745255,-0.7376490156240547,0.47375171708798386,-0.9523171881432829,1.4210320748226417,-2.0595275554432786,-0.012055273273599851,-0.07300371587198437,2.2010003104085083,-0.07642194152073654,-2.306566833408914,-0.10539743129144402,-1.303007630049569,-1.641649714456668,-2.086166402654075,1.2802653761734315,-0.9341493297521798,0.9521003596987809
1.663039586254947,-1.2947386285934004,-0.5896006853002663,-0.2040816856689518,0.4986655592547403,-1.6934249732692657,-0.5451818939982377,0.3258839413735158,0.343809597516287,-0.699160469309555,-0.14975939398627933,-1.6934372802397295,-0.5029806884414033,-0.825309882327867,-0.43247998228307966,-0.715790502942399,1.3654313250265628,0.4981163429060422,-0.06590331860038533,-0.4022396548322889
-0.9267534723662041,0.1993125850631512,-0.27763258499671034,-0.5621191606770132,1.4804614812772223,0.8063272725641829,0.3582026313247364,0.9103927122250763,-0.025960086993595286,0.6058338106774938,0.6031563677712798,0.9454833986440553,3.3544440891405087,-0.04371519765985165,0.4925746445926051,1.8323231881727216,1.6344046498794849,-0.9844328924197783,-0.7298227181377768,-0.14957093275846262
-1.1003709468875638,1.0859212978452677,-1.3758219550323783,-1.8342119103781627,-0.9986812922528541,-0.40720105746030777,0.26074435289413017,-2.1932216501074624,0.7637673183963045,0.045653292735611285,1.0679937193461873,-1.1237246139686266,0.21416915468796147,1.7054627299760865,0.6048739653384629,-0.7844338638255001,-0.6878330269113209,-0.46913966382013944,-0.7309059542411811,0.7324471324548265
-1.2109306745933002,-0.9839836159333702,-0.2840660721635088,-0.07404032321453692,0.8126116055824848,0.5002052809422523,-0.7417297244212323,-0.4508285381729827,-1.219540378554704,0.010952707306622105,0.33606728902382393,-0.43736441680080784,-0.4300023029159687,0.3603674637620876,-0.5424394523032091,-0.6221237645873728,0.007012934503661055,-0.6468855157687793,0.01579279411690058,0.5454526426898613
-0.09307413129059078,-0.467808794816175,0.5907089400026992,0.23348044919247288,-1.1797531458088177,-0.424730201488229,1.57756083830537,0.2342684310018634,-1.1913106956597914,0.23127839333405764,0.45852517148037486,1.5740600168705436,0.1615320713694537,-0.8938004794887122,0.5891520823397877,0.40539510208650115,1.2555412857234436,-0.27911361279990493,-0.08677328301634935,-1.441342707731641
0.22850421829211504,0.26074389854518476,-1.470172835666973,-0.04087351500842059,0.8001502890435636,0.013879277228709831,0.15978049954290993,-1.1483170129676625,0.8920478283170312,-0.1871610822403056,-0.5265964980339511,0.1875393140311851,0.6222884535835185,-1.6173992973858424,0.9290518861524281,-0.9144121597619088,1.3121694917097213,-1.1884588388735193,0.7344735486096552,0.662986686403085
0.4339525166923238,1.3728682490776403,-0.4284647731600786,-0.2238040794214109,1.4435806981629276,0.5318870836555014,-0.9372999852578973,-0.12339387995789965,0.7165483711143219,-0.11295380888738218,0.07109961196575916,-0.19797009620433204,-1.6853481095805198,1.2148842544852523,-1.4323754147694188,-1.1079972904538054,-1.5740480532364134,1.3223588637379333,0.45509988378234617,0.08120148041425292
-0.6204057733619611,-0.807899079025123,-0.30325217900140794,0.7388880017316267,0.8128935237624293,0.6763059992251557,0.17280089467910578,0.5004459664581051,-0.5988865130084768,-0.08238070030191608,0.8957535300208074,-1.0096047047650463,0.43939844569325004,-0.21231160846972386,-0.5132050322366957,0.03115925973972078,-0.6335498102059685,-0.40940877361809863,-1.0850921220739929,2.182358507384462
1.5483597667100188,0.48540965336282643,-1.2048631192932289,-0.6547214463444129,-1.078335174778732,-2.1707431214496196,1.9873758333494966,-0.9966871011423695,0.6144244168869325,-2.5700407526839757,-1.6617720401897123,-1.4000812563494442,0.49747970925478957,0.4686653089762256,1.0950425124868024,-0.585320683895203,0.8802122442846828,-0.19503405171284005,-0.7244868664701622,0.28410118572324994
0.5043943461612487,-1.267521764002451,0.9289817910032484,-0.7511979175341221,0.5218108321494405,-1.4093671865034585,-0.18674196586554034,0.1533126793985828,0.09086820272184108,-0.4040425166605361,-0.9621923453599527,0.8897954533474604,0.29041315009797025,0.302423278640097,0.09119029135965755,1.0527387206806242,0.6049156468641164,-0.0807790741563083,1.5471694215493055,-0.9402072663697351
-0.9148152213179089,0.4225777955991396,0.3681360881865354,-2.0070665876439673,-1.3606242468253469,-0.9855966593616714,0.07089871335952491,-1.7465255222065619,1.271726440327194,-0.892693944368604,0.2374513652470222,-0.46728102274644717,-0.09091088753734945,1.764114617474158,0.4036010096387681,-2.3228152557137873,-1.496543169380924,1.1226866296365587,-0.6728184382730158,2.0829787494654752
-0.6990037687873178,-0.21108704092923697,-0.39492657076401994,0.07249060289709303,-0.35177133209559774,1.3074311054567407,-0.6955364485190297,-0.434609318855656,0.08370340773641184,1.7457351060668171,0.6407718968339555,-0.7720920481546668,0.8800521816366739,-0.4380785698648076,0.630648749025123,-1.9368449368093477,-0.7481120834909633,0.4426230047677713,-1.1712505737037309,2.489972412646737
-0.4664662092887515,1.1994692830575484,-1.4922619092615201,-0.8115524827633733,0.20084174978599764,-0.195056681248961,-0.4520593015119507,-0.3635787535823508,1.029272463966818,-1.4375706484195478,-0.0021266438393816134,-0.4799851820106096,0.9194568425631591,0.40360789533128877,1.7034297726924414,1.6725007698815482,0.7500723508500253,-1.8442147063386158,0.36664762081610947,-0.7566090075157057
0.6232410582099034,-0.32851488632672166,0.7031299013900193,-0.15983083506450868,-0.43037785264014583,-0.44516853631781683,-0.2576049562997898,0.1479623898012788,-0.24324551137369932,-0.29244374701150766,-0.7659953713476161,1.7016914018631246,-0.6177597687714047,-0.6432283356666928,0.9365811129423143,-1.6514826617101046,1.0788165988813412,-0.8818410519792941,1.468293600707525,-2.0384411299571386
0.239172531916114,0.366043642004327,-0.3696586262383425,-0.4647897441952512,2.0156621611815067,0.374624862819619,-1.7746012875385957,0.9178509295119703,0.7915313621504192,0.5940079225347435,-0.2684829262266831,0.3615596490633439,-0.604988536099783,0.787843173403287,-0.12027988781735612,-0.6149884912723045,0.4278199321490692,-0.40208560336732707,1.4501280923014572,-1.176565040640048
0.16290325517634777,-0.7978136374314792,-0.3152757174753736,0.3881871594985592,0.30098050765747486,-0.35199649485736495,-0.5069568297827941,-0.3397574928726987,-0.058434282353296056,-2.712873368493393,0.5000797024711676,-0.7628953407690517,-1.1248763745544281,-0.7213715597958712,-1.9108862921649343,0.8888555194993429,-1.1003865892749123,1.4590188833732642,0.10093205276806726,0.985919854860823
-0.951124498751872,-0.6251540491472999,0.17759150152289394,1.902975689351905,-1.0181204226148777,0.867354239458687,0.5267593680192407,0.7566602855059412,-0.9662344833591388,0.8697530226195561,0.23818211407305498,0.5322519040440308,0.6279929309282596,-2.8338296633755404,0.6621722311866931,-0.9285507894008798,1.0147736196869397,-0.7858706868471245,-0.3244266318279483,0.8423285283395789
-0.7941022144066125,0.8940527925688322,0.8001383530673168,-1.5058790773230388,1.0306309704070826,0.9344816815332246,-2.150181098366662,-2.036904387194036,1.499961307779407,0.715449317920676,1.167525086706209,1.2687551926879126,0.489054870872934,1.4608040675476412,-0.4629015267879506,1.2062358789758028,-1.4160555223763414,-0.04223022228378918,1.1848948527190049,0.5481519921747834
-1.4413274462100871,-0.01387718992418731,-1.4572043470643918,0.5551874695937621,-0.01579946187427857,1.0970382817826168,-0.04627152000806252,0.8350373487637784,-0.46939482563391144,0.8896671079380037,0.1105442720412038,-0.06851920754410154,-1.2337790022513715,-1.1642384288564451,0.4139100913544103,-0.826228310797854,-1.0659169911635828,0.16853920971615072,0.7530588145034186,0.312981918635173
-0.20114656738303058,0.11878966306574629,-1.901292695280533,1.386810294507475,0.911899677493297,0.9351119478680492,-0.650273187542171,1.5792789869167554,0.5197421998743182,0.1534128248184352,-0.5808385469888039,-1.159391996016322,1.3694053109450228,0.1209408152610333,-0.23077214246671296,0.38383696033943454,2.581354780857796,-0.4197413238195617,-0.8536643525541037,-1.1230909438891987
-0.05487440869873353,-0.38730950785129037,2.559324472328814,1.8038840539159877,0.39100615720414994,-0.36164127041525634,1.6203286466799809,1.4546660156811917,-1.1848777829149266,2.1652624522644106,0.5966321448446217,0.3183983949468891,0.4589602524462029,-2.509625696764843,0.4059598651002136,0.3677942968619128,0.18773891326225234,-0.3458443637710728,-1.124259076727132,0.671452571416303
-0.1810491549234846,-0.584913059243748,-0.8434791856029218,0.3095072845467854,1.9743383153556124,-0.6326778457597474,0.7554450600898382,0.36580561885253243,-0.429155297668626,0.3773824937892036,0.2467908958340968,-0.3325316035729589,-0.048408698321751396,0.33951652911103425,-1.1252480662053015,1.7442913157658164,0.03695580107663769,1.586817244714967,0.2239997427194791,-0.361392795208805
-0.7605403104172453,-1.6637673676491862,0.16977347793669523,-0.7942167826832304,0.14672115202847671,-1.1030258550840475,0.837203270847471,-0.09813316436582778,-1.0052898483318082,-0.48790380791894983,0.9850397021722657,-0.4049911191409625,-1.5270744739679754,-0.03362098540355508,-0.4646256431872945,-0.7783441531466477,-0.43028902252056406,-0.0881593246285416,-0.2006599536706878,0.3073790132638125
-0.8844563100928761,0.0025204113592831273,-0.06915632912885616,0.5205564986595747,0.5392599587105271,-1.1139867173553437,0.806678187573106,-1.1205101552822871,0.1679328413084663,0.3755758358315413,0.4533406619003218,-1.1221123703778146,-0.684866188821136,0.2581208627342204,-2.158170270240454,1.047119345632084,1.0652834800672586,1.2127388128976675,-1.2009703547318942,-1.3554544771820909
-1.8623672816509775,-0.6881043451887138,0.06656606266703669,1.9843426264077741,0.7027957357290722,2.8087658015046997,-1.0880439951281469,1.2926036823021454,-1.260579658394099,1.459719862904677,2.1853527898528498,0.32450245150159573,1.4242258355542698,-0.8503631857932743,-2.03318862269688,0.5413702094162275,0.43531403069134816,1.9429130455165373,-1.6453056147844383,0.5317816079513684
0.020900425665540106,0.037598958089276435,1.0318656740728416,0.7514922766647157,1.10461245838163,-0.27075005861382034,0.5899432540252073,2.189048421298307,0.687670903599228,-0.12767642432581566,-1.4394040147172953,0.46908338886161327,0.5709914699655123,-0.2962185218400534,-1.0850516707466504,1.1589897581309876,0.3354734271324097,0.7517725658398723,-0.26367131800966453,-0.591128633617401
0.046867801592896545,0.13451909913522833,-0.929655008902079,0.2819402480131786,2.8740896912571903,1.3108612037601053,-0.9347255208945479,1.062456392562291,-0.4538705667435536,-1.1127346314167832,1.3414679324976067,0.700673210208144,-0.19992344295334097,-0.7402049979856434,-0.3533836318227315,0.4172747060834036,-0.24480531928654062,-1.2136556277151391,0.802586166961027,0.88237607928524
0.32854900163494305,0.7577335978718475,-1.314943824396535,0.6598756084835186,-0.9804360445849502,1.639392917929218,-0.0026528662773534803,-0.09581464601260642,0.4474358529000298,-0.6628516536839445,1.1558691971522117,0.5366448639827202,0.6561898979177582,0.20741950229693554,1.1957849506300036,-1.0444933734795472,-0.05716488607459797,0.4643551291393256,0.027420873892192454,0.438682446341124
0.04948932990738184,-0.4249485848275016,-1.4740573402295434,-0.5324016591928046,-1.870394390196955,0.7184401222714933,-0.17525867253603675,-0.7445388715062747,0.039578494862944985,-0.10238895061650867,-0.4135822661134464,0.3112943965907353,-0.16296697838975566,0.41270733944636834,1.7385175078523856,-1.1449754528974783,-0.777056297323582,-0.2489753754910777,1.1473232033696568,1.0789803403323086
-0.48900128744815435,-0.1431933304600435,-0.9396972970852652,-0.05059625961624623,-0.7901670508831897,-1.3712250553912428,2.0806521153379345,-1.6422899859014102,-0.2931607001260053,-0.37810221702796487,-1.1580975564932665,-0.8276693535842555,0.6359343658300699,0.8894083127497066,0.07789218571993545,-0.30984790427435516,2.557240961135762,0.7025561272159997,-1.567803743893325,-2.167278737639749
-1.6748546144609129,0.3443315637771711,-0.25850882977468714,-2.3654247350240003,-0.8456479391660718,0.5102644279763906,-2.092918077456983,-1.1897981534901585,1.2086977958270242,0.7499021001734073,-0.5612191554456051,-1.3569193018789745,1.9437488717501867,2.0406044447453793,0.19929853951398796,0.6700533883076258,-1.302413910583969,0.1977560459789448,-0.6026314907068007,1.8259205246838308
-0.6692642789548038,-0.7181045236399487,0.08048432087011516,1.4765397888853424,-0.942602531651142,-1.1671340224825957,1.723935074140951,0.6443212071195281,-1.3197351909196329,-0.5807896629442131,0.2958525522027323,-2.3408478567133604,1.0749583176489612,-1.4791254297161804,-0.20434657274732448,1.7814888120670065,0.363738677502847,-1.177436785372447,-1.9555907838824966,0.9748184959315479
1.1110921952388217,0.700987717143175,0.3808959580401509,-1.6897432245455832,-0.3268068398170712,-1.766323130845307,1.178119803826563,-2.639188703006233,0.8376255784594064,0.8621042195862849,0.5762446383230933,-0.2013143504214335,-0.2750482838221312,0.5190589943055487,0.765652056236352,-1.9069237947783129,0.7357225636986411,-0.2201790692039156,-0.32210932604291154,-0.16004431111671005
-0.14434558310961582,-0.12826910023987362,-0.9030770210126353,2.1378777447383994,0.19695086169687262,1.78892652938132,-0.2810944679248522,0.4142899189043254,-0.10978301521324998,1.1671549631663856,0.57979603088371,-0.29205990755386857,0.9553598364152375,-2.3315597622463664,-0.49477687610174337,-0.4268588804531045,1.0231235121226443,2.1900088878711306,-1.1801702547439445,0.4510751727527077
-1.1778543828672299,-0.8630022026636635,0.7703467288331085,-0.0614236675968596,0.12494434325179399,-0.48412963460183295,-0.34155776751232136,1.2050583753421724,-0.581779075039775,0.02383348247081048,-0.6677965389926166,-0.332540735622773,-0.3627087039666636,1.168759327160929,-0.522817632714028,-0.0954492864216083,0.8250689992744604,-0.14217686191130094,-0.4835071176044872,-1.445666662601254
0.2504609690570472,-0.059153623085609244,1.6172086065071192,-0.9101001002050131,-0.001794711444835681,-1.6908057015738338,0.3903376473278553,0.3246729954085716,-0.23504169666847186,-0.9539787718509474,-1.601867335287225,-0.3698094201237235,-1.7182280466101962,0.6601178767600218,-0.9263276497323722,-0.5412823906617401,-1.466217245093266,0.6536723158227625,-0.18183586396981274,-0.08919847367160574
