X1,X2,X3,X4,X5,X6,X7,X8,X9,X10,X11,X12,X13,X14,X15,X16,X17,X18,X19,X20
1.1971743613047605,-0.4496943915229143,1.3124626224753766,-0.24364356671536272,0.06013493100089515,-1.0904467953015804,-0.7707721639067908,-0.11381524525112441,-0.7139393240847373,0.1374195262968341,-0.3329087760296505,0.7274175085445275,-0.20142268535416502,0.15666842090145755,-0.8496262887315117,0.45208761615025855,0.4255193419646027,-0.8424144008782133,-0.4056188740257914,1.1384478709267736
0.8744953012187124,-0.7740977567981818,-0.826214298800266,0.6786765885977569,-0.1192594110826184,0.7928425564904494,0.09328373679604339,0.5758752947401186,-1.291841308213236,0.2821815178679538,-0.12635421516219433,-0.9013291038997409,0.2306008573061279,0.4782553401648966,-0.050114439634198905,-0.4930558299094421,0.892550988243903,-0.24377369778853616,-1.7572547794204323,0.8190821531508448
-0.1256335245551238,-0.8456965852976916,0.19519264303602235,1.1474250970729185,0.8712838064319103,0.3978529285706078,0.4262460276520902,-0.8976657439689198,0.10072362924541725,-0.7479660525693466,-0.7698250454118947,-0.6964538411559655,0.9929242144254095,0.7259863030353362,-1.1474028709165802,1.7087784033152662,-0.813782106887691,-0.24410300810732907,0.7244422883228774,-0.5549993741558918
0.43359022956656124,1.6088954313007724,-1.1017795522635152,-0.9680845076583553,0.8953099047382204,0.24735944367112256,0.8606533911346063,0.4335047054572831,0.30550147577894954,-1.7997767981891095,1.8664651925155429,0.38719837689608094,-1.0478479453464937,-0.4589401876973812,2.1260591693743445,1.2651464475183722,1.9677802875610464,-0.5531132684514106,-0.22856189947677505,0.7239025459591948
-0.012618177797026278,-0.6968089842932347,-0.21848840941532374,1.1281242200169295,0.46638189485912074,-0.641397281391948,-0.5141577321008383,-1.7818336751743131,1.1827784316248149,0.7518030313024143,-1.3837542182534617,0.9118687240309487,0.39760856659508265,-0.6154543261191747,-0.4541428962565112,-0.11605329439679594,-1.2837177158489144,-0.5268599774536864,-0.26078505875622415,-0.11398182874752842
-0.4812585630944254,0.5279969836656864,1.4930682780151707,-0.7135096582042365,0.40487665764112135,0.5605987283055074,-2.062855383203358,-0.15267709576439972,-0.21879975022367312,0.7997930676891897,0.3403581175424035,0.9571491478594467,0.8776975110942442,-0.05849664811460378,-0.6634972950281683,-0.6311046520090874,-1.320150650875206,-0.2792736051184156,0.2673913031515548,-0.9213723159640754
-1.8705679748431956,0.13547119508088054,0.11473720020589402,1.4592187810887471,-0.6066633669674247,2.027568389295719,0.23907285899775885,1.2829331010316505,1.1070045985571573,-1.991243991499101,-1.8299984771136188,-0.26506858730822225,0.18121802864165867,-1.4359436960935203,-0.6619791597216435,1.199153198704862,-1.3592419329568166,1.0925407966058873,-0.23753023021713723,-1.42004457457075
0.42060316965267175,-1.4682793974687853,-0.17681323655341502,0.3197999120981034,0.7915013801736288,0.5894087909958678,1.0123351959642017,-2.179793976085308,-0.9069590714425005,1.3784208592676435,2.043589463221329,1.6002546922088596,-0.8615253853563023,2.1371461151491986,-0.4043419116883402,1.3146520587942543,1.8901548828545198,-2.0319793782207127,-0.5346912149746686,0.16395174819829275
-0.14424128620807086,0.25074326482976156,0.7955457230037729,0.02288239645888073,-0.39175511587710915,-2.122414836285693,0.7086393156262947,-0.3110179120638491,0.5888829073207319,-0.7813406983839732,-0.5008747590901635,1.904957456333342,0.4581470275620947,1.8871248336035045,0.3559851359422846,1.9929044308275334,0.11549371658010602,-0.556441329391329,1.9860737634606338,-0.4273092146073498
-0.7812506121885078,0.5461312857182938,-0.6734506544394938,-0.8343260638108088,1.581973137122715,0.85790553130805,-0.5248392123226467,-1.1702248551806653,1.1871773977202278,1.6244686241575927,3.715440030721465,-0.40017987647309583,-0.8275408845999517,1.2168171132895493,1.0030144684541709,-0.0113920766750136,1.7854012766345875,-0.9539785091790138,-0.8333620568242184,-0.9829284207839061
0.9002615567369996,0.7868165490317246,1.3384127562896817,-0.8214548895215745,-1.0353949428867295,-2.0733363300089716,0.6180341902934924,0.48641593005464734,1.4980753322514562,-0.819937957913222,-0.7060876339465183,1.211101144342067,1.3697762477733995,0.8907882458902449,0.435241121744371,-0.5603271358286082,-1.138993117782939,-0.8246675046698528,-0.29169506259765454,-0.1804837943492169
0.22736130972888846,-1.412808877230757,0.2904315253867298,0.42436702279150423,-1.2944255782659964,0.32630179727806174,1.118860829699428,-0.8350353667174548,0.193863908436982,0.5889719232857459,0.2569366548864059,-2.4469864191333617,-0.9317464205166726,0.14256448294751875,0.5257793479490708,-0.3888603512686552,-0.41713926673485324,-0.9883860614291374,0.7962275481327286,0.5073681593957472
-0.2534538804701851,-0.9805361891398422,0.5784007103453194,1.2354000675610812,-0.40634277237209,-0.2840247156883573,0.7687442680096763,-0.9956741021901778,-1.589553415029898,0.22206091037607997,-0.45689770783864503,-1.8574310837373607,-1.8032545754013218,1.3563569804360645,-0.5583153571453972,2.140147615415208,0.825692116562186,0.3250910342433763,1.7614159456036416,-1.7941986954866544
-2.665210841314055,-0.7864726783483417,-1.269388857970009,-0.27203129220865946,0.12206535389511926,-0.9072748096457487,0.46566039879969556,-1.1209791084644314,1.986686327267908,0.6735034823250874,-0.14846852768225588,-0.8476537363703452,2.4047184338401912,0.8679146378909626,1.6576742013096493,1.713172919717328,-0.1210874763080504,1.1334658120178231,2.8221036773510377,-0.19228307058313476
-0.19340923198207896,-1.267302893627743,-0.9088229644133228,0.9583123076130402,1.108680706128798,1.0058311607483341,0.44401376058188985,-0.8660181976749389,-0.8585204911145914,0.03760391042400139,-0.25784121044479297,-0.26035353806284883,0.32625778121530463,-0.9517747626938865,-0.27596053297853307,-0.0802167379533013,-0.05438448144753532,-0.41064883652052003,0.3635367181451158,0.5010007013957474
0.47135219092155733,1.9471778789565573,-0.3447728711148846,-0.8010397231315104,0.19487714398167433,-0.9289812724350591,-0.37261730739010623,1.0477963838700337,-0.21754533350288638,-1.6504959704687003,-0.8952232533256663,-0.24147305924777707,-0.051077867220429056,-0.15733726311561347,0.4424334290635961,0.6303665351130376,-0.8608063827307683,-0.7918026858264068,-0.6251007990000522,-0.1823418625930492
-1.328645547706605,1.0288417134143644,-1.7420558954769285,0.15574809098166062,-1.6368375181623582,1.0747215526586615,0.9905741798421813,1.241682510098051,0.5886672969878599,-1.1390392034142698,-0.5072179247362083,-0.6760749095508989,0.5055133277105233,-0.720684609322661,0.9987254597139078,-0.21609775854330393,-1.9129566125756077,-1.2078101008764257,-0.5938857196597292,-0.29641655865335104
-1.5095260672007293,0.5307030230222625,-0.6541680554267552,-0.5142456344294529,-0.5810296026420847,1.023144881003771,1.3916055875274154,0.28728982409406906,0.028839302305599366,-0.04544177851481961,-0.2111116621352219,-0.3074514087075068,0.34974223855047404,-0.6966874055645322,0.14852076134738965,1.4333061396738682,-0.1674062441298633,-0.18287878110426842,0.2837794317501367,-1.5186373998464688
-1.123387434078573,0.5729216257533228,1.0252016030227444,-0.43366319833639483,0.9800052380368934,0.2629677846028757,-1.7052029945531864,-0.6465959017817526,2.6389343029673777,1.4695933698564223,2.173273325735049,0.39051290270381855,0.11155124138417412,0.6252296212648181,0.32662775437497077,0.28551398522568777,-0.16777944236274722,-2.1110065696700144,0.6963545381637335,-0.9751229003836884
0.9689348007198688,-0.01404061584820568,0.6815868692586671,-0.4221912154190145,-0.5586733233030079,-0.3326532564223803,0.3275603556984182,1.0694824913328105,0.43590846162107244,-0.29506455142238086,-1.922196585034252,0.3957484868021713,1.4868980345617406,0.29110164868782795,0.9200929992084549,0.4397986012358981,-0.07685561087569118,-0.11919977333387977,2.7383854700160124,1.7188347642078363
1.1439373155144807,-0.9571455095207018,1.2260317680575417,0.14046387487240408,0.84929439308321,1.8572077746839548,-0.9684660673920421,-1.2250687177043902,1.2444553923684947,0.90959392174855,-0.5249120138590421,-0.7346440725032706,-1.9817973906682065,-0.6909398922866417,-0.17143823682553247,-0.8736971650200048,-1.0397994037050529,1.689381193718649,1.3480419835125839,1.615950847472299
0.46902889092340033,0.13812895493097505,0.2448749363541831,-0.567310620907894,0.5641938591468058,-0.404731058023206,-1.3078186216713186,-0.7744820971821581,-0.0565577830963069,1.2306644712511126,-0.8684995056778569,-0.263081190512449,0.6406547341274608,-1.382388674419806,-0.13181513812544968,-0.7819823854262712,-0.8465214737063114,0.4049945162586753,-0.47599982668054036,-0.24168516904914011
-0.9275578955135885,1.1424400134625112,0.4333431055105036,1.106135171329973,-1.5598394188767832,-1.2464330285657508,-0.5732840580443529,2.1985930314134734,0.040373806848536,-1.9445179126416645,-1.143011360588887,0.7847100320630596,0.8128179888713107,-2.1029322495450424,-0.8292511242671118,0.34026591680977103,0.8992348413781093,-0.4069526261203261,0.4185056930732148,-1.3685869430537476
-0.3655776667699853,-1.475273970192627,-0.5512120579675311,0.7333549845109553,0.45050865224094344,-0.7679021527325888,0.2903065087920388,-0.1546151637428713,-0.6252994866764403,-0.166460492447792,0.5550644499061902,0.27067187144758525,-0.6523949373511514,-0.7921067275070816,-0.10723631597494278,-0.6570444298425465,1.012262455343465,-0.20001288760809177,-2.2039097691124296,0.56605428833101
1.3293669107062356,0.7496920722669855,-1.35421979993099,-0.49592351222672953,0.07844061384898056,0.44808299712192523,0.7671436110514702,0.2011730723747984,0.18253611465101063,-0.15260644648192165,-0.21950607384448337,0.5464790535450295,0.6310687082507795,0.9233563036865637,1.2147766491376994,-0.4565592337002923,-0.9952682533466018,-0.9497414540102782,0.3841983139302022,1.7998149586180407
-0.3453770157196676,2.3928416753968227,-0.22222582963014278,-1.938082292888472,-0.7698050646197262,-1.4801796504211502,0.5764821844947219,1.2173295709070775,0.441722307035987,-2.106995919517265,0.0912729022781635,1.710617320444755,-1.0153846776315683,1.149283687370716,1.8095433755706976,-0.33766019154804183,-0.1658419601738721,1.043495316947567,1.4572144366718514,0.7562903351196743
0.8578811842356958,-0.7754367358875446,-0.5767326093300068,0.3897754621722981,-1.6352343910865454,-1.1306899887739477,1.118063746023069,-0.6760206177638557,0.18292135380612698,0.6736132280063842,0.5421312081873704,-0.7738879455861137,-0.9168665068575724,1.197694684863932,0.11443390768900583,-0.2970344391517535,0.8930687911805947,-0.1554651106905693,-0.31801924904983,1.1400274925473923
-1.5830914394046571,-0.3230246101268197,-1.1997790949205172,0.8851317250725402,-0.30309979917703084,-0.17783516961900336,-0.14254093123076148,0.43098037785762494,-1.278124465075579,-0.3703322281142727,0.8309175382560501,1.6323074255213605,-1.1899209852481896,-1.195932169206381,0.7812150152970188,-2.236198528094951,-0.5434732706050336,-1.697900477562779,-0.27604291169995093,0.45926765261600105
0.09894374448258973,-0.022442985252807426,0.7034277516990073,1.560210087785621,1.581353423170096,1.1405459476158841,-1.8435527039701332,0.5459090124076812,0.07104835261328003,-0.48026627008905315,-0.7195246560220062,-0.8315252706690311,-0.7349924953308097,-0.041916210259619155,-1.1972010836335147,0.9166876876171614,0.461013506723701,0.6760689349022307,0.12904809401781844,-0.6193013820956225
-0.6386632442714288,0.00590129451189679,-0.236066263879635,-0.9260147555173236,-1.2335861485996498,-1.6475945197580655,0.7121449831381178,0.6984717396403645,0.16766703636271543,0.2899627280217848,1.0326837187645903,0.34581351167544283,1.072711038469517,0.06785855577680824,0.7473161360713567,-0.29003504917440925,0.22484701013481814,0.0492370016817751,0.8509221180393626,0.2374965554300921
0.8507924139903239,0.510198603183798,1.225259030531904,-1.2689064246734443,0.478652719499811,0.7873253003286765,-1.8586452379381102,0.14736789556603241,-0.7568622144004978,0.8183284292411686,0.580664269887803,0.4570786875403078,0.8312789253221836,-1.8872186897855423,-0.15284203263108015,-2.430533391073333,-1.3296784940810267,-0.2072425610623812,-0.7004512815288968,0.8729397515523195
-1.0249399009116558,0.3556947639031154,-0.8730907521963323,-0.19039629805781993,1.389331837140218,0.8284910102015387,-0.37850843014524665,0.5826090759213077,1.8053715293627566,0.13965276032797605,0.7001048885576746,-0.8885508556703898,1.5049690898466257,-1.2793972817425177,0.19771190447820175,-0.47001381504409784,-0.311012465571224,0.06423424032507981,0.15635362629157812,0.21110678049005072
-0.6645008399943177,1.0621337016215342,-0.6567625544422683,0.11771446922829497,1.8498997352443647,-0.16548439745738378,-0.5199803320486925,0.7513484259669126,-0.3874970724016462,-1.2504339881907514,0.9410478280103541,0.5567459471486108,-1.9449735467203366,-1.090752691477964,0.9925479239337451,0.57847640517242,1.8827019860508454,-0.14180615722336745,0.18795060579793205,0.008814258252224288
-0.8403784943562288,-1.514380632829791,0.8197147009668335,1.5338766087399893,1.4062402218073886,0.3716441704204132,-0.012201150226371787,-0.015615287917588021,-0.15862712089043127,1.3710400645862597,1.2637035932478686,-1.5184289172606478,-0.02449653785312239,0.6821997504671775,-1.7444044175107962,-0.8824739695464856,0.37377226561782045,-1.46888534308342,-0.05206448330681128,-2.0384155681902367
-1.852814983059536,-1.2293161835215745,-0.658775166825202,0.10723703326750472,0.567595859477838,0.7456440682099761,0.9275791735775024,-0.7166012570455117,2.71643893893182,0.6991305918559134,0.32697934663168693,0.5300068881613942,0.6928535308938399,0.12792197421078624,-0.22935732425303387,-0.41595378766165775,0.04911541914731241,1.6589897868349532,0.5841259104260094,-0.012045151574346019
1.380144001624985,-0.3605759053345083,0.24161061610909354,-0.3401841493724802,-0.5812362852611658,-0.8787490841452169,2.022363138727937,0.4557411656980308,-0.7202095046580806,-0.6011367283585799,0.2588883777364677,-0.897525601748778,0.40884199431709767,-0.32958548673863824,0.09113454463232981,0.5844291097011943,0.5920353813269724,-0.44452545515454145,-0.2682986485894096,0.4852992196194258
-0.944693753182571,0.8747439881091561,-1.32334921556466,-0.4506763690244226,-1.12002526140604,0.8179732337829495,-1.1244657767441884,-0.5520065907736271,-1.1718435146594768,0.3455483526273276,-3.12130351872031,-0.08584804865177212,0.19889525692326146,-0.21155481561613684,0.9164016398821565,0.7737783154849135,-1.051284301587304,-0.8389671637252256,-0.7231994828547141,-0.0940072105596228
0.1822592222275653,-1.2344422564012691,2.382992686781273,-0.3257632881350254,-0.698875948996285,-0.4983135253263236,-1.4285232081923902,-0.7719612465707539,0.3730221686267392,0.7454717351560559,-2.5235418479559213,-0.5435643638170913,0.40950296514006995,-1.127045787430585,-0.9949956295460595,0.5040717203198254,-0.9531342742399094,1.2489754758401959,0.9044894150424885,0.433207673779882
-0.028197435076307138,0.22694740567347432,0.7546259922204978,0.5364288547526247,1.7972269227624444,-0.1408665701467971,-1.0082698108427985,0.36714419561295103,-0.5335097677469748,-0.9652836588599034,0.821001913000591,0.5234851233021045,-0.8514544862495891,-1.0294004331880147,-0.9593324706500602,0.2919020984887742,0.8283391122511601,-0.9272986288078101,-2.1201492660745553,-0.9880749834231152
0.17496608909005115,0.8105273568679648,0.2653563383201835,-1.2002964873324058,-1.1849692078091159,0.5820974877220723,0.32333760712901866,-0.010284433386847916,0.03251888016950487,-0.1700568364137923,-0.5185856089942984,0.4185157387409623,-1.828113795578851,-0.17458240399986422,0.9665747776305441,-0.28574327731069615,-1.1708327930027933,1.106794388506899,-0.14594490939795618,0.5823557210311004
1.1086996122041983,1.6033345731408903,-0.090286230524079,-1.7455034927801367,-1.3267809668473025,-1.5225846661898772,0.11547755743711809,0.9659417508151357,-0.33578786760277735,-0.6492186008400965,-0.8398159727452862,-1.2711592481219636,-0.39648515674114404,-1.9246263050925183,1.057549219018758,0.8178970518484284,1.1585959112339852,1.3642148727891148,0.4167285638949043,1.02791712197816
1.3381694705612042,0.2351788292734904,-0.24082592254244606,-0.1935857304888758,-0.24471920043919054,-0.12073671811454835,-1.1168441432050566,-0.43171452245297914,-1.428859767755562,1.3007416937909795,-0.6505533221632361,-0.9103619977336634,-0.5944388954701102,0.5829860608284181,-0.06895363230326407,-2.059329411278571,-0.8864808233458815,0.11886340698761537,-0.008659018447679499,0.5729753923466634
-1.341362676321499,-0.825607872064798,-0.2295980088116608,1.67807595083881,0.598581963539942,-0.62564946084972,-0.9280467162224167,-0.2695362311038677,0.4205969956514852,-0.6162303009555337,-0.018753432893040503,0.6788405364298147,-0.6854268175705021,-0.213164092893315,-0.1605500239830353,0.6333347184276134,0.8833924502971596,2.1345712923275277,-0.36568666148130163,-0.663327539511813
-0.6927978344157909,0.5093122923099367,-0.5716892861850934,0.3716007182417471,-0.3589594562636942,0.4699015880145574,0.31402504520208924,1.2281187987101765,0.8450996388542702,-0.7080383462355168,-0.553388030103133,0.27484260504424207,0.8894820313950906,0.6371825107483069,-0.0748408253817641,1.1371131270313626,0.8613216156494946,-1.047057964162741,0.4939263305079786,-0.08770999375810827
-1.4446646633402696,-1.5619445620227885,0.41802512593927676,1.3839911228539155,0.4430858712512506,-1.2307113064907569,-0.20549120662607437,-1.9029815714590665,2.5658540360290982,1.3170899038175519,-0.34798499641157593,-0.02206172734617824,-1.5588102571338942,-0.1689982710445087,0.5361523778350141,-0.23104129397254738,-0.4038007463597728,-0.5271630119486178,2.3638001541675675,-0.13803804032541428
-0.2921973066148575,0.24224754697437453,1.7069229302010882,-0.8335543867047345,-0.36897857160691716,-0.20315977448064357,0.21508282384456287,-1.2068286326586681,-0.060594777598549684,-0.03416875639347659,-0.5331092456246279,0.8199223776628396,-1.3864758261110515,-0.569018483617991,-0.5944403292683714,0.45373124690787525,-0.023757909151883232,0.5044034384852246,0.01691240534924901,-1.4965255928738121
-0.9788006153479583,0.056646794854312836,-0.5540093049679968,0.11375370848031074,1.0212562133423206,1.1400592206893505,0.2726360374461115,-0.2353124479763722,1.1209468728558478,-0.021446568888750253,1.6782172158326814,-0.4680661371263043,-0.6197668918282264,-0.10391050213677606,0.3774323422371401,-0.19017714652595466,0.3329573880178352,0.09823420894129287,0.31152055091178427,-0.8644611221028369
-1.139752027031385,-0.5900206454731481,-0.08760603479419075,0.34964456790313664,0.6546879490868729,-0.7181518034696946,-0.4179748406430104,-0.7064649961364342,0.6530388675091213,0.8740624077713278,1.8597111305047018,0.823041043228932,-0.18881190512782214,0.07534224014768404,1.1006219015200955,-0.33174864530449777,0.26187413977365076,0.004919299346221638,1.3780392189024298,0.1627803955448793
0.22563303665126283,0.15441623438427457,0.8798645404827881,-0.7365081953248482,-0.016647805680744643,-0.45718822118265806,-1.0400405845005205,0.3098590354638016,1.1501635941593664,1.9047460977261306,-0.5175544405493024,-1.1235092207849524,2.081716159701934,0.39709881598646257,-0.2624502480860076,-0.3996486249255731,-2.1433264065475295,-1.3175502378768755,1.6244427985685597,0.44564874931020887
-0.6917926986313989,-0.5763120952170273,0.9025824831202313,2.0690884868385386,-2.030731485821885,-0.8337919409580106,-2.204734577319202,1.134791762642781,0.0827480679249288,0.5839703060675657,-0.5582839267042884,0.79440665563184,-0.380323815551328,-0.026842386798130325,-1.6366354805369066,-0.7125824869130363,0.5873211145865129,0.054713068626054316,0.454745385092387,-0.013315100947053293
0.7785521372689788,0.7915870560586555,-1.0654782612637748,-0.601021536642549,0.23419689151713383,1.3919418355816344,0.28619138964012936,-1.3439825792985962,-0.4345503308139257,-0.15388680363416468,-0.16270431106392558,0.12712266349463267,-1.9854573814401242,0.3062321661849571,0.5312721673222799,-0.6915692774290501,-1.3607695749343336,-0.3087197076094968,-1.0158378188742925,0.7350274350638565
0.9371199551473407,1.131987618286788,-0.9994102131842536,-0.8371545027771662,0.5426960860886755,1.7501774696531873,-1.3420574927724405,-1.5316920952313793,0.1143781509141156,0.36065116655538854,-1.4722651935349977,-0.16693421585190088,-0.2577443827875467,0.34412439214646773,1.722052875473719,-0.19683207034174902,-2.2143174837836046,-1.0124203964698422,0.2375814101300167,1.3694907189763885
0.6895849414753505,0.5884408841890558,-0.07804827577876443,-1.0738112828571844,-0.5395793648275314,1.485056856498871,2.0632395535777204,-0.13226258328954635,-0.49425278786233334,-0.7135692427836245,0.2184303847234839,0.1288959984183749,-0.9615640775364864,2.193663212324042,0.4082476753918313,0.7712764223863691,-1.0015667041304617,-0.9565200915329511,0.16466383261286704,-0.07940763556146713
-0.2973740348985878,1.1597782059977764,0.7539826191524488,-1.5924660591415551,0.1479529979345941,-1.1525132337491608,-0.39187097741765264,0.7601058087272154,0.34945158799356807,-0.19792247530127696,0.9634287223632754,-0.20367298140158302,-0.8475125522243562,1.1978162533805583,0.5394252529766977,-0.5094104739714137,0.5850494279842765,1.0470921107580913,-0.8511642890852216,-0.5192696141376535
0.34746063351211864,-0.979943679327794,0.07238287708782827,0.9296993140121079,-0.9847453659256121,0.15409425401034715,1.330601091272898,-1.65386768159392,1.4832285085035273,0.3195663901549855,-0.6836074596626361,0.5535537652771443,-0.7290948620907377,0.6319703891176892,0.20983691760832032,0.7118293870006407,-0.7584941164939798,-1.0267832536757455,0.585653015818655,0.16245937732495938
-1.2802034807209324,-0.7441380210834126,-0.8806148606138335,1.3463425294069304,1.9579824937193173,0.2673417469445753,0.46828773247725597,0.5345749402637405,0.723849480247295,-0.04019407442128479,1.453608779886543,-0.7413041062296334,0.5362842080992601,-0.5645427627693792,-0.7210889163569821,-0.5467041287701689,0.26505268811415067,-0.08319839379286315,0.019555206072814343,-1.0491085802473035
-1.5522180375007426,-0.27814333841456945,-0.8875217882429436,0.015005773331826608,-1.8788072039568577,-0.23862311330368316,0.6082443920922559,0.6875161243176624,0.7944788388546226,0.7233087324319628,0.2049233295795019,0.04625577755679799,1.5849802154029413,-2.145782328904428,0.8843897483415165,-0.5489942973518787,-0.04122011422251242,-0.026046117360532053,1.1816490387516172,0.09172972671159257
0.04949329597610326,1.663072286324794,0.5843491608957833,-1.0925413719040946,-1.110787123225591,-0.8616696409487208,-0.3011150503868897,0.020833349393204185,1.5828882486405136,-0.6681606354606733,0.40042191273649036,1.13482836805766,1.0095802834694012,0.31825258621019137,1.406584960349513,1.4104043296988438,-0.6942384471268109,0.7582927894794125,2.2076557110975847,0.14397738300680574
0.6915028510792436,-1.6250754698840615,0.7736729060705264,0.20990498930116142,-1.0005267287915773,0.4748574493968128,-0.39130516602570015,-2.9249703641852824,-1.830707393958452,2.2771981766178233,0.3949426536902303,-0.01703475259133383,-1.3190823867979442,-2.4331117416016945,-0.20061966611539372,0.49335617106890867,0.4812245870252723,-0.9624517454246129,1.1789468651154247,0.3252541958747354
0.00999094047217818,1.2095473822422047,0.31054303004178524,-1.3208369995442764,-0.6871360968710306,1.355688531392176,0.1951871898283829,1.4208665887796452,1.653703762442316,-0.2599720694475236,1.1577757779878834,2.313906494710462,0.8161696653921772,1.4924315662576577,0.5073459969000204,-1.787666752422393,-0.40994374411428186,-0.0461530951732747,-0.6623633131823308,0.8084855570089184
-0.12473228753525721,-0.16669730210350558,-1.1499256750236038,1.1601963320119988,0.14984261058857368,0.7489863403872309,-0.27674846236761647,-0.22692208360733238,1.2118157950552209,0.437893663916448,-0.3120828244061681,-0.8906307348513371,0.4151625379122298,-0.4442962131258503,0.6552547964174287,-0.4206314209623188,-1.1240656175377761,-1.227059415099037,1.1950796800450454,0.8051977474654557
0.10946691225729115,-0.22249683908574588,2.081794050040473,1.912667450686971,1.5964071697323101,1.0634263054834872,-2.657177021982265,0.31987651864530914,-1.257853358689037,0.3666835250883801,0.2718031612360422,0.2798675524231368,-0.0055329807191929455,-0.08140872944269001,-3.17167608216667,-0.9288587675730199,-0.35753277034579295,-1.0103576184969532,-1.0482395775369033,-2.510118996991702
-0.40570247834649087,0.13586874205018287,-0.4314314978724348,-0.33254553776312373,0.8515225939858789,1.018383280224062,0.12342279227135823,0.7134144351681367,-0.6026633892119531,0.7525102190777222,1.3313731839155647,0.1967303886846912,-0.9375385861962514,1.1429383046489756,-0.35919915098769944,-1.2778615329944305,1.4606009338763344,0.44200048794214536,-1.4601452106357353,-0.7585231776891712
-0.45866812058341,-0.9687129543632308,-0.2094902137720977,0.7099250679528867,-2.325961377324913,-1.231009602523724,0.22244505650534033,0.07368237331049951,1.0694649309711783,1.182805444447803,-0.8815926447089515,0.31133411273292894,1.7355266548979154,-0.6293346288360943,-1.2478404795351663,-1.0329640938680338,0.34729474454073966,0.4584516560164096,-0.6944440222707768,-0.3736587667415513
-0.9407056652020057,0.10555024764835727,0.4464428231890551,-0.8424787302978839,1.3803069192379318,0.8874008008306028,-0.6251233621500129,-0.6645826156500704,-0.17065809640087767,0.6715566434651546,-0.22498295885660655,0.277691709723358,-0.21584227902342099,-0.0858277864766223,0.5115728050934046,0.6859346601559134,0.8805109242189245,0.48876509956527714,0.26073905145543275,-1.0445332894362616
-1.7552388023778178,0.29223326647374415,-0.07003489098367498,1.1611750237372198,0.4005188734587215,-0.5630035694114179,-0.6261939243363189,-0.1973888643719166,1.1213243347400415,-1.6930106036366819,0.7376588324850314,-0.4873104254959126,0.6365945041015764,-2.071794157483253,-0.48011269319916805,2.4316964022560246,1.1229391221245584,-0.2715152679457792,1.4187215154577704,-1.287054757915502
-1.0208205677157345,-0.5996497259516941,-2.637984102337537,-1.3248382122098583,0.3889563421093432,1.272106605656516,1.6310643176762658,-0.4855031825206886,-0.34821772648532406,1.3932056143633056,0.008211513856374102,0.4394714683745924,-0.8987785619177254,0.46588794850516396,2.389340614918729,-1.5448471152879624,-0.24731801686427715,-0.7174139288893131,-0.46094556026858563,1.519464952214803
-0.5150738405216514,-0.3449068025426798,-1.958693270451521,0.6857154600332577,-0.31083842431590275,-0.6928098048103798,1.3420753174853812,-1.0291249347072096,-1.4525823447765454,0.4418899147533618,1.3637123344659179,1.2742590987130913,-1.267421605713837,0.1086905121063684,0.9604113898480409,-1.0282263832009082,0.4721706104373753,-2.111821291407523,0.23517123936165898,0.22693065641854573
0.8396876739800525,-0.6853056797239402,-0.29607479147522536,-0.37299386854179956,0.528802874317457,-0.443362452774465,0.905802626019807,0.27283457533399424,-1.1767479189883743,-0.5303192890530756,-0.7853971982414588,-0.4860159716308183,-0.2840684017873152,1.435169274488824,0.6707349029126115,0.619485958306673,1.121645955229029,1.5556912034480188,0.28553327610635887,1.3571508589360135
-1.235156511224509,-0.34157714485985613,-1.7145550781584917,0.16010945845185456,1.5329503191745928,-0.8394399588489425,0.4669237689871924,0.8496320392401878,0.6615249490628383,-0.3167533386267468,0.7305596847723781,-0.07365401198054511,-0.830717824634605,1.1531188103162773,1.2543895736445476,-0.6425593778105612,1.7409948225739664,1.3016449238549488,1.394770133380044,1.3108593391276502
-0.8383737267829175,-0.7897123360006528,-1.247472443890195,-0.06477368024757957,-0.3475011438488039,-1.199213534222394,0.025599616958303567,-0.7791455683936357,0.7181650338217561,0.4009858664836856,-0.13527569619922183,-0.2665934252679559,0.27741662272315276,1.0147492439087487,1.6505217868122755,0.11228288698635995,0.8796191700184571,0.5991052152221324,0.7209554103578212,1.4030128042656869
0.5921506694870771,-1.9207372240481848,-0.06689259105054766,1.006373681524751,-1.302709629518089,-0.21126044602165558,0.6829509946911066,-1.4089736229531682,-0.5976090208345372,2.0078026107410873,0.43031889550551294,0.9856555953373458,0.17664855878612062,-0.4860598769788045,-1.0848503332901547,-1.0995526689434083,0.4389688341990707,-1.1444828558312123,-1.55614884164239,0.14196286034736694
-1.0127426051426105,0.3387762771979078,-0.7872066959099482,-0.5660897370348601,0.17615949926895486,0.679392204313667,-0.2274775847977566,1.1940484786403949,0.07291646028947535,-1.1720268717772762,-0.8782603387363175,0.10013336342035828,0.4484929151253525,-0.4428409023838252,-0.23002503058940718,-1.083417244270011,0.49575000024715066,0.8924237132958852,-1.1816662624917433,0.9390769933234526
0.24286735231859205,-1.4642291800133271,0.12416455704892648,2.503909863890148,-0.49358743144956574,-0.0005745783975194574,-1.0113279547896332,0.6671335483029667,-0.2527823344437141,0.5845701522345951,-0.9481738182147402,-0.7962045609361467,-1.1232606850527291,0.557447521694017,-1.4241456811286608,-1.798113616769845,0.6831840060151609,0.16911544834427167,-1.2762204274589701,0.3423981931401656
1.5989712991028437,0.22270873443437472,0.27845885971782836,-0.37664090230795394,-0.16529053013156614,-0.8979622094655085,0.9182854232916983,-0.20712993913142394,-0.6084116294008494,-0.25493805485641224,-0.05921056804270925,0.35809193791724064,-0.37660285777870034,0.7791623917878037,0.3405159168362746,2.1023489684417753,0.5768204690229618,-0.4760393475501309,1.7850938558515002,1.4835338741475113
0.9668405672466427,0.5694589340141553,2.3233470145872124,-0.26369204930157786,0.8286649413405976,0.11883242041107826,-2.8111797180792597,0.6091562199438926,-1.206581758872781,0.06597560892351367,-0.8065313856047533,0.035474592941608686,0.927422794726021,-0.11620313158884299,-1.2651868962403217,-1.486024778154477,-0.5978664198260073,-1.8686518951516873,-0.7324055029324992,-0.9852901663817943
0.5310944002000187,-0.10711416617581286,-0.8565159303271092,-0.41174533734543695,-0.005354686681427046,0.42014929714053634,1.338391114860135,0.6272147286493764,-2.555122078041878,-1.1261366356235003,-0.42110618862841415,0.3229350695719336,0.2156979681249917,0.6602828616310054,0.7192717378912833,0.9277668483452609,0.47318005141860253,-0.0029605431669302283,-2.436945698919125,-0.06826826882491244
-0.1798480263398711,-1.402443379960077,-0.219142446257683,2.3528938675301188,-0.3557601917623474,-0.739268705063922,-0.8590353461455523,-0.34472665814066505,-0.695662262394713,0.07823929688472193,-0.7627492214343039,-1.4559713024066205,-0.7949877278110904,0.23677447628913925,-1.4500463578582983,-0.4789293358752132,-0.17005904933522786,-0.4665004251858762,0.0075769983133932035,0.010498680988903395
0.21975373635286735,-0.39407060964319734,1.1783528616703618,-1.1624664066722084,0.03187200977824718,1.0310709981580113,-1.9732004257463795,-1.6521228986046634,-1.556599101056117,1.1954342626784566,-1.9072244380666463,1.340788248814657,-0.9767973043743594,-0.9888489327486886,-0.81813260255202,-0.21082648917348928,0.051454224425774533,3.1215956239112406,-0.9528710190360764,0.1736585945979012
-1.3464107644423424,0.34864686956075164,0.9112606735953356,-0.08564095632549464,0.45627942249990827,-0.6916347598739762,0.45329570876635833,0.16176892203705123,-0.5467910348796637,-1.4399117754419948,0.6554690026655107,0.22600515707770294,-0.18677420724288182,-0.2542511328446424,-0.7087142357559154,1.9930552078242938,1.7128563542804727,0.39291706980353197,0.1426996641847823,-2.689115877155996
-0.76188387190127,1.3816456245804645,-0.0739124083082901,-0.2221237475466138,0.06416755106941896,-0.8582537131425542,-0.315993709336502,0.9666524737241686,-0.2520789269293095,-1.2519833711654966,0.06023795962863666,0.5177186241299203,-0.07645731951611444,-0.2798353924372594,0.23876092337684524,0.43453261706437823,0.5815753091854791,-1.4070134847335771,0.006292840050331005,-1.0875196873694273
1.7722171301308747,1.0545275126317397,1.4228351808630422,-0.8697837763992782,1.104701879178806,0.7577747712268066,-0.5851386365500741,-0.9662246818613535,-1.5972975102117337,-0.3058220446827461,0.2548152938117111,-0.9152817835225879,-1.282139693930384,0.9914489797318973,-0.09923514256839197,0.7990165501861729,-0.12675494722738215,-1.165293221910762,0.4008279978980011,-0.6027858138100667
0.7145893352576711,-0.25276047317593864,0.3854687323890224,0.9043463706145635,-0.2548357220340242,0.9562338167205868,-0.19319156340081692,0.3256467944412763,-1.9169348965782096,-0.22923445369876908,-0.4647995471618709,0.249607743874429,0.07386044862431619,-0.6679134620436259,-0.9617552502790285,1.3475746646673894,1.2316229057101287,0.2070074612109528,0.4558860770897185,-0.6979310644087526
-0.37157203380469966,-0.3974105852470066,-0.70368121649629,0.004846083814869678,2.3618687435567263,-0.27359255986844316,0.8296170359136703,-1.020466612835635,-0.049323546959702716,0.8072764779838139,-0.28662289981005684,-1.4739656602267062,0.3679664751245132,1.5732967844164696,0.4094679888473728,1.8550957941163206,1.4794815572217053,0.7307521088856245,0.7459178690214556,-1.101621389943158
-1.7749122444881495,0.06088807935780996,-0.19297466192588655,0.4655697621895536,0.22034804020758267,0.7344416087879267,-0.25607017104863605,0.15398516594958025,-0.46021578772005817,-1.0605443651048247,-1.0805697151722622,1.2540054093895727,0.6101031908686176,-0.6375251593728837,-0.9676552805214501,0.2933229164044659,-0.8193098334126437,-1.0444467781133737,-0.08430062265776544,-1.1867567194320983
-0.34554999300492395,-0.9220219844646641,-0.3717942640284183,0.9847730619891001,0.07134447426574121,0.5698655464187814,0.3991609806105419,-1.621391877249747,-1.133793004160859,0.6001365306766988,0.511390372358524,-1.0555024768340524,-1.3365493379018876,-0.7662817380917365,0.7952214662972721,1.6537790849527074,0.8049370703559371,-0.830998508919138,1.7949128839910953,-0.7292430445071079
-0.2953633953805708,-0.9817869471848623,0.08914734573298273,1.0177368591222713,-0.08237626971377357,-0.11245497146746067,0.0945626426490879,-0.9629047251238888,-0.8392501957437127,0.05042282144563128,-1.140471143211773,0.6118945850641394,-1.2940110397858118,0.0074659564262087655,-0.3270855263128037,-0.7764499560855775,-0.6954966398395671,0.6192972185637651,-0.12563017271670737,-0.5035027045736702
1.2053101091822012,-0.666963596782805,0.4952946939951437,0.36420382252144007,-1.5057349353191405,-1.147733656388604,1.0968930006455686,0.3777026893369045,-1.4884691345833658,0.021585982743821695,-1.4948718861395884,-1.2335606960589638,0.6130453141384398,0.8919570984941471,-1.0339106248315966,1.6263338041833968,0.57622996834087,-0.032917844479556965,-1.2837907994189233,-0.8007220157368539
-0.11881402163898501,-0.4304010875503159,0.3550528118286646,-0.23706181483052824,0.054401808430257645,0.668494695802795,-1.1797593166768139,-0.5416175179921078,-0.3767533716769677,1.0868014777763533,-0.31661897847987436,-0.6834022591683252,-0.5000533527398934,-0.8279309605809194,-0.012258630912440036,0.06292710898023583,0.7875314401258943,0.5036372969970017,0.08410805838459172,0.2967560347655381
0.2406950063086792,-0.08883820109381715,-0.40599552282917595,-0.40345214025243953,1.7136640471828737,0.8517771331113531,-0.71074197292125,-0.8285644198495731,-1.1183961963395828,0.7863914183368106,0.9951550286047305,1.090037447684796,-1.6611654944971772,-0.6468699986797017,-0.39018915585484054,-1.0687579733533974,0.20227467134834726,-1.5455897645572112,-2.6655834148046393,0.32800648633967217
-0.12717246652778844,-0.19376263241052338,-0.16724570534256747,-0.3967350735975572,1.2305066887946543,-0.8422241247100773,1.2842671108164745,-1.4903958935148167,0.3284946528194295,-0.5169635835126255,1.0531368388809506,0.8025131810362278,-2.118488966775397,0.11368412633040005,1.4043894602825338,0.926302639034337,-0.13044502511402462,-1.133960993132882,1.0993882108778013,0.5024800205121902
1.2490812314434956,0.8180606164626921,1.4440649405652046,0.06468665124821373,-0.07910833998327273,-0.6509395236987277,0.5285665995492626,1.1368626223512641,2.9911556923875873,-1.5741540433670198,-0.5771732820408135,-0.9953707416887783,1.6415444863749662,-0.09197687028065232,-1.6555884049635712,0.8443592061182995,-1.2408195064124625,0.510069590816239,1.5944525125425641,0.39821215070699645
0.9719779820654594,-0.9207548264375286,1.3125739696035041,-0.46278011701737165,-0.2639318134597229,0.1892951343741309,1.0664673971064338,-0.5539424202003929,1.0601614934771928,1.6038356198495207,0.7494616006154948,0.497095558274903,-0.6976152988769723,1.2723113207616141,-0.25754441646298487,-0.7847097839144466,-0.2573709518162791,1.030707398185739,-0.6516242809037098,0.22876989928977548
-0.35888727090548217,2.295263158593078,-1.3072251741174057,-0.48106862035383513,-0.48292148879484154,-0.455837770545649,-1.131884582746025,1.5763298498765053,0.9604709191515826,-0.6038351443730403,0.30635989754450577,1.240496113183141,-1.4501251558310182,-1.2157833740150708,1.5342852217478844,-1.5782998101608172,0.06328424024184137,0.8254758512948869,0.7658046438107574,1.145998489109049
-0.5296873579838473,-0.22761723542144913,0.14735890109736133,0.7426464987766933,0.44821129662479375,0.5400312047702758,-0.21028146473976678,-1.0292935332492337,0.8077463920576676,0.7477924467163853,1.3615380471481258,-0.3468268806962514,-0.3457417273310757,0.3204390246918748,0.9073618252175347,-0.23250948080377526,-1.1952300566240075,-2.561155267888519,0.1971217187983803,-1.2537059506568642
0.3794137550067671,0.6698147544274803,-0.5719894682718171,0.05742224988796039,-1.284346585818831,0.548574776459841,0.5831799610052469,1.0350450047366964,-0.07966727180181421,-0.21669279364703767,2.201720949355899,0.2968359500579512,-0.7296081241318764,-0.898382550724764,-0.5447401660840211,-1.3738424621586829,0.6042176296793306,-1.1800796754064917,-1.7227376393541507,0.07543359035653353
0.20681794518634658,-1.3091746713209975,0.9452076310296755,0.7969368812150861,-0.32884283959705835,0.5343486580754305,0.5031138693855634,-0.9866104600308224,-1.5767308752165192,1.7647206766550365,1.868240964090128,-0.864392196703891,-1.1356204315941851,0.8471160552078061,-1.8143725460545217,-0.17672053959623024,0.4673124937907542,0.3889795575108107,-1.1783955449317363,-2.071896142404475
0.07905222605847267,-0.2223333330435014,-0.25782478536940623,-0.5210481778834273,0.20711751672694415,-1.6856337283714775,0.8865258561645988,0.2958506333899138,0.2541054425538874,-0.013524024847764665,0.9563252330848968,0.2161837240351283,0.6368447496048008,-0.6875289381611731,0.043599296638141154,0.24456459048769197,1.2037608661538155,0.035946991984899763,-0.06751842192002012,0.7527752037027259
1.4517045651976122,0.051356888119448524,-0.8795806818725757,-0.5953393430123213,-0.30252233556628866,-0.38510238135360675,0.14169080132928608,-1.0113571770138285,-0.24063131516816844,-0.3276703536015678,-0.2681444861579017,0.29728843967584967,-1.155856833047786,-1.246220562747801,1.4256620497332047,-0.9498453329713707,-0.9137162089205624,-0.8367660787121832,-0.245820394922471,3.0206536796727397
0.21940206043573848,0.17424182315146233,0.4779043883603366,-0.1275344527696426,1.8903108403243456,1.6975840723910463,-0.2119096438927609,1.1046057932056175,0.5247644507788295,-1.220636228512755,0.2314062969658103,1.4728391424575344,1.6281223917496623,1.5076650125711777,-1.1187141729861236,0.30522206914428573,0.9035768819400312,1.9261128027952548,0.2748963022220839,0.48637582251767386
0.30774816771851854,0.9510498193572282,0.3806343730579792,-0.9084476780530094,0.2018107940464814,-0.19512044108727192,-1.657356575188407,-0.7573076721622921,-0.6534372886150347,0.2393753681550541,-1.0762740931677008,-1.2832987707369685,-0.31107886878789004,-1.3281028160044885,0.03950421445831046,2.0938532929543663,1.0528459555795509,0.8192690467766542,-0.5740394000994461,-0.45196376544072014
1.4385383960248201,0.9582849000689475,0.981477807563496,-1.4250993605193638,-0.10111842472636569,1.219729343078303,-0.4849033004946186,-1.3288798588017008,-0.4090867284432229,0.5922399522569911,-0.51746540998141,-0.8009014110627635,-0.32950505408258346,-0.878257653139732,-0.18119188009189466,1.018220557596179,-2.0855596799683274,-0.4276908043980897,0.3080741410255146,0.5066969176740269
-1.4973667122795593,-1.1921068465751865,1.0933120898920121,-0.13410285961550716,-0.40930948442528864,-0.7531566806287472,-1.0445827474040035,-0.7090141973743528,-0.04972909949326061,1.8140294734353597,0.13128435947567146,0.02045389495322516,-0.6385943430083729,-0.5915215828704659,-1.2255850056110558,-0.8827197316001364,0.9641221061727213,1.6886862212927147,-1.248579345739195,-1.4472737478049142
-0.8541434062797286,-2.1849721935673885,0.6600591332016004,1.6036185845670374,-0.2829327898732973,0.5749441322662641,0.3429833430861163,0.3962540541423885,0.21340565840454412,0.11572544124958145,-0.5529456232736141,-0.5737660445591409,1.1408665672796094,-0.015259105822509127,-2.0567562877371555,-0.32061995225427053,0.7493464743433145,0.957873069987779,-1.4419539340780776,-1.0553243569651156
0.6816772124494463,-1.2200225109678078,1.6803723917918916,1.0000402821153993,0.07795935649342389,-0.12581521620566077,-0.7360354661690744,-1.6646360833040512,0.9208731215565423,1.5001727023826217,1.343876265337379,1.9487105162676128,-0.0842652662062007,0.0650792062432086,-1.127031852779176,-0.35993110035389275,-0.46222242260060536,-1.1361960049426318,-0.6157749880234002,-0.5344910362972847
0.3094755827295144,0.791367398696843,-0.049284578156035666,-0.3967446550356626,-1.4185306877935495,-1.5624529564722283,-0.8059838689761117,0.1098759258790089,-0.8559981261711789,0.5524952748003833,1.420330289582606,0.32016052414831975,-0.3748264868663184,0.04216795676501075,0.21944501285416423,-0.7684079039014089,-0.36557945592406443,-1.2639349305713736,-0.34338921050455623,0.035093609793924875
-1.2325043179178647,-0.6273914381856827,-0.41909073680898246,-0.12026804869503235,-1.1585434469365652,-0.3509060426157798,0.053832851237685886,-1.2910155605756757,0.07983654379318166,1.6422226581434232,0.1985740937518717,-0.1401951512671464,-0.20180954077413168,-0.3405662311780355,0.5065366836475144,-1.2921613683764341,-1.6831031191711487,-0.5354432962441796,0.06408818211189396,-0.7173494444270183
-0.3896270015950718,-0.2324880377885721,-1.6158724621737686,1.9565972002134346,-1.7726705613591642,-1.5094108148188539,-1.712857471806068,1.7035474798182204,1.084924432373967,-0.6141061972215045,-0.8308994132942258,0.30892637925554495,1.653880398536657,-2.610617591704359,-0.1471500936221022,-0.5860325214802657,1.4521967835419773,0.22085188252497648,-1.8882978546641296,1.399664746444832
1.3779404070000225,-0.8679830767444372,-0.34103401528122546,0.856859794100148,-2.02849613283279,-1.5909904403087713,-0.8214107504553952,1.1547089770620318,-1.4737279763867082,1.2909307583509224,-1.7313904667536155,-0.08669332347390701,1.423027518670199,-2.174844789222909,-1.316352127077571,-0.9227902614023972,1.1676040259764626,1.2343117511782036,-1.4521778344219296,1.096806456932948
-1.0152581809314107,-1.2880372343426456,0.22224564340522554,2.88672472231329,0.8650899143090596,0.8578845098370075,-0.662419529353414,0.13783345824245363,1.0194670622957325,-0.3931355357974091,0.6275005345121211,0.1747342494168035,1.0251771669020882,-1.2433640605480571,-0.9983413281590403,0.20013212794661248,-0.5493686193353011,-0.9622466886919152,1.5149017616615867,-0.6424643818220315
-0.5461756958424508,0.394200080983595,-0.6688373503155809,-0.7064838037980067,-0.7647788703286733,-0.25868826672096734,-0.30565292077869827,0.8153170573905376,1.1543779945853319,0.5391669147569303,-1.0694349028334342,-1.033568115224854,-0.20031108680662849,-0.7803956573218778,0.36343789870638793,-0.4651919158731519,0.8985664007300549,1.8025215953122906,-1.242563817089817,0.43813789921821233
0.9635252856748836,-0.37276033377873735,-0.10754584594294746,0.7430479590167871,0.4811304584452313,-0.17489589423551577,-1.3089656036741542,-1.3991663704034853,-1.5670755396438922,1.771250643378533,-0.590409006303272,-0.1491297518467734,-1.4691344337881782,0.4674517810598624,-1.2340807796293918,-2.1671236318606906,-1.09147391629788,-0.5662498437884094,-1.6791687699462208,-0.506052665747688
0.8277077679498898,-0.4514861290586848,-0.8110005918363927,-0.2203999397230773,0.629693204142799,-1.7922893871643397,1.0189271523874694,0.2782361871366178,-0.3797766633189915,-0.018362477813283727,0.5801945384989409,-0.02649345829903913,0.13098879241122025,1.3860070088715235,0.5812273854839195,-0.6892937041953301,0.39918139867132135,0.43865443664278725,0.15065202018798968,1.4642909190936848
-0.944461644140091,-0.020685258445530718,-0.953783269362201,0.939026781247254,-2.0096159127214226,0.6811001812697619,0.6803092021700914,0.6175858017083092,-0.9452773162960206,-0.6404146826480017,-0.7755982358351994,1.0138192397182357,-0.12194938247549962,-0.4464599424067416,0.282109323198256,0.5667387185441582,-0.0928652883773512,-0.286044623020787,-0.8936852946288311,-0.8232706842461917
0.6429084653829404,1.6617862315460683,1.6363447626011347,-1.3081515727698667,-0.33750123804802823,-2.2253702490907443,-0.6841942280289904,0.39607178690337574,-1.4190075356770382,-0.9790141160041068,0.2917295608708991,0.632714604808178,0.2419303802313204,-0.5140211581541668,-0.07143730190966376,0.7742948583880633,0.5403266685197171,-0.8647532547236447,-0.13522195122682598,-1.3990399824918718
1.850905809855105,1.137459636894073,0.4783741536142121,-0.947285483238926,0.09263868884704989,1.5514779011155568,-0.7510431900518285,1.3435410238287573,0.27670576521115753,0.4388161550314243,0.2634813441326284,0.6880141359903341,0.9193988437841052,-0.04974222859196077,0.5201319652617143,-0.21433976940174554,0.24511052837317393,-0.5983173208426575,-0.537049008311035,1.0481855690285349
-0.9512968118149762,0.9117008810551027,-1.050619798634973,-0.675931793791568,-0.30659656916043265,-1.3843350957786449,-0.02065358527030198,0.3658702062429377,0.9996588692399646,-0.07855180279061377,0.3506369640237893,0.7376741092987572,-0.4256544477948212,-1.249934799601671,1.3544765936007688,-0.5546826348718522,0.9566894392111551,-0.5944932887364089,-0.15998338372814427,0.6650864860934432
1.538216333098678,-2.1454331043606705,0.7843582459358127,-0.04244245420868629,0.23016152499018563,-0.13261193930493964,0.3163545537563356,-2.912695500664107,-1.893884948457693,1.2467553228895578,0.6922699959764852,0.15045503044928515,-0.6834814601562385,0.5137040419858756,0.6052015904113295,0.8205919540331025,0.8648900101900405,-0.08954543697679684,0.343432027086978,1.0550031671421238
0.5434223724918849,1.6782317576199062,-1.7402831077960275,-0.7528755664595065,0.3219093917796556,-0.3168414795154623,0.20588171685441578,0.5980674885814935,0.23121373278056323,-1.7072176722851116,-1.9857639585705913,-0.6686111046078299,0.6293097660942305,-0.057053938700467384,2.2933492034362497,-0.6244599932981623,-1.7359714510290751,-0.20557817227601935,0.20079244903597337,1.4610072785736778
-1.111560491793695,1.1346005561290695,-1.3262117511179528,-0.7806945860464292,-0.8651467800769247,-0.0781197408004281,0.7237733912869114,0.6995861018240401,-0.3647057245152077,-0.5881911787801338,0.31619509640754756,-1.6489307064791292,-0.3090442094395769,1.102836960526031,0.44090927307220834,0.0021755418942233274,-0.41079507885147193,-0.39143293076467683,-1.7456583927395182,-1.034769483553927
1.4333953873520517,0.5469354613546283,-1.5969398800658063,-1.5864451144474743,0.20427326062249798,-0.4315107931693576,-0.5509433403249349,1.3140681411093,-0.7158196231898264,0.8252892166995586,-1.895418085287837,-1.3011058675757423,2.886118491036302,-0.41846733137209524,0.7715135486184406,-0.5364313323284495,0.7692142356491989,1.2327710642825613,-2.5057427668262906,1.906009736518512
-0.3855241149237139,-0.8865934746894075,0.6471091501893764,1.5226415410883025,-2.2893004691585683,-0.8097947926698186,-0.695882951257781,0.48855597982202503,-1.1130512580316427,0.18846418100771664,-1.7018901345419966,-0.00854574871070291,1.2885053486663882,-0.12919308100254923,-1.746986917102636,0.848628526260623,0.9256337991736872,1.0497939223946522,0.2834574360105664,-1.2805410254687895
0.7032714903836368,1.107598694177715,0.38314430932558147,-0.9489057061521018,0.5394251426512183,0.7423015372850218,-1.6724038461906143,0.9282482775024397,1.130518422304697,0.2845409188426307,0.4911127215012337,-2.290073129419064,1.0106943490798153,-0.15812246675688885,0.5729936863361428,-2.371816966406476,-1.948178844455348,0.06716440352402125,0.3243778708549971,0.7434463962763851
-0.5244691972086137,0.004614899436094683,-1.8728200375961348,0.298695453806702,0.6670227692206661,1.0510156154167885,-0.038505047589281395,-0.41306896228713774,-0.31538984492254535,0.1778083863225471,-1.8170064877738599,0.23761485076981434,-0.1890417183126722,-0.10922194202432062,0.009399630875112986,-0.5737272571985466,-0.2629613261427389,0.40622955151348544,-0.540352967093757,0.4954889511231151
-0.942282730153091,0.22657317473504818,0.660828858833776,-1.4885565583491644,-0.23577796265141832,-0.9892460746476798,-0.09563144461339866,0.6803474381558163,0.8847751082402133,1.5129048907471427,0.8164178251904248,0.7647020607677002,1.5583468289129732,-0.7244025833656427,0.36556644500812685,-1.037411434856069,1.052221938127491,1.447268699029216,0.47693493802023795,-1.1954819549173512
0.6651045202468603,0.7767606372411278,-1.454010882407211,0.25678844977492166,-0.46589420681581795,1.5042566548993972,-0.9758571673927828,-0.3377810307569356,-1.3328829297508007,-0.4357912707843468,-1.436462386559494,1.144854144085359,0.4891191437290095,-0.9016513766881346,0.6198407478132947,-0.5501312835315271,-2.479494799157043,0.07574508384887374,0.44223411517126654,1.607182721211885
0.7850821598069004,0.9771117744745488,-1.2151981635852225,0.21671151713696393,2.1623290676824216,1.848650366020343,-1.0303339406998302,-0.03736979539526694,0.24679232421051298,-0.4238897712373168,0.7595563167589702,-1.0828231742132848,-0.5971565586657155,0.4010453366273912,1.1434082563246146,-1.169446697448907,-1.3337898498899219,-1.120840163169822,-0.4370008716005889,0.8136883488130451
0.9710031281698364,0.38269290203589557,1.3275818532525447,0.28079845101524936,-2.4015736711470783,-1.843849864887258,-0.9071970086541423,0.6170775047569439,1.1607332435553759,0.4308195506864867,-0.17677597051760555,1.6308915495793925,-0.9466016316420371,-0.17333517587764108,-0.2881985658334271,-0.21120640048080117,0.9644205157850971,0.9324796163730643,-0.12146874658894283,0.5907107685250966
1.8004631230703594,0.8972867299348701,0.42303731854973653,-1.6647805628777708,-1.243484798996531,-0.937277374541684,1.142350386239968,-0.1410751151595397,-0.6193865850386869,-0.03312876880223928,0.09338677544126309,-0.22350719674557637,-1.252563388234784,0.2310915899034723,0.4944916607423344,0.2583946993249714,1.020467700651275,0.30261012734945525,-0.5649918723235611,0.796329187475383
1.6641323269633053,-0.8186202883534769,0.819852684591055,0.354315203240102,0.5197946765190308,1.407656069073604,1.5103257593324346,-0.28691953798345887,-1.045439191388963,-0.5960142724066207,-0.5191466670175566,-1.4927463152666134,0.4585312491101063,1.9030732030638458,-0.7112306859727587,1.327304179374447,-0.8079243729163488,-0.07689773935764391,0.364555936597919,-0.17023469472500763
0.4095326373882278,0.9243650809024646,0.530574614773237,-0.9155329596563764,-0.31830072674726495,-0.41695319142301385,0.004673759491213814,1.3018638985542352,-0.6226076818222678,-0.1801421829218555,-0.6344480204128591,-0.27689524015647105,0.7474095091997623,1.1482984859529077,-1.4928446324860092,-1.0442643547097927,-0.4545355224206077,-0.9468860430665696,-1.6152347721040814,-0.39779649345985585
1.5900627307918926,0.09857675533450673,-0.16562529975559587,-0.6000907771573349,0.6702321525102816,0.47016891731366406,1.6209094996750677,-0.4076877313625019,-0.6240653332264205,-0.7191599863448123,1.5280032078333987,-0.7088166483070903,-0.1195010251923295,1.4554880228034979,1.159593459495049,-0.26654870658580265,-0.8457264036925028,-1.166148254367285,0.17778912376633976,1.0864099849147728
0.4927899994255984,-2.4181242815307424,-0.3660188820292597,1.786185497111107,-1.6040855320556966,0.06416537974642872,0.9005303313419191,-0.8293952724552862,-1.0030384900064493,1.5908428702333883,-0.6327994435038916,0.059248295713055926,-0.045315614205998014,0.5611673150421984,-1.3416823819578136,-1.1254004683038608,0.10763900487005776,-0.3148780532346378,-0.8472473461187323,0.45172262691360615
0.26888118142450007,0.7398376171245771,-0.45544085640998244,-0.1518549752130195,-0.963999647531196,-0.8443861116408138,-0.4360801899069793,0.6040887678835215,-1.39533894357991,0.3166831189640765,-0.23735133841152897,0.9017502970960506,0.5971154613728287,-1.6877481242211936,0.03666339909547528,-0.4978307061291517,-0.589316930369699,-1.0480080477487237,-0.4288663445948164,-0.11049865073730021
0.3966021873220615,-1.180440541204477,-0.2913952447465327,-0.12296171218942716,0.4369991403708717,0.2847927567739371,0.7624481359914747,-0.3650154846746394,-0.09299804051872679,-0.08485140002652057,-0.14362275852956266,-2.327001249657628,1.6483286748637138,-0.456419910819304,-0.1060496705849915,0.9386521649577048,-0.20869636802702443,0.35414421419148084,0.24274922105165694,0.6908392375068717
-1.9508125507556648,-1.2384578597771738,-1.1519099310507057,0.0902670881233786,0.6596682446993363,1.3114901781606438,1.2328416414079275,-0.9212663050263036,1.4205617422918193,0.81466864402723,-0.22720337468674806,0.5369732947170642,-1.418680254310974,0.25779839149235007,1.5062243663669999,0.3417376731683898,1.2988039764309243,1.481449463591321,1.0720414907545972,0.06729069834745843
-0.47651479851347167,-0.9162211504480982,-0.8195217179700712,1.5099180628821676,0.4534195376373685,-0.5145100654558364,0.46696620699383307,2.312481660872473,0.515238875898453,-0.923848409294305,-1.200827178786253,-1.8556008494104868,1.3241085032884328,1.7193868154772831,-0.8966606377909191,-0.6339216106321847,0.6754780696176204,0.6470229549042522,0.17628980213122986,0.535883331220387
0.5632196542287238,-1.385211579803356,2.93337808325091,0.36514173077868906,1.8883728723517812,0.35062165964946485,-0.09981123465014868,-1.9413227906429018,-1.284787235133687,0.19124058165210153,-0.3005303128164927,-0.21255248453833303,-2.1825911340797046,-0.8361639606480421,-1.7500106651833853,0.08014981479780817,0.5271661943077312,0.03766409973140073,0.20515251626203074,-1.9513170435106233
0.393249511804147,0.4791084864382006,-0.7060793332658882,-0.3785001627789273,-1.6762323908581487,-2.073033783507191,-0.3055138119901994,0.09903201562805554,-0.44864775658974715,0.8280360910949112,-1.903724203334093,0.4837965528833104,0.6256323356499138,-0.4213090985423167,0.5210066448759283,0.17808794996843866,1.2049850797869652,1.3085064537899718,-0.047897076002401166,0.4548354500038695
1.4562207543388903,1.2945103707806453,-0.0703918413299089,-1.5830810455084778,-0.1600018481716096,0.3312968977284084,1.6215425134512704,0.6156325362333956,0.05283675704721719,-1.0363008597019803,0.3278748466699621,0.6867494537179243,-0.1485080282933227,1.3219275599480893,1.4604506329241915,0.48997269860016973,-0.5590858696473895,0.5688215900860355,-0.054735290169393186,0.7094106011472102
2.2490203615894577,-0.5364030367651397,2.2466414036624798,0.20697318848834081,1.489423421803604,1.1853371681283233,-0.9502334616040432,-0.4538222759683574,0.592425648539572,1.0584442520492303,0.26401713446341646,-1.1383219493342787,0.6165991998716132,0.47444621522903124,-1.319048616818658,0.2651717931835616,-0.12514994110608782,0.12743692474041665,0.4339616997599071,-0.1321921156174777
-1.1930163318358071,1.445103614154039,0.11122847552944798,-1.9810989620089774,-0.6580734436672079,0.27339535328485787,-0.34718999804014966,0.9244643079951309,-0.014636659504514742,-0.04792425655112724,-0.18472629780455405,1.5884320738802218,-0.3907605209249253,0.28661354039747844,1.1139179716341467,-1.3691846718287113,-0.7894083392963057,2.403796811532936,-0.2458796208375123,-0.7255607108765488
1.6115313716120916,1.035489573054209,0.7111839522067479,-0.5301109061776001,-0.7617413566308043,0.43915964003045427,0.6387046160967912,0.5799343701862805,-1.2749900043604565,-1.9245242222090768,-0.019757408085747302,1.2597113808908453,-0.9755493435032484,-1.3443820900842531,-0.8733129618559493,0.5857227206471167,-0.039618600201229655,-0.7028863355267202,-2.3346642002294473,0.25611417352100746
0.33888937711511535,-0.4533487892145993,0.08355152759710144,1.0895405395934505,0.3817859226316133,-1.4870253349427482,-1.5987117680259828,-0.8551163492828708,0.5793199544700567,0.552108751691775,-0.16573311565435866,-1.1621619286730653,0.11600709646828464,0.5123377681556552,0.0702661301524083,0.03209894831075439,0.26375274896504547,0.8839417077762245,0.6931907389603441,0.3210140120111192
-1.170317592149445,0.6312165720482562,-1.2037359190031427,-0.14782691883160357,0.19262736022455293,-1.3564809858872324,0.4391499218248225,0.5415126046368156,1.8923625479774278,0.02917927459506945,1.1371834075198515,0.09898707376597561,0.3060858642395917,0.06388405912833303,1.3984761235148413,0.5555127329755752,1.3374949364935422,-0.6509011396845192,1.64310423342928,0.6095138299901371
-0.8485825078155369,0.09142375898625613,1.362002672223785,-1.3765101119483005,-0.7432566064121456,-0.8185044385432134,0.0638957166440042,-1.3500591879062225,1.1637786013381106,1.2451139584128472,0.8425675957368178,0.9063148726535517,-0.6166816327549629,-0.027694446225687428,0.06488015539951814,0.11198483913886721,-0.2231852049379196,0.5233631271662454,0.33982170569727804,-1.4028831035128233
-0.49718187687820387,0.3705702094832174,0.25793085892453016,1.324215043553323,0.22697882485053852,-1.237013237803446,-1.0020836198464065,1.7149683180536666,0.6571579830209101,-1.5794646009252846,-0.20700459345664945,0.9721967198387574,2.1831878014108193,0.16341409585190333,-1.4277588148284528,-0.12649332877459987,-1.1861776497082244,-0.432508657059179,-0.22986936520840476,-0.30418262633655235
-0.869765026562083,0.9860588288657085,-2.0421206963224763,-0.3266824788903528,-0.8927464481463553,0.5169940683354856,0.42187557216051,0.586368893558742,-0.3066100311833884,-1.0791871941508837,-0.29703056026500746,0.992034692789493,0.7190617679175079,-0.1466913496310891,1.4958061284338837,0.14259532688016355,0.2497765968467556,-0.31742904955742945,0.7159614945152991,0.7193499150788054
0.6141117665773226,0.62286721744148,-1.3383279594721278,-1.3019023449514902,0.3710960798574964,-0.12331653450899069,0.48063744668052677,-0.33808682433074905,-0.7654234608096211,1.1273119761058856,1.4539860521741832,-0.3605081095593221,-1.1858859682355258,2.5693907761531976,1.4814370489924655,-1.092873287713936,-0.11043779595642099,-1.1229432392678598,-1.043058551261893,0.7346671536083687
-1.8640032894467005,-1.6213647886045108,-0.5587456079153512,0.2885182666921276,2.075954816367306,1.6458558343173249,0.72966186904198,-1.2961175821583877,0.6087259953368792,1.8098398863522231,1.8136362228493486,1.1148268507238877,1.006317583154331,-0.2507862442693771,-0.5980582532555024,-1.6153586982489243,-0.5504907023594611,0.7715938251544447,0.01790037340735296,-1.347170547888244
-0.3723611369969876,0.04088914090287598,-0.01664387947825004,-0.811087289314111,-0.3495978037963635,0.2724562445614659,1.42818499780402,-0.23048946967604997,0.27596367201753436,0.6978450685361103,0.5987761666726937,-0.3300366609147136,0.1228241324113996,1.1558796665780535,0.21203695204831677,0.49681340776943095,0.6577991690513885,-0.6929835328864543,-0.4398317636940296,-1.064494350815261
0.26382884348351654,-1.0352084010783003,0.5740517410783635,0.4085721387967267,1.758241987534375,0.902456684152392,-0.19463277684486488,-1.266292354438156,-0.32134913054335357,0.3736758440271989,0.08734119376274745,-1.0317738407693864,0.820102694950139,0.33583129854302485,-0.5564788682039269,-0.41887105133884983,-1.5957372740286604,-1.9795566235795417,0.21399252344760067,-0.30489545946812613
-0.359575105135296,-0.1587630838655596,-0.29046811150422286,0.7154531217869469,1.1856082234897463,0.08471424114157254,0.48307381280247763,0.04807693026361879,-0.25900120864344434,-0.375612386226433,0.7453996263291104,-1.5061868947741996,0.2609907838100029,-1.5558406862221041,-0.4045390080025767,0.4564620807997694,-0.45363744308827464,-1.1348529210052145,-0.11069311360207443,-0.8057271680410842
0.6790183205160255,0.4182215722879719,1.1598952245875456,-0.4404961774776283,-0.4032041251011438,0.2573197396542846,-0.9753162687176851,0.110676907957571,-0.25527879565530354,0.12446748178371593,-0.2196735601909873,0.19548638148701702,0.5766453797422955,-0.18795325369060645,-1.1017821070904767,-0.07217689562040645,-0.6936251074245795,1.0864425756727119,-1.2108734712034812,-0.554015521902723
1.3142459615657258,-0.33556332190645294,-1.336823930867436,0.24044053286495756,-0.8745308986405114,-1.2986353011574,1.336408520042132,-0.01120611690133715,0.5576959547229432,-0.6525392279785173,-0.5843027913631204,-0.9483794277639283,0.8295172172625921,2.0604726521463586,1.0088642106632464,-1.3099018862111786,-1.573800952420801,0.4817786794617597,-0.01170979024721953,1.9562081149942172
-1.6720021613196945,-1.948846106522572,-1.1171746997120837,0.8545366853009649,1.0559139742352879,0.06361143271264073,1.193545241458492,-2.254459023662173,0.4836703166238653,1.3616443653609178,0.9912993095016903,-0.4104574195712163,-1.6225613307233724,0.4698403459045219,0.3502321495073473,1.250969124494355,2.6931457590858843,0.7186835286846861,0.7783379552840597,-0.6331937901216949
-1.339358052801643,0.0037119810021519375,1.4993639173543027,-0.35158901652951835,0.5797716460696484,-0.3350058663644809,-2.7937594795700704,-0.03712460229467995,0.4787918181260783,0.8736648550691194,0.1706581318966894,2.249432852006506,0.49820113911786496,-0.9136891515703263,-0.18886815755573205,-0.3188835115409875,1.6995230730389672,2.205764720897422,1.5877175977637035,-0.5640260269190542
0.1954618903183215,0.3178650995859568,0.5074810555666674,-1.9908736019046962,-1.393709050257448,2.4122656410623935,-0.2272163888584556,0.10292261289657907,0.17894670472126903,-0.4064436762581789,0.26577866735261146,2.6145493649079405,-0.3458760975407046,-1.0794209110073438,1.0825071940545519,-0.7848111775773875,-0.14644123797663683,0.10268150362734453,-1.2868900625897703,2.3776747143334456
-0.6139657432825537,-0.24188106647427277,0.6302739085036654,-0.24983098430461106,0.766320844196889,1.1844741624962278,0.28163220083340834,-0.6027533534602538,2.326666114150884,0.8806152155099539,0.9770892291688698,0.5377633182010122,-0.1089072375101168,1.196429829414862,-0.24367079491762503,-0.5255706712028492,-1.4432946737461623,1.360906468661588,0.9459231479915932,-0.6534465202401473
-0.6921290157304489,0.09317477540317916,-0.6877377131884376,1.0722594545888904,-0.8807742579435658,-0.2278252697833593,1.4796044174521843,-0.22699107254033518,0.8818572716124385,-1.2955079345533693,0.7645588087632422,-0.17004474687139262,-0.7454737658979754,0.3809472152285694,-0.07151220670175995,0.8534670872747243,0.4696715219946234,0.25956019129350016,0.8675946301487822,-0.9882860411153158
0.7238059823803049,-0.5808861617084661,0.07368950701437647,-0.6572532947778275,-0.40574198604799533,-1.0197099161179668,0.012149261149616036,1.8447974650387773,0.8724350053639388,-0.06491142913139579,-1.0450425474367027,-1.8488380964213162,3.331517034611962,0.15794635318282607,-1.0992951642327093,-1.8775219623876251,-0.9820742726971308,0.8600816136980507,-0.9457954903234124,1.8995044867706885
-0.46027488667919947,-1.5762007892722658,2.061499694352165,0.5713963612628451,-0.8774637946009867,-0.06995356600591446,0.4667144014983012,-0.7804521054100025,0.46129875330226267,0.9151495938751466,-0.3870292169051506,1.1149736117918616,-0.19622000860890237,0.8403359636477286,-2.405946366155374,-0.4602419556495729,-0.2142719962372309,0.5519278173868715,-0.6988515124088177,-1.7571293896613287
-1.4733110169016805,-1.1661992540776633,-0.4527391519838762,1.6289959976871675,0.5297177339824489,0.6668089595987345,0.8417220409507621,-0.05992917288181966,0.6034933410724203,-0.4061488610716389,-0.4311008024138342,-0.7607615872640038,0.3046772161435757,0.08233790194795114,-0.6968153404702296,0.6049693956849125,0.29955469109524047,0.3299349612732957,0.2146997788033394,-1.0218581633531332
0.3633816908500048,1.1639245235313873,0.46840792478970367,-0.827021729105702,0.7512536429889491,-0.8518406537876357,1.850207356413597,0.532525424170222,0.22457082480455848,-1.9793703474869055,2.3164030631829937,-0.5911019691868659,-0.886284638134929,1.0611828262353002,0.3411200339823298,1.8994428807071506,1.6630551541884016,0.13397213674840866,0.7912174459054417,-0.6611588373326981
1.2419611237732155,-0.7954383483756767,0.10209059225493095,0.19975259697927603,-0.2588238910208939,-0.34505139558046777,-0.06158439408075809,-1.1412495546521138,1.3267691595351616,0.8866205123039852,-0.8160885763092106,-0.13430652568761858,-1.3720005551937926,0.6510479893623115,0.22784149000074191,-2.545558256446754,-1.379476569341346,2.510324357461144,0.5133857213282156,1.9477700641841857
0.8549551260478493,0.426911116925848,0.16990994651349547,-0.2569664217182933,0.1672388599894025,2.2370480913331847,0.032114304235237916,1.096314886565478,0.9313768809523868,-0.5505959758894118,-0.3243176368214354,0.5867750630427121,1.2302506088011929,-1.1294343972759264,0.836179158820672,0.5316246296749381,-0.4528215316249215,1.0158673308488662,0.23142990186444012,0.9055311293438835
0.15639192241471248,-1.0830861443616346,-2.8263170639793738,0.8846220017297144,0.09663999707497349,-0.7397186173973793,0.2785045956463112,0.17298825803602227,-0.948067769515512,-0.5006116711555414,-2.1431599066112876,-0.8368282088025165,2.50479369230535,0.30592001741605235,0.6642105584607991,-0.39579630288191525,-0.4534479465765612,1.540084953572953,-0.4273861156223145,2.3261545945821136
0.2351132398478989,-0.06706213536334436,1.050400379749699,1.4926459166170258,0.858706420020847,0.06582050840096541,-2.032376938476062,-0.07617441185772351,-0.19376502202933177,-0.23374150141384398,-1.3719277008584105,0.17879813216149046,0.35038663541446236,0.07841946607311415,-1.037285810373807,0.0072887021658461565,-0.43959459761601555,0.9887526518319748,1.0736041177208016,-1.013035671803141
1.1094560339183601,-0.933810547435228,0.8720554695146322,-0.29016816481424956,-0.13159811809247735,-0.6439738963452732,0.7588473961258633,0.8753532544409676,-1.5109243373720127,-1.4128052683438832,-1.004338941324974,-1.4223101808986482,0.18148446930186676,-1.022336851487641,-1.1346917937352798,0.14933627580064376,0.3784766978553054,1.2323009812878232,-0.5854279372309419,1.0471825689547807
1.3370175380219855,0.4580636145214741,-0.36014766612652094,-0.9294470173999206,-0.6226348648375699,0.5744172434822852,0.7878640193118726,1.116220453510711,-0.13561948628630063,-0.46649569934396706,0.1671270230480202,0.5153815338210898,1.2092554265298503,-0.5489438591399375,0.91889296312623,0.158597511470006,0.010188998011154493,0.9299664330801644,0.33176682622031717,1.4023619272559258
-1.753182960213845,0.05309633422458496,-1.7030456677150967,0.38021335762586966,1.539122831419374,2.790378445320357,1.4806045603084792,1.2596968285656698,1.319393711450282,-2.10512664886554,1.2626317692253115,0.7080210842095227,0.5318025372320864,0.8356391754820697,1.0892436435836312,-1.2185131216201095,-1.7974958082022783,-1.3405238211515236,0.7640610129145581,0.9047680164006865
-0.05912001613002836,0.021798838993422772,-0.7545851729215787,1.097375202301665,-0.3112480788177021,-1.7949641948553576,2.552024537113567,2.5189190616528037,0.5404401086117162,-2.0071193250094645,-0.16326114379646176,-3.2686578647666735,0.3504975098941556,2.9395006441534326,-1.0243772077091842,0.41495650211046264,0.3449144934715745,1.6613965855069106,-0.8958776250834649,-1.3539756553708584
-0.43739050268683843,-0.22029565906584345,-0.17065728530910473,1.2696258697921383,-1.7360700263603261,0.18018816903139684,0.1308501444784078,0.8933962048278598,-1.5961071109404938,-1.191077060204542,-0.5801469550921734,0.8966879736277708,-0.6319115892107764,0.3595975174407403,-1.0912616658149703,1.8684210426715722,0.8560377586983307,1.6915842721159626,-0.9866566077503239,-0.5080604008382168
0.0629581188341097,2.1957170775562163,-0.3130469733387732,-0.8797915969821044,0.24131043609548167,0.9964316730558475,-0.723297837792478,0.1727893817130807,0.5073924975816774,-0.797488300568511,-0.7953345678711777,-0.1852982843735748,0.666320304786156,-0.301006129630121,-0.3206472890660425,0.7774493218349181,-1.8159968788224299,-1.3828974411918507,-1.1044970008977333,-0.8771617371356936
2.8685740180129358,0.8025312372273326,2.0443973838167633,-2.2007721047294235,-0.7830445222988128,-1.6364846634059838,1.105816400533777,0.5040751804033476,-0.42999208904668945,0.7909352084325373,0.823651830130186,-2.8909571856382503,0.2805856343311242,2.5288231412377398,0.5432048975780939,-0.38643203679261146,-0.2980321903338889,-0.9251132869743365,0.09353790295139519,-0.17692975334458794
0.054196553091804316,-0.17022430362845214,0.4543187150473564,0.23057214736415121,-0.46529312041908566,0.6418658558593467,-1.5828882975124836,-0.05083264487151385,-1.6231826235875908,0.9079939806539246,-0.9732783559234801,0.23899744695465158,0.08760033330263171,1.407486624920175,-0.35414139659920096,0.9526369916820944,0.6716657924288347,-0.24294958213142556,-0.3052488888036021,-0.39607189090781175
1.9610504198276844,-0.5790789269058971,1.6068797285665226,-0.5364985167132271,1.8472089343210298,-0.0009937542415494962,-0.6388688729881368,-1.260615226862417,-0.6780412884618504,0.30963134068022835,1.552152736336136,0.38761213496669283,-0.4403148978110879,-1.140456274651188,0.042199016046808126,-1.148246633611649,-0.04630115125710009,-0.8438679615137585,-0.1139589612908183,1.1280735876891443
-0.3091779130281339,1.788895687305514,-0.2863808501719114,-0.6550676720746132,-1.2635582019684244,0.04143895602106277,-0.45224476277783165,1.6043797019112271,1.0559450314895227,-1.9051779119413448,0.09935309903869076,0.18893820530927585,-0.013424870523635968,-0.18321763300552424,0.4069911708782753,-0.6502285378793886,-1.6423852130614458,0.9288312628759101,-0.04581213831419921,0.5511099633255968
0.9944181715033317,1.6241864245491537,0.6988834979488479,-1.7149663877967145,0.5901284312668582,1.149597269708445,-0.1706795695955666,1.008722029021268,-1.2482846526107492,-1.1215732495844977,0.6049947338099471,-0.15437216687819297,-0.2060096099341542,-1.0184191763529555,-0.12085308968243694,-0.6773431963793209,-0.2965343828686701,-0.7069321574137072,-0.315959679299486,0.05886160752105929
-1.5842279097156642,-1.1632279238902525,-0.5081414288416739,0.6177262447079853,-0.19184709453296023,0.674929230528262,2.500319758524862,0.04397352640815625,0.5821632502145637,-0.4609379278489375,-0.1465499536250808,-0.5087969261690787,0.12337938270321677,-0.033350383895904744,-0.18826293697200133,0.9519119551806712,0.6320491410945597,0.682846917825872,-0.6618677010157608,-1.578756462462488
0.3102947579751803,1.9984726890556115,-0.09960270688414302,-0.6552358934911923,-0.37001337517807475,-0.08874851623506419,-0.36817711916851303,2.231064470545297,1.7450846589666371,-1.3951932579175075,-0.6401842586151556,-0.645340856819785,2.3977145734049428,1.2926649539667179,1.4559499586545153,1.0240559314955444,0.015631300943382883,-0.6518893493225487,-0.1814130117411996,-0.3735183463310667
0.5159368308588297,0.1062152808555945,0.08848670527069306,1.2476091313966318,-1.0907585235824122,-0.7486033140447433,0.14380039346548662,0.2655034659888527,-1.1126094284067578,-0.9892813173250774,-0.8135482401868087,-0.45036230910753894,-0.18532596727054804,-0.6301805753772345,-1.622786195893667,0.718964859740521,-1.3448802919749523,-0.5015813996455813,-0.8570811900225094,-0.6126324703866228
-0.8986598874489096,-0.09031295202072179,-1.6115427734957293,1.322050042720067,-0.24422029212796148,-0.08860331976703432,1.773150474384365,0.8086496353810204,0.19134956187593635,-1.8235897319557544,-0.9946272994639886,-2.496011744873983,0.2512009890924171,-0.6635338385330063,-0.17358608798698874,0.8164040331636369,-1.3156300968701813,-0.09704501935547657,0.5387856210064601,-0.5895209182963019
-0.9910253477543202,-1.6099134416342653,0.7366770113763456,1.789111715292895,1.7498409266994992,1.0334686348403626,-1.3675023578544694,-0.593814396728645,-0.7717359550050795,1.1037788194763456,0.2773919457326682,1.5297357418348132,0.4677286142778207,-0.45190657549802743,-2.1895104448544673,0.05133197998257616,1.1520713319218798,-0.6641272264836608,-0.8287199649399621,-1.487764307522933
-1.0942699552687103,0.8083301213897714,-1.823457210302165,0.1555028218767834,-1.1132191497513977,0.24310654246285623,-0.7996009780160422,-0.22115298337392197,-1.5806112906795107,-0.5948790537852062,-1.1583930310421227,0.7143695692258676,-0.4986458635714364,-1.5510403366166008,1.1460957432082444,0.4875631848670885,-0.8317811918955549,0.28230456132453413,0.7556053317422237,0.6870333952889974
-0.4709730091868309,1.1053727553225352,0.7745216409547805,0.04740794407188932,-0.15520034498830773,-0.3226788045404067,-0.10603924492606048,1.763869164274157,-0.03382911489381244,-1.7109474536694127,-0.19549260704305116,0.3875441881053574,0.6017991058381413,0.1314217753866187,-1.6986690574352008,0.505879442352562,-0.7498150527975039,0.1816044346797051,-0.785987141513788,-1.4662615826575773
1.0731867120086818,-0.17812053610733136,1.870602882979572,0.1904887571855184,1.679422403826251,0.6361703948849967,-0.8005009916055063,0.6654757647904881,-0.3030400746789782,-0.40778431894853234,-0.13811040455024212,-0.29246749218899837,-0.6392958478468787,-1.5836981515422301,-2.1432166313488334,-1.3754355749017768,-1.3943690621805476,-0.05718604763373421,0.30134134457287776,0.41293148587620393
-0.37076863016043465,0.8819129086355535,1.5583480637337037,-1.7328776528064251,-0.03472176163351113,1.6823321715560728,-1.538761626501746,0.5180834639269076,-0.07243675344009602,-0.12618492373857634,-0.053852503127144756,0.6831701221853669,0.5770094777861187,-1.4604054834717577,0.2729499209808986,0.4948510518361308,-0.5913765943164767,1.7459894811693872,1.3786022408275185,0.049311249848467714
1.3930855640513056,-0.42283714615831935,1.1342870268141525,1.8350378341788804,0.09142486172409495,0.28558119374641366,0.8051283444435365,0.19387520229822452,-0.7429154245567603,-0.7207961713622071,0.2566799672966434,-0.22810892813113712,-0.6620354707312942,1.2584715150972474,-0.6725094068757752,0.7862502945352776,-1.038899961234734,-1.2627915398245182,1.3045933886350827,-0.739219931032155
0.595404596815115,-0.39836010115574455,0.34595443323608166,1.3372786557439234,1.3211739826493734,-0.5727341499624623,0.4178596774654074,0.5005293207486603,-1.381770836481659,-0.8944513131452188,0.8479767194065388,-0.4195699022861157,-0.4490996256391372,0.5295530570273295,-1.3286346313450754,0.9019652720612527,0.6913451437160372,-0.3306704784187265,-0.0045828112370303745,-0.9508003320572204
0.7147017723731413,0.03543675292807957,-1.0028099147791922,0.14822088735517497,0.6043927588895164,1.8956038881658135,-0.04987314717583129,-0.4596796270159397,0.16993103497397824,1.1833074396697862,0.66827207686397,-0.48562400083010204,-1.0674669302821025,0.8708316995188972,0.6857633006113555,-0.42473881949421494,-0.2224561969986434,-1.0829796756939543,-1.0591744281849973,0.7131014524108525
-1.1513931612322665,1.3856895256227817,-0.02984284316000014,-1.1068181457435553,1.183804459859717,0.8965810284442729,-0.6383947524746652,-0.2743152488105784,0.7049299261614506,-0.7999045049532159,1.5410762019883903,1.1443574149948752,0.6461937107693057,-0.7585396905691958,0.9023233475494385,2.076169745263669,-0.6420262215278976,-0.4842946498022217,2.8613514045285973,0.23973208519028127
0.21697240837485537,0.1550247715934394,0.4757949937828712,-0.751792714994046,-1.495479220915716,-1.8918138010185304,0.6484833740148378,1.041262770670618,1.7137137601577497,0.14479947745559588,-0.550622625271134,-0.22625140482439096,0.9739266176222402,0.17256068752703388,-0.13316574923578126,-0.17355802476564788,1.292771833286267,1.131458157685227,0.9664294172612792,0.8377868663159717
-0.33996450223512614,3.494044503546572,-0.35268131494848487,-2.48626694410858,-0.12749412910019112,0.6835978840676142,-0.7379322600051056,1.0981470340724848,0.42222176128135663,-1.7605190822829007,1.5288080992905466,1.3924775869109265,-0.234123208215272,-1.2694802680932686,1.3715498412944211,0.26636223122119684,-1.5579268211095396,0.11519384742131214,-0.33782382529242677,0.04985542530992768
-1.7320695186154083,-0.010574660400149573,-0.37437543719657973,0.40032982299180914,2.5227491330239413,0.9479198338049132,-0.6461393314240633,0.4528843645229133,-0.1799139894597177,-1.7756348988266908,-0.614656251655014,0.3396400091811981,0.5097015017506427,-0.4303081359928395,0.2054312900169157,-0.2405647504098884,-0.4312586273115464,0.5148247603304921,1.5018159012464671,-0.6997165634520741
-0.3443171502306423,0.2840179057629648,0.2706438535273801,-1.1738402586995604,-0.23085348671114758,-0.5249077711221827,0.6692222271752492,-2.4562958186967654,0.10247561322215454,0.5867051027948175,0.5926304886037165,1.7877228822630102,-1.0731948892021699,0.35720282069856696,1.3308342533385662,2.1071576880226006,0.607599877459532,-1.805604701974076,1.1746322799681759,-0.40891273739344025
0.06097410022198762,-2.71366397035184,0.7655269576256407,1.3417931061856827,-0.14056568871288927,-0.09626468217389843,1.7306949134269425,-0.6650090663703043,-0.18165443981611215,2.1875410481400244,1.3699118299608233,-2.6394122719247903,-0.9137299683804583,1.1449674313425797,-1.444846787676171,0.41347738660022043,1.627899508153317,0.2959860404693352,-0.8019132568938239,-1.612598833669581
2.547657767007909,0.5896525655315287,0.45986990309562703,-0.757273945380918,-0.9096067443819614,-2.138669856427948,-0.33686641503762904,-0.6065654273723268,-0.34270273689328323,1.6582344126366564,0.6932608497445201,0.7606006038492477,-1.7089389034464755,0.505463822419258,0.8460736931442332,-0.6023981424875344,1.6004523540422673,0.012270967481558441,0.15341174991177375,1.6491651036997075
-0.19277863958060268,1.4339017708371786,-0.6958332765866895,-1.3683206789310831,0.2764503399134138,-0.9074746426722016,0.818114641984446,1.7874076972071582,-0.11313720039128584,-0.8549016990708477,0.22359244111638876,1.154205283928398,0.5449407595099703,0.9389055377653005,0.1262090556254624,0.6805777366404966,1.7273655549855742,0.7254681781543458,-0.8628379499849571,-0.1660391179175022
-0.5704367207487798,0.31416608780776395,-0.7760678125408692,-0.9955825733453878,-0.12737594003110364,-0.8517188875362967,1.2825111633308122,-1.075208403614664,-0.7368661562277699,-0.3458293146344012,0.83269448327964,-0.21439392097945684,-0.5188112396248411,-0.7501903710716835,1.5604842267041383,2.1717219721994834,2.0728340409058843,-0.1747074138033587,0.7255026278507413,-0.20545050717315566
