X1,X2,X3,X4,X5,X6,X7,X8,X9,X10,X11,X12,X13,X14,X15,X16,X17,X18,X19,X20
0.337410821491475,1.2343899092431703,-0.15664533576314144,0.9472271292283232,0.9640224940484906,1.7027336610395838,-0.8940733784732622,-1.21013649166222,-0.6469774633052591,0.726058946123853,0.7239719121314401,0.9486738068253979,0.1628104584075297,-0.8890575082459768,-1.2824991154973275,0.20296288804718168,0.373153399079965,0.8686282898124382,-0.8269593634768211,-0.9854170178331604
0.2999848934204456,0.7253714632745552,-0.9945913705408717,0.7544630939349734,0.0028016853135842366,-0.02769819738516671,0.8098770121753606,-0.13161412862546895,-0.25138993729223863,0.3248994507510469,0.7919259117872769,0.5913689805246146,0.2589201062255106,0.5930019991083288,-0.9944349509127333,-0.17703665642676591,-0.874135263220226,-0.0760132175867511,-1.3983748634309245,-1.2478966571913843
0.7705398875742482,-0.47538686064825253,2.010137060044225,-0.5048122423309297,0.4867823341914788,-0.8009777678982368,-0.07309603214713199,1.242803600306759,1.1704338228315938,-0.4049906699811105,0.2995085925213174,-0.3556809036805817,0.16840146682878787,0.21319141793058502,1.8010020327578087,-1.184098715373708,1.004111114247132,0.13956466389480746,0.5081328759402394,-0.10383607026174503
-1.1364156824192382,1.8235756518284783,0.9173716140266096,0.7965335371160918,-0.4924596388079077,-0.8277994099387931,1.2594943314450886,0.9702752621049653,-1.2555690483376312,0.5881429479869317,-0.4892290903956513,0.3057064383802846,-0.2675629685197643,-0.5691635718621133,-0.40855101499265184,-1.5863636977452877,-0.19455084917462737,-0.6906643911743275,0.5073909451166152,-0.41400568918922354
0.19365139783689111,0.6454068535016907,0.2743535165163977,2.113192116498475,-0.023001667852869216,1.2348370312124721,0.10088028191436854,1.07433775724103,0.38223184513445924,0.2372296326627499,0.6906867013717741,1.9476581742500265,-1.349990858707674,-0.29737851868242826,0.21118273383943337,-0.5748538389177572,0.3634960104482489,-1.5624687483225588,-0.20669351199592087,0.0021523228999502774
-0.19120471901283903,0.668381763933232,-0.6851010392457467,0.39101942288080155,-0.6485702596682416,0.4978560736197061,0.5056941963491783,1.4704860827110422,-0.21156853937596462,0.4386249569479329,1.3578578972835522,1.7587355962585278,0.13327931499022105,0.7226027190842793,-1.2246317240832911,-0.6146547725694016,-1.0735588636841433,-1.2583839220601167,-1.4705754830517235,-1.7881395530681083
-1.7556500526772876,1.0421344847282499,-0.6058287434037439,-1.0847308059497112,-0.00711855923741677,-0.04017166683869917,-0.06257505711637985,1.2731620762169629,-1.2735434524933364,0.6742277304569767,0.5406453873533115,-0.7103222195639588,1.2173487942819485,0.0219892183457142,0.5475109197247752,-2.3673291203846314,-0.10631350574966736,0.7857987998353158,-1.2867453057765814,-2.1984074475604363
-1.0319998898715574,0.7342449038931701,1.091702388840148,-1.2619551415129695,-1.3528758753915624,0.21991818635042268,1.5615108453084872,1.242807443368592,-2.0718758686710177,-0.08851605658053392,-2.5059757552348207,-1.4658103250362302,-1.229207155274176,1.2209752103937297,-1.0854504001896532,-0.9767388622506059,-1.3048310385561466,-1.285756299802932,-0.15994555550397097,0.1314787040537386
-2.3803092226467544,0.5985599395216223,-0.52319334334728,0.11744637573690594,0.4708039658849885,0.975596231271115,-2.3676962367968915,0.13049780108467482,0.03821633549203263,1.7796902957722749,-0.10153550975668393,0.8420429839916022,1.0511778330010035,-2.078850147798115,-1.4125003603152027,-0.22884256719201368,0.10216092655468655,-0.08034196660566593,0.32624583420747183,-0.80997725371364
0.8834830846536376,-2.351255455320779,-0.20065499648899732,-0.44318931498622594,-1.6435201262711954,-0.49070342421097163,-0.4735080784148392,0.8145211744258984,0.3786118281008654,1.0488943592529305,-0.029217861688690963,-1.3751903593986536,0.20160819317064224,-0.4615114490141564,0.011763510014216506,1.0995953106922969,1.567418704761536,-0.6293341610633628,-0.4379408902426505,0.6992038467666121
0.04346236591682372,1.2873523856160405,2.009248360514284,-0.7840048509390788,1.60419870687538,1.2112336632758063,0.12624636344647766,0.36785421918942707,0.8746315107977483,-0.6597772645413099,0.6475316498590944,1.5431952425573279,-0.37266472481633406,-1.0329172366199786,0.6455019682999721,-0.7492943293491288,0.5873672569859559,0.9617577436506454,0.4030816252611829,-0.06695102179008801
-0.6533751803808836,2.1468091323293033,0.025634643902067586,-0.1124433172944583,0.7710117965978116,1.4263835235807432,0.1779809524689597,0.8256197342408367,-1.1278859523307285,-0.09161590771112908,-0.5731283480341198,1.1832476723727547,-0.5660086689694277,-0.6141702202690207,0.02627009259581924,0.1724615047997051,-0.480188551891749,-0.5543075373312424,-0.22452216183338033,-0.09246889799042027
1.0598579294956116,-0.5283768266394514,1.2815295991302087,0.5570337693982058,0.19182770610910224,-1.8338492297348195,0.6132789249875334,-0.37251461897726096,-1.86364303293547,-2.1683238169227637,-0.26888222599540135,-1.4876746845853093,0.12108365374520462,1.2182088612548507,0.14950966548988928,0.7551896697802655,-0.13053677473315342,-0.04532433755052913,0.04050950788151017,0.5226589770959305
-1.9355197509375326,0.1457336894801501,0.7857194960498318,0.7281010627986853,-0.3922346554558122,1.162630219659925,-0.7296904785677945,0.06523401581846482,0.4375624766851881,-0.025204472737587854,-0.5592305993528854,-0.24152687645420678,1.3256046256254388,-1.0084001782758034,0.19220335648611955,0.6253394208205543,-0.344093546028072,-0.6079491381756356,0.9074257412016533,0.2618618205747511
0.6919084452825432,-0.6470049950280689,2.2002850913060694,-0.32994488466146266,1.2273288437071082,-0.3978079967216196,0.7980717353640686,-0.44335585592522425,-0.8060413979392126,-1.2644499801441949,1.2360201002821007,-1.230884100199759,-0.24024420852990436,-0.09439714772003932,-0.3635964526673359,0.972436031074999,1.550475677799374,0.38918021387550333,-1.3627188382402797,0.33054460915526573
-0.11019473304188072,1.9064497141317345,0.05410395068811568,-0.7230059870284635,-0.7102090051230411,0.6324860685523401,-0.4207129982856233,0.781654856693944,-0.004597401075324806,0.35450616120231293,0.4290584147993209,1.2384574368809274,-0.4461000814514518,-0.6717509844876451,0.46860912675544314,-0.568907136764736,-0.8155599388413604,0.6338518301327841,0.7495133246220792,0.17837682629940005
-0.4341088223086635,-1.3600896092981893,0.24481894139323696,-0.8690782401282757,1.1160617411915061,1.8396808675122818,0.7199228088555901,0.5343213952639039,1.6857305724723988,0.23827260853485044,-0.5503423625210373,0.8382254024491975,1.2671233057865032,-2.156274740322872,0.8031463262399233,-1.7644527877974336,0.8631990909476434,0.27378771204805724,0.40993923383087083,-1.483491856782703
0.2702191780155327,-1.2226611318832015,-0.02217073282161754,-0.07578623849058198,-0.6973070820131729,0.41752362339793486,0.36430818001791176,0.7845257200465281,-0.1416429133481696,-0.3563557436262565,2.4064629438197334,0.714957420639742,-1.7686724987432132,0.11792517578816859,-1.8026669512244455,0.4231722087199478,0.5387379462503866,-0.034700060758377255,-1.5527956345268494,0.044724135004520583
-0.8033139710531327,1.4454568257123865,-1.0508990055888263,0.19894397295687427,1.0401731551903706,0.1491253072362222,1.0746801716775596,-0.539459732954724,-0.13466021144087092,0.21635657861667537,0.045323514041566475,0.07645880231062303,0.9293545716819388,1.5721289505499003,1.0978369941246264,-0.11282912128893019,-1.5079387772132808,0.6754686160179224,-0.7172830427503073,-0.8900221792876418
0.8989331526200625,1.1631758348102041,1.4387894784566726,-1.0914650600875546,-0.7834481603109551,0.2665458494907675,2.13006741747972,0.5176397296726719,-1.234491586707051,-1.1770824934939448,0.37727263151044577,0.0037533013215763304,-0.4522933475405637,0.9327840992194513,0.8855311732989303,1.0502022324601732,-0.10329220211515168,0.9898952191406907,0.4835385422656793,1.1465532398384501
-1.133455310250278,0.19623663293949803,-0.7839870657009548,-0.48107546302139687,0.7541614593306636,-0.17076873268101303,-1.16203271733619,0.8301057008991709,-0.2278866212925723,-1.1093493782830346,1.2424813549546811,0.46811603980082617,1.0754877800242781,-1.7958604440097965,0.5401696813628719,-0.45413107234669603,1.238751005692567,0.5203199591452157,0.629158886515225,-0.43101891532455894
0.4407957041048411,1.3249192637929283,-1.2403217511080344,-0.5077379361734473,0.21100345785724628,-1.1302217656204594,0.44054992811985927,-0.6581156764266051,-0.4014922804545849,-0.5635881834242145,-0.4712927251443553,0.6882296400262253,-1.1358272173818635,0.45037242502427877,0.3113585553904358,-0.5335770144198012,-0.766212191914616,0.1152134511029622,-0.0834938611345289,0.1259377170782273
0.396694232298945,-0.1741149035283045,-1.132416104775802,0.3692101628644881,0.9024355203645779,-1.9775309331718163,1.5166092435463039,-0.008533708686698432,-1.629223696210207,1.1601780204353844,0.7340795939351475,-0.8379941067940803,0.9302134280395563,0.6674780474373418,-2.5852572780732306,-1.6535466912207522,-0.8184470559694306,-0.16679943297211983,-0.8105160991437594,-1.7504513388846288
-0.14528802524547338,0.29412184316391377,0.723347676435961,-1.3540749684365354,-0.11758219771636322,-1.590785083927955,-1.2693177703721306,-0.8947380024866255,1.4144639240389278,-0.5237710367823124,-0.605979388080275,-0.43406521218698757,-1.1912455215034297,-0.04466287115746299,-0.3231655253664898,-0.0634153328714759,-0.3833891458149261,1.418347031368682,1.785963151757817,1.8975211392316476
-0.7675620194995935,-1.6231732993920083,-1.2653187512264377,1.692506083964379,-0.02875879114060327,0.8487007966434144,-1.751748777190769,0.7007950107776828,0.695169111669273,0.9902036405889023,-1.1017749313032124,1.6730916926383435,-0.023092992051306976,-1.1560429630634583,-0.40196313698432357,-0.2433333503564527,0.2506244150819787,-1.6535139940728045,-0.4038333387649166,-1.0529679170910293
-0.9629191922140575,-1.0067676148445968,1.0693246921578161,1.0409549333546038,0.43611411200437583,0.4899912413102062,-0.10927903657366494,-0.2062065469672832,0.33546893139005635,0.49116664769681695,0.09446835796625534,-0.1303247354581142,-0.3593558565702006,-0.7641192929939847,-0.33069860023215747,0.43745707649484783,0.048212410724792536,-0.2565539640712407,1.0033723081575239,1.009306559497761
-1.9725776792824734,-0.032741777665093105,-0.03339026931801474,-0.3843812971579349,-0.7468878052445023,-2.8699817368086866,2.497313909986067,1.4853429183516496,-0.640903232508209,0.8559808753944631,-2.1986995134785006,-0.5850562592401393,-0.07605997157899891,1.4031119689106728,0.27915840348350907,-0.5615654627242455,-2.499354671904922,-1.2028654888270012,0.33778458187080096,-0.09807155423864002
-0.6481820943716532,0.6780302130884187,-2.0207168800781345,-0.3114229441207611,-0.7441898085750448,0.9736387296707256,-0.8005864623679331,-1.9059777358541483,1.8835150337659419,1.7910544388460783,-1.697470922779967,1.6444474534030076,-0.2159391119588393,-1.2785543225948575,-1.182758145716279,0.5437654167778727,-0.5765182584716488,0.15165205010531183,1.05394566198712,0.18625427072359024
0.04093011112041528,-0.2414284691702297,-1.2326924125810255,0.34552410777582115,0.9656980604414793,1.4231936957025588,-1.7404143827032998,0.5290743352891227,0.3899562124253858,0.652791646817268,0.7618892634374104,-0.35834753435401945,0.7095052903994784,0.5176388938896233,-0.07929854457184447,-0.3286362305433396,-0.5035455906446782,-0.9523272886560044,-1.2241135104701097,-1.4300832286238863
0.026579622352275466,1.1241295691771922,0.6100006527547297,-0.0631528964757084,-0.15600278097467585,-1.602848623223419,1.3467338436526852,0.3946916574450189,-0.41917651186193855,-1.339752676090897,-2.2914756845644813,-0.1510962610739682,-1.7132893096099495,1.2104362693404058,1.24158314156112,-1.1390395767366863,-1.3531487249068337,-1.2001509374950323,0.7553289732076144,1.0193344394695731
-0.14431302512349545,-0.32348130578731366,-0.34672430010491284,-1.0893500815873167,-0.6844806771775053,0.29967410470412287,-1.2202914256903825,-1.003674387394652,0.36162154058514484,-0.2123658399383093,0.006310116903414762,0.04884008946841557,1.5682248195979331,-0.7231805399495161,-0.5594594018070144,3.948041887819176e-05,-0.0019331762319685307,1.1337625597801886,0.6832430639231963,-0.6797128462545321
1.2105417041698445,-0.5040414079926399,0.7705127510433813,0.40744990218695865,-1.3667524934557758,-0.11429620458032748,1.0939758861240356,-0.27524409407201395,-2.66906498507488,-1.4496439985840597,-1.9745567658586611,-1.1638819525006852,-0.44039692384597895,0.9967097216666634,-0.302603815208872,-0.9602200381318405,-0.4848304355597666,-0.33359388608228957,0.7575825643118859,0.19799608089588586
0.6643542359341772,-1.4667662113764364,-1.5768804723860668,0.9756919366899909,0.3730962912169287,-0.4829526935899393,-1.1649348000865325,-1.1357346096641605,-0.4302113739687484,0.3252039318789941,2.273430849524344,-1.1269482322541104,1.3455668527604516,0.10706901647702131,-0.6925286845170531,0.38978450102085654,0.5486756645185438,1.829041390892918,-0.40493539517642996,-0.44655280189405544
0.21370266355256357,1.4938754916858186,-0.44955021468381046,-1.0270831914362442,1.220207871220564,-0.9180769195261756,1.455731234721967,0.6346713244291308,-2.8869220494858605,-1.0179508571855038,-0.40979138394433984,-1.9583357508630432,0.4935402179211093,2.7041912527076484,-0.4157180612175648,-1.7330768910290502,-1.8962293382891358,0.12798591939518442,-1.1988720054741397,-1.4487527671665592
0.7287197926996499,-0.47909606729133986,-1.1263556914143356,0.5302219490675063,-2.734702583460477,-0.1507687787145247,1.2857195903845064,-0.5138310258838383,-0.7672714953974109,0.23591374063784581,-0.8441581670021687,0.6956346840979051,-0.78145761705068,-0.7323917758924586,-0.9041911906698221,-0.7871607147621225,0.7066476773498817,-0.45432985582826924,0.6842971301214608,0.26309076280513194
0.326840168749075,0.285180071998913,-0.5019176318477748,0.19704357634257896,0.8505327723844018,1.0258487980172628,-0.17927925687925067,0.03390837086981468,0.7331577492632289,0.22457553090961713,0.6538444625419711,2.3466337835755637,2.1553478069156955,-0.6038209878533126,2.0884784596252897,-0.240604598518149,-0.32787141006918424,0.5720796898700894,-0.7957795700968487,-2.003598694181622
-1.4957702536948485,2.194932753427245,-0.41852069277931614,0.32013745033585567,-0.3794862558345772,-0.5383693900962038,-0.41360270114893105,0.93793876622398,-1.9567022357859727,0.7211058479929369,0.7142948795096227,0.2614753104530848,-0.0578654139522514,1.5992437894262466,-2.0712154814240185,-1.3840381546299065,-2.709884391747239,-1.142370641022621,-0.47202775993362006,-1.2587960324623821
0.8158643672403066,0.6576591621974102,0.3238178983875814,-0.49239537520782456,-0.8422805115449342,-0.2553865813882201,0.6774114040720646,0.10132323402388971,0.5503811497367985,1.7959526405995445,0.09364840218920592,0.1305866638215788,-0.7281114473270874,-0.008987633404026439,-0.6948453026099234,0.86211200904942,0.1991155532549047,0.21223097159131302,0.32382660828267884,0.6709609294189295
-1.3927477616587551,-0.3997726832115017,-2.029062046539078,-0.12901438328887585,-1.8117364017684858,-0.7878766309858373,0.1853939639649527,1.3814860480117692,0.7066652156163815,1.1001066986115038,-0.552254045106731,-0.5442952135712156,1.1123072550640363,-0.0013788066263148633,1.0437932148399192,0.4607180823500571,0.2960305228205135,-0.548715210097805,0.6954814326529999,0.3177732202765536
0.5929139558652383,1.6308868029407513,-0.8361619562128062,-1.5246331746913526,1.6083874487042167,1.1393057980004764,0.4872724589587301,-1.0685913941270064,0.3806306988142968,0.4287989603657214,-0.24112312563568544,0.026100427006875194,-1.3829929938542647,1.788640867075764,-0.4084916568799699,0.35614610074439523,-1.2819603053157467,0.6771453136638438,-1.6498491057435654,-0.26772922689703327
0.11919314796774343,0.8472870388583951,0.649898873410959,-0.49033016106570315,-0.8303098102362783,0.6410385585083475,-0.26657781260077035,0.030083113236726945,-0.9189812114627686,-0.9539042324086007,-0.3883657814824509,1.2690843597880832,-0.24673403804630528,0.31802774878756285,-0.5340681418903405,-0.593237084769319,-2.1395532368616625,-0.22166160263624146,0.3068895487956872,-0.06384245558425602
0.10089099413632673,-0.7346652707133142,-0.7345280734007541,0.2986336384915254,1.1486478880561002,-0.29249566580558567,-0.5643365041168921,-1.3241159132265772,0.7142223144628719,0.8892906600528764,-0.1752202299040439,0.11739448829492619,0.07206474355648934,-2.0160467618076447,0.08230249851187514,0.7568530346293596,1.1780306986538822,1.453726091780588,0.786760160509459,0.5098707411563965
0.5939747409857135,1.8998157784457719,-1.8469417310133591,-0.11652753683216915,-0.3780918246711599,-0.8744586192960112,0.3630275274145241,0.7646436629891852,-1.2996461060376818,-0.645382279429259,1.7091023504334988,0.4386175588964591,-0.6937007332907915,1.7123857578279371,-0.33727027505298524,-2.5417980485279728,-1.3978923260096323,0.1268970314611264,-1.0420054119028253,-1.7762993186043639
-0.8045923711334364,-0.7456103187510631,0.06031071009309892,0.4049531417444936,-1.3484723861495163,0.13715709088603942,-0.6769962285839723,-0.32586504177991116,0.8421482886725112,-0.5108923010348226,0.9319613983965117,0.1402816727814453,-1.1977594894218586,-1.1458423637860378,-1.6980259863420324,-0.10033484789160052,1.1678737219297128,-0.07784320490961849,1.0561252099685983,0.9064507728664143
0.39549321914243335,-0.8593697226019205,0.02436456858504279,-1.4617140504960981,0.5275059418908442,-0.4662681186225751,-0.31128694284589736,-0.6527791391991222,0.33739306511164496,1.0266918877258278,-0.3768721165420773,-1.0621677575921826,-0.8691229491894563,1.0743185613080792,-2.2730959661692625,1.4780489752655912,-0.21666473102781572,0.38032292422058306,0.556061289595997,1.301076739530294
-1.469157544140006,-0.9188859836626843,-0.5592618170458977,0.8384301467239239,-0.3532728130071467,-0.7098016134886144,-0.8506302144873021,-0.7458974019771639,1.1898683312267648,0.3170276799590684,-0.9605296066211003,0.7512145898408049,0.7761630411906422,-0.6967923932423765,0.2508079050058656,-0.3299604416504395,-0.05194595046763556,-0.4377229748993574,0.0013780589675708376,-0.7938290686368682
1.464782152831816,-0.6419847620478446,0.9382348247880761,-1.3433326325522508,1.0991973155466053,-1.3615499012007073,-0.9433547657853857,-1.2228789902092583,0.8696328618912036,-1.3438993551878158,1.883967958454373,-0.9346969937058772,-0.17297348251187958,-0.1659929789948948,-0.5902138835003261,-0.44985936281718014,1.2797358502201746,1.8948762464109616,-0.7819341648430196,-0.273304998286598
1.7674458400235016,-0.5803043812714598,0.40203528934311816,-1.6215785197158892,-1.389081699538545,0.2910049217397472,0.282743103360761,0.4759567756153423,0.9023505054238748,-1.4091845050118355,0.18360362198071414,-1.4310211740481475,1.4732349213636795,1.1521016825913362,1.4408089081729154,-0.7539924085082693,0.6306386072395442,0.576659013613231,0.6566205112910296,-0.03236913465453682
-0.12601533609076593,0.3012266364042998,0.40644281410599553,-1.6953294762401026,0.623432341519099,0.7337609117651005,-0.874976449873457,-0.9351276491542807,1.2093999466437484,-0.12702073992118942,0.10682364493699857,-0.7671720467295836,-0.008100624843460351,-0.39754806027189,-0.32691913440955483,0.6656259326550849,0.2539270268546146,1.2949476712702357,0.7866847594878351,0.9469916420472766
1.3313148539858641,0.1838201775849953,1.0488893534377766,0.5498080169969018,0.45355478600490196,-0.6031847987168364,1.1791924718090707,-1.0739542507677424,-0.8003605326854507,-0.636287299845664,-0.8042042388302872,0.6175838369274498,0.9392232014888314,0.10658382978907734,0.8038060193210792,0.12631353510223872,-0.4018851341449438,0.15124589177897813,-1.2939646842853143,-1.3341448936628093
0.9274965458530967,-1.0176132801273514,1.535176741872504,-0.02745564351604238,-0.6614316847636694,-0.47772520610294683,0.01505344921319134,0.11954812390980381,-2.2808739366551403,-1.5883914554093355,-0.3472487869977888,-0.30677321180312384,-0.7967356025220679,0.18446712219716424,0.37713396670369964,1.5274484656282912,0.9716004020986101,-0.16198066334603156,-1.1305580171790124,0.5826654345728401
-0.17359388757874647,-1.0697905811107074,0.4035035629754092,0.36060231279122423,0.8727220658683883,1.2694401963615067,0.29579379531699135,1.1859794062952789,0.42002960057267363,0.08200650431649206,0.6875721478131809,-0.8230553527114203,0.40157308688825444,-0.09028215604541676,1.3347750166396821,-1.0981233412811244,0.850337720253738,-0.29602745402925656,0.22575516942130852,-0.0631847343716074
-0.15608699000614848,-0.6642233737128219,-1.3514836678393471,-1.482876525323293,0.18595808267451758,-0.973842821372681,-1.1731930753111453,0.18010906916198122,0.5559550105652634,1.146437302118086,0.3786604636685393,-2.068673996292451,-0.26123298355177277,-1.284390767451149,0.06023509761358619,-1.6409271465227646,1.8899451793139008,1.3284385605720213,1.9673678894851299,1.0669936044551735
-0.4719225266732616,-0.883497189592937,-0.8895292404115803,0.41810695049366914,0.8391856331741542,0.10327901369074687,-1.2188792576316525,-0.14562598265654209,1.2494787323643526,0.7419894787030726,-0.3048712728837582,0.8099692561490558,-0.2994186689651785,-2.073316484086169,0.5899126192058821,-0.3727770729600045,1.386883411111672,0.7158093138058872,2.920197642707488,1.780417892909365
-0.5362069473977338,0.2387131471924475,0.18492749295779043,-0.30107503420494475,-0.3941847900336171,-0.6317578470158871,1.0350440144664796,0.9836661836202027,0.20631370721977796,0.6807060571203016,-0.7301782428751837,-0.640744862424634,-0.5663610291531227,1.2664961096782374,-0.045716849355689315,0.5852052608950857,-0.9958891567209297,-0.6610994215953424,0.9764545181741321,1.270903265480904
0.015487815030867921,-1.5389401229780617,-0.09554142815968839,2.0453512871057455,0.21401970158292352,0.16594361082993406,-2.121470875119088,-1.0246431042754967,1.6445524401083988,1.0523526885009573,-2.211156572704561,0.5540899878886029,0.6556271328862663,-1.8049044707161264,-0.4021704582915769,0.7396196999151122,1.2162459282631854,-1.8655402508923171,-0.13415664879456413,-0.6012405900085797
-1.5680859482065845,0.6901809542865648,-0.018216770759392997,0.039906797762104096,-1.065164008518067,0.22336651916374015,-0.014345332310573904,1.453087748618553,0.29958745108331925,1.1324259402110883,0.36900709158841555,0.733116093703042,0.7872322272921544,-0.20985748591841052,0.03544269972854704,-0.9140244976508989,-0.726546991922458,-0.2868707300362271,0.7445450070098697,-0.4961019074998093
-0.8783041306578985,-1.603099000706188,-0.8786853647754463,0.27763841098882364,-0.29936484666571267,-0.4591046772503604,-2.3433101801200484,-0.5573111365704415,1.0324207399150422,0.4850296475919642,1.832721339565044,-0.8718935634919696,3.27912778165448,-1.2996095095733247,0.3936889901944173,1.167751874378083,1.286452502687729,1.203919546526964,0.5313642600516874,-0.6981040421313419
1.6342724919045069,-0.5405875010941205,0.18344011648016362,0.50870275914454,-0.09513717521972016,-0.3610853150918569,-0.28081475371459025,0.12467815853111058,-0.1122415449950124,-1.0579942156403543,1.0305196840122612,0.12546245239627413,0.6448794001138638,0.9832141914229879,0.4624542605486395,-0.29516182609942826,0.3013576246916725,0.10690726550168822,-1.2413944926397344,-1.0443307466384515
-1.2139394266199042,0.2076304579703826,-0.4696875162331914,-0.9205166829455943,0.4355089509745747,-0.5383323330134989,-1.6898694345229825,-0.13382688764627804,0.7867619913989734,0.5744233559234438,-0.4273894334300101,-0.7735972717873759,2.177474105520854,0.6732459159458499,-0.8000656830444814,0.6187781898962917,-1.2091841628260829,-0.184092509191984,-0.6703978504898078,-1.3909227222482778
0.7844494858809206,1.0210555152251009,1.6555379474820127,-1.5764565942080273,-2.1156972270925745,-2.0026348521011026,0.8502836517683715,1.6264979342291406,-1.6702132673023333,-0.7782973653166694,0.8227698776525996,-2.221632162113518,-0.706146058641861,1.6056769555649573,-0.3398545747769619,-1.9398589867963068,-0.8302276057457045,0.9005817406233166,2.039220095086936,1.3418382401110076
0.2923359429156235,0.09982644466883768,1.980887910554773,0.8201211953560462,-1.0486363064690638,2.1746861274504896,-0.02305284717738861,-0.14715890509512367,0.0007255106881654545,-1.382843141498903,0.8086486197839109,-0.47538442026245725,0.37945168162156895,0.5248840960642305,0.3482437746943268,0.8405120039344832,0.5151008909455362,0.019864131419769716,-0.709311359773466,-0.1583712196245143
-0.09120411227803225,0.3985712210397764,-0.40897568820263774,0.9417443868724379,0.6617388126180731,0.2227414384375324,-0.7261931165971297,-0.4442052932629554,0.6843524762112537,-0.35556468995398166,0.7064075360332335,0.6780252596029717,-0.5425215565426003,0.5831309875837279,-0.19829007245465982,-0.20506282408093485,-0.9194049251304488,-0.20145161809442005,-0.526552188720091,-0.3057414259008918
-0.29727749231181305,-0.22530003752950403,0.6910469781100382,0.7974279652625867,-1.1781513807160622,-0.2955531174876955,-0.8270966651624405,0.21081343452194495,1.6552355237024785,-0.829345514762547,1.644474589319023,-0.673123143642844,-0.7701235971073939,-0.9633268151394209,-0.15863455806349608,1.098480499617778,0.6893199822483191,0.03236914619196782,1.581970037215284,2.312985720039517
-0.8862087575425331,0.5144484335866156,1.4212075080019857,0.6665517130486677,-0.20443894690324904,-0.9213001582828283,0.21461367025860167,1.3981488851509285,-1.1903106176666607,-1.2223474116459385,-1.034808038759658,-1.4888821925888784,-0.12102692503462635,0.8000173030922076,-0.09245529182012827,-2.0625790035626332,-0.4867118223724166,-1.3119335872176228,1.8246364620280164,0.2551112512477095
0.4620669914459387,0.64945790514855,-2.194613390511129,0.9088792309343595,0.7890766536674703,-0.6402616416341492,-0.4178375494968293,-1.9161345585183807,-0.2712096052253599,-0.08032041667202328,1.2526962735649563,0.1446509081241515,0.9801453993685837,0.6033790136184837,-0.0949538048917015,0.7619622083223253,-1.297754317011072,0.8838213314857452,-1.154570426090906,-0.8461170457817834
-0.2989940954933983,1.652861341396373,0.202413535391401,-0.31783267501917817,1.2727492373842562,-0.9460763517920425,0.21001372272878244,0.4605801741219978,0.10750268975532484,1.0968563188269045,0.8125762458869287,0.16743500064383138,2.779218947364033,1.6208641189926039,0.9604872293413889,0.014248773793455155,-2.076254282612768,0.8437854423000765,-0.9502859967071616,-1.8170710833537183
-1.3400301446156413,0.8800450306759698,0.6000477802319507,0.24927876140080543,1.437355280680618,1.1063526517548132,-0.15622781307824715,1.5286620747621722,-0.772005073110128,-0.6226657142424125,1.318804673028669,-0.6705390094809227,1.7622569493645004,1.754931716721694,1.8357573262440126,-0.3207146634800287,-1.204755757232926,0.0696405759080661,-0.6243972340013232,-0.935272482476848
0.9992690926690786,-0.317125155405987,0.15766545915626787,-0.6625564995958223,0.2830100287809457,-1.0665813617853561,-0.407969922756282,-0.16107112854261374,0.0864061046534405,-0.7809058854932942,0.5218740316617451,-0.31242816294968684,0.09320071446373912,-0.09663728684224807,1.3611394949381914,0.5165388445558969,1.0913506653738247,1.2568026267407189,1.026491592530471,1.229459997940125
1.4268036235836103,0.9539973554810982,-0.8195668776195957,-0.8559676255455245,-0.9493550512383235,1.8275782445195379,0.2109243912486468,0.1309553372801181,-1.2775849454890438,-0.953873400504123,0.6009729464210368,0.6208667474344366,-1.5320654256113302,0.16464545890126697,-0.08793536990796284,-1.2505553451441933,-0.18231269596544072,0.16557243103320382,0.312156940863078,0.2133702301913672
-0.9072690945329402,1.2011696381729826,-0.5812832229155426,0.8469328232323236,0.310593400390986,-0.021629933860222123,1.913802190667836,-0.6885091884235607,-0.6296480551424222,0.327963490718952,-1.7729602481213553,0.8160994694575817,-1.374379154557613,-0.3304232262905847,-0.08272028008780938,-1.5141119858295033,-1.0386352131525913,-1.0095183705385893,0.49238707988346914,-0.041520438234134045
0.133003339823585,-1.0668333085765673,-2.165556066985318,0.29930353217341155,1.7124091546656441,-0.3189146138786297,1.6125865400192716,0.2936692965817086,-1.0541042459917689,0.2854275821145763,0.8865419208014066,-1.0763817277376777,0.11209139005402675,0.2879138425130638,-0.77620951288822,-0.9162094562911239,-0.011499819546110153,0.0922496014654152,-0.8059271126734329,-0.9550074227652428
0.2725763945356376,0.04811673599561264,1.5258897151330428,0.22606849688927225,-0.4359829236999641,-0.3782992025661599,-0.7252161604775603,1.2531251442234188,0.5705658242324116,-0.7772681217923434,-0.2599337798858798,1.333923350862692,-0.0926725618444073,-0.31869316420166177,2.314488329161361,-0.8965342718203325,0.46514590341912526,-0.33796586626625685,0.8206571080206415,0.39371202009441414
-0.541399731857754,1.5164099602199408,1.1548442408551447,1.376241627628901,0.6054387631642931,0.6330838908618617,-0.21727787970447718,1.1698597744089023,-2.014022925469601,-2.2373177927225036,0.21747249780521133,0.6615163089795405,0.8467307817846026,0.2873931020312449,0.13415044449185343,0.07854070043439497,-0.9996155683057378,-1.7953325438649284,-1.1427474464877332,-1.4848972092653165
1.4434315122464423,0.5903010254354782,-1.9718551622355147,0.6816750848079626,-1.1302853530417258,1.816903495796291,-1.027250469805873,-0.9869899600342824,1.3768386202881326,2.3205010113393088,0.5573262211152281,0.9501016159175752,-1.7479636538609842,-0.07819407210148492,-1.1095960565238674,0.408612312776839,0.24398715308791902,0.5663259829204119,1.4594689758162744,1.4950558455997187
-0.11019395677670177,0.6655406351741726,0.891279890953857,0.631742642971359,-0.030510933115548727,0.1986823734729656,0.3260672517917851,0.32842242823392087,-0.8359614120408945,-1.476595980166367,-1.1927425198003307,0.14651037832774008,-0.8684143971653074,0.2917849466981206,0.25916074615684925,0.7175776963860884,-0.3295548637005677,-1.4293882997457392,-0.12845231080014363,0.9900602929991504
-0.9285189192417532,0.48456023805054776,-0.0364902512142634,0.18395875522842287,0.7300564123241926,0.8837538215368317,-0.3750734544393195,1.4990340482457267,-0.3959297516583101,-1.398965791374933,0.06986584404464855,0.6969605985201158,1.1511860980962343,1.4798057198207966,1.2884688069559853,-1.0645336452843552,-1.065631640318223,-1.491836724306816,-1.7550133066718379,-2.1054865264207274
1.5100609314026363,0.5714466321959482,1.1813618569614053,-1.2602065815061605,0.7641515647359968,-1.5435324163450803,0.7211972368906283,0.515786575866182,-1.0431343262698873,-1.1928243620911696,-0.16817791673269708,-2.2251703940660827,-0.23143071467823612,1.5180365534987683,0.739419883006523,0.9739538419112118,-0.3655385927815317,0.6950171812314614,1.0231563849618601,2.1383370255272136
0.2844640831549544,0.9880883989641869,-0.6063565631110548,1.5387628709819672,-1.6812037262007928,0.30463396224640504,0.515666154854429,1.0804873508684778,-0.7534959817869734,2.665650665616664,-1.1075075938087413,0.044377937979808275,-1.5213642366570914,2.2714899465638605,-1.9727914261334498,-0.5931097529340666,-2.7992362243913433,-1.9972080868957733,0.3467971550481849,0.5038558371245229
-0.4692874367235626,-1.2739257002554443,1.3130770974713954,0.608447034087422,-1.740924884520845,0.13449052857453914,-0.29135910133946175,0.1632692493483001,0.4768331255579697,-1.107048489909272,-0.4088693118707256,-0.8583022355690799,-0.5361465588362585,-0.32823543157818585,0.5786776876140931,-1.3505167584947424,0.5289468800445617,-1.0006195780455163,0.2790858321743036,0.07749028422523231
-2.9092019648761083,0.5255410112566029,-0.4851393560438543,0.2825551987024121,0.3495981314901965,-0.7772192074140327,0.47842289503178215,0.3410460414999082,0.2648416928906527,1.068601479854816,-1.3494408542540652,0.06090642885045024,0.5210819731972518,-0.6585132572710497,-0.8160101646269521,-0.2974035984158816,-0.9741581970844356,-0.9976645133143915,0.9956569500291513,-0.24358665686259215
-0.08878362616790435,-2.3374402023266523,-0.16043542734479657,0.7680802605511788,0.7250361059923959,1.7678631213449687,-2.006821479994923,-0.9368340943719022,1.3496082766364887,0.44136646706566846,0.27606862968264656,0.007172721706192181,1.1866067280017192,-2.582233019741305,-1.8606802116988967,1.0155445373586731,1.6662671301377239,-0.26392562191801905,1.0995564077233058,0.4086106833230698
0.29406774291230064,1.2552790466101933,0.13738121853842464,0.9579724419308305,0.6253378535759326,-0.5490075185057464,0.7421624946979276,2.059545281534781,-0.5853360463262005,-1.029760585120958,-0.05193542990678968,0.4587371786388319,-1.42123682588176,1.3392822512574962,1.9032495356272454,-2.008217437067682,-0.025964784175419517,-1.3765539267713378,-0.31743666204965443,0.04297976374370616
-0.42799246741624175,0.8190587727667497,-1.2358803617390088,0.016849733352443125,1.6481545675446612,0.08152817970567784,-0.475383666630993,-2.2171498615675307,0.657050634618873,1.744713158644174,-1.0141634064160412,0.3948587155533361,1.265726730568826,-0.6458347889477619,-1.0523777447625284,0.365592271712565,-0.4093921568030543,0.04616789675859231,-0.9051660147446104,-1.254192251959265
0.7472681210175232,-1.2825606080909346,-0.7353594279137712,0.9336926875190167,0.5088339196795938,0.2200298027160119,-1.3293482737379732,-0.5646008595280078,1.2611622826522322,0.8071478848760504,-1.0234291095443506,-0.6866747693929689,0.4019171197316942,-0.9680463160337192,0.7780208052124713,-0.14283027088499367,1.824541245291441,-0.2720143854289874,0.6571694868990933,0.5148281223042722
-0.24316589216254753,-0.9702520798040281,-0.9229106270620202,-0.9169437026245632,-1.2700254312240755,-1.17543829114092,0.5167637708072796,0.3534821884635493,0.7971418107044622,0.3901076872268055,0.2756848056646999,-1.1195535818696487,0.5450033386286615,-1.7833639423895307,0.03928388721235467,-0.2775171707423279,1.9383225425463428,0.9301229093475654,1.9871837060360837,1.159312294896741
0.6142624949731009,-0.871931673440002,0.3291667785555581,-0.6107392554925888,-0.15194104588915167,-0.9372340704695279,0.3933425020505423,0.5135423075256293,0.9874027775320179,1.28207905136601,-1.0043846455650673,0.06490099938224911,-0.7042554871891242,1.0652638385568554,0.6758784960582379,-0.39984265050510204,-0.2737746217976824,-0.5270464469729778,-0.6883404748115458,-0.41031801075448615
0.9160569793099397,-0.31752920036696775,0.39787262143874574,-0.08610103886061266,-0.8026405707426173,0.05254837830524177,0.5121328460991418,-1.3243310969469462,1.2710089508677471,-0.07525539688764969,-0.2583752918859707,0.9104515503685655,-0.010571871565851381,-1.196091196519347,-0.057137369159487875,0.3077394660505526,0.46481440263014273,0.6225186452509437,1.0236944345795602,0.5598036717686744
-1.6222728365533559,-0.36833263298055774,1.4685848346066412,-1.2724046472798924,1.654727988642558,-0.8186710514932689,-0.9594170141922971,2.045339281712664,-0.11526475978932772,-0.7907282963896592,-0.304130576847042,-0.44624903380855424,2.348878781739496,-0.005275942359591478,1.748999584133485,-1.0163043243208985,0.08707338610542285,-0.04365965467604673,0.6787134974583315,-0.8620217994368158
0.7244291121331,-1.174814220302332,-0.04572941465051996,-1.4697421554286252,-1.559956164016564,-0.4412493797894349,0.4395583709340976,0.7227533190111943,-0.4227030926377968,-0.5334362519821206,-0.9220970644572439,0.0009948065649451664,-1.3794618906605567,0.5492316403444467,2.2626492970537533,0.07619720658012379,0.9152859423307267,0.213664677473522,-1.6828219469600219,-0.1668959771649926
1.6240080005050563,-1.6384656938058615,-0.6079644682769213,-0.5139348341051407,0.26423392170592175,0.10375331181221056,0.1434003441473915,-0.16691481117155893,-1.6578237301857357,0.4049567642495721,0.050437583525970005,-1.1804350817558984,-2.5096500116135987,-0.9432172418864746,-0.9159206348666341,-1.6635136317632016,2.009805187693899,0.9793036285590546,1.2065818054059303,1.4818836610853727
0.3359370178895916,-0.04856641801726054,-1.756220291191612,-0.4195615734797876,-0.1284439164628695,1.0670805455049193,0.019458684750306217,-1.2677754203477019,-0.06830845427577605,0.4054469969230119,0.8690968700857035,1.8140617750505361,1.4390898287609872,-0.97323159660477,-0.5358500705315558,0.857204755887211,-0.4915205573041086,0.795917298893778,-1.3759617622042684,-1.8705841920804254
1.265401742198806,-1.2109354026673766,0.19778335063529273,-0.8129726627159963,-0.22817660496008393,0.44859541551428705,-0.6560560969245984,0.5113961786669985,1.8164598074806035,2.5608098034588935,-1.0687332118817556,-0.795873657363946,-0.6668873378151754,0.22097528918105677,0.6150010684152458,-0.4396534909215317,1.1531717052642836,0.2980496129141857,0.746666744176481,0.720557640591346
-2.2424451517582558,-1.3444395321674563,0.8858910841278779,-1.5000063700357877,1.2589141158714507,0.1736952740336701,-1.2914438498707146,2.254774085762959,-0.06589437972880449,-0.13319859030880893,1.2623233327786234,-0.07746197478690284,-0.16246720258037178,-1.5021428176676,-0.9391426263696849,-1.458998824982865,0.5136274906582902,0.17082050473111224,-0.05589935931104977,-0.7038674142093481
0.5242489686684996,0.565741848332605,-0.06162054511634411,1.3358807672504593,-0.48153553560141543,-0.1082962615339744,0.7458103969198138,0.4314588828075139,-1.1939445759743854,-3.1882420011212833,1.6793645064307297,1.0623542995159465,-0.3959132331408759,-0.36775253350369164,0.3612843404046083,1.0005742628968302,0.6987028669155186,-1.001573617051394,-1.926204554640835,-0.6844950704304289
0.6887766601615087,0.3166309274066419,-0.0023785557228500637,0.5613898939938972,0.2033313308575811,-0.8646906530258687,1.2908463978713176,0.47639068503794346,1.151444352055133,0.8405377647246288,-1.0480960128806427,-0.26785832394305964,-0.30824981897853737,0.8551994123399961,-1.0801729745792685,-0.2627360927372215,-0.5486974517481605,-2.0592760152611627,-0.350617196358496,-0.37654911484613857
-0.9293156784376858,0.9530745774587307,1.5749622341506484,0.786202698718491,-0.4065526209128029,-0.8579099103358692,1.9269954641811113,0.9006664512031252,-1.4154649213355608,-0.31464939005459536,-1.6685376063725,0.16344670508874726,0.4342033453661554,0.2265684713527802,0.7267194388242606,0.21322743870096267,-1.2654302542197071,-0.9058044785113479,1.1115155468500768,0.7175437863781369
-0.23358022271902007,-1.9760842929101965,-0.9293417881057179,0.07867224432416305,0.030967886956341076,2.068829135263471,0.8102109104171681,-0.24382155880634454,0.9004690857307646,0.9919711334559365,-0.4662166540606977,0.27336174485835546,0.44405471418726217,-0.7140083357506802,0.5126741617868962,-0.035166639981137726,1.1256618911329217,-0.02307243926613949,0.48031237638557656,-0.029834786581611563
-0.6262128232946251,1.9008452538301923,0.31343000818981337,-0.6252345981406482,1.22929572109729,-1.5307428730035137,0.25156260915569334,-0.8935519150847292,1.2425719481544273,0.3757182464330901,0.6132074505136799,-0.4157219307643395,-0.7623824014191954,0.8725798043389775,-1.3130497087352684,1.3773334374614228,-1.4156714391519591,0.947705233897023,-0.06678220089095106,0.9890616312222298
0.9108684409106843,-1.5733910554914596,0.32886027056175066,2.3808834663253626,-0.01848722807961774,0.8474839335960002,-0.803205691935899,-0.036680546870045044,1.2711646520521143,1.0883598059886856,0.6314428198091484,0.22916356642914748,-0.3736500630412787,-1.5466716106550444,-0.22795348856895772,0.7533040124236069,1.6630028910134713,-1.126329789762471,0.40501274777402646,0.8393842038087868
1.0764496570314552,-0.8299161252437194,-1.2978602925612417,-1.4386835787325087,0.6452766350102146,-1.292438650390339,-0.461346760618943,-1.9598855985544545,0.6883338872796324,-1.3411305543769572,0.7740425731985564,0.445282741582713,0.8820292196548589,-0.9018579237124335,0.6670984103976183,1.9056097597356763,0.23137582269080492,2.0622691214490216,0.2102626019775256,0.6133774803390952
-0.052406810588792076,-0.20381699875813755,0.8397592779694151,-0.5566800195926928,-0.07401321317528663,-0.4021562992626469,0.5233851010178,0.6553232198211869,-0.126592279306046,0.10725987961583214,-2.6081602475207273,-0.021301537038232107,-1.8338491378270692,1.5549859101899155,1.6186039922717483,0.968214264592454,-0.6507802295928142,-1.5857029494559778,-1.0534021757392864,1.0546606767860198
0.5258748965987141,1.033268839629585,1.0048388839587161,0.36416867373616446,-0.4564911913620511,0.7127015926974817,1.0933190841603992,0.7288444765855769,-0.17208923032263226,-0.618090807197017,0.7797970318591169,1.0131680565954833,-0.1801243229430117,1.906977281675557,1.0744386028645263,-0.5462671279944742,-1.1773552919507597,-0.04285634815524784,-0.6501133394924191,-0.381855978995803
0.08194390218341271,-0.13056540221891647,0.7229616716835701,0.25575867487778586,-0.06026023422544797,-1.1850663012837417,0.3576084890410691,-2.5850344998938084,0.5093234967113154,-1.6219562448775167,0.19249585521216495,-0.5280256833164783,0.08962118086069944,-1.069073149404778,0.6672240426844809,1.7369636153300454,0.5362095559124759,1.8512956795078184,1.7404610978418065,2.0115246722091653
1.4088142055102024,-0.06123758753115805,1.6366876663311845,0.5410831684872462,1.8650099958227402,1.3640295317959266,-1.2076638267063875,-0.08803725620404541,-1.0500769076789922,-0.7470612296469409,0.09331405725763318,-1.0362412129676468,0.3836843721226858,0.9365537776516522,0.3589623380451609,-2.920835345827715,0.05291539821996943,0.16907844247503215,-0.26627774853886477,-1.3851178515571487
0.9037015231107505,0.5245430098947919,0.26971259200509135,0.7192902983202538,-0.8599901073493432,-1.9205519623530305,-0.4160657506608937,-1.108745434079949,-0.2563348498156107,-0.07797863777945335,1.3404973681116465,0.03555470122461718,-0.1310839631269094,-0.9654480654792645,0.049922961471945644,0.7493662137573828,0.8478547551136226,1.2555559784987644,1.4604864678952616,1.6386042089260349
0.25044453964660723,-0.9512280265331879,-0.9642046311266713,-0.9535776114215138,-0.2155654808646828,1.766761936389704,1.143455180653792,-0.04831819261671703,-0.692474394689754,0.3281460331618196,-0.09246434405245693,-1.01486841099378,0.5097386774645111,1.4306868909689632,-0.859167668291551,1.2770256603258237,-0.8298512549076665,0.08276205887945835,-0.7713993118609296,-0.09662548810091047
-0.11909380193427173,0.6295880430295409,1.0200362959853644,-0.3621237461632877,-0.5697937961648653,1.501079505794632,-1.3646048833582634,1.719827276207435,-0.12135920625190749,0.6423529376837852,0.008758096405084818,-0.5096543851729762,-0.7183901643485253,0.7334650192392904,0.2732756744796783,-1.224234218315363,0.7096554660903319,-1.2938140331353185,-2.1128198604655704,-1.3357225532682013
0.09653565155277453,-0.15246508749851428,-0.4508309553729913,0.41348313747338145,-2.2286025978205335,0.4640416070543745,-0.05784478644947331,-1.9845261136978074,-0.4218620829417123,-1.0478662027243397,-0.6985554163805213,-0.3513489505865767,-0.9290604128087295,-1.4604541322814986,0.11966567409869923,0.7249178138868024,1.2047214655543579,0.5442972510781376,0.42348256691085695,0.9961423533708528
2.62425445751134,0.31999300086909604,0.04192667920064,-2.906871142730714,2.045636656769863,-0.8989748179223597,0.6489571726982717,-1.0814689985709165,-0.4401982623883404,-1.440296394911806,-0.2680607124446354,-2.0678192442725134,-0.14316075885444512,1.2350174295529806,2.068609595269531,1.4045308154002902,1.508463011548041,2.326148008587048,-0.08388423329966814,1.7328990014149683
-0.1275170894201783,-0.8580570088512638,-0.7572521414190128,-0.542500505011774,0.977983196366452,-0.520130473766914,0.9513724931572038,-1.1569357423160307,-0.24301911064568807,0.626251827901608,-1.0809330570907576,-1.5990554154430017,0.35583679331056584,0.7697344860569756,-1.0648344403185739,0.8327592516368628,-0.7893262364425889,-0.11547471765435652,-0.6714346225475185,0.023853189865700987
0.1346974985246288,-0.32266034943443256,-0.04494962444220129,0.3080267222758206,0.08491854255309503,-1.0718088098293301,-0.7627951858771866,1.2135215431902464,-1.2299399590712419,-0.046079239686983325,0.2616568776717925,-1.1774268032952153,-0.9475040578776079,1.1892536912297145,-1.1673032576042384,-0.8828602723984673,-0.9888771297079851,-0.8898298128091889,-0.3974361584904793,-0.18904079921143294
0.3016532106204653,1.8777657607179417,-0.6478591858257687,-1.7110867570010393,-0.2266917702930688,1.1323985960794891,1.8787648776675285,1.8271665075257129,-0.3296449320791297,0.3937021246603497,-2.6099441507010313,1.2388112055477796,-0.9003588092709254,1.355161424816168,2.367953619345322,-0.8687366896668639,-1.7109350937833623,-0.9565311436212245,-0.59116862139642,-0.4918686029357894
-0.7989947388412498,-0.9107760951476136,-1.150912158118044,2.297172577019306,0.6381211739824305,1.9383767638437501,0.11447429375247781,0.31494429296661147,-0.14634970688105378,1.6806358308725475,-0.554474525125724,1.9725903370314926,-0.07164999229621749,-1.531312820472152,-1.26534579917323,-0.33425424609248605,0.19145713048358207,-1.8731517775604254,-0.3704863787221664,-1.3921245799384026
0.4420798557988682,-0.7621826994332304,-0.020861540660719595,-0.3770778605643466,-0.9962655433822061,-0.19430053241088446,-0.32964031634371826,-0.8789916349864235,0.9067782707519667,2.205230717526303,-0.13629752384369492,0.492342429389455,0.3105357911908376,0.13811152741429866,-1.8621802265279594,0.12687191270185819,-0.35492991781892197,0.4223157342691859,-0.21236005241225947,-0.6489498249967446
3.9038134761928247,0.5561580140692726,-1.0129683889320626,0.5087786351853065,-1.7794823807807176,-1.043395068547135,-0.5620701532599324,-1.997868493843892,0.6090034254083343,-1.6667906867482771,2.0436212139936734,-0.8474191173547355,-1.4334280071453755,1.4285244850724685,0.3284820052354799,1.3343180595101574,1.184016558802285,1.2188296445383606,-0.5287767455024395,1.4641761851245318
0.7039752784197483,-1.2878178617427793,0.40364807640406924,-0.08902942196506104,0.9020928161181725,-0.3527172436565938,0.5956704471826396,-1.0144412866743486,-0.3408547497831212,-0.5645059163075047,0.8644584611903495,0.5516964917580438,-0.08244691346378626,0.07314922836532069,0.9105773740037209,1.0962291629067926,0.7900088617563608,1.1582835846813293,-1.2705891137717618,-0.37352167855787594
-0.8521529000810051,-1.5308257377948786,-1.6812235445369865,-0.3060241869801723,-1.271740332459712,-0.26593716565586567,-3.6497975983050437,-0.2276787002141532,1.3321004615169085,2.3778499261276904,1.5880009664356702,-0.37177296089063305,0.03535502741290956,-1.9549317285123544,-2.192249324658543,0.7410767718904618,2.264912124029359,0.182189618294018,0.535633199549996,0.5269358151548056
-0.40523925610683276,0.05883985095610335,0.3836982835300099,0.9729538655440866,-0.9060205206675572,-1.0893039818400134,-0.715608913983907,0.5479223009853279,-0.2574164217049598,-1.1875885319035857,-0.12124623047347385,-1.122740777252726,-1.1920890497770997,-0.38497257920920763,-0.12631853523956096,-1.5335813503979743,0.6361533722991601,-0.5339183154132857,1.6579205042149316,1.3288206975219656
-0.07609019034549826,1.5721673943918797,-0.6725146555509038,-1.2206695061334836,-0.08191630513790248,1.0816888803573874,2.0190083938910215,-1.005701513484932,0.21271163063529427,0.8905267188116349,-0.5204415139393467,0.9208339494918321,-1.0565173840367972,1.0662465927423346,-1.4585226568220695,0.006123114503679138,-1.5921196254299257,0.08420012357837395,-0.5551317687851207,-0.15025984232202214
0.6020181295598706,-0.24948198579201356,-0.14468683014838754,1.7985860625791026,1.2629019520031315,-1.4409518959171288,0.9528450912728083,-0.3095330675307859,-2.035533009860168,-0.7130508252631685,1.576640332313689,-1.842834173104894,-0.12637532874226706,-0.17873046357747333,-1.316037520136768,-0.6593067136318427,1.0676354197934235,-0.3581707299982141,-0.7425000258273873,-0.10524353684019942
0.10593896671043149,-1.0190807018617625,-0.263690053518255,-0.4021442196003807,0.015596315424332695,0.9732400232347463,0.203770791712174,-1.2712401806818932,0.5099859122378848,1.1209969492427412,-1.4598682926953497,1.375823894758969,-0.8789528441532549,0.46706957549644956,-0.40194816401933076,1.194357666218128,-1.1673895051523426,-0.4980367869866821,-1.425426479918778,-0.6853853334331463
0.5093965014587359,0.17075923792613695,1.4017079757060147,0.17184281481036565,1.3708335450343891,0.029032924397333803,0.45663052591622394,1.3626393541906785,-0.20943862696500723,-1.8524151281544095,0.9195363673776773,0.6577879374155307,-0.39034308034272297,0.9513132987289233,1.5895115150234918,-0.6838527081869091,0.7685716588763113,-0.16411981210764554,-1.1125058455153753,-0.7910395208291984
0.41170827591735915,-1.447798322284237,1.8129182616614665,-1.0038689261968443,0.12251863917367396,-0.057634926546757635,-2.2698664220029943,0.6604824579279378,1.1936497983794325,0.26259936132347406,0.8882593000767631,-0.672594841476582,0.38506491247935287,-1.0608225799066884,-0.37335342902550794,0.5627418057026864,0.9365888933871481,0.6232052692057807,1.0765179350414227,1.1167884837390227
0.03650031701729178,0.3296685233298246,-0.6977077660985015,-1.3053690578455532,-1.1753052819663024,1.7582897090261544,-1.0066483964057868,-1.0093735285815335,0.0634205615069669,0.14099949829613598,-0.20741910605384287,-1.1875824444172618,0.4794508763929576,0.5403087344275175,-1.109655248995963,0.3537929302301162,-0.35313955942338987,0.5864406593604901,0.19845501950527233,0.3436704324477669
0.850277508329322,-0.24142074261231003,-0.8759423590118482,-0.0550475100492897,1.0690435260285145,-0.31710903595791345,0.657161734885499,0.04280499448494587,-1.74376676712621,0.4558705354364236,0.20908992005099702,-0.1968550398865289,0.8900257342794329,-0.32624076076804454,-0.6019724551079794,0.008236678692566597,0.07398513490559999,-0.5979607558348727,-0.9456807297991171,-1.4397167854648953
-0.7333131520924637,2.2967221118279215,0.6518720004480997,0.4914254166114947,1.080782498268101,1.0688685765502757,1.4214063259237286,-0.9129152105908954,0.3064934549125433,-0.24671132820789285,-0.03651524776796672,0.4074545649926648,-0.1735714231165592,0.25745798060670155,0.1417815322731004,0.6466873036004652,-1.4198109179283331,0.4404210754009817,0.19320512677721993,0.589883273380734
0.46904660810326354,-1.2978242646992282,-1.5366537427649927,-1.964142047923713,0.4949130930416055,0.19221067087876217,0.03808246939876858,-0.07188115675023991,0.4447119357936532,1.5006558869175504,-0.2210842952789496,-0.49596907825278136,0.9819791937463285,0.4387514963750279,0.007645156912839514,-0.2249617514573814,-0.4255344360010867,0.948909399656351,0.37979715779575723,-0.3138402059364832
-0.8036056295522388,-0.5619072030386933,0.8322017559605382,-0.40827326738299674,1.5131374674913878,-1.3625109489406395,-0.5745979073641615,-0.9364224462038594,0.4597872441301653,-0.2987368025736783,-0.028728942200549636,-0.3473171047651346,1.371748440101523,-1.619650507309219,0.21760899435497785,-0.14213069213121832,0.7441460425622511,1.3850727005491759,0.634946726897222,-0.34651463427028545
-0.4271690716870355,1.2677684072832744,-0.41992869176944586,1.2528471734691737,0.8483763835816798,0.573509190659911,1.7429606708031788,0.12125119465993098,-1.314248929724342,0.35663549967236313,-0.4360236193795531,0.9864192130109853,-0.8724422559619851,0.7935823020155546,0.31824196210055333,0.2845669041588509,-0.7544348356384504,-1.1495123969594443,-1.650735149412109,-0.7359813142064887
0.027860294514857907,0.6683912153845869,-1.6088402269050375,0.06129206135454362,1.0028147264604863,1.4958441041721848,1.0543714983289583,0.06551238557858668,-0.6959500993417199,0.2058369662042149,1.3034365271578476,1.3060974174394868,0.6201933463645356,0.2039164564862398,-0.5548025447101297,1.0573047586457576,-1.0843755752205484,0.4661456875634631,-0.4403167900402505,-0.228880616987033
0.959018347508855,-2.1934753010245944,0.654760635728125,-2.1265081721406736,-1.51754298627673,-0.39196428937971206,-0.60945018733167,-0.7051146162854737,-0.6350192256996113,-1.0663930898723843,-1.2433741448220852,-2.4126152804942222,-1.1921553254389914,-0.10551955530483721,1.872860695452333,-0.5017643294063125,1.9277640552496176,2.4487677336100706,1.3748969810360836,2.2461762613969536
-0.5509995320676886,1.026803977411694,-0.2762052846595745,0.7710483295298439,-0.3991847250775577,0.3970494655220488,-0.9910772015806532,0.518480538632063,1.1359651117518599,1.8391775703727358,0.7883761003597217,0.20925211836468385,-0.36979954672487636,-0.42736047199906113,-2.290456116340782,-1.3636538027187448,-0.47250063475421505,-0.21251466052671955,1.0464661798198476,0.0804234089934492
0.7509730678247778,-0.7470209475507141,-0.6432399911488812,-1.3781077096684566,-1.9649057328998203,1.3034396591641357,0.30493149539686687,-1.9018102650811342,-0.37552539641084753,-0.8209418355678871,0.36531711925058075,-0.9330346736154222,-0.24701168279565938,0.23967579900153163,-0.4171007269915459,2.0687591698453764,0.9505653520742462,1.9512698364096268,-0.702925012646013,0.9620258646314704
-0.44161901916923246,-0.5684195416814808,0.7668966030463801,1.1268262829402456,-0.7098880824532939,-0.3025828204255856,-1.313981493839551,0.16340594298467537,0.9399082298572209,-0.16827985943449142,-0.1948788467651185,1.0287173536381962,-1.4687075132950658,-1.0970564201462771,-0.7954005403689247,0.5471278288589498,1.2701380355120657,-1.1531774969095463,-0.2075605974021375,0.5424713448468031
-0.02361482509028157,-1.5638534688490962,-1.9227804022671857,0.8148504942689583,-0.016432001779105605,1.502838954002184,-0.6791519356184017,-0.8958451410139341,1.6624050066582143,0.7504436557724771,0.1753605718646379,2.354033912217224,-0.2775202595559982,-0.7310286316641755,-0.759172905086345,1.5884583294448271,-0.13289530506692604,0.07549515074135106,0.21979254519926364,0.3584550085969067
0.21554695413089184,0.5540621113067341,-1.1587664858745197,0.19289218638016353,-0.647662721142068,-0.8024778662677724,0.15032231239198368,-0.055048863278928446,-0.14369786301680687,0.031892637155839294,0.13218316335770652,-1.1167550961666408,1.0578981241773655,0.5909900831657622,-0.7049496274624141,-0.8867523608858393,-1.3633144457693602,0.6878217308902043,1.4871580442145071,0.015568441517527077
-0.6155814011003743,0.2298442386146742,-0.7964039825176686,0.36635327637454745,-0.41700000922718455,0.9203213713691453,0.12595451038158967,-1.6345625251052147,0.7854272710303801,0.06088269262136586,-0.40777742909828496,-0.07576748848213359,0.30119266362042746,-0.5735488667934106,-0.10582896234725131,0.8991113639555303,-0.14234213624074707,0.2523063248074501,0.17565530186544354,0.1429570427340641
-1.5384568530155753,-1.2546245814241592,-0.9519531836617198,-1.2862313476691916,-1.1502274562116346,-1.837770205052096,0.5452083907439949,0.5573711685315702,-0.3787287143305887,-0.41239378275155464,1.0435514281343874,-1.1499750152910713,-1.146033588330692,-0.3474551895953222,-0.1647461189156773,1.1695912555796137,0.28121120607953626,1.3032801853193703,1.9779812850246024,2.658736784464847
0.7576989493059123,-0.4051076278609197,-0.07328216168841709,-0.3247057594122218,1.6664239986752154,-0.9809498498415377,0.9659271026567534,0.8136201902640547,-0.7891529511748342,-1.2906306917354535,-1.1204428313521535,-1.1038980944716468,-0.7416496358365487,2.1242847624570924,1.2178412088857378,-0.307744511795148,-0.7590509231536029,-0.9593795892860025,-0.5045634614502748,0.03795738183334592
-1.272438070484689,0.16578421735484214,1.459132578274094,0.32932824077878137,-0.3925982263975094,0.21727316816406425,1.0883100415198943,1.1230851269385924,1.0413025347096736,0.3910646290225304,-1.495381524927473,-0.44309330004497277,-1.0415240835924022,0.501740443916921,0.38165756978666526,-0.5707521595624193,-0.45454710582673913,-1.1384142977826797,1.4196236852832682,1.0513136158705028
-1.2015437603454882,-0.05858733959493773,0.21196097864841626,0.5362389884428289,-0.34752648600943076,-0.6127499294907516,0.2800262666071643,-0.024847870575561194,-0.6618513783603729,-0.07260803274874786,-2.0360876720371905,-0.5947887461102292,0.9300889673882641,-1.185118839950448,-0.06733761179407079,-0.9642213291095159,0.6070481991034644,-0.9422310905688641,0.6535158179668916,-0.4846552042364832
-0.6411682330679473,1.2388388718478205,-0.7768742248855108,2.089847505971079,-2.593113011599606,0.8552464207766748,0.8323357907913037,2.4767395390852136,-1.4167745682952264,0.6866336584577131,0.4039511229700136,1.2572809940250247,0.5739000089583246,1.0528664949210267,-1.1722674490791307,-0.7826215733114938,-1.617321892811855,-3.0035074571494103,-1.2414245044709735,-2.013546000440301
-1.493683974025926,-0.276621382210855,0.8902884510157015,-0.5268913678593846,-0.38456909112341764,-0.13727563542332966,-0.5907693011011274,-0.9680456956090525,-1.0244462160284076,-0.282260258909257,0.016103340258169948,0.36907484901641247,0.9862307819130801,-0.5398198714802946,-0.16935604738277346,0.7171191195277187,-0.019930736605430942,0.4905421067460442,-0.7114033915092156,-0.6440475954230239
1.3486202645198873,-2.4634025810375646,-0.3173101705017985,-2.044308947291621,1.304468251608924,0.0925083876950536,0.2526253312952925,-0.663959226090296,-0.804975333878934,-1.4312044070701206,-0.16439657365838672,-1.3123221865557106,-0.18575988828562345,-0.17749799332095165,1.093963429156128,0.14563887330763975,1.676815473434261,1.4454469302804784,-0.22325760819484025,0.39134895811318304
0.04912827893247404,0.9291987140228017,1.6802749289534973,-0.006802078070731652,0.7109881652204352,-0.4138197850412435,-0.3179355461188748,1.3632377741649446,1.8490713095633944,-0.2060564949226305,0.1680955134927441,-0.5965829068101883,-0.5437368147726308,0.44698743927243717,1.6352733873675922,-2.7157755025710264,0.5292297000994777,-0.49472901040215495,0.05356048392497626,-0.5041751786628355
-1.1957587112020505,-0.12463718287084254,-0.17309211478957132,1.2282337233841827,-0.9860343954425173,-0.1812745614429406,0.4396668145654294,0.886264645133409,0.7802915231076533,1.2027561579842725,0.056709134761579856,0.8233561266512697,0.6775951000508442,0.216738872051465,-1.3163914122053655,0.5251274542539974,-1.156284779808273,-1.0585459605421852,1.329737859157996,0.45772023510524407
-1.3663427017855607,0.46373860204068873,-0.9224248591340304,-0.20934198672309814,-2.811560673094284,0.7330020852152866,-1.6101576068010388,0.7759885768756281,1.8408851832107087,1.5563115994875252,-0.8130021710119961,1.196794232644473,-1.585297244506049,-0.5966122284602731,-0.7378485736821017,1.2288853517141585,-0.34558881260835805,-0.22554528881144525,1.8440356715206356,1.963252346580611
-0.7412741920956596,-1.5032097956112374,-0.12566061701341977,-0.3715989256464893,-1.1391817901501833,0.13301342779614794,1.5848636350059213,-0.33345762956979513,0.7563701022961858,0.8112971428406908,-1.1139703530622815,-1.0054177239385274,0.04800546813015508,0.5437825342669496,-0.9903301377238698,0.98664183626564,0.12698137748624944,-0.5107058257742774,-0.812089013708108,-0.10383261068277569
-0.5746010924012509,-0.874424767423519,2.242767339131191,-0.8215384626676219,-0.5403066232605495,-1.074658566459413,-0.3551351836672808,0.45632158917802135,0.033516465387514134,-0.07923531148602729,0.05943360253872749,-0.8699328233685398,0.2903421948549401,-0.26578876365203413,1.2092392588518583,0.4420595879788802,1.4282254566261232,0.4567651906304438,-0.1104458309993926,0.2565640802427364
0.34738444813827835,-0.6331540813840847,0.4239639143108213,-1.554279432673382,1.035121720099068,-0.05342273354974947,-1.5951139102235397,0.9758121323084613,-0.9506227602249138,0.07949925956108972,-1.50605453064486,-1.3270200066013325,-0.48681886844086586,0.3342057149676739,1.3933053662999004,-0.02934540523727786,0.3576302397234986,0.3799423315133419,0.678040623462818,1.1448391747084568
-0.23626260586684847,-0.5772888133861166,-2.718589023913715,-0.6419805545307596,-1.5368211942279248,-2.28802565667397,-1.0800200996842182,0.4401154235710763,1.5050374606590173,2.1500890407505953,0.2305687111060243,-0.5279845927936271,-0.47075554756130944,-1.206069110666396,-0.13460557805526757,-0.42512501577069917,0.9993229513052906,1.257505056344131,1.6927358876506478,1.2330556543342472
-0.9871699750348369,0.657274475641285,0.5084007442334704,-0.044593581695874865,0.7924838883503864,0.029964449268858395,-0.10047112805862193,-0.14151744699857566,0.015617918008139624,0.24154173971137363,-0.8750013484361867,0.2045997623105648,0.1554978137755261,-1.270131709482934,-0.3371356897522566,-0.14114894951951362,-0.011685215795601568,0.415478997577388,-0.21733125825270502,-0.33031541087837857
0.3917538608233103,1.0449095095087564,-0.0991422413460006,-0.6779443494435832,1.8773772509738151,0.9950562274394767,0.52660763801963,-1.7615045059515726,0.8306271193334198,-0.6676489689854037,1.0395991661739632,1.302372859374317,2.0837252436927205,-1.232849093151341,0.649939832438302,0.9331184427761239,-0.5529968713774356,1.8986197532690958,0.9916349739578518,-0.015969701320640347
0.07077558131180288,0.5038474357285758,0.20598560186320697,-0.46798536980489486,-1.1248198302803585,-1.4448266535700724,-1.827771229925984,-0.2912935842782155,-0.30444336270562056,0.4833689204615014,-0.8655562533109655,-0.5136095678381021,-1.2974543095850302,1.2994313525971557,-0.0054384589402213645,-0.759442056478663,-1.1692435176516078,-0.2730649994716214,-0.6200282300553105,0.03141551763524299
-0.8316656165321736,-0.3414172616931143,0.31054343316364447,0.1900227758548719,1.4820030802733042,0.20928117966189172,0.751648208197887,-1.1655137644678926,0.027108742448063456,1.1661807640529076,-1.599194902056681,0.21161189593552912,-0.9277651902953145,0.2758422689033178,-1.1656325352654902,1.837881607702161,-0.4258781529642356,-0.8874087768208724,-1.2642807551771165,0.6675053134099457
0.06498621690921456,0.5411916426446951,-1.2902128650163294,-0.48582917025240546,0.796887802110924,-0.09817520591184137,-0.6621759642422141,-1.1916534356264221,2.6671893291071287,0.6656740677066112,1.7420475983859378,2.1551658582993314,1.3587118758248453,-1.101835265540518,0.5762902778135258,1.1173213259641304,0.3235918165950217,1.7410748543952608,-0.2588541535604959,-0.7380355304440254
-1.4790910685665415,0.4320700566271848,0.1799177868622015,-0.06500208699449392,-0.5116427857211854,0.8537269412880711,0.5497154343815878,-0.11443304113349859,-0.8503983355423395,-0.8128661941385085,-0.08236335089289319,1.4249557748310362,0.5181875470893624,-1.7010478175798964,0.6425082351905675,-0.5872904991470905,0.6554388767600542,-0.044380937479700296,-0.18259723288729687,-0.9464973193346234
0.18447443701509778,0.7140275753153598,0.9901759462845571,-0.381576066538491,1.547146346799901,-0.442275814535115,-0.8653318429885144,0.5857246117331208,-2.0093118009340514,-1.4984906622655838,-0.2939652006185694,0.12633169532263167,1.6915206105310396,1.245381307520107,0.8166330525025798,-0.9411482558100767,-0.5155038366677157,-0.737827857114982,-1.8772979741667801,-2.8503996124196145
0.03244230370140336,-0.355198991318556,0.036082402539011425,1.4725890014992846,-0.5752214382035931,2.220861102758985,1.519286894676748,0.2656452789073024,-0.1801711599640324,-0.6527595760680307,0.24206399817474353,0.5317928200871661,-1.5370481295765719,0.09304361808121907,0.1031419592722138,-0.8083113479028065,0.5181455609139465,-1.3069588505392669,-1.348852978616813,-0.34506750483139564
1.1968458208766426,-0.6676099892092092,0.5000984328470829,-0.18538773434206182,-0.6619823894423024,-0.7240252630078899,0.7541916944789643,0.12592418297491306,0.8481819986967462,0.33962714563162977,-1.5820899460806463,-0.2661233043084803,-0.11087644515386143,0.7667917148633445,0.33949144728766806,0.287702081305413,0.05870479600280015,-1.0839414032541705,-0.44542011437747303,-0.41426671978152374
1.1267381164129304,-0.4420336576222829,-0.675157191469365,0.7325989309006952,-0.9811800269970136,-0.3220870559534346,-0.40560869925353066,-0.13903593220414268,0.017552897219534142,0.6885447159525276,0.6166574554509615,-0.07214362948946952,0.36290792506393277,0.7449801783533571,-0.5403205060037874,1.2180276471490925,0.37250664103638487,-0.5923004551362141,-0.622456869673019,0.02145724998101116
-1.7960810444118762,0.4794309539365762,0.45503288033986516,0.6684052917887646,0.2178405326979283,-0.4660985350757637,0.20276041424337277,1.9587034478036816,0.09914190321057581,1.2341708054956857,-0.7642108469721062,1.2588587696078857,-0.35370534962528455,-0.8517473472215094,0.749049678872452,-1.7367343350647524,0.2152477027699037,-1.6608168029224606,0.33529956484588425,-0.4786491824884431
-0.8072291090207376,-0.16950055522200122,0.42332114858386716,0.34282593387438315,-0.31913810437200424,-0.1548109570134467,-0.06761153486287946,-0.5040993295847332,0.3076461095046711,0.09522551434801038,-0.9811020004164515,0.02135624670403874,-0.0687274282025407,-0.3911261476771092,-0.1710514281121783,0.1813832561487239,0.08899238124939472,-0.8302524203639736,-0.41821149811446073,-0.5786734579793594
1.4536322913022655,1.0978296796861453,-0.338165365327706,0.07765880863546956,0.1989112445359377,1.2167209075965777,0.2800811656696008,-0.6857922312257568,-0.09263587700763522,-1.2567010556617217,2.366504097470036,0.43775217490192114,-0.015905667897896044,-0.9070344163734871,0.5730738580107307,0.8837898559699421,1.5175923814388783,1.6774081756242514,0.21021568017068096,0.6571432327130218
0.1152338941303616,0.004199774046267427,-0.2961060022220117,1.494818542628494,-1.1555529491652254,-0.5367967849636222,-0.9802773295844677,-0.38718931808973545,1.4373280878105192,0.800896191142762,0.258521220385224,-1.2042248283861776,0.5001231178603901,0.4391227489076751,1.098591048385027,-0.7387297978239917,-0.2650786662953037,0.3830324779999657,2.1541822183276205,1.5393153448966692
1.4444514137963957,0.7525138077382072,-0.9222581487240272,-1.9216847549515672,1.225931368059374,0.15679937540685357,0.23972303912496812,-1.9571136218906693,-0.018056475974792,-0.1442630524711782,-0.7984246984160587,-0.6322078754030265,1.7420442080091558,0.9868889594919198,1.3798125685732343,0.8103670487855654,-0.2854363072012514,1.6172786225976126,-1.224213961013877,-1.1351700976284347
0.5659247095175011,0.5872954467291102,0.6757802953231883,1.196246194470728,-0.5221223407658007,0.6267963231048345,-0.14243480760446203,0.7892800178260411,-0.592056711583669,-0.4649739876647797,-0.185752505283623,0.8209710258630897,-1.9085398419669972,-0.14553137959570045,-0.3515075673503625,0.37103210118803875,0.28164439425816673,-1.2143000882076325,-0.22665255924840996,0.7342771056292081
0.4350187580681918,-0.05021310284730635,0.667905400764727,0.5141999687957532,-0.4606485304638873,2.940681913813107,1.3638008219375244,-0.12232166589129086,-0.37997018787373993,-0.15121215521539616,-0.8512018913495942,1.7963343138170895,-1.9697403573173813,-0.4814438596028041,-1.2882801647487763,0.9878859993581798,-0.02996644831439392,-1.9580947194542426,-0.6494785548759046,0.054179607618780136
-0.33123177257242986,1.224519780139972,0.6649287432446769,-0.2443374184602188,-0.0066212240346080024,-2.142763161603912,0.4725376185386481,-1.3642500816373033,-0.6631637651847975,0.49006330165475903,0.10662528046173592,1.0869126547443222,1.3602378960877481,-1.3017193737629877,-0.4902697929520826,0.7466337582766815,-0.22309253548372227,1.3159601168540644,0.9962835937387081,-0.13438612604663086
-0.16396335946235482,-0.036712273763799194,-1.1761718529724792,1.3810700506877212,0.3293407019829468,-0.7851423481658814,-0.32880463222111406,-0.6882514571158102,-0.36073582133373083,0.02938291344063972,-0.3034274949336926,-0.3107154481026922,0.837343640714573,-0.40027361183666277,0.6548047959916704,0.46380006074200125,0.012668330040047434,-0.4625596972160241,0.6545606956419975,0.361190841706473
2.3906768864921544,-0.8705674990760035,0.4528124096089358,0.3489158061447908,1.9930058722951554,0.3762606912398698,0.4591727771205746,-1.3230154476421305,0.416405884218066,0.09131589862103028,-0.2928474584323446,-0.2724788419264545,-0.32541358776923773,0.8966121029260894,0.12471599945412086,1.9886308780458806,0.1366542353932871,0.22921061854777786,-0.7649122763358043,0.8106775811211013
-1.369273805066175,1.2044932607567975,0.23058605801237145,0.3661039045372526,0.12500780542770853,0.262649017794414,0.4828945540331484,1.060452313362585,-1.251419256956999,0.14754190448925497,0.16359891994101583,1.7235386851818442,0.4985916159289341,-1.19850941964552,-1.3681410800608416,-1.3183171380567569,-0.9175484165015798,-0.6507051092800956,-0.6388529767224365,-2.2742896424075854
2.8788608022413027,-0.27886543582145745,0.16434597531703504,0.1601036775090281,1.8315791770575411,0.7515162537909403,-1.1722242632038904,-1.7704334131926307,1.4967373712382173,0.2571761678698157,0.3351076689185874,1.1634628940320424,0.44696878236631804,0.4667239084046965,0.47638047969174996,2.2837386975120246,-0.19370552698687035,0.4575392077290947,-1.251048553287747,-0.2304149908630353
0.8171231867870608,-0.13313741782924085,-0.26301125203167325,0.5451713870886559,-0.9206177451337728,-0.5402938071311861,0.7994071040774063,0.15936488088850334,1.8020806646505794,-0.24881574659216008,1.3859709572490884,0.7104402249002609,0.08525820675886002,0.4991923727335683,0.2198067596056404,-0.5966235552164667,-0.17342665186736622,-0.28879194730529195,-1.7535372933652424,-1.6245536878383635
0.5622900015581304,0.8028844613608895,0.9244447417705884,1.5642380919176138,1.1649804657297687,-1.0136934859341162,-0.058588298728872855,-0.2522735699180141,0.5830146008789593,-0.8343710624424767,2.01778331869839,1.1074266083808422,0.4999046041277634,0.5374039774505873,-0.45058466466319425,0.30482607254717414,-1.2305566691970595,0.3173810798150797,1.299060202736275,0.5068829830705599
-0.4234532973291409,0.8869889447185424,0.15135132710521343,1.6118021338819968,0.88431111326601,0.14263034803983513,-0.40601464195160086,0.3638391441322975,-0.47649351508526944,-0.6508399549881317,1.3709371674914375,0.1808087113903796,0.859763595711612,-0.9096591009560551,0.16380939775389686,0.3867370269194541,0.680798299558444,0.3942396639215813,1.645650718324382,0.7979884589777938
0.14607789028781634,-1.2827029665524123,-1.3505730061119234,-0.8674074396309674,-0.5219727806841287,-0.8592743877032339,-1.1870073716590916,-0.20157761133653476,-0.28588547627893446,1.1359055174562356,-0.7350234146571891,-1.4826393174204653,0.06693642399624353,-0.3230463411800701,-0.5566653714745551,0.370378697024708,0.20772673492130647,0.476466528262967,0.9382675529107899,0.8489676522807496
-0.29624676684520673,0.8707769482254581,-0.20953831362770794,-0.24911103216648972,-0.39785571243808215,0.37960801571526503,-0.6407636934742367,-0.2400263239338653,0.8170467063873146,-1.6185396327817698,0.8832868796682933,1.0939408025903963,1.5622681389090878,-0.5473421323616843,1.5494633850242108,1.5759454439232667,-0.05940488250679573,0.40225063657544463,-1.3964077873523,-0.884145757192372
-1.1023019042572968,0.7917617001421823,0.5889558918461293,-0.9000061381231309,1.2390848347578143,0.5079386148936347,0.3728602925802278,0.5116338679361914,0.5183572245919503,-0.9502029948342393,-0.32248976687787817,1.7081412231215736,0.29882224995947265,0.054385801626925225,1.4689795884948136,0.283646333532925,-0.2720024664714033,0.10827395153950692,-0.7458347877248223,-0.5340373734765234
-2.2209830262171355,-0.014772163914724913,0.16544937159259188,2.3225718066373946,-0.7761230976995857,0.30137710070721535,1.2022435721045532,1.4891792957770964,-1.9540155003171515,-0.3438496813328422,-0.4497829314534139,-0.09103868944241919,-0.937137949248331,0.6533338180760715,-1.8099475151129985,-0.8014316151654471,-1.0773286879613917,-2.673937010972246,0.18910875954491058,0.1074716883231677
-1.3419588341909237,0.7313122730327923,0.2503286792769568,-0.7044900036126124,-1.2262011773131805,-1.6910486902374195,1.4545835513575502,2.4397232930256045,-0.35128544834471537,-0.08017042953991753,-0.44301754412024175,0.6043082845709442,-1.3626265445468084,0.10278841517431862,0.779920604549118,-0.6322761213353673,-0.11739045774766006,-1.080818799851794,-0.2606606370853957,0.24216475008647537
-0.8057736073118386,-0.8332037243526539,-2.6301843324969902,1.648424132228581,0.2363850099515102,1.8528858152467316,-1.9476286426680922,0.874535029090096,0.3445163317297811,0.5996037639566191,1.31925126576937,-0.8697490834772299,0.45280587555633356,-0.7736711888773011,0.295841580610686,-1.7501488241031125,1.9875152184163956,-0.3458718242951716,-0.39043284834411457,-0.9834154851409916
1.3013479146682787,-2.0553158710997854,0.3225249586648538,0.19978326376606917,-0.33097771146505994,-0.11938979697131834,-2.034898424590175,-0.14383922984940778,0.3778528044507411,-0.10992911942174698,-0.16264984690779205,-0.22711115545726276,-1.135574363425753,-0.4244827667477276,0.5571186370890873,0.16704230368871198,1.7310262211567096,0.33246535512403486,0.05042338084501581,0.5738596841553116
-1.2979239172463912,0.07120614666555003,-0.16996476047490358,0.2977792031661806,-1.2806294993350775,-1.0343202495731252,1.091860415239508,-1.0168537759353689,-0.1346119976989461,0.6813392848123088,-0.305982060967915,-0.17715899445148175,1.2793778263928144,-0.8873637858142988,-1.3701060313376792,1.0441448125637642,-1.250454862416884,0.3779388739646705,2.4752198282081768,1.3306286263004663
-0.19471051956704594,-1.220821258866784,-0.512097271543554,-0.25036724213048156,0.16907547543971266,-0.7879072421044171,0.4085577144476505,-1.6011178778602617,0.455103289750567,-0.0694235335729095,-0.9582575273159005,-0.43235894556035853,0.5536040458155287,0.01598190838525411,-0.18532374997370363,2.3150727448323716,-0.6072448498421563,-0.17351314809037965,-0.777143187076493,-0.03489943670458266
0.21842424601453347,-0.9257557474599374,1.9477234116454398,1.312103222339373,-1.186449721128404,-0.5793015085124091,0.24458463789275234,0.0824799460877927,-0.9676731599688702,-0.7336182697032277,0.6747611609548753,-0.16417100780991242,-1.833482742335652,-0.9004579203708508,-2.170819355047146,1.121419483499214,0.9557773113604487,-0.569045386644986,0.2668155522611711,1.522956398034319
0.8587974023292078,-0.45486215178631373,2.6989491766416642,-0.6128174774896576,-0.767980230829683,1.1771063968191682,-0.4548509440699835,-2.044709551069873,1.3473081620374647,-1.5835783669973966,-0.12176849492414858,-0.5415742936352392,-0.4250667114357626,-0.3505495446836478,1.1597767547073496,0.6621436423825928,0.8607364496841361,2.1652805468529475,1.0602924528222548,1.4762978057509548
1.3393771289270684,0.5861607690429199,0.6625290453324922,-3.7312043174133707,-0.7768163639993583,-0.1723265969774484,0.2622921210339226,1.0062948852471392,-1.5715745613552845,0.5272343913269891,0.10956653559873483,-1.960691834016206,0.02671774350354716,1.952415249126266,-0.7110816268541111,-0.11297362232851281,-0.8216101446588512,1.5203230991512307,-0.9116901820945329,0.15285898575362927
-0.48328300722895146,-0.47923942651791324,-1.3186626209828203,2.070057653376309,0.4427627063855559,1.6559569739121474,-0.0568982255907694,-0.29660247199366063,0.4342046157320511,0.7918618918991672,-0.35965662532426385,0.3333736969161048,0.9817034676065358,0.7082865340324267,0.29924608709556133,0.4963126483368472,-0.8643613329817531,-1.1439532495850373,-1.3764206245344184,-1.0164652918467003
-1.618359531621568,-0.5559957506472948,1.6075599909023401,0.8863008375460801,0.38963580607442105,-0.7725175763247101,2.5564767610705803,-0.690363768463331,-0.1813682878922101,1.2112861562669037,-2.219587281530984,-2.3816028550554815,-1.3037780350680022,1.073552832845256,-1.3588271745614946,0.8465214085894607,-0.9972944361009494,-1.118718039183325,0.026309368496493648,1.2935904656037722
1.9154113834495092,0.04986563081601377,1.2135103725936214,-0.17236359154905428,0.2980592043576657,-0.09236546155973031,-0.5062001640318854,-0.9382470518750584,-0.6597024913915916,-0.6807497885679991,0.5582346976732686,-0.26677859482517,0.3792417719871951,-0.04469307809775411,1.8563289039205912,0.6988567432470382,0.9088468852436887,1.47002505486041,-0.0007200769579813685,0.5258047027455847
-0.41561008244196146,-0.12457436313254923,-0.7938102163379405,-0.4187137523283661,0.8661932596102784,-0.038844548307266115,0.5025841205090171,0.14408851474025322,-0.780919934601546,0.42128454643804203,0.27654633021271596,0.4073152838782305,-1.4966631649278588,-0.707234684474443,-0.0372342099541138,0.28982616483317325,0.7346276819216156,0.41600034534910857,-0.3495206656048759,0.5487789964539159
0.882586708519257,0.4346639039544578,-0.5931526025535526,-1.2065296291356238,-0.1562204382867539,0.9086430824311993,-0.8926674848537425,-0.735835066239311,0.6361299074327377,-0.6521509451796966,0.6265983163445495,0.7179148798414168,0.28373841906094177,-0.009086365892799703,0.9579947403071446,0.8456264915674595,0.24690755881578147,1.6002728078144512,-0.9437728076358883,-0.1487287923902854
0.6192960618037251,-1.3384558239514612,0.47705175386952126,1.415981021862613,0.09584891213101213,0.7063508491855975,-0.45278660665541715,-1.3244867722045663,1.511559259008598,0.10517914123048958,-1.3915098497412877,0.21941929977332397,-1.0916036288794175,-0.32898374201047553,0.3086849115656299,0.807362375191101,1.5608556805623188,-1.047779758257377,-0.7424736869021152,0.3933881767208634
-0.7004264368782065,1.834214690295561,0.5364100747208536,-1.183425699842774,0.3436706453076757,0.411936031731003,0.37328629917500367,0.36987901071373314,0.7507939564483601,-1.459387195789668,1.5219274434948786,1.364842173173479,2.156610578336575,-0.006819742804883548,0.03166731078120142,-0.04969113252678674,-1.6274766285017503,0.16475560218483817,0.004189060665574848,-1.3774154533804401
-0.6748424705838334,1.1446203456585355,0.8642740458321271,0.21060863279770728,1.7627934378710024,1.123300698863329,0.1998729554663872,0.10101849070619494,0.40704152849055725,0.19086275412073572,0.45711910352520385,1.145014465838761,-0.06264778157125622,-0.8199400101198991,-0.05410554235727128,-0.16477383404262844,0.06436064554239225,0.2353824354082145,1.1726573426552511,0.678871123602321
0.13654101224529372,0.6850350587058267,0.013909404072963176,0.6014737232250839,0.7588135720594389,0.4286363815277311,0.40016290691199297,1.1461659669080437,0.0600620602322636,-0.04698437044373625,0.9172284132439871,1.331092559569654,-0.5111703994405647,0.07550819817759205,0.3382554119144371,-1.3704229214864665,0.5847797189735111,-1.3615428119741488,-1.7876000698160714,-1.2009904196356245
0.00028033665988280243,0.4269954546609057,0.5207339728387809,0.6700853980382836,0.8421260373096817,-1.0419148240854035,-0.11682708742560363,0.011460905803401766,0.09106012403888815,-0.6915295332460899,1.0100985743705853,0.11097134320919462,1.8110417533270249,0.9971494525781963,0.9884068025344134,0.5676300924804025,-0.7542875828501058,0.4929762614904257,-0.8551995668192894,-1.094288127901059
0.7604240385921716,-1.5352479972821473,0.7075784291642423,-0.34604142643983155,0.6289224551942926,-0.7737776514965382,-0.43171173355798775,0.4219123182279413,-1.5024561175668685,-2.1869311170675583,1.0411402643028624,-1.6214327808061435,0.004023217466004488,-0.9656538778539149,0.48455350631398547,-0.34703630111523165,2.0411575705582097,0.3599339426823836,-0.2777042418176342,0.3626583022431125
