X1,X2,X3,X4,X5,X6,X7,X8,X9,X10,X11,X12,X13,X14,X15,X16,X17,X18,X19,X20
0.5748620627569467,-0.951965774409761,0.15924973840043435,-1.483311895801926,0.44025943480087876,-0.8703937552930286,0.764541016042124,-0.19228794888249065,0.8710013189543379,-1.6720590464824787,1.2352380369159734,1.649047715500905,0.34106662288204403,-0.27350723950686656,-0.4221997713451005,-0.6240035257705029,-1.6372569605067822,-1.5486828152200698,-0.14616006889094427,0.34164136936953216
1.357838618371886,1.0379899711510463,-0.13191706453954696,-1.486238988340643,0.037131016492620864,0.10597202080599198,-1.2008067702286909,1.0772786728330537,2.484668768746663,0.4003463008675183,1.308410078466799,0.5317592700667179,-0.847249334866438,-0.5472568581661839,0.05014440367724918,1.299495402432438,-0.4509373718756579,0.41888324494589474,1.4220499552475523,0.9940401996642559
0.6043002117382605,-0.027726421202225984,-2.117992910057108,-0.8215650033941202,-0.035729892767400795,0.26989634908538357,-0.47597101443604,1.1562077829525024,-1.6841685174624115,0.478405803922706,2.325159603917511,-0.52779366291284,-0.5147665541147262,0.8284578442353243,-0.10317805350277467,2.259882786849855,-1.0037412732174122,-0.4415787763107583,0.9003964606711724,-1.0557133943442525
-2.030741392459223,0.08488148951643912,-0.3732887148145906,-1.51643265285747,-1.1439986966676639,0.22295336753589842,-0.22700279422060918,-0.5062508956726837,-2.3550646629000993,1.0781560637607521,-0.08127303885119475,0.3153241536256606,0.20812833411238205,-2.3179546209806374,-0.1320344802342726,0.19972699244544162,0.358571013667083,0.9354088644541797,-0.7710236530249456,-1.2267724261007515
0.7530410737294296,0.6954867136725386,-0.5867228594589688,-1.7847832375493249,0.3457757845701896,-0.09714320899289439,1.4290849778225831,-0.6947010091007406,-0.17570178684076407,0.13063858531408667,-0.9231337378384661,1.3876466808358006,0.197993650771074,-0.4219369526917824,0.7897337543630657,2.075438966504893,0.2344488021266669,-1.1638440747260814,-0.35567155720163396,-0.08798327164580462
-1.6811660874874548,-0.6451376868878479,-0.5610526317856875,1.2359202464809362,0.931956123244607,-0.2572319677612597,0.06500726826556291,1.0727275070481834,-1.7090703304326205,0.8143390900978107,1.4222548135951278,0.177407394983316,-0.7415176354612524,-0.05874901271802682,-0.1217426494313439,0.7273803006360633,0.0838860947599809,1.6590492802834276,0.14256151260469554,-0.33386378497152713
-0.18119789556848004,-0.7373621718980051,-0.5333644623899048,2.2213327723514062,1.1995966131357207,0.30798546745613714,2.5041591682031017,0.3084060247068692,-0.3715194952585719,-0.7732581664456396,1.9684141702864346,0.07702882090364781,-0.35586208700632826,0.13909019046228782,0.17284174078072392,-0.3580232952636592,-0.6186031013088792,0.05853067539817719,0.17109093431004946,-0.8875055201654869
-0.6813943010466461,1.2087227325871985,-1.377830438270915,0.26461845683320856,-1.244845650889884,-2.7913174769567375,-0.16685849646450285,-2.6114397429266014,-1.1837039925977402,0.37019591573776683,-1.0281521530522773,-0.23670856744101304,-0.20039687044693555,-2.703063616291975,0.6272938730094033,0.6161573557954044,-0.620046370741728,1.8468106265459678,1.7706366354089151,-0.4399082142989523
-0.2686637401887243,-1.095447177932411,1.1779060025426584,-1.222611515727495,0.5823969061095532,-0.6249991734107773,-0.04390358805196144,0.12979798321240277,0.051771731266159124,-0.9351234520195917,1.033590658738772,0.09307652798890897,0.09834260456940858,0.27691080189120026,0.36405119653583573,-1.1463713596738094,-0.6363140635538872,0.5665090126598089,0.2016587192077967,0.6780354840461839
-0.6591216876915386,0.9295396747002148,0.9433390649870297,-0.4625874367893628,0.279696564226502,-1.005662185915799,-0.15620078237377874,-0.8075376910863012,-1.6090927804289197,0.741533179381163,-2.473651146905653,0.3140112969454427,0.002511982661901418,-1.0045510311971682,-0.8921645397855199,-0.1791140495206704,0.6835405867298368,2.1360480335247765,0.8330149184885047,0.36299159763297734
0.12634962023330212,1.4030069344535512,1.1971344291217705,0.32945290346493983,0.26656197907282947,1.1547881520568704,-0.5127425646548958,0.5133312646068698,-0.06447873672747446,0.8919038636895732,-0.6353023204026065,-0.27162154159632895,-0.18227584371481795,0.6080288987988862,0.03660538354927144,-0.44634579047825307,2.0791584529669853,1.6550993992573821,-0.5546989444951661,-0.015340713854575805
0.5040239376586381,0.5774581406177196,0.35148896166253396,-1.884355084749327,1.0785774197705444,-0.1558720498425619,0.3482111257953438,0.27840028889539065,-0.028641454153243165,-0.3993024166142417,-1.074590380158816,0.6071854143951837,1.0118796494997762,0.6502762703767896,-1.2783938158098642,0.11219790323375778,0.30173894644437077,-0.47496001597239423,1.2952557040281496,0.1982926268277105
-1.3220721905506676,-1.8043749776995246,0.8348439044070352,0.4702063097574394,-0.16533210127388115,0.33895987558046475,-0.19095541349207656,-0.38031356582727033,0.8763961130027073,0.16624716753216365,1.9844620915360598,-0.3022878462721426,0.042879638722238635,0.058673735278264805,1.1900863878540058,-0.3401702613684099,-0.0797906535116032,-0.6751032803413262,0.03215393490429367,1.023909145287691
1.86418138317077,0.9458267927344306,-0.2794069612703089,-0.1320674201513943,-0.8800284436645665,-0.12650819160008364,0.46162503921420917,-0.4614770637675556,0.6353276006384058,-0.34880081860321716,-1.5945798445186843,-0.20704432312218182,-0.20276355754556064,0.824148850012387,1.3379998792828676,-0.4187319024549117,-0.3488997078418806,-0.23546394978511517,-1.3596339102025559,0.5015096523935407
0.07262498076832016,-0.9556483071532872,-0.4738322990537805,0.5092257427200618,0.11121114956176285,1.6795192466485456,0.3918781634421856,0.8009486247808822,0.013286620226410655,0.045545294649985864,0.4402674370097061,-0.17970484191430458,0.30601353502922535,0.5244520440696087,-0.9572129732361523,0.2147719805241481,0.10606298686405333,-1.7494953150469115,-0.3245427778072511,-2.5720026908976408
1.2969740252519673,1.1101532176173323,-0.14372426608561473,0.782574525004231,0.27325381041000135,0.316660654267127,-0.8368017357695627,0.6779275909791633,0.7083138999201488,0.5863749111161195,0.33386598822491415,0.8537839138554443,-0.7360335426950715,0.11236883840083842,0.9242507617796298,1.4694050748274063,0.7531969219806831,0.041844784071582125,0.11229034817879231,1.8805420512120108
-1.7013819807741013,-0.569449200630573,0.7827461576278598,0.691544744245999,0.8250813117957222,0.8776762452695921,1.8630394596666258,-0.31488601285772877,-0.5723399777438529,0.41724138265574723,-0.9586289497408673,-0.19836384840856638,-0.64741892137125,-0.2166948056916689,0.39673579416478166,0.8551250919600347,1.183704493638799,1.250187647004541,-0.4050904932367448,1.542913387064984
1.1284106538600227,0.27156409969070006,-1.0758306384155751,0.15439198531512033,-2.484407019782709,0.009048608909546932,-1.9417200272059896,-0.9576180604579271,0.8184998439006681,1.8612627747312172,-1.5079493116073845,0.30685852912567,-0.3725666651716172,-0.37900213806876965,1.1601924563153112,0.8486292572762937,-0.6286693855405036,-0.4243877002696801,0.45893425358801465,0.8504787031571369
-0.2359031587168122,-0.7041870180599981,0.6522974019981744,0.2147314987275971,-0.037382739613413436,-0.09507734087789702,-0.6059987514402805,-0.2663927816786549,-0.0901105673610696,0.49995365112483553,-0.236857521757918,-0.47325547254767547,0.5570926689328385,-0.7217054748202307,0.3141295577649581,0.46202913165034926,0.32225704165079466,0.042130398953704955,-0.9601872204969155,-0.4631991772004495
0.629935229894134,-0.07428411621682397,1.0827133642221531,1.941343183828843,-0.13249491576578531,-0.12622275084738785,0.14005030443855046,-2.1580744185615486,1.0070660167169831,-0.5069495798432436,-1.663659966035276,0.565934193034749,0.7690038264364709,0.15690773756841517,-0.31085730092437047,1.5274208592700973,0.16378133395905362,-1.2263406828349326,-1.2428873093438282,-0.2393590232906172
-1.3000232203261235,-0.060821766427482465,-0.04029636830269664,1.9387355390410386,0.7414026882141231,0.5032682945793308,0.4575234435141126,0.8774338587404394,0.3063427501635066,-0.5014969755404841,0.7688032322128957,0.530561414913408,-0.8325696683644995,0.39365080432979654,-0.7212045116383023,0.45355927816143,-0.11557325674960862,0.8892561027590866,-0.2805176743937055,0.5674720756562708
-1.0121138890871568,-1.1952573088907774,0.4071380652957316,1.6129269359049334,-0.18848778077705974,-0.5358107629448692,-0.20580523998915456,-1.2849800880964708,0.8360182005740376,0.8904347956846963,-1.7697778285890367,0.4479666638552428,-0.1239770942716774,0.48249939230367817,0.496890292381928,0.39095072752089877,1.1488690580561838,0.19993338546507253,0.05336528045884988,-0.0874347725942823
0.029575136416801307,0.6659595267230675,-0.6287811748241545,0.4358366220509821,-1.4367636486077393,-0.5643748428717371,-0.9757560726469603,-1.9515893713267214,2.025149582400316,1.6398661002297557,-0.41762718989580516,-0.35624194446754676,0.2845318310496449,-0.3543377319731568,0.2203658360487208,0.16545608563464947,1.4949716697277213,0.3525612139350699,1.1794080866836036,-0.19825884931943943
0.18903170290360863,0.12630195559026275,-0.09470114261182593,0.4866537736835304,-0.367676768504843,-0.14092384178861417,-0.7243299740334368,0.06849168912924958,0.5084681792102709,-0.3160113975640068,-1.2562894801155855,0.10316236724589009,-0.0467465348946126,0.8487967834540332,-0.6070791654950314,-0.4871559523668473,-0.2334893408867344,-0.03803673231012994,0.7747359968735179,0.10745599980216775
-1.483994570156295,-0.42075488564649977,-1.461479814277031,-1.0180335330345114,-0.602280581524778,-0.4684852029228442,-0.6631196040360904,0.7396359051444472,-0.6946954153415994,2.2025218826080186,0.1922379360941705,0.1961870896507969,-0.9928155165367298,0.5493295968548169,-0.10797427814349304,-0.40906133334811245,0.6486400783538747,0.3930853406916622,1.3921698132244513,0.5375328227634077
1.0550983527005895,0.057723300156521586,0.045590737470252815,2.3128733767237355,1.1959628687944919,0.18320149912787168,0.30340304664757983,0.4114476518018419,-1.0008659959804092,-0.26410930479660855,0.7407575653577124,-0.7189894351375761,-0.4238035783778571,1.322709384408259,0.037782868337153414,1.2571297340767313,-0.1507218324872989,0.2519123855266644,0.7683995919333502,-0.42783204364576977
-0.2066934145588455,-0.7780763813739339,-0.6682704445190555,-0.018186964110121953,1.0925065565835992,-1.8512477585115987,-0.10758975902337246,-0.1456480963111514,1.0994158692964573,-1.0704422714217743,-0.19161389399410486,-0.207439587393584,0.8320185151761551,0.5066556588839082,-0.7368774587899651,0.40784518345787313,0.6182196490761542,-0.2769315820775539,0.6954689126807995,0.2487889677531176
-1.798485128709275,-1.3528697862037347,-0.6529153355945998,0.923045190143763,0.480966727000617,0.2871683978396932,-0.01668562024203213,0.7897441620994736,-0.4383999823030712,1.5115153390253633,1.1331397786031085,-1.5440303786236214,-1.9411169311141228,-0.7378431887836576,0.6484166055495233,1.761572883534616,1.81130972916991,1.4476946409969267,0.9016750536123725,-0.3199624833543393
-0.626954719006999,-0.8735214308132583,1.5998302144724261,-0.310640748879639,-0.2704492280584933,-1.176209766187375,-0.38890996390381705,-3.229375106496107,1.3132894545606952,0.3783930394246235,-2.1940884747088174,0.5287717701263968,1.4975517492905956,0.12984793874867637,-0.054292106948409705,1.484807410690114,0.7410952614241448,0.4176299282201778,-0.14178751437278278,0.4436185842693658
-0.5676113704901236,-0.3690459193612348,0.6240361874549726,-1.1074350686818426,0.6547500639282866,0.22562845762530448,0.7023751413103039,-0.3480494711511314,0.7022665706392338,0.2642184956499971,-0.39133086469532746,0.03943691544510114,0.5925779128149927,0.858028893441375,-0.39080664432658896,-0.4483762351422587,1.3822986994296225,0.401853650838321,0.3973904698728016,0.36096802201238176
-0.147070729348928,0.03739912502521013,-0.9582590155753401,-0.8449781685082552,-0.8439018247054584,1.173651532437318,-0.2358174948477221,1.0757289403408499,-0.6087503526235921,1.0094976333802357,-0.8829897293640788,0.07443061486791365,-0.6038150220868048,1.045102292310343,-0.24979777363150799,0.12809115645189292,-0.11637189822108324,0.7519080516731513,-1.0102012965321436,0.7432173404089144
1.4760227339785756,0.19564961673175355,-2.2292291240519138,-2.3948599587685573,-0.2129987885991585,0.6423673752061818,1.7306217946140885,1.4649070138462614,0.615409773908033,0.4080755065153869,0.33588420890290754,-1.6133771593707458,-3.3923591200617804,2.0772846872023503,2.925843336744825,1.3341491467696933,0.294857466888554,1.128217021727064,2.4910303278043444,-0.719398400960262
-1.383316134827446,-0.6759425522043929,0.4407756364854424,-0.669594359171411,-0.1522941091173781,1.1455432635171887,2.140948203820245,-1.11898076793478,-1.2361148560813129,-0.5657703356867401,-1.5848185161885473,-1.0444093502012908,0.8393782151757895,-2.0977902580721266,-0.37336167937996967,-0.48401212657644327,0.6961842335823207,-0.4969279956803677,0.5017173434916908,-2.760626103576897
1.1652355926371936,-0.9091110447526218,0.3705449612411433,0.40401790857164643,0.8713137417078023,-0.10817060743711703,0.14948971028928035,0.6673399943770598,1.3089777846609467,-0.8390662720264591,-1.4408674784938036,0.26622369223365006,0.7162864102371125,-0.5552448357870761,-2.324318074743887,0.2651772908602846,-0.8488396989130599,-0.5235766200622176,-1.000012406812422,1.660756822877269
-0.02569834148195006,1.7406233546902128,0.018624632087359386,-0.681384037488516,1.0750355391803024,-0.9853297887537591,-1.3035784671057964,1.8666651091400923,0.057709414470970985,0.3051772544303777,0.5992055633126947,-1.9520063220344905,-0.11501231994186911,-0.3244951236919376,-0.7128076623669564,-1.0591688267669432,0.8030065275498295,2.7421481160463506,1.2589024863306513,0.2710568654760487
-1.2072796096385725,-1.8278644859088038,0.9145369802446303,1.9845950617012704,0.8237139784716542,-0.31876869738763236,0.5816486818040586,-0.5896425906754496,-0.4047591732181781,-0.9329473036706916,0.4419236137647308,0.3677977308710788,0.6742338300637625,-0.4658137567087055,-0.14626312776940076,-1.0556466126270119,1.4333839541756144,-0.9911409342289381,-0.6138741157046781,-1.9073471437312874
-0.09033955745399859,-1.9422925152833552,1.530009797494294,-0.07944409160159539,1.5111381599348988,0.022715518730536,-0.18467670054936483,0.8537497411094248,1.5727861037302653,-0.7096543690417693,0.8132355388058357,0.7952440409407756,0.14992949008372103,1.015299805650249,-0.3807703670854238,-0.23249241993747935,1.40451578895889,1.1903129368596448,-1.769216322064706,0.6091938017770371
-1.1736551644951552,-0.3212327763209053,2.0773759010106874,-1.8844371883216142,1.380131683309156,-1.5850894691941,-0.6025109117645245,-0.8397460617817393,-0.9929055927384068,0.5456545678947489,-1.2712263697671624,1.2051488723155614,1.3496703111533428,0.4237036899535306,-0.08268302112368109,0.28582894354629423,2.3760146363908263,0.287563651781044,-1.6961564523378372,0.23233314211065223
1.8008134202781592,1.7129707083440273,-0.8515164163836866,1.1472521354893588,0.3694054223342207,0.8305131537659316,1.5144529957836963,1.550074820280582,-0.5315380087438129,-0.05327550659573402,0.9815789127194012,-1.648693354035154,-2.3057656667064523,2.1940934294660823,1.7867780547630645,-0.7107175999635675,-0.5718842371060463,0.6267940666422128,1.037706802712817,0.09342670160499389
0.22108581110392736,2.069011414076601,-0.6288091751803051,0.3605187230178932,-0.044478361243174024,1.2240870463012663,2.972943397065365,-0.6014292855078346,-2.17656084441143,-0.30786870466852023,0.22848521395280322,-0.4589799312539525,-2.0767261910749477,-0.8475078639902218,1.0444668661854541,0.8976687317676425,-0.1854841061811235,1.2266022947592754,1.5041273770691426,-0.6069954121446274
0.46881063734243916,0.4792819971767157,-0.7840045056467452,-0.4179232335593972,-0.7780848692683424,-1.0969570955475372,-1.2117689243338527,-0.5680031121904379,-1.2290613705704154,1.3395300075883199,0.4161785689786241,-0.3033802676929172,-0.5887239425376378,1.429488982944345,0.4776077044611713,0.8492923757726127,-0.458340696116785,1.0754164193684574,1.2351936005205408,1.2658386953679372
-0.43689033523990756,-0.3874550122552022,1.557562397313077,-1.1244604591655452,2.4250305000480163,0.06721146832748957,0.4419312822830898,1.7374052053192472,1.9148859566871934,-0.7114720934277764,0.7050307605105142,1.7711261983826538,1.1504047687969985,0.3887156690837617,-1.1752886234592013,-1.011981091629022,1.5513864521538698,0.42913805505802854,-2.454354782712894,0.21452457948889778
0.9439940341719125,-0.34148509599705984,-0.2737639112018852,0.2346517308502981,-0.15333589549008148,-1.7684683091116933,-1.3712258245251554,-0.8274445878271564,0.7854751815004332,0.46276122328699376,1.1017869366237114,-0.2177181715123439,0.1925825474865662,0.5008995659336604,-0.2717886749124661,0.3877803662975821,0.290575097668371,0.09181660052553568,0.08187071964724103,1.0552782893262873
-1.4211348489726607,-0.04235797593326043,0.4071932405667069,-1.537071438207126,-0.25250977399690155,-1.1014697258640807,-0.6903959398940923,-1.419533854036661,0.1295432138389824,0.15376986594631623,-0.7051046768652941,-0.6727389989280785,1.4551586685075222,-1.3696353248526627,-0.7576911115225233,0.7089525621991325,1.2034658979746955,0.23828835232665324,-1.1079957226051875,-0.8952075044256953
0.4199009010372994,0.10878413512491773,0.9208238747521601,-1.32674299060172,0.5375609538448683,-1.5167228354758993,-0.4941140401177999,-0.19217250571166,-0.26519176433402464,-2.0242239275923444,0.8768675340532915,-0.36264972785579597,0.6164055485881261,-0.6728116206447491,-0.3082917304958572,-0.28803200758489456,-1.3843869768325048,0.3868693661421869,-0.2858420125416377,0.19967229813239068
0.8961844615163111,0.2043861440644898,0.21109953410925877,0.3748820408644969,1.874221068948755,-0.18822118283170178,2.0477932664890424,0.07418481790798447,-2.245983115453163,-2.2287847727956844,-0.32204623177782166,0.13894972660263472,0.429184375194713,1.0188062499241832,-0.44336877365490024,1.186165004784852,-0.7639127021344576,0.5013048244667805,0.17035283580087482,-0.7601536060268386
-1.2245172825384112,-0.5481413303688722,1.7637273366403678,0.8682871856165723,1.2948102896232028,-0.5455312521750832,-0.5574482756390411,-0.18390212257688227,-0.6050953503140628,-0.10110072163593745,0.16411846416495776,0.7057134623002579,0.3338537250437123,0.264406513374718,-0.29686555794616326,-0.07505719704584014,0.4763532392224067,1.2421209012189063,0.7649334320917626,0.32599114040739097
-0.499853535955094,0.12174265325914196,0.18311277660484102,-0.4427835194823576,-0.43707218316142704,1.0335008920232163,-0.2990644174617691,1.513110775427264,-1.5317088520855928,0.30169347987678496,-0.7069552765404107,0.43585896983245426,-1.1084542425649133,0.3879689667667905,-0.18689877624516832,-2.146710333640954,-0.8810145703614174,0.8122350761652201,2.0300658556961,0.7227678401256229
-0.5389127467167819,-0.07301501638013273,-1.4122178696834524,-1.3400436001224998,-0.5148046377792673,-1.2310734709487148,-1.5086105193428043,0.7121498536579698,0.4093265911764541,0.9528299569099294,0.929489587331328,0.4587168286691693,0.23046987892332652,-0.29886139185623173,-0.15499185726391676,-1.1808248881888506,0.3194447590137151,-0.2197472566142471,0.8193799367255771,-0.1851703683166489
1.4974589890736014,0.4197235824635234,-0.9981336895441075,-1.623654248518749,-0.07714304278629866,-0.9707526858242262,-0.21673403669682936,0.4163606188339247,2.2357599676791273,-1.5874897959693322,-0.7416410563991913,1.7139171965015145,0.29427480615533996,0.6161421427720729,-0.8480096474502866,-0.27707560018706795,-1.2279406953200513,-0.9559040416472724,0.08574906398972161,1.454780114481062
0.49839869954750354,1.072926701082437,-0.5283622715566325,-0.7087105823536598,-0.5055591162315348,0.1382913871406921,1.5482975512859916,-1.609719419404163,-0.737641778294984,-0.31794686627410934,-0.7654864215555834,0.3563450465914539,0.15601517685819893,1.1626945326652476,0.04870299359780823,0.21987719348264043,-0.032684398416317706,-1.1700049670225112,0.7752461697040938,-2.255848994885392
-0.6310062886125157,0.03579664453268844,0.7471277245470631,1.7712562942073296,1.0448933149883206,0.7756615453532305,0.798882411435762,0.1517255748714599,0.29372418061917477,0.30314053222455845,0.7589763406997226,0.17835969196782422,-0.39684289228909636,0.3670428510551369,1.0070350080457804,1.3483492613509362,-0.03062924505532119,-0.7186441992740478,-0.26689698971635156,0.6220693376917236
0.5488299113315883,0.0512865851644981,-0.2100652749545262,-0.871615788717949,0.40076937276218666,0.9837960765201629,0.7619400380639111,0.5905928736414585,-0.6063038635244583,-0.3389869728744,-0.6332703372218944,-0.2130500132949546,0.6530842282965474,1.0998533290571926,0.6533067291919433,0.4803085617736465,-1.0010486468787503,-0.7458499317215506,0.24669712825488832,-0.7887062241810934
0.585366559538542,1.7116186575470451,0.4405367306714252,-1.117813857757092,0.047399213261432295,-1.0928584015798977,-0.2694782180579879,-0.44241155088393785,1.4197766346268221,-0.6024205392212579,0.4011711833804771,-0.14980471984959365,0.6464243994733719,-0.4113153937530788,-0.677584864447532,-1.0984674443375264,-0.6763230333868273,1.5603842827157801,0.05361787707473849,-0.3574051316160103
-0.8060049955427243,-1.2799128685435772,-0.35335808401422364,-1.8228708132942035,-1.3990175069936404,0.05916070944758353,-0.29362044216457195,-0.36232363562099085,0.5211925719625229,0.48992442453327456,-1.8351685216732647,-1.1280545421405213,0.47274095195224886,-0.19629496689056775,-0.749627587838643,-0.9979933701897589,-1.2155173333002245,-0.13363890849071197,-0.341676893674525,-1.0443674877377087
1.3344316014750104,0.28319467032853085,0.47090579274264166,-0.172363910332802,0.7773401322536467,0.0392714541730988,0.225937122244445,0.518866493126738,0.05573923157729188,-1.0444464733678875,0.9923614395194533,-0.2973972553861797,0.1453864147135459,0.5483158280205962,-1.450221004071568,-0.7051789770614351,0.7829007954523316,0.632877953228842,-0.8137087116621712,0.09232828481319487
1.0494165112648262,-0.036573546553074904,0.03103288221645934,0.5512841187960265,-0.8940917939266554,0.19685302270333618,-0.1131114093729916,-1.0989210366142628,0.4045706373467626,0.6714441162916717,-0.26351967942790994,-0.8221931007031192,-0.03922356201931204,0.3979784853189983,0.14244231124791043,0.29022076199455094,-0.3271121820344592,-0.44033827553036,0.06282291403456729,-0.5371808969882912
-0.697283674931226,-2.2703721194657844,-1.2443271902663144,-0.29136852593820967,-0.30467747281509006,-0.4621944544389937,-1.062479493106334,0.626231710452866,2.936593314894504,0.71815974769164,0.4374651201085955,-0.31682644854127506,-1.457572240535757,1.2844168634886235,-1.4853648910170423,1.0118993289630749,0.7362785861464644,0.4796013260611898,0.9882022387986354,0.7862648862840869
-0.7413054943657982,-0.4802227276136342,1.0706195973428605,-1.2810557412260266,-0.19173319524001606,-1.0500529514020471,0.6003637798058026,-1.0100367528599363,-0.5812740760361484,-1.364611894440661,-0.8190221536492255,-0.5205815786089166,0.2952166464317788,-2.0929421289283967,0.07145599850825346,-1.0559170770266373,-0.20103607031764675,0.810128753753102,-1.0720018465234418,-0.35890787577396915
-0.32653924768156545,2.07082132903489,-0.7803214567699585,-0.48451510738811665,-0.24177580241932936,-1.522808141325023,-0.4992382665965094,-0.4884055403096845,0.3787713880150656,-0.47504869791005405,-0.6985835009759567,0.6518669748454731,0.11319680174938844,-0.9852227261762292,-0.7100506761754356,-0.01890144818601235,-0.13419344184297266,0.9755853314411285,0.446489051230931,0.5113087576350217
0.9394682164990902,1.6144912535523903,-0.35651232534263194,-0.11160450860025496,-2.654346156019006,0.6429630334853184,-0.5326656777810672,-2.297242612682783,-0.734669662265926,1.2270258741517035,-0.3786613890887775,-0.643879668728268,-0.045752396624325585,-1.3757535698137626,-0.03627875543498212,0.7501373648940174,-0.465418065825741,-0.3493066062554344,-1.295916257367206,0.7900538532137255
1.6665371908350395,-0.6109939554052247,0.5130475636417487,-0.4549312509042536,0.5007046373550755,0.6807770102037426,-0.6080720767855384,1.684319989974853,1.2301303247392292,-1.6494507150488273,0.667499640744414,-0.29377379111059704,0.9583467164791425,1.2260925534176854,-2.1722181801884557,-1.19834580742257,-1.6783465726258524,-1.630496211108118,-1.0165130323884222,-0.5640439855090288
-0.7203887552047188,0.2863227251314938,0.03280456149120661,-1.0814586879594406,-0.2128160867355927,-0.6666157668239899,0.7343395619382713,-0.19459057984698191,-0.8419156523031043,-0.8169013731202939,-0.23435925354832543,-2.3881291280559007,0.05016847278323229,-0.8324593161462341,0.9397406339867937,-1.6025074758194833,-0.5242943832945475,1.0598171003600478,0.38658220466474247,-2.053873501690957
-0.6983554852499584,0.21830709362303155,-0.8419562949546467,-0.07883809600406878,-1.3748229802415328,0.19850227806743537,-0.18744969837194694,-0.7827698811321717,-2.2793436728751715,1.6663330963416148,-2.255140923261634,-2.701687497471675,1.0992844730240163,-0.7442681033723394,0.9628534542890449,-1.1018738850947098,1.011086570155441,-0.1654361237561945,0.19467404547132547,-2.459139323465476
-1.3906570108560081,-1.1605374197262415,-0.8057123627997026,0.19437386827408518,-0.9285588467077557,1.041518358596811,-0.019218771521108343,-0.5399082911505213,0.3625533574544584,1.8854492108961505,0.4412402511103835,0.6968414092566467,-1.0097240841343125,0.5785304709532556,0.8342590943576849,1.8522941240121935,-0.03132703436081687,-0.997258141035943,1.0292667175999943,0.6383757879602432
0.3514742974001362,2.3848140611216824,-0.021180101697311444,-0.9784937298300316,-1.0846588331218014,0.7395434610060132,1.1332224503512789,-0.7279982252980132,-1.0653807334750853,-0.7494510939604131,0.7878386254850765,0.14770798373876934,-0.32593782030643964,-1.8938569065840285,1.5352574450961458,0.3198640725131486,-1.6846976727809595,-0.7042308580476796,-0.34299536384005247,-0.25609389175957714
1.0784563292959652,0.7715007367370308,-0.5917130887751908,-0.5398660464610062,-1.568505264325806,0.8671908888610971,-1.4407683292905884,-0.5733481940810251,1.1054548292860127,0.4875409593203691,0.14949624844370238,0.928889029292554,1.9631294733999227,0.19755715798098722,-1.580479465843444,-0.35265457394646355,-0.6241203458313213,-0.8372466644530823,-0.7546190338805585,-0.018335916817100888
-0.7964497483282498,-1.9637455583746715,1.0232591836981406,2.014788606332873,1.5040197300825113,0.4559864168347991,1.4147096516594593,0.7173931771020955,0.5023555699369832,-1.1230827087406883,0.6910455078903966,-0.30568673183309575,0.9547165362071145,0.5207850145881022,0.5117395335291148,-2.1994053488853456,0.789851418487436,-0.8967788000579844,-1.3350086350220032,-0.7175473883176884
1.3383453298313974,1.3909915993812412,0.3865002632336091,0.2958703029132737,-0.21682487289012206,0.9827572799086944,1.4369551631567694,-0.38882220506966586,0.44761210955898795,-1.3727473030960877,-0.032880529993177705,-1.0544139213424248,0.6104274770053035,0.02156590316523538,1.3416175591829875,-1.3697118850728995,0.6217707946981748,-1.6691521335702115,-1.3034873849491142,-1.014822331899461
1.2232316136295025,-1.0889261833861037,0.446385833384798,0.5398697562362124,-0.6423306283314455,0.8337940011570942,-0.034235059993034715,-0.5982372844154982,0.31210727941405797,-1.3660149830701858,-0.04203394532787111,-0.3010460396213519,2.434995268327235,0.2943158035644338,-0.5339074875304232,-0.7283281871799553,-2.0056173418842267,-2.792136274623558,-2.4174098664098587,-1.0055761384303001
-1.2425690953543955,0.19563148537585792,0.5719643117046257,-1.206270554868078,1.7044673871015548,0.6449554412839169,1.9985217078324942,1.3886116997103843,-0.5696475756299402,-1.203957769146881,1.2803417412445401,-0.22802407947174497,0.6693440206413795,-0.7360436921058368,-0.6250356450608376,-1.1095857566289664,0.769846235931212,0.3236225346160835,-1.9120592455511485,-2.1704505068341398
0.8419898667266333,-0.5415455353932611,-0.3742739047335932,0.15731869551676422,0.34135501181664313,0.020180468691409763,0.34444298228481135,1.1354029347980241,0.8216976511439069,-0.039835349373433845,1.2548454029190073,-0.634160807623396,0.1348644182557853,0.5620355876890158,-0.7714532470592582,-1.962986673228023,-0.703520040467524,-0.7446004061119343,0.0755753354245698,-1.6351666014263424
-0.6351239610847873,0.594704175043121,-1.1863267119717917,-0.5177868673123148,0.7284188267011852,-0.7542646121213307,-0.04321346419526379,1.441070445856719,-0.17479141336476098,-0.02704825780061531,1.057218250793744,0.2810942800907348,-0.5373214179435686,-1.3170237676080012,0.4551936336945571,0.23322795134613303,0.21788173064896132,0.6507695721751869,0.4944870385952876,0.32781878189413177
0.12105193041340971,1.555836373991892,-0.2724580101323376,-0.9757206820720965,-0.37827689454980995,-1.0357112224393425,-1.5543276611256394,0.43301790420502617,-0.26735330995849954,0.12156939491538649,0.6377937020319847,1.9673348319933337,-0.40753964174557894,-1.155133097542393,0.0007075601140914908,1.1700185834657502,-1.4733950128301698,0.4172615375670422,-0.5066545582169595,2.413180677461112
0.15139783468079782,0.3017626090311325,0.28892494805430813,-1.8135305653237541,-0.22499578703558082,-0.5300535625286307,-0.9703197718201053,0.5533406222363512,-0.8001815077029778,0.7093912846425378,0.7003223014372874,-2.3736361772556047,0.5045381601997478,-0.17623593380966737,-0.7600708102425128,-1.7161171266797317,1.20889038893576,0.24243303208412736,-0.9046396045432643,-0.8457801534572296
0.5350907292852711,-0.36156085337911764,0.46518244348235777,0.21450450088944498,1.0455343192066613,-2.552324173930151,-1.2249048830551084,0.13816064978264633,-0.30135899573344965,-1.7547607275182937,-0.9191173102017682,0.7484915552506559,0.9159562621093625,-0.329554842967575,-1.1913123297000723,-0.02516771542977619,-1.2389200065584363,0.8621165754034256,-0.6187316413525926,0.34413842149588186
0.5273908580957156,0.15668739956779681,-1.0580213543044485,-0.9690519865498437,-0.09714637801374111,-0.220356594918673,0.368011884249982,0.4367231349539696,-1.2082337356151676,0.20099036333482984,-0.4814867508547951,-0.013976134680447685,-1.0707262127914623,-0.3043664831915129,0.19254304700313293,1.0445355392786797,-0.07723847760644643,0.47841929537615263,0.7746015451072767,0.8590486005627148
1.4969160773086312,0.5741916848777536,0.018817906712317253,0.742045457384193,0.34179147473019544,-0.5250758753783933,0.19431222789675132,-0.029218415980536067,0.42833877904738094,-0.657013078663532,1.4919200419539271,1.2110470113422127,-0.13021897682406308,-0.2996567830716794,-0.1753337269062833,-0.7505536090041255,-0.15633083486175217,-0.147818866420572,0.2125985641063339,0.54236123388207
0.4886185022681144,0.5976107437449937,-0.8023233874965079,-0.01599872091002363,-2.449108398518131,-0.26171054717711045,-1.090908100081517,-1.417229259403911,0.43039763682427296,0.7024857510607129,-1.125356896484193,-2.0973872413279766,0.7880527962450639,-0.6110132735976778,-0.36616500684970454,-1.3759449835329658,-1.1578629690579232,0.41071544521251085,1.2637446279216398,-1.2718946709430654
0.1721317239828925,-2.4227323055361794,1.51699012169488,0.5101760820820012,0.6029595254192256,1.0222745070518338,1.095261820294847,-0.7242948410810661,0.3689037440032297,-1.3566221070771645,1.2931268408795444,0.6853092687295885,1.669764748850914,-0.4410728586770436,-1.574328699445542,-0.6744554334174766,-0.4044966895594483,-2.0139143819299608,-1.5722461686552134,-1.3787230085707023
-0.16405770984042642,0.3720483009969517,0.9431098394858711,-0.6534005003512068,0.9187818562897155,0.04843118450205258,0.12167496604895592,0.04631026076453803,0.7361151953582229,-1.1264044718654689,-1.7532292839294696,1.369424456040453,1.6418100603137415,0.6962503958951861,-0.42670422527485896,0.21492430768027146,-0.19454391237185079,-0.7281603564864834,-1.06123241730852,0.8585931226929336
0.45170388547365703,-0.29534340908779994,-1.5988033411599722,-1.218944791825349,-0.5509167064931925,2.6740294946188623,1.1411561637876366,2.455601259043275,-0.2707089488128266,0.6833793929592905,1.542507545924588,-0.42981956761739704,-0.845667890641436,0.5404954877420738,-0.2581722323176663,-0.35230569429459324,-0.27185435707783545,-1.4082666487789217,-2.0133455482488203,-1.0086796653231531
-0.9921243977819665,-1.5536476818131066,0.9737349071825045,1.3225654067134007,1.0624227777086632,0.6514935308620303,0.5091688827274979,0.1639629133904056,0.4146028731923244,1.5207110164861701,-0.35535772417321715,-0.17320282098535125,-0.5068633846920898,1.254300843304366,-0.6850997423924483,-0.6112625410733621,2.1481439427432103,-0.03617592654566245,1.6913998786446973,0.4076598809229382
-0.6358687115744642,-1.1957156852559057,-0.7420672922217288,0.621945702733051,-0.9334506663376526,0.7045581859798342,0.3431709462582723,-0.6521324041268635,1.6461933986134871,0.7207593165720383,-1.2609790957041098,-0.06714277174749579,-0.8139157536252093,0.31982896030581665,0.14974091897272268,0.5421836413205878,0.4859981884583579,-0.11298158909188888,0.7204714173044924,0.5611950780581254
0.5230205592976909,-0.6064674170502349,0.12852402108858504,-0.021477284508557126,-0.797011001928718,-0.5899386832240986,-0.15523440941734926,-1.8265955730602454,0.18053252800038486,-0.9647639116568751,0.4097003905719589,1.071633616289896,1.123410928022581,-1.0757472905737684,-1.2944475711268213,0.25811933566249157,-1.5917211153523747,-2.0198200621893614,-0.15920414260517257,0.8958376268076371
-2.117644226287699,-1.3811307368126702,2.1476552807464957,1.628909496250523,1.6384125634783326,2.6799950445516845,0.16131890609093116,0.6797447304200488,0.10694448404529543,1.2955565209413842,0.12996772602073214,0.5047698247678288,0.9283863190374301,0.1900263283729081,-1.7516681715336553,0.6685446754133509,2.442513090443101,0.2488033297604678,0.40555884591012015,-0.8503769198675246
-0.13850330929966936,-0.5517640357479644,1.4500010290303333,-0.49735676291860026,-0.29363792281812373,0.8952558503593078,-1.2630488525507113,0.26294085715973414,0.6845997474438991,-0.5413765076257887,0.4872690484117428,0.2602829939601705,1.0800933649353552,1.142172681389003,-1.0309011683838616,-1.2482421790049407,-0.3022173597620764,-0.1089830826485411,-0.9872638458191879,-0.7817868499706725
-0.6034362727950425,1.7189357872751911,-0.7235645707687622,-0.5391302937030498,1.5191832107654344,-0.35095765166286,2.064291916228139,0.2906261773164482,-1.4401732048843825,0.31368188191182256,0.0015891516876314297,-0.8337737868497895,-0.8950072628731036,0.3974646418608696,0.8321463464461805,1.0783521125296387,0.38448377868277167,2.3239303642615274,1.609240410788045,-0.38113726675748394
-2.77663244547448,-0.5888264510732083,0.6933868205365616,0.46422375055419945,2.243346802000112,0.0866495773924756,0.3926385017795478,0.7645467170979644,0.9961743979603137,0.8566754634508232,0.705262664167219,0.6443318732097048,0.37638377834849396,1.275478843975029,-0.2902768444530299,0.6510136540969066,3.3549449269653544,1.4074220611244581,-0.5670639583645692,-0.20984053370022793
1.4151907204922152,-0.3302059342009857,0.6914543925495995,0.8995599330439048,-0.07910326316006133,0.12893289409338277,-0.3499992721446,-0.14776051458379894,0.9605880912565993,-0.5682903272263102,0.34799647633351016,0.753272356386664,0.12841601373685585,0.5075443990893282,0.8148431713537697,0.3268909734650253,-2.117625965298266,-0.8292366617324906,0.24329823844571835,0.06522687807328509
1.9729917935395227,0.6432981257839717,-1.202347496624855,-0.49284725080728664,0.9071664290030895,-1.08487698575774,0.6907100488200558,0.7885982688592943,0.8925981301671636,-2.239839307758153,0.9087349136160334,0.9398345547065841,-0.48843489280601166,0.6245323315644687,-0.9536591997812801,0.6341191452130597,-2.359469220741271,-0.49875905878136595,1.4461554895835969,0.8892526147614087
1.2480783967381437,1.1237123880797968,-0.046682025325805614,-2.754363514594178,0.9197597496033345,0.36332572684317643,1.4147224343865112,1.3665814146080923,-0.559738001312704,-1.2840426952477313,1.8801735512912259,0.32908302946494894,-0.8087600860050054,-1.2712665620272918,-0.21829979005145503,0.13736047271748475,-0.49635020183717077,0.20933024169291656,-1.0915156099206527,-0.048667331205944325
-1.1182877535370734,-0.8322637508474806,0.3299076306512296,0.5165068809227783,0.9893449217904059,0.8560460164796402,1.5798604351136456,0.4703164981899685,0.3863604770583402,0.7563691556057536,1.449586695693029,0.9145694674611511,-1.5250957832832341,0.47559324297607,1.146365155505658,-0.16691371671286062,1.7763285314641934,0.0902021623871187,0.8928813930759604,0.8433816483497438
0.300277523760324,0.6881333588603061,-1.3886643690978229,-0.022441657576649007,-1.196547680446829,-0.8354525459089442,0.2271768888306611,-0.7840001459095373,-0.4800795624468714,0.6826837226349677,-0.08995337717419236,-0.8555673313335735,-0.4336815330266361,0.471190858660906,-0.5033844014264364,-0.6839596999992197,-1.512448020372262,0.12443496210596257,0.6329736021408331,-0.5760343869947916
2.094111773750553,1.6294864305880787,-1.5848926657632931,-0.6383378436214933,-0.7582928529494326,-0.5359845968306621,0.34029677118013624,-0.2822490665807094,0.04153475428638443,0.6969194990737139,-1.4838434274616177,-0.946971518834772,-0.8602610438731757,-0.4229928940045582,0.829233575998322,1.1930336905528207,-0.7097162247413125,0.6720728524377386,1.3534397623041527,-0.04409827950976784
-1.1271206336717372,-2.8416119380840215,0.33158025953634507,-0.11833464107545018,0.5637201293412717,1.070484744529211,0.27104684084395864,0.9660543394815454,0.729352973355061,-1.012175028415803,0.03824185789600653,0.24861727265894581,1.236092823153645,-0.7445143166367646,-1.7034516470913867,-0.10611172973002751,-0.7524451400439037,-1.782795969524767,-1.6339313309313055,-1.2138614512473458
0.19977854669875708,0.4436494470636984,-0.7446459340437707,-1.150751006360173,0.017723657301518075,-1.1483640845012413,0.7093700946818463,-0.9592637270023798,-0.2043097280803537,-1.1534453294497602,0.2105057985490992,-0.8871899955864263,0.6296476907207532,-0.7195123093759412,-0.3306638155664344,-0.8159897203426014,0.6569186228277241,-0.2138608869969074,1.3176430910763022,-1.2854877779517042
0.6932889033290145,-0.08851644908016404,0.07222972951775142,0.5981411766014665,0.23278168273046984,1.4624773298876232,-0.3402136468869321,1.952897774284094,1.1079484048797734,-0.03299216880249684,2.5655553938603366,0.11215994879993892,-1.2816480435326008,0.9884155276486256,0.6506975757478008,-0.9831766422609263,0.17342780093690713,-0.23379006535125466,0.08990367878655496,0.8369439851054005
0.2847410703074225,0.9181747802307211,-0.570803372356526,-2.047362966496216,-0.553877149922763,0.39510552080965805,0.38166879925353653,0.21468204150742068,-1.762418835451107,0.6503652545797757,-1.3007952719580884,-0.4616354767081647,-0.4092514666848536,0.6103593986481564,0.2887386765029408,0.2704994120847017,-0.0029308080682459757,0.58734508469096,-0.24144045257723784,0.4140165300096489
1.6070425009321792,-1.1345723134332215,1.619634633938,-0.5959156339413604,1.6078508946064562,0.13553661282062346,0.6490310946755425,1.364996950303938,0.5921362653309602,-1.8828973106442068,0.756682196905302,1.0641141770949452,-0.5802448938796992,2.2498105925990783,1.0911453220771885,-1.1000847301054852,-0.3130926698124618,-1.7984825119373067,-0.19413845892639633,0.9000026800145815
-0.3561716996267155,-0.012970436447423251,2.0602061848336333,0.7164239991527674,1.5056790699730547,-0.7158524318788594,0.5024929250361465,-0.5238768254350352,-0.4044031309286982,-0.67336683095677,0.02083667276744901,-0.34432556739930154,0.21209762846401514,0.21831912715284482,1.2349259942359534,0.5109262787345856,0.23279729517329134,0.46385384777214417,0.274909001563369,-0.2569948071652325
-0.7861858534967552,-0.11519611217876197,-1.5092908021898617,-1.047837110673379,-0.48881416311343084,-1.3580310208672117,-0.11145292440714225,0.06476055688145993,-0.4041129728564142,0.7573141365070787,-0.8163939124221506,0.6179633680858115,-0.8472989455561583,-1.3988931521144659,-0.11017825275623148,-0.6741040549501317,0.4769426781785581,1.079874808594439,1.6943001342811645,0.5570123967180791
-0.5039603611180206,-0.4533777495551959,-2.5458132292503532,0.35313788060117207,-1.7728340913271832,0.42132805561715897,0.6193516522581992,-0.0790861572546562,-0.8789108759486606,1.8504238133886723,-0.8779152251335723,-2.4402842864246286,-1.8047806363860313,1.1018928693677659,0.9242551470056536,-0.21832147807274388,0.11589120166000647,0.07838591695563497,1.6677683103977805,0.019356328411189838
0.011610017416689544,-0.3478918037009535,0.5102070642683786,0.3034306726272917,-1.0693807422310193,0.4859314202903254,-1.7398101391268004,-0.8496744353066599,0.12870390429130438,0.22291823078378256,-0.29797192689956903,-0.9643778848711778,1.6382697118220553,1.3488356119010643,-1.5056459381767993,-0.6849355294311709,0.14461601468150231,-0.5021100889984232,-0.7388580670886884,0.06571082605342163
-0.8527411159657323,-0.5196689596693617,-0.5773148183296235,0.43580950579219296,0.9014375161164705,-0.5874287173068597,-0.9144115623107413,0.8953047716122148,-1.2056703192315117,0.4428069555153897,0.958332792332843,-0.6773453914040852,0.3114307380372539,0.3214509273424946,-0.17995786976170158,1.4724220869273112,-0.11286904195740706,0.4557599490841095,0.8333693824504378,-0.3737606354349841
-0.4345191174340471,1.1219976657404642,1.040431132416091,0.011543077463267552,-1.648734802624058,-0.22096839195436954,-2.794249099414442,-1.0539162564994582,0.8386216956174897,1.1064582892759518,-0.16192188880627365,0.06892869770953461,0.7254287415250436,-1.038778193614909,-1.0811846859672007,-0.30945450516753165,-0.5145981479346714,0.907494722936963,0.03719444333515338,1.4228573190527687
0.5664371236095498,0.8928251645032803,-0.572822771938714,-0.10401677903109426,0.6399926322065593,-2.287874272549673,-1.0200726812850593,-0.6255547198637444,-0.646228104627538,-0.21306771028454835,-0.3029550505925872,0.6421640486885164,0.7355796745099852,0.4720031577137662,-0.9239490293423999,1.0331710066018895,-0.2163857665011247,0.7887609430125353,-0.04398618310666505,0.7987988675610518
0.9656000270797506,1.4904695472521816,1.1501960155370476,1.3319693492475229,-0.12673225051629197,-0.4565368966437355,-1.305612641455786,-1.4305185610211497,1.6029079738491778,-1.0725949238800925,-0.41660640967920753,1.7600417693974744,1.9297916495356184,-0.5181887208977715,-0.619720253568942,0.0667120235503598,0.37468037957646216,-0.7017775207252889,-0.19469350270193303,0.39696625591431234
0.20026619842729138,0.026180755439805175,0.7615862032633761,0.017295727106408795,1.4190407998246828,-0.13397211067099504,0.9308407200498984,-0.1869853924795225,0.9052564808781941,-1.281105373569078,1.1690019927683963,0.08772698649049546,0.8759332764992049,0.12291387617169908,-1.0869831088546065,-0.6932997317995273,1.7171186208121867,-0.26371387529522755,0.01857790413957769,0.3461978508900485
-1.6252121850866244,1.830697436691647,-0.4041001445406726,-0.44598961737417225,-0.4455860703896305,1.8089166643508579,0.9645824173896862,0.1462500207592484,-0.7542068194672307,1.6188604350581377,-0.24840158647260616,1.18349691836994,-0.8907771422362916,-1.1228349464604976,1.1017840559997558,2.165707747225275,-0.4847625004749326,1.5788927838759308,-0.01752094953206725,-0.909670559140459
0.137245071527159,-1.0362851533762947,-0.7140902598023576,0.6905709096902808,0.1165754778108604,1.1320490175179148,-0.7170943172884559,1.8381257813037393,-0.05434495716339552,0.9341090047745647,-0.08149706658486543,-0.4619447878302905,-0.808630386605066,0.8079299157488629,-0.342116706749512,0.1224608459478078,0.4864645981212219,-0.664810575765005,0.9252924523728026,-1.5364435145465236
0.46370424305342794,-1.8618439076978,0.4972980115087478,-0.08530571726634562,0.4965278980994806,-1.1373637442334796,0.42008115120604017,-0.3587148040659001,0.9317195684670518,-1.2249650699539045,-1.8883022330696504,-0.07538388142815554,1.2484879616010631,-0.6668057583911754,-1.486471983653662,-1.807336895610347,-0.12610957665322495,-1.6837960492608224,-1.1024057598284025,-1.4535922512722785
-0.1014945917751928,1.5046910368018973,-0.6717329104874185,-0.3897882590997298,-0.819147767364987,-1.3714109132304657,-1.8226530218392865,0.008189194511666912,0.16358343086815572,0.8040935841371034,-1.4804906965146836,-0.7029583913607416,-0.7874136759539522,-0.6223305716915215,0.286075516824238,0.3922996173098166,0.4319879768672641,1.107045892424932,1.439449489737536,0.438475124538695
0.5651284352310209,-0.9033340912864487,0.25709495694614143,1.5947181465914482,0.943083004403346,-0.3713408036481622,-0.426402803573157,0.7826087596021255,0.8887396277800422,0.47557689587518803,0.5454007906161411,0.268964580601303,-0.488999201665328,-0.7165535779897307,0.003559972804395778,0.4902370091977549,-0.1155496293906044,0.3182871613992834,0.13456780823068962,-0.13149580148804607
-1.3207682307285122,-1.2324966478023271,1.3777573880353349,0.32232777075970087,1.086275379701859,-1.5081339267144576,1.376881340390043,-1.7925952074591534,-1.349157001025685,-0.861494424115224,-0.5910017495333284,0.2537658479014734,2.30827514979263,-2.338590591175677,-2.0480175234397113,-1.4042455049807547,0.14079203704904916,-0.07193446401850846,-1.486818570257252,-1.2948081718558608
0.30049814092033217,0.6202584781332657,-1.160364394330633,1.7146600769367584,-2.0377002079517563,0.047561264470378034,-1.1846453544445206,-0.996331851030913,-1.6496482998561968,1.0676507345538357,-1.3323289786789418,-0.15554500053548975,-0.7195644187788702,-0.46907935712552706,0.7618248208922873,0.8503861478859028,-0.29471139753759323,1.0672664156700227,0.029134224171449223,0.19133777554738346
0.6752291167922571,1.1318283485124019,0.7047372764687783,1.2086726433850976,-0.9997990777897275,0.04661117737725596,-0.09721145788894534,-1.2480050222321093,0.10210691283924622,1.0886210289359055,0.1159480098518027,1.1826530852075727,-1.6331850515968787,-1.0188132468561126,1.7014611714805385,1.3302364730814786,-1.1543417794744784,0.07245715094146085,0.04015392649208104,1.8827552031530441
-0.07485117140391538,0.368949942797289,-0.29510430123500203,-0.4756314587922046,-0.27018120951775854,0.48699604815704345,-0.16152335545954202,0.9309172575014084,-0.6539140449324545,0.9406217468376409,1.2064521723620063,-0.07011432299250743,-1.7525336500872262,0.023026829611658393,0.9983508969556647,0.21670191950466935,-0.4372297981706956,0.084600363532051,1.642161229819596,1.363227514700331
0.9856134378218321,0.2705611685555967,-1.0129290863276375,0.8582184640405216,0.9068986896879735,-1.659890184986274,1.184381245194216,0.13709404406284767,-0.5705822635787949,-1.017907151136974,-0.2334046528384724,0.21405858424557386,-0.9290560943628325,0.9118631814123274,0.02958136563562885,-0.234680939796006,-0.5270539119160255,0.9820392692521328,0.2410746392347964,0.3905247226602929
-0.34522062965216255,-0.6546055931962592,-0.009952581923936794,1.3995962718072517,0.17484153497633328,2.302841034650026,1.8232619212861534,0.5290341743377441,-1.1010499610932751,-0.4130639246087912,0.3841810845380602,0.7688341868681774,-0.2863782331248315,2.087273517882424,1.1609480227235203,-0.5489782579375665,0.6312138038563602,-1.3080135671821873,-1.114362722959313,0.1447757907779636
-0.6343231429874655,-0.09470176807238524,1.5468055082378667,1.1163277103777924,0.7702677478782184,-2.4633031051691145,-0.9466328355979802,-1.7244953985834193,0.2611961297471131,0.7339366368035716,-0.6928941292934446,1.2802211986679197,-0.06201559353369188,-0.4573450599455288,1.5978732892737637,0.7778742201740222,1.7755182367514881,1.3225311918587181,-0.41566134096274804,1.978564310715938
1.902282068794637,-0.872370043446031,-0.45455117902099423,-0.11871241672082898,0.8293978847699995,0.9445826030542854,0.7722239667589104,1.22163442897863,0.7016872471420269,-0.6302021927643042,2.1584210154185435,0.9712451107115545,-0.2504250429476182,1.4285752135334486,-0.24179562578638358,0.39321411450011007,-0.2951530875487149,-2.663358172941952,-0.853314224449209,-0.385990164234436
0.07504120160599208,0.8732931184034702,-1.1415401426534242,0.9614183890993783,-0.6325360477376402,0.14993923808635687,-0.9682399581858876,0.1421972512228706,1.70498543810878,0.8436973353469048,-0.5386447556708729,1.730510885772082,-0.7643811703105988,0.06603654206007191,0.9907822257710401,1.3894834352287644,-0.4856665601249402,-0.0098115603764795,2.435643229544461,1.1858508558460024
-0.5522755643506656,-0.07841084023245193,0.05978029331616694,0.9596222360691944,-0.0628436978722346,0.5436561953684691,-1.2291990123409868,0.8170821510438496,1.204329076520791,1.5077621913194055,-0.4445178122562601,1.323936295833651,-0.37339851584635275,0.0353428461118017,0.6675148097113195,0.7325678963889136,0.9384151368236648,-0.4071206936873668,-0.8955106002031422,1.651343949416394
1.3855157290836495,0.3297137534893928,-2.073137257153652,-0.8902032429880601,-0.426888401523439,0.13083677791835438,-0.8848874603777704,2.2122535237392946,0.36439228898229836,0.2168518959171816,1.1262507213384565,0.0957184028836182,-2.675109449696547,1.4617174750955813,0.5716000637661084,1.176088280596055,-1.3569434958909041,-1.6932741761837158,2.188258747627335,0.9882339718438033
-0.2714089890507115,-0.9559098689006241,0.6212549460015361,0.5001389856604144,-1.0392796324876417,1.755001018352378,-1.6704683049364792,0.5434228571653319,0.540640712198047,1.1631940707483286,-0.3449746376958937,2.2327239268663486,-0.5978723029456249,1.7311097085043592,2.067641240760645,0.7066302928262291,0.41148909367388525,-1.138655400411136,-0.7514274776626865,1.6957179890644412
0.3275111787527078,1.1408822273629324,0.7808569889784016,-0.16517800213175005,0.889547779455567,-0.3599574134355472,0.11037055367069036,-1.01400500152852,-1.5789609150761084,-1.2813761655076694,0.3053994087266212,0.3211647506622683,2.213336688713142,0.8179032833612013,0.36486569219386666,0.6704472937205246,0.26320124704090414,-0.02269399561116929,0.24346589272789307,-0.9408770383520896
-0.7556339012245973,0.8562151738009203,0.5893572974083429,1.5947338195477647,0.2914342904216737,1.656092153691617,0.08628496249236187,1.4724285461798585,-0.6049662525223463,0.1018098419336921,1.3452216303272906,-0.061577275143291026,-1.1382550964185547,0.5407102937739868,1.8613244009619372,-0.17827152570807647,-0.16246442356806653,0.6088364065229854,-0.19568946240618038,0.7045549372155875
-1.2846836595113023,-0.5744747061753948,-1.1018964760633962,0.5367071923682454,-0.8892335311905905,0.13258160870384,0.1804819676537904,-0.08243476016890237,-1.4996105914831783,0.2777077639351021,0.26053093721591253,0.08806473392985972,-0.9876615344600624,-1.9193167875374033,1.153977974763673,0.5118091966923369,-0.6944164506280951,0.45273122066428717,0.8203412168984618,-0.04517479910168268
-0.8459914432650015,-0.6527376519409763,0.9296554671457047,0.37022920488834216,0.8407735198945754,-0.5560818679081854,-0.301244662769776,0.23818581248671805,1.3598062464415956,-0.6974068956695069,-0.35733627533544465,0.9721640644143791,0.7831060361808733,-1.0507066375318825,0.3120359086654022,-0.6163793295288574,0.7117865162144541,0.14926646349557413,-0.5782370175502725,0.24751297995481839
-1.2786286572869776,0.4399229432341399,-2.100300811839559,-0.6750691126663233,-0.26785500701178666,-0.6557275942277719,1.9059853147171621,-0.22643660583677597,-0.3978844804073303,0.3858766030010415,2.1605155045948767,-2.066345293708455,-1.4489513370362401,-1.531661083010483,2.8628585193045324,0.23220151095939584,0.838695394438494,2.3021952828395555,1.4663865559897256,-2.6197720663949777
0.06906542362114908,-0.7896389291590806,0.35912050412066276,-0.722091497237909,0.44569096470328007,-0.5555141076900777,0.9000522647701822,-1.3105546652986997,1.1538524839572366,-0.5173114905443952,-0.9561962989730797,-0.27007314707976743,0.5514117155184741,0.3178293267915966,-0.4819113443671842,-0.4232377795899414,2.0158587518318356,0.6160000107737399,-0.2879970511406273,-1.0900353796817552
1.4201012376150284,-0.02812549348784977,-0.2511404243554112,0.5520842196894243,0.7596384679791272,0.24489967650523958,0.3974589028555056,1.2788020021371977,0.9394283239958581,-0.6874903981407041,0.48676212770931465,0.3362820562831333,-0.963000040114915,0.9599511206692247,0.4733066104523372,1.6206041940838856,-1.642695259408252,-0.7396959140769441,-1.0066351067693622,0.8550963207653632
-0.009371871730202994,-0.03630833330253361,-0.36837124570980034,-1.1664532118447846,0.11902549604842004,-2.294501333857775,-0.6451408247809872,-0.0578370389368704,0.471089919172827,0.013692472737543569,0.12250773023857481,0.11646535974943556,-0.7603447484761638,0.5092941646143622,-1.12676001679076,-1.3056026396932,-0.027718664222131338,0.874884894049009,0.7607737471992055,0.606579036808966
0.40739747442982704,0.9273345576077496,-0.8597258176482017,-0.6844702456204005,-1.45533361612476,0.3926997368419654,-0.2808251724804308,0.4730973056381154,-1.5510430367355488,-0.01984091315429486,0.6432478063948591,-1.7452547673574759,-0.06383678943958562,-1.48675171997699,0.307787617445754,-1.85607361543878,-1.3390803845197985,0.23877717092937736,0.41658301089757677,-0.8797411311959645
1.03284292894356,0.25700812114095295,-0.15792953652391248,-1.2543471518953782,-1.0945155589865125,1.8159413579956594,-0.12003248672174838,0.5138310095816504,-0.8376104495698681,0.8404619446938256,0.7237950630222125,0.6832521617458917,-0.6074570317325534,1.5925072757565744,0.3937585929139298,-0.20580624826692448,-0.3095797530824027,-0.9783227925291644,-1.2549163817911015,1.8935471315503831
0.47261095202062636,0.29411126065035925,-0.10807642686160587,1.8203731906945841,-0.441036352020305,0.2685239475329471,0.20872878641375536,-0.26362802194979046,0.09969325534319604,0.558760776005146,-0.038080438507876256,-0.8747863661770099,-1.3041560590055976,1.3104549431170998,0.7215946703338503,-0.09996514186275172,-0.02790629919777634,1.029054948143611,1.3484919391733832,-0.3282065144697746
0.09292928275209317,-0.5227613000785268,0.09003374163512844,1.143370836478179,-0.5231638517268598,-0.14516351662472154,-0.42213733713598084,-0.31105574827433347,0.30726737860541126,0.7294691233754377,0.5411079661486613,1.0327830731367968,-0.2680261309750122,-0.5185813330976926,0.30148429984830033,-0.6327039616707927,-0.5640530809843173,-0.4298945040213411,0.42771108128121293,0.8990487069118521
-1.25941572640192,-1.0229038399625567,-0.2633104798596409,0.7547344214673065,-0.8920472076416394,-0.22464197233067315,-1.8902393349159032,-0.7521601374775245,0.6761983825741081,1.0776998487419516,0.09908933526127188,1.2020879689116775,0.2790969572705815,-1.0997507675815996,-1.137735432375624,1.2248301717799708,0.31565114685258616,-0.7169889857008017,1.215507230611121,0.2205658730168465
-1.1699640995788099,-1.1785207409418244,1.4499225791947008,-0.498153918131026,1.2971508831213359,0.769640777864251,-0.20933759964670626,1.2178774489809998,0.6016454087521134,-0.6638036744012343,1.6653119984404023,-0.11822824056151629,0.872787440525892,0.1874069586116343,-1.796907965818347,-0.7886445842370221,0.8939279005329518,0.031661106469104326,-1.462917170802111,-1.2499084593825174
-2.139459708680026,1.0488656483435106,0.35979776714691863,-0.05304143830203151,-0.3628130894101302,-0.5964610596249074,1.2180386383015738,-1.5706702843151032,-1.8700425599487285,0.5541460865980007,-0.6534436012926447,-0.7371833208460693,-0.13210543518931367,-2.8190561124654514,1.9003718839972392,0.762214831489932,0.4658042701503697,1.0499596797428858,-1.117353801947877,-0.8548216617245926
0.49438329992710767,-1.5228974475017498,0.15641308257176845,-1.1917442799548577,0.48970417829728685,-0.4220445462200602,-0.16704252294817948,0.2583971820706701,1.9828261117138837,-1.0808759729258055,-0.5664306788871858,1.0812886324357736,-0.05760298998260746,0.46987290202271237,-0.08541702447859381,1.1842922508707774,-0.8243154021096867,-1.050065537089234,0.135909724903659,0.9890152757048505
0.7075959787694559,1.9397362000718512,-0.3573894746231022,0.6636729236467371,-0.008893504776490814,-0.3423356722822825,0.3819771119578681,-0.7232792054336316,-0.858781971735472,0.4708967488767749,0.9502127685008803,-0.30905358184504617,-0.9661429865097776,0.6948640906216915,0.9129871283855885,0.8007460605252892,0.10215105696273905,0.9839108663417167,0.7366696534167675,0.41998395259368476
0.46192005655749296,0.26549859838003814,-2.49914501573557,0.4388428006628337,-1.6499588716986062,1.79924592770497,0.2916237777762373,1.7385945907833402,-0.6776278899635996,0.7578771613617229,0.4698795977498214,-1.7047738092293296,-2.4598350706989187,0.2751380631879526,1.0764765978980664,0.14258471877662135,-1.6289214793487055,-1.116693155114805,1.4767051415582828,-0.2545549094705591
-0.4532244749739029,0.04291311843566947,-0.3502918910901002,-1.2787896266478693,-1.145420769743868,-0.17283909254324775,-1.4181747833359148,0.2026394865983812,-0.3325140510834971,0.7973164776698453,0.6348830750540801,-0.29777527824425376,0.16834916499288483,0.142536627545686,0.9972449091334311,-0.31264319417758163,-0.38517067039640035,-0.7875471897454493,-0.7622314623688778,0.2679962474188572
-2.3710463689101906,-0.38939734404567994,0.09761876790858474,-0.4547712844047124,1.707171121273719,0.5110665538331693,2.393838057748091,0.795833910038283,-0.8454431355415033,-0.473385206220948,1.1486338842609478,1.618063270657325,0.4149371437568953,-1.1953040026233537,0.09594846987020202,-0.13088751965837783,0.6226231509550826,0.579028303395741,-1.4632180200440166,-0.8366663254465868
-1.8753543873326128,-0.05686026695288243,0.43974188602534614,-0.18944346349246788,0.6131170368324359,-2.5024830303186323,-0.7182947092223305,-1.5900284910204086,-0.03303537628735459,-0.07729107817989547,-0.8624647308302816,0.35281941238962466,1.5302355772091039,-1.2882157650168142,-1.3273680966667016,0.35448877850523675,1.570308141817296,1.064804180633031,-1.5590114775698451,1.125150070436377
-1.790382094088181,1.146843140046229,0.6085508834785347,-0.7669366134060768,-0.6212406622132184,-0.1894853923072856,-0.9549449671358626,-1.4726487965542898,0.01759565705642678,-0.1317304424164692,-1.3518226083304934,-0.36532359169212136,1.604244737603608,-0.6126243932014933,-0.5013124377779247,0.40902888776804947,0.5183972941321793,0.626653598445945,0.19823341559785565,0.10309826218331213
0.1966291990146933,0.4590039842876867,1.8576501914888546,0.42693720525553347,0.05293058251269879,0.049642218657448244,0.0045187457946820695,-0.3866319171679636,0.07048126251459341,-0.08151145286235006,0.47395726080042216,1.3299681109135597,-0.11252148936913253,-1.2996468655534583,0.63301531446119,-1.3000090193365885,0.07220758147662347,0.33017773001453044,-1.4320695087666397,1.3856193008464077
-0.0905555850481013,-0.3141644241672431,-0.7604660544980513,-0.7621679013104757,-0.8542130061861959,1.0387947548413903,0.8439430820159437,-0.14767517894509508,-0.2708767080910648,0.45610632227609993,-1.4927555706793156,-0.7855925143091421,-0.5317511704484263,0.6852462484174795,-1.4051432717834578,-0.8620110449998437,0.6800420446845779,-0.6817598731121148,0.6541840777534925,-0.11343593157499003
-1.1724157108296516,0.12803524743061967,1.0756080362229905,-0.3242737914721672,0.5713215887604901,0.2537577673962298,-0.6839450898375761,0.12689562496973242,1.1041695723793086,0.3531001998781643,-0.6601464123968352,1.1579720920077508,0.846671991844536,-0.469951685187953,-0.20969325925435076,0.44270166188930504,0.7726325237736683,0.06892087781968896,-0.576935011601616,1.057865377447693
1.3873424507315069,-0.8090874234888016,0.5544055917884125,0.6846429566445966,0.679226644511632,-0.6568001485613372,-1.0199051475982461,0.4365593585778542,-0.25716989304923743,-1.991567799692549,0.5996240355289165,0.30147686341112717,1.105566500524182,0.32496725596229914,-0.3785825126312141,0.906449414765713,-2.5039531488720685,-0.9047562965209572,-0.3321495035742911,0.2352857223669603
0.858075887894084,0.20647331339070674,0.053682725924165696,1.02001558984472,-0.07397726800666582,1.2057518205870927,-0.1372227567789736,1.380353404747554,-0.46108865821976686,0.19730456185303372,0.38527470644490003,1.0766358682007378,0.018040217057603718,0.9269825538463833,-1.7979441460761505,-1.6122078290358968,-0.8137344939152263,-2.5525297165420655,-0.7919591798377723,-0.4354974759582768
-0.5291799481294436,1.3479063492049617,3.00963990133843,-0.13633368629032336,1.6224537941981774,-0.6288937016772309,-0.9557585141265957,-0.17939561916999086,1.1129898817683803,-1.5122825477800763,-0.10845632185705117,0.4304826458276513,1.7052052095438217,-0.8743650119318136,-0.10333890351264537,-1.005656898818223,1.161287735097552,1.0919905659995282,-0.48641850353890503,-0.368105213351221
0.845846728064673,-1.703685729864158,-0.6448971784111599,-0.5216939393375006,0.11395282351036673,-0.18376295160182377,-1.494396412656887,1.5146314692132115,2.447706816805381,0.6311700804124243,0.40377275692174286,0.3111746960638496,-0.3721075533170934,1.1908223194444227,-1.160577750038091,-0.3743254730194782,0.8050911242847275,-0.4832609453636585,0.5435215869356077,1.3481031090740594
-0.49800173245206536,0.018849602013948693,0.8051598989231259,-1.131070394324015,0.6703900568145963,-1.2217707994679219,1.1944216011529272,-1.2469656239526667,-1.8453263161735485,-1.2562577165142312,-0.9972180170196522,-0.6211195555395288,0.946760743647407,0.3653403004111448,0.44548885498647733,-0.8479680620627457,0.0471925448586563,-0.0480648247423933,0.36460095066385045,-1.4399336453956373
0.06200877363859331,0.674752194917167,-0.15203876355753349,0.058575080216931044,-0.4181343735238365,0.4840493960452162,0.7343227952834314,-1.2085468963961488,-2.0949174442638316,0.5218213426600474,0.14192662515580887,-0.9634453736049976,-0.13839709813996745,1.0274672833150793,1.3799682502842507,0.9282609468367774,1.1313470421719405,-0.21217605748882745,0.271378461273601,-0.8061007582499993
-0.5480450707845167,0.14543619960327553,-0.09082256460502111,2.6622781141779903,-0.2459878099579281,1.5473866926087863,-0.006376773378609622,1.0522313196757633,-0.48931069795423093,1.7250941293839221,-1.5464110472414632,0.2804597799033415,-1.0559712121045957,0.43203931142788066,1.149495328770016,-0.5786605079387505,0.5198517266997068,0.7889792125348568,0.5599153875726848,0.9294648039687223
2.1625970909575063,2.577484605563289,-1.9752533647280088,0.7845243626106185,-1.6215550729666655,1.143178176276687,-1.3742903701535991,0.6010718731855585,-0.1708455326640866,0.8966865572494576,1.7773242313652562,-0.18708793741222646,-1.0566133505574151,1.2219535230129788,0.782578606171625,1.1382838621088276,-0.8252591323145347,-0.7723675093677064,1.0133752484874872,1.6926951805323485
0.6107694317686934,0.2930412720507011,0.3477407762463841,-0.1830741177472521,0.16341844311361023,0.9281969380091575,0.8190483580276393,0.539172316941444,-1.0305084875314547,-1.1762400894150358,-0.19367139441423895,-0.4734616018758354,0.737521009491062,-0.569102882663799,-1.942700578625402,-1.3330653972546695,-1.071124779419501,-0.5610508781187288,-0.34701958346696826,-0.8524525326033853
-0.708115130184977,1.4289646187731109,0.20266495145322194,0.42032802935215574,0.6913241570312406,0.3086595694308042,0.8341926031192844,-0.3189836584366107,0.06649009664063443,0.26600873338602055,0.6474298478592999,1.0552579583466453,0.25245024816799,-1.2344807484583484,1.0960528933938292,0.8094446371998733,1.2288389849354682,0.5063058616266726,-0.42709136414688803,0.4318806817509648
-1.434516644232991,-0.44636980489939493,-1.3377823470796781,0.19819015494947764,0.6134385615742796,-1.1938671044269549,-2.291151479861457,1.1213883452891618,0.8030833851895404,0.8714952637852735,0.7057151638262978,-0.029809976657898883,0.39852136092903984,-0.4831308579160004,-2.3882788730436784,1.2771481952457044,1.1728941068078622,0.982308681361165,1.3120665191590941,-0.9693706218151839
-2.727542731674343,-0.6711108270044398,1.163767173920718,-0.09328157091770352,2.126210250383928,0.3042725027260404,1.928435985941827,0.05768774172512007,0.5641305095928723,1.0824681292945455,0.30269351035441905,0.022261728784992094,-0.13971231414927873,-0.30408532604476773,1.740503455251646,0.9920472913151663,3.049546374728317,0.5099122748605264,-0.7640399068542454,-0.7478502635831538
1.1316665513586193,-0.31108717923634915,-0.7290063171486028,1.1306717824905312,-0.4455572305609121,-0.4157107091589731,0.3720446566571576,-1.0155506129287564,-0.26521665348358653,0.14032062752900287,0.13476295651746503,-0.8237832171029412,-0.10038247967729273,-1.0159997060756842,-0.13503100572089663,0.13756280383673908,-0.2860842380826487,-0.8652688372132414,1.3088280875949316,0.28700241199557647
0.44235462085666855,0.01025642810064407,0.3569850070783106,0.13864700994328405,0.1700255712288833,-0.29859546274114473,0.4438347635492478,-0.46984067116630246,-0.14272939418962022,-0.8592432520937588,-0.40236790145290596,-1.6656399679425704,0.530770775513356,-0.8320311279355403,1.3642485680547103,0.3886296911605328,0.3897812559084176,1.8572967637232825,-1.3948624114030017,-0.24484094480083074
1.4285332955487786,-0.6652324219964907,-1.518633451816262,1.260506372011381,-1.0847053271090201,1.4314566611119262,0.05737056504599705,0.6284536234997122,0.5738558204815073,1.1706241427696065,0.8597221910045297,-1.7454872267149226,-1.3739764538592991,1.6263740526901582,0.32482931559120104,0.5055703664993803,-0.5252805901062189,-0.429758105196465,0.21356965753706192,-0.27834180996498215
-0.33801581800019737,1.8621159809210188,-2.010165720989373,-0.7252157501233851,-1.228361688146495,-0.33567580272782294,-0.9105147599602984,-0.38239832304771204,-0.486781157374933,1.8016127796925594,0.6248636248762965,-0.38156623829375425,-0.6428052922230144,-0.9113015186050308,0.964822046156537,1.4031982391016387,0.8035732210479899,1.343902324513029,1.219564801808881,0.2524473755827874
0.6727971617774395,0.08892897620556105,-1.6804473703348544,0.16769758636377927,-0.47590355934879985,-0.060303745799790344,-0.13771265282140496,0.5580215078578642,0.7428604599460563,1.4175722139804368,0.24905954238444836,0.046099034377292056,-1.653140788093155,0.2935692116361708,0.12528182016685857,1.7525304178913896,-0.543960755463111,-0.12561494381923455,0.4358860576210451,1.1824151481097054
1.0831149003048586,0.9102444720086655,-0.12174133452182835,1.0509032775069787,-1.6145452999458052,0.4625300277375371,-0.821838912358584,-0.39421251314709893,-0.9529215272998744,-0.6812887258991154,-1.546545872363557,-0.8579323419920951,0.1668663813622241,-0.16563841882723895,0.48170596009230476,-0.316609355300496,-1.2043075576225892,-0.2954767438168839,-1.143317302683224,-0.044965408879493206
-0.46247369278199474,-0.3787172662563821,1.5415645700837548,0.6192403433928643,-0.097888872374675,0.059143231988058154,-0.8618511760839032,-0.5307104683603222,0.2327410828233597,-0.9700653074307339,-0.4879189574995743,-0.16204304885026824,1.5851556527768929,0.876672203717187,0.012699879711473707,-1.2384449360851923,0.007059164600163194,-1.0921053279380424,-1.9201610572238075,-0.26656037065572463
-0.16786149904042344,-2.122589231527992,-1.0919602583468093,-0.33470403620244604,-2.159217076880548,1.5820443698793802,-1.0085777013999644,0.2949727074328906,0.0247702465760481,1.4587196275626892,-0.7391088385147001,-0.3064691956685008,-1.3519589228722118,0.8547233688298418,0.1970679695765406,0.00810622734002067,0.5959168804578662,-0.27438321112880365,0.498696458608011,1.3613103641622475
0.7743881058239966,0.20887800538853793,-0.8653989879638561,-0.46218541266457847,-1.9212722902775108,1.5964075332722463,0.2061674545320375,-0.11900454687005434,0.1082745838204358,1.3285736523906437,-0.4393012122754645,0.030776355504048974,-1.8053590000707405,0.44512609379961987,1.4327091705604416,0.550551575306522,-0.48476760540735553,-1.2682787792619536,0.027556110613485077,1.1899981280017804
0.024966871046137686,1.3273463189125096,0.44194943311762686,-0.32415632342341444,-0.9847636431481115,-0.5727634852987887,0.1037914407672968,-1.204737606516627,-1.3458312467910605,-1.038567028395977,-1.3696713754018885,-0.573477808873505,0.9434686467853636,-2.5303977443742998,-0.8810963699219366,-1.6840414330321556,-1.1871465095147817,0.47474100985854695,-0.2684007903856299,0.12179697119431222
0.6732640886720528,-0.49274807648972496,0.7267635203895199,2.182506706114387,-1.430567107295973,0.20270564758442586,0.15751516639362328,-2.280165456978036,-0.8097927196108062,-0.8761170775409229,-0.7224511778189263,0.5244685417992677,1.8966805309435164,-1.5354408515170619,-1.5885703049739066,-1.532834596212255,-1.1942362800703166,-1.8992722102902626,-1.3618193352857115,-0.7594895788719818
0.09132643470932636,-1.78947790714483,-1.3977444571133602,0.5158015515378711,-0.007406161957303446,-0.8551467830970956,0.6435383805820405,-0.39484288633377557,-0.47445805102835764,-0.6029901308912803,-1.7422046122960702,-0.4143477603605777,-0.2769747172818884,0.05310752558151726,1.7924175530489679,1.484760004411374,-0.37780892001919536,-1.0474737944145214,0.6154077585645757,0.4841710794893824
-0.5189435723172335,-1.3212430730287208,2.094834728505857,-0.1083195670075876,1.5564511622402522,1.4498003284511232,1.4626622067849409,0.4311806050349279,-0.6018443656367523,-1.6762831859700753,0.49125097070952195,1.2464595473429316,1.175092170875725,0.8357106888031317,-1.3095172780822077,-0.47607702464470997,-0.45299354152032306,-1.5898550532453237,-1.9640803259870214,-1.2159526432069512
0.45112999209912924,1.7294254305986836,0.0481265546388205,0.4256228581773553,-1.2441165514745054,0.5820437815504864,-0.8887164675385175,-1.0146464330785088,-0.026372372888547373,1.6937164777275935,-1.0536032382223899,1.3173486245596697,-1.0614564580553123,-0.999316496510026,1.417288897590386,1.1733808784617155,1.4091145951980424,0.5527345194855832,0.7216635832800922,1.5373026031486468
0.2742335181945858,0.4645649118163661,-0.40016607249284025,-0.264338035421278,-0.9028428077062247,-1.5242941081185128,-0.619990722282796,-1.1033036338754918,-0.7330280116691522,-0.8673012252801089,-1.2644712068871782,-0.7798867579915848,0.6046083319989652,-1.3247587854738962,-0.10714288308938644,-0.7475576740413084,-1.3878333930662692,-0.6275816274993934,1.2887634001217239,-1.1496641896342146
0.21899160460520312,-0.026855813362763218,1.0834645050296352,-0.8469284178800586,1.2799356177672372,0.666194281039994,0.11457264948205889,1.4651365825790277,-0.7012549110019507,-1.6427872268443273,0.298922218929979,-0.6363042422500973,0.3773116944484745,0.4467909519461449,-1.3719734525019143,-0.9953021322128686,0.29203208869087527,-0.36109375668195703,0.31990890800682553,-0.5504055991108693
-0.11273938376984774,0.3821633006914617,-0.6208063991350482,1.236404655286305,0.8945391157208912,0.050241667908009345,0.12392305780934464,1.2907611536196626,1.3404527921206641,-0.35266582442447,0.8367824419910526,2.3541115293858748,-0.05162076983385199,0.9127945666240576,0.4137129541745989,-0.23683560975849,-0.07151067466127874,-1.2915317823721022,-0.30291213691536706,0.2040129346078447
0.1362046636422693,-1.4191199702970096,-0.90726868407571,0.5948087415234802,-0.07516125871101646,-0.08261981421543665,-0.5114144412952079,0.2321222848872301,1.4281089306000587,0.9848942744984873,0.1996720243404798,0.593410040143852,-0.11899407111272399,0.7943277333085488,-1.6722222335874246,0.3635635872771446,-0.3078962560508732,-0.3181917662719748,0.7702352625654187,0.6634931266751158
2.0534928140548803,0.5440785634155849,-0.7461595404906809,-0.10252815006484363,-0.026055341580041684,-0.9174379892310225,0.6685967515579604,-0.09781874055341991,1.5593648663053383,-1.0183958505027102,-0.5843271580311042,0.24851941724656193,-0.7291012214708117,1.1857848789995682,0.5623687451938041,0.023520444037450978,-1.6189699009316496,0.6179724268941837,0.6953149855925916,0.7536489222451539
0.06733107776474036,-0.00043435000732184296,0.17515765192080066,-0.03387096319043614,-1.1457725107096577,2.749008192760099,1.8816360824120906,0.417323765541931,-1.2557384725579523,0.36662391004655953,-0.7028631216248445,-4.368724117196372,-0.36925949280032094,0.49498166053034925,0.6373256946046427,-2.8899318829918443,-0.49731590964097716,0.22136949893593644,1.119681844946496,-4.1231544544005825
-0.10139338557062759,-0.9191748065038186,1.5431452512919417,-0.9771276068510039,1.2118480244130336,0.27078604557166897,-0.4658119623771465,1.3662771182938218,1.1222372953089195,0.08206387395056487,0.5090449704900979,1.3715641078611287,0.4779476445376757,0.03689672211682039,-1.1877681094620516,-0.8459883149982009,0.5959883312125486,-1.631027068402515,-1.0686730818880246,1.0448754275041818
-0.5561956013191796,-1.1821558598826878,1.1256912023837415,1.9003074461342528,1.0078896220636164,-0.7164180918206758,-1.1278326200685325,0.8831238335422009,0.6762391332631501,-1.124053059148796,-1.8358294027611457,-0.273627794951241,1.6932357960996065,-1.0391290793472285,-0.13932828904643857,-1.6636244638898179,0.8740840984903007,0.7836189141641009,-1.1618693748057118,-0.5168044321587715
0.3960825299070317,0.2098936680383052,-0.0514275361061551,-0.4850443294743128,-0.19063011278233757,0.5517143422104488,0.35777585704209863,0.25315245572625533,0.44991223388532237,-0.1836781365593298,0.8005517428093175,-0.0940034401383123,-1.871232738709926,1.7304727449241242,1.4340002502912983,1.2148895627620786,-0.5401281455137829,1.5457068046222615,0.40646045647588636,0.7062476599981171
-1.6684728092868526,-1.0592158964318723,2.144462864520158,0.6074675020448326,0.4233993362515055,-1.144927131252915,-0.9892764069032889,-1.967014413714581,0.08630510978701827,0.7189402482596623,0.7821800227146505,0.06471629540857503,1.9292837598600745,-0.9655920836628287,-2.31243451900347,-1.079263985329783,1.4814703668710563,0.1556599851840408,-0.9059491459314787,0.7578618759001888
0.48586351892123314,1.7900255224694028,0.370958029198715,0.020437536406622277,-1.2970375401495067,0.9390572434899304,-1.6378719365761818,1.1876540752258051,-1.041910487131797,0.8451824252801103,1.6752483751772307,-1.0777755644517748,-0.269465572340427,0.14649095926988903,0.22275718662026245,-2.0796214218009617,-1.0133065293982992,0.7323641198409563,-0.8659837743002567,0.38114396510798476
0.8387431182899208,-0.7723809288326079,0.6579954456896678,0.5259737498684375,0.0525756229702764,0.050494059953618345,-0.6439106376089707,0.2268066126976853,0.5703024588504272,-0.6836036107018019,0.29728597045976735,0.46794080780833297,0.232148810734785,1.0663806337646204,-0.6942926529617088,-0.36317405447809314,-0.6741884366904916,-1.221871626373631,-0.6623806089144781,-0.5942774635222452
0.6174665951064147,-0.3041191719385504,1.1421964211392137,-1.2216467579525607,1.4733461734197353,-0.9181844309810289,1.5861132837807461,-0.10515873699459245,0.2519842298879447,-2.9761665386194243,-0.6711390891216441,-0.40225081373926125,0.9426886934829527,0.8042049315594161,-1.2717095709678907,-1.6743037253882038,-0.07614821968075913,-0.8899284398354073,-1.3690741867906526,-0.8718842844680462
0.11258410773266418,-0.020556836426759983,0.28705097278601616,-0.32063671453614634,-2.112238078336833,1.4095378246617403,-1.2693607248265737,-1.0248576187551617,0.2416871759793139,0.5674484970572736,-0.8352619021820326,0.7922308453836517,1.963741455565081,-0.09786399538777585,-0.913973195864732,-1.7317473016403593,-0.9857754103910196,-1.2676367284840508,-0.3593208170615961,0.1324080711906848
-1.1679015740475562,-1.0614410894557271,-0.7551775719476008,-1.1368726354558039,2.474079169830681,-0.6761693079846287,0.5270528448305597,2.4088206117768456,0.6910252067880274,-0.11674485358970488,0.853534000076614,1.6250313474031282,-0.4807372000082521,1.0373501096863709,0.3997913177399447,0.7737720751636528,1.3052195711315457,0.6213814192345622,0.6401449679134328,0.1090718955845529
-0.9528142454118456,0.5223981677177515,-1.6423349524919904,1.561392222317389,-1.1400486386079385,-2.206648523756646,-2.2368208768140625,-0.8923825089618743,-1.6363498070810227,1.9107984399706006,-0.8973707930600279,-2.5644769743768148,-0.7439326219851765,-2.2494650469251622,0.7844580994907212,2.13898476407363,0.4892565558172862,2.62881280856073,1.201943610796173,-0.21048648192387914
-0.46661916266006137,0.36329654048240867,0.7997138211692161,1.277343740895513,-0.7249571954690784,0.5003400524962625,-0.9217035082686359,-0.3578993831257764,-0.6123108070362034,1.1281303653308956,-0.22780612854322121,-2.037598168452332,-0.32898722244896006,-0.4879511551047099,-0.5842661333366557,0.59630986480783,-0.6445532237879599,0.5076390054324112,-0.7447434143776911,0.43471070238845594
1.8995808431590528,1.3034753111254318,-1.3116179210059655,-1.5407612707582747,-1.1181175642060124,-0.01810168800621764,0.8333957957154299,0.5114654757557456,0.10620206064124554,-1.9843742294413562,-0.7085869614900838,-0.6567789356996513,-0.07612606640930603,0.26005886187974037,1.2862760328312544,-1.795081575513078,-2.27823336012259,-0.8327418299454303,-0.0320331387578857,-0.6576439849153016
1.3034768990652443,0.911206659233808,0.958348086825302,1.5355721005721679,-0.18121148884418148,-0.05851660681566234,0.26312082774076867,-1.1599570969522284,-0.6641868834993551,-1.2402660648107215,-0.08920703466769234,1.472125413434331,0.4373817509346458,-1.9459081949674617,0.30624809789818586,0.40150252338812426,-1.774447530852963,-0.3092115729509501,-0.30003540774182025,1.0254730964183407
0.09166749860046539,-1.129997953654168,0.3142172488074202,-0.25935109986128263,-0.6997900587157203,1.1307350454578495,0.3515189187084196,-0.02993018851678175,-0.6598793284272987,0.48163668869738707,1.443609531605733,-1.0724896659394054,-0.1629878424858208,1.0876661601579067,0.4788017055138453,-0.3839076251227318,-0.7529951953855596,-0.441283167459697,-1.541015911198925,0.2004279686668573
-1.023344123671013,0.05964317048855174,0.1745677513803394,-1.0087290950401022,-0.5408364252420881,1.2039896550510334,0.13950463406611727,-0.2247464470142025,-0.7612373044940999,-0.4110131365585241,-1.9749136561817098,1.0660743323003705,-0.1508438334840631,-0.00288336961689331,-0.48256953281278686,1.7308502174282583,-0.7177337274038091,-0.46943653012171216,-0.5802987430677897,0.7344260680540092
0.06374322800384863,0.35023739912888224,-0.5115035582549338,-0.09484857128989141,-0.3988313023891129,-0.2994079384839843,0.07821619626474437,-0.10751599985512927,-1.415187949839672,0.23129301333517135,0.7357580344412087,-2.1115690814308836,-0.5393440930950802,-1.4871619796806386,0.6884396437683964,0.08204302049047164,0.3939055987849296,0.5890199289716278,0.1830301818356099,-1.224988103150624
0.6116574634444499,-0.612373964205127,1.08491004047679,-0.40309412188660854,1.1906333926155737,-1.2979823322752908,0.24444269871020421,-0.6822573069415855,1.5514655478012032,-1.6211324143825006,-0.8167062058422342,0.7482369053870661,1.6941450398273767,-0.5376625058218993,0.08642553850144874,-0.02725208870765816,-0.030716017854043567,-1.002713866826022,-0.8146544184065765,-1.3745130273730366
