X1,X2,X3,X4,X5,X6,X7,X8,X9,X10,X11,X12,X13,X14,X15,X16,X17,X18,X19,X20
2.181048745319404,-0.3875786161592094,0.5528602654916474,-0.34966122594464655,0.024980353269494975,0.9001830899084221,1.3497045279798403,-0.1259425496259166,-0.7748205505510125,0.5089405453874138,0.49865143906117326,0.6582482029053661,0.7670704524663902,1.113652343779266,-1.4577702323974753,0.47936975632578943,0.6213338717942192,1.8685811745317253,0.16720642457339635,0.24958314798821957
-1.3117368735867077,0.9598702032874605,1.619735750526294,-1.1793936350189813,0.21167620658860878,2.190479082793088,-0.6004442181095206,-0.6635686297844946,0.2920935531648432,1.8890444759141174,-0.8550701355744925,0.8484175470600296,-2.327434544767296,-0.7929702635965142,-0.45996169336635057,-1.8960240665015056,-1.1873438804684917,0.9424435959117642,2.138278440383743,-0.5278293318753643
-0.7265969143539147,-1.4222192557479463,-1.637197553175309,1.2946182207082215,-0.5321624094176094,1.2123477293274298,0.19507982732315343,0.20402689638394775,-0.7795409793181142,1.8175580345846174,1.017354704498032,0.4932110226234437,0.35761402657642316,1.3850134738871727,2.1924321706182783,0.6586831499682201,-0.36878747898175523,0.8294834707537002,1.3652779302623967,-0.8913165239313109
1.4216710815199856,-0.6538957190434809,-1.8463540372566278,1.3832017741940723,-0.02500657293084966,0.07637612792516654,0.23529499968778317,-0.31726207203054324,-0.2623703332266035,-0.5206056020694652,0.2650707166508764,0.09904957008304079,0.7839102430334668,1.5889471886590913,1.9853497645794296,1.5252689609953558,1.7756701362608673,0.7308633930190539,-0.9555412374915644,-0.873318369384589
-0.9694068098863299,-0.1745440784730061,-1.488875402589668,-0.24929492499040354,-1.4590216452673588,1.069369184284416,-0.2168470873511441,0.007967373804852825,0.2559708848173868,-0.9620967122598185,0.3830293674193206,0.7790119229215948,0.1702983424521741,1.9162644595071952,1.2462831916942618,-0.05668809771351641,0.8017122803070084,-0.25473865393138767,-0.12689059676853573,0.5313655975685267
1.3043681385226258,-0.19639264581025345,0.8207216769005037,0.4777698830878675,0.6791888854491673,-0.9978930063270386,1.1859599309609752,-0.05238532535897935,0.2852342397881104,1.115418538383603,-0.43997260178286274,0.4446781709329118,-0.23362775878919412,-0.46408180783867475,-0.13053150809004904,1.083472639822127,0.8370502133990291,-0.6223329509552324,-0.0008481421249025681,0.9505541396599818
0.5895669578284212,-0.38689406236090473,0.799974019433429,-0.9975610547297264,-0.5284956981450332,1.0871638576132574,-0.7668167624925399,7.853343354647151e-05,2.221977288383716,-1.5289907595043195,-0.6518838977579648,1.474361652026582,-0.20929994566002175,3.138018777993677,0.7226352720417909,-0.7805224493442688,1.7845213905402917,1.719618234198126,-1.8278290259102743,-0.2557207040629311
0.9463271059927634,0.6322722839678652,2.0609395084919915,0.6611740491410858,0.6718893975007265,-1.7692177026255984,0.8519495517644191,0.7223053266743752,-0.5870967812857294,-1.1141489019350024,-2.088871289336577,-1.729882338542943,-0.47642098494730145,-0.6212808101408073,0.6636241948276593,2.111927696378168,0.5264870836133058,-0.9253344673501115,-0.3608550357338617,1.3284636451140872
-0.20523576881327368,-0.5598771115287523,-0.4284820723273162,1.7443543069523955,1.7257301987565938,-2.0707521787532106,-0.7548424390726649,-0.8249802088103819,-1.2600639769453699,-0.5180268191110219,0.808300473843164,-0.48767631864803856,2.2117132844412803,-0.9799659038157377,-0.5596208468960691,0.5974965638992228,-0.8385444297303148,-1.1460647136509239,-0.5570902742343316,0.8472738187095891
0.7820531553927869,1.9943771617014678,0.35003875196242934,1.066745559502398,1.162930779781304,1.4430949480499264,-1.066804227599852,-1.3427568627171196,-0.8600790669325282,-0.16223066281662432,1.6135888069904125,0.4201885049979748,-0.17574267308541755,-0.47196271903994363,0.7167277465763113,0.59034642847122,0.4653553229403302,1.3439128993226612,1.0877273815310247,0.4955975505390615
-0.18175386210119415,0.7552690629214749,0.8818825885919995,0.2347767534968371,-0.45591326892392703,1.5402905579343076,-0.10638761098629118,-3.039021387783047,-0.1984828226048859,-0.16051545544057186,0.7052609095406337,-0.28394018224484047,-0.07325475307010472,-0.5949202555302814,-2.5128742673369833,0.05661261807012793,1.6584026440139543,-0.8788705811105197,-0.3367803446253976,0.07298973013222801
0.1586272449255265,7.655797023045761e-05,-0.08344209646908862,0.43511404491695366,-0.19449520881766375,0.36136385614950606,-0.37198321276844754,0.6171273185867036,0.7509530513485393,-0.4636840542425497,1.979793208051202,-0.09425359930670711,0.8831634147917435,-0.48073586999686885,-1.2708981647815534,-0.4467190170077568,-1.2388823716172213,0.6009630556176399,-0.25086648069930634,0.11545411637372993
0.7181174444338853,-0.2762346459248311,-0.4774694124314832,0.25119993042508915,0.4983153033048676,-0.8756143617956087,-0.8867520319454787,-0.17807675525019584,1.629135578780016,-0.6891485286586948,1.5282522931374303,-0.7627380212208671,2.006721841170507,-0.10326511929040795,-0.6562683760466974,0.661009152255305,-0.3566094056432937,0.11320539561333008,-1.168942299099317,1.0574959359415954
-0.6957006745428554,-0.6171219571452427,0.4241333027064445,-0.3853641873483158,-2.652113273957869,0.8664263531556013,1.220967293744874,1.4989111580156662,0.9076998130655415,0.06840965578574439,-1.104003116072287,0.8869306041331965,-2.125951683904501,1.261106110297084,0.15864266237921312,-1.073570417509017,0.45283120834460666,-0.5620348906198729,0.18022052048181164,-1.672215647948505
0.8499510984557412,-0.051417549929641454,0.9666712149843354,-0.014023881676586481,-0.7848591290338851,0.15070144649404632,0.5520982359036931,0.6072604712968079,-0.6031205199981636,-0.17676967352847336,-0.33280410700377944,0.24515314372734884,-0.23772912279857766,-0.3034511732500409,-0.8471411379075836,-0.09599672424374539,0.0524446288612185,0.5129783137595839,0.21971014187691867,-1.3358284683548864
-0.9006235364206644,2.0418357006993983,0.7915243609624352,0.6681811009781812,0.04219803447172531,-0.5445970946709099,1.11288188420879,-1.3744989299786394,-0.9851456734415641,0.24908340968763276,-0.39210015219387706,-1.4971007121963826,0.6768129394558151,-1.4419326755595119,-0.7021968646906734,-0.7138519817618084,0.22498577519840599,-1.0157924094100905,0.4331704731771182,0.38207462308596113
-0.898612616769611,0.7822311362291707,-0.5904681344749231,0.0905423753446011,0.5264692165982615,-1.031614634778888,-0.7495403010095354,0.39237465713278113,-1.7413396776966967,0.8202297052838537,-0.11219680998638544,-0.5058098032612877,0.37753351283725534,0.1785322136653362,2.0825451863290385,-1.673837009916921,0.13033537174556137,-0.13297635868255392,0.26430618178149295,0.695166074987408
0.21622622254513796,0.49338935341275886,-0.23771127679516899,0.9369017709748263,1.1145645220817186,-0.7211645826457647,0.9982139091801826,0.7630989022349505,-1.2297114924888775,0.3146767187882691,0.72544514496075,-1.5320829943010228,-1.5639526006222126,-1.5840380818840796,0.5076048535379715,0.09524675398762882,0.2183585557332618,-0.7983263602403806,-0.046240561706781945,1.3325348429638626
-2.15038892858781,1.3003295826119123,-0.8986757888731116,-1.1581563228188565,0.3914813560081852,1.0625844702273965,-0.40363587902871173,-2.212260485662569,-0.3314974354334977,-1.4534583678855528,0.45366399146497544,0.15668953646657582,0.8373237705280357,0.5856925678550139,0.10315722696904304,-1.7332522559842538,0.41711261350251433,0.037457033129568634,-1.7908557561588627,0.6846823413804696
-1.4534551120123786,-1.8693873977316944,-0.3476765817543162,-0.5739686670229572,-0.3048663765727861,0.7033786435836571,-0.3271670659643279,-0.9890540459409841,0.43730188201704734,-1.040775694649617,0.4855181680088843,-1.378126034690131,-0.649770556054293,1.082678465249574,-0.31847584923722744,-1.6916784388731267,1.8916392710490924,-1.2118306230795062,-1.3411460523130565,-0.3248478995458925
0.39525847056244157,-1.6879871087228373,-1.1285824213274411,1.3154783464761346,0.2244974807604832,0.16686556444294015,-1.2981658467411694,0.24086935872284138,0.5160838254988385,-0.34918230887061946,-0.3914435274036624,-0.29390167435957987,1.4472241948806948,0.5298514647290452,0.13718453556746138,0.6071336743287613,-1.0753742355472484,0.72226240086731,-0.03901436769645241,-0.5900212252213097
-1.4668401766188375,0.09982924915485837,-2.5992027811533855,-0.6332280777355018,0.5458632583205748,-1.8371369413719973,-1.6216196185182146,-0.08543855897019492,-0.3331455627263797,-1.1393799734122163,1.4252897363899115,-0.9957844668230755,2.3752565189452732,0.34446905496204716,0.36355543120332556,0.9612371137508423,-1.878682526219826,-1.5974828116692619,0.21741102317463987,0.6406487348064074
0.1366974794207617,1.972585260967555,0.6971496722716182,-0.9661233285109351,1.3847233186151473,0.74174036641905,-1.1487919802961464,-0.8494436833301,-1.1670184266121388,-0.06504578925086063,0.6621334560951438,-0.21522475293397295,-0.58735661721461,-2.336298960207872,-1.1932510407772625,0.3866773210899143,0.6997241802100309,-0.7807875241847513,0.9209386883499421,0.5052602390168109
1.222670349643711,0.2629102658264364,-0.6675935128633659,1.5130536165298385,-0.8316733502642342,-0.47723719082722277,1.4504045064522364,1.4808241252070025,-0.29946939512117815,1.8626900164915392,1.8386009815233386,-1.0138000318945641,0.5398845838136644,-0.54647723829575,-0.4048707216088264,0.69207705999273,-0.46585007634297676,-0.31257434329042894,1.154714906093397,-1.1787200757042726
-0.2011707148562817,1.1933159656600085,0.01710037466229265,0.9977393378633923,-1.2782913572202506,1.4923603891689357,1.7465531961325556,-0.3877075089443965,0.0734963485100431,1.2086785407247678,-0.12275995924524022,-0.49309270002794414,-1.7330771475279074,-1.3239757984790386,-0.40490182336953756,-0.8117473568572741,0.555843698736167,0.44764044915830714,0.9679534366968019,0.8542125357119686
1.5607811730783974,1.6634760156415085,3.061233731278341,0.9121097680101092,-0.16380925215501826,0.1943590866871515,1.3800497476607538,0.7345380918123621,-1.5242690676657356,1.4771055626428484,-1.8589082760005229,0.6556150155707872,-2.5671239987584733,-0.8750309865953824,-0.02652259885634897,0.4007822554983869,0.49721952305361783,1.006297928028252,0.9168209255830246,0.582051010183345
-0.005390398436940931,0.8639241941291075,0.09256139034809785,-0.2298991912029521,1.9211730290100852,-0.6276733196226238,-1.1463230158750375,-0.42064623909938,-0.7482844638606042,0.44841743673125334,-1.2465906179896216,-0.05168400821130063,0.7985152381012494,0.3464932519740281,0.6196567986014261,-0.44295453477486896,-1.011846065676369,1.2105073009560101,1.5123417143737505,-1.0040054972720083
0.05891487088945905,-0.4878116528050958,-0.9612726702126917,2.124618732661613,0.3069692070762797,-0.8985076629778909,0.9144866175300256,0.7879342877025385,-0.5418015087233241,0.5752791310697172,1.2401324373356704,-0.36470961815103403,1.0591616138453557,-0.028950183871441982,1.2443060417535514,-0.5410577467206131,-0.11383564930861448,0.5307697194985536,-1.381581331338931,-0.34582324395588887
0.2597913264566218,-1.507088903186724,-0.9385450206685139,0.33729401231645056,-0.48120315447311673,1.5897887961987578,0.981941138135377,0.19566507173618097,-1.9063712197629559,1.403065001812957,1.8487050703348475,-0.5844078842064057,0.31416470997852775,0.7431149221525606,-0.08857735499072172,-0.026128643392137774,0.7740067658069598,0.7243672174298,0.43954215037321814,-0.12632645696390213
1.0451081817552152,-0.927271176178571,-1.2371935091106143,-1.4627221333837641,-0.4377991360214775,0.3438137690785611,1.5240952514554116,-1.4797603154003907,-0.13846453803704808,1.9142774275923389,-0.4280947580872627,0.0666185514349126,0.18697021296059904,0.282515895517637,-0.9374903684847785,-0.19030352557744382,0.03661378211447643,0.8626713753911118,1.055314088404456,-0.2426665962787332
-1.2397405685063718,-3.021760013551391,-1.6802293998817617,1.194022185078205,-0.46930578584872434,-0.6875198920471477,1.108367395320723,-0.9601336993031117,0.43763727326064533,-0.10017508144888433,0.7256062111497346,-1.8473900057058545,1.3645632012952342,0.9874156714780424,0.4079357540033645,0.24195606580812254,0.17512784243293372,-1.6883253432335261,-0.49714747205576504,-1.458821910644286
-0.9596575842523495,0.919970324638531,0.4634488356208462,0.02167484602215113,0.7465416185266393,-0.46372956067839666,-0.5512414514171808,-0.16235767996991887,-0.36989389323010674,0.7125848423638709,-0.465070673322934,0.27698554475989434,-0.16545850669498594,0.07076221042917279,0.5083282263018438,-1.1279990294290296,-0.18324290820793881,-0.5270565899359173,-0.0948760893710591,0.23062627081746392
-1.1278417463522403,0.1209292505962699,-1.0964026416467134,0.32093114690227176,-0.5000824482465276,0.07076855782199314,0.7939910307755415,-1.4968697613953996,-0.13477619014603962,-1.2239553223399773,-0.35665311569709623,-0.7391756581677684,-0.5756836159684943,0.8208996566966632,1.136479555695758,-0.4613796135143725,2.6393786687243916,-1.3830349116410001,-1.7666080401252626,2.1728294749877106
-0.4831056966213045,0.3924209465256884,-0.13122591565986758,-1.0119736206312184,-0.8121006015642704,1.0989905332656156,0.5592286307656249,-0.694796999225182,-0.20900963839909806,1.5137262677974177,-0.2919925051441195,0.880455085623466,-0.33271844386577404,0.7765792034391742,-0.18564065450716502,-1.031849967527077,-0.6544757215807073,1.4210188683954637,1.1444205595949273,1.0483826749333107
0.9066016804309366,-0.07727277563309548,-0.4766505156806004,0.2592764289044552,-0.4517590457443936,0.866314570257752,0.2585773619087397,0.30275230188796337,-0.2345861131571111,0.5974425928345218,-0.4229450457493793,0.2370854008094628,0.5610799034854753,0.8554779697214886,0.5204404862838915,0.4931685534823444,0.10290120771543576,1.5479449215084824,0.32072600821468855,-0.8321996384975203
-0.21148113463591714,0.40200903163849977,-0.050074362968037626,1.9076145969517606,0.6358141898865064,-0.6803047667646007,-0.8896071709483808,0.6603645976264093,-1.0297217102538208,1.305381349880705,1.278867001306155,-0.06110921223730679,0.8492976955925821,-1.3800330103134286,-0.11904048164788784,0.20272514324057236,-1.6823800737817516,-0.30931505911277407,0.98820680546881,0.007079568716102913
-0.22252679103986278,0.569643375056585,3.0227672768616256,-0.09806390182240694,1.2287541824673263,0.5511439505335171,-1.899439825804828,-0.705619464478037,-1.0829255439788978,1.358928275604061,0.12241871655645178,1.4377666311076103,-0.5368831090952443,-3.130080856196366,-2.2681711454031594,-0.38876997953586495,-1.1274733657292053,-0.6604748027538486,1.0882035653401605,1.2527245510339289
0.3846009174164233,0.3538890922652534,2.2613833737318942,-0.6194801479272468,1.215903033284379,-0.010522069616416763,-1.2336534021179801,-2.924612681414509,2.2442595428316086,0.2663645263110996,-0.8961103618249696,0.1589998444900848,1.238051681052925,0.22254138376027818,-2.170255521200893,-1.7806615114874438,-0.03140911175406082,1.3034034626342157,0.6378945822863173,-0.5947805849084272
0.955874046738044,1.1581335107585415,0.7897437943635561,0.7016556087280814,0.903710768886617,-0.2678011862982547,-1.3904485945549354,0.2650305811240112,1.8140647407848927,-0.003575291103141603,-0.503307983156231,-0.06094557240931703,-0.04002291909395597,-0.8079293358470835,0.054534487953980734,1.2759111046449307,-0.764565445174966,0.4348866483665467,-0.004649084448460718,-0.6201674907504751
-0.15728625160795703,0.7734602187593808,-0.029501461268142775,-0.7130954363051649,-1.6342406585782179,-0.10421809319096736,1.6635144491295375,0.4603930439572559,-0.04555029028861503,-0.06700114393649224,-0.23027029801808171,-1.6111890967713307,-0.7124109412522579,0.7458328248901152,-0.3377306110677028,-1.1987454490891423,2.36820948129666,-0.9508183364475258,-1.5166789984164986,-0.1450650952347344
0.2989603380971936,-0.44441968851447305,-0.012842036946994389,-1.2157026421555084,1.0396760266245224,-0.31961278518482183,0.2888935195070879,0.16481112947296717,-0.17949732641737282,-1.4238083306669553,-0.757211420638762,-0.9042626482288392,0.30043722655708993,0.030686370597427046,1.032302528542717,2.1791594940183705,0.03244124763951356,-0.8978188432758688,0.1966967484811723,-0.9138047059142828
-0.36673903906162014,-0.37365790976248825,-0.3530784643876204,0.3446108268954752,-1.2701186465129541,1.3498728675107834,0.15052400148365597,-0.6927015214443583,-0.9711155714511224,0.03702394350639825,1.5489614657664708,-1.2113955562106287,0.14701487590612444,-0.47410992213581765,-1.6207546798646815,-0.5370980966636871,0.3039344442983133,-0.3576440611647148,-0.1485301462077677,1.375712293961861
0.2473399019160854,-0.8053748808310444,-0.9247059077101956,1.5023270560140471,-0.11079905814960819,0.7783044392529803,0.2046029096178663,1.1263184198515523,-0.24668660863461117,-2.3383461404895436,1.6053897575261165,-0.6546950677420779,-0.852024764298251,0.5511437562595775,1.33306292647199,0.44643971515256925,2.1868554021511497,0.12341101145270748,-2.0141576634797222,0.39651482886390865
0.2994048215887388,-0.8088030174804435,-1.07639341273346,0.5879197307106834,-0.6638853443975485,-2.303752277181162,0.8108638780609151,1.9928168144508998,-0.05947877199441262,0.2384409107225577,0.9981242415229687,-2.2185982280780694,1.3671335366218278,0.75122125472181,0.8497605938473285,1.1816991952316378,-0.7639852976238751,-1.488194966273884,-0.7412511682463466,-0.8429835243834817
-1.5544478061941749,0.10298029603464634,-0.28072834372723765,1.3300712113876574,2.184582518990274,0.21294713207162305,-1.2805071051718417,-1.2311759837270115,-1.6068079179743604,-0.07786375944999599,0.36364223182064503,1.094027536373259,1.217055948901446,-0.5660243058060103,0.4527252639237694,-0.5030597124031387,-1.653976830187831,0.5587979339002668,1.3152429772057883,0.9323760462171541
0.9469334045176585,-0.07353390065214532,0.3703354693495599,2.0866978911534964,-1.3965552560867205,-1.3391151187765888,2.18382073706456,0.7219600450280481,-0.4831495055836867,1.8291847262071517,-1.6832080375532064,-0.6114780944835451,0.36573980574462134,1.4493516124652208,1.2572588452264701,-1.814787399464168,1.323199770838383,0.819765535361627,-0.9569752433274031,2.111149964726106
-0.46217175386875714,-1.151799113703687,-1.7981541142620387,1.0009687572920303,-2.5698980543961065,-0.26053616262061347,1.594563278161624,1.4748677387583828,0.6340732672382279,-1.3594849336251944,1.6535647643723996,-0.23879085431581365,-0.12581818445699053,1.2586387083727446,0.614773482268872,-1.0525566912888742,0.9617742557995934,-0.2815782801545733,-2.0841079331066688,0.40993167770776867
0.43140561262133953,-0.6564349190614585,0.5798129357125892,0.05096805819425622,1.0930650003984248,0.2770186296403734,-0.6795514643199387,0.17071786023729754,0.6534188721339721,-0.7939871757617659,-0.8393459235898968,0.28453127557313146,-0.40629516558008116,0.25617576248497015,-0.06789495867936068,0.5934275162713157,-0.2940549635484582,0.6774437747548752,-0.03324844468703435,0.016835674747362837
1.5612065501853787,-0.6304376998931925,0.008095556327412608,1.7573527100429893,0.44433579188131395,0.5959760868153525,0.6951079566523722,-0.4867791235511607,-0.02108782602174268,1.1328117789913368,0.03392798017685241,0.5419460221930219,-0.43222344170393723,-0.12025372779432018,0.8880140678505976,1.2525967847238422,-0.4280589399223321,2.1939447681959487,-0.08617736080377182,0.08789657741898477
1.3303205338678683,0.9477678972844135,1.6112181675627235,-1.1161012250062736,-0.39853021845089953,0.44670376912506715,0.7685489632829562,0.35947698996336475,0.254247444100072,0.5746018337663445,-1.275188055473769,2.566148572156879,-1.870308542191371,1.1750435896393097,-0.6894427292648777,-1.3317929828856159,2.1020456054714454,1.4507462455922178,-0.5517357509384654,0.0621147867123671
0.08064582943851874,0.2543321301456912,-0.23378789956401685,-0.2815252146504543,-1.7758253402975182,0.20725914163357906,1.7310569144556422,-0.2053233644637114,1.2510523982769746,-1.3326356396102985,-0.3297549427351699,-0.3964081675111854,-0.6275026208277251,-0.06323705155090173,0.08904028085425,-0.2924426822663411,0.6243545232653434,-0.1562521946992758,-1.9807236976259808,-0.5516509111399152
-0.2638293577968818,0.33331634838518576,0.08617955832947521,-1.402508218362135,1.3515163526698386,1.2062692876894032,-0.8107820469691552,-1.2392297123918299,0.2032595433434611,-1.0726650970548803,-0.6138745778825146,0.6381186146602837,-0.5392575353505908,-1.0622279171309057,-0.9559719727704625,-0.06476677676602342,0.21459492181873235,0.24575852019400893,-0.05630477557406169,0.311360205195912
1.612412829584203,0.8673007859496195,0.5983085934383794,-0.20927236338783656,-0.7434726672213888,0.5926079084951352,0.1098835219349474,-0.45357782050557754,1.4129295845133192,0.07100300564386414,-1.4359369105765791,1.4677841280853312,0.05919348263175379,0.9940808078869282,0.6429619657076961,0.5152482614308654,-0.2788117810776722,2.724066381187278,0.3008040456997845,1.1978832304317388
1.5879089269092777,-0.12066488621144253,0.5855990750676255,-0.2786235524192868,0.5198853083797372,-0.28144183447406673,0.592170189141266,0.12228926418593615,-1.6252709561658845,-0.19328037870168388,-0.15735577295197475,0.2462743653739323,-0.18426969318072375,0.2623738020973836,-0.6363052743394616,-0.21214137155965548,0.20309519786984107,1.6791786863002442,0.07409267121277509,1.2083842682413486
-1.4244322039344062,-0.034393840884597314,0.3850338058412631,0.3484420930145676,-1.4801151715697272,0.8442548089599777,-1.0409690974095016,0.18566839859213266,0.8375251932321017,1.7380286028496197,-1.0323750067571988,0.8645544601051655,-0.2825451245397851,0.1445134709745168,-0.13270448945750235,-1.7028783623277362,-2.475864045537894,0.9413210773613281,1.5744335247160344,-0.8359123339375211
-1.7764702395462322,0.19334448735102666,1.2557388889225047,0.7166801540112187,0.7091518095054796,-0.3454815394118666,-0.49123831881939123,-1.9619205266111506,-0.41702086669470795,0.02109511879583321,-0.08204383991976666,-1.544244511965358,0.7176858376826069,-1.0823461468409066,-1.222166109043419,-0.4519517065006276,-0.6773312260024478,-1.8274474700174073,0.46943099482740225,2.567593487174894
0.10938401008630465,0.5344777756829392,1.6248783152020225,0.7477508048986392,1.4813331395280798,0.4432907994222555,-0.3652795316412087,0.4333774589207274,-1.4592079742226098,1.6628931896932102,-0.020492056775028064,1.3132737720229246,-1.06195390272394,-1.7746302688406022,-0.04116823623190792,-0.9971438159954699,-1.0488292138751167,0.5187678462100518,1.935250687453051,0.49940431575292216
-2.1478523009286907,0.7260181236889122,0.3857135382004035,-1.1076006355317427,0.9207320653176979,-1.1233182452525594,-0.4295545983711574,-0.30084738740476197,-0.02087627837451135,0.4642094391249338,-1.3179834968630186,0.28155369667615265,1.1857325030561123,-0.30513497767553077,1.2152387766435797,0.6789078288873273,-2.0257863366054516,-2.0528719803729256,1.329293370382543,-0.14092760646163707
0.26955582980843434,0.31371788733605277,-1.1416467764700293,-0.22270777609867218,-0.4295317625258739,-0.10400022592008817,0.10707354171711214,0.1789520051641483,0.3618892570720608,-1.4448302761516212,-2.4038490885899284,0.359366025642341,0.10387348454541169,1.7156349391329253,2.387022604366501,1.0508759775964325,0.3664785401442316,0.953887338485482,-1.184440527025117,-0.5867279244445947
0.013469956811073857,-1.096127116049192,-0.15249744297462844,2.3005285971228253,-1.120085663594016,-0.492583105462218,0.8723776184230436,1.0795094210857723,0.8500665043228111,1.7992638143365751,-0.21563857100378636,-2.063374429888838,-0.47099333120271286,-0.23402682842299374,0.4899358837100143,0.8192679978442982,-1.973993442339915,-0.14837009617197974,0.3832882940969661,-1.4197021720772713
0.548284900644786,-0.09116990368521674,0.8498457049748279,-2.0352196493385994,-0.3723227699663899,-0.8356622917486575,-0.1445071088329766,0.24736874607257237,0.29468905638471404,0.5997851439502553,-0.019759680544008618,1.236948998978969,2.251293681284564,0.9953348296897407,-1.2256727931179023,-0.4466317126241003,-0.7743875954218571,0.09615241191904679,-0.4356598953200921,1.5307055707528527
-0.5991453396967669,-0.7717935111391051,-1.0940157383654332,1.5452371862099716,-0.29190454423851797,0.2757140916272722,-0.43209156010018407,0.9295545435959263,0.7831858153640189,0.7224276372619022,-0.15590712483395533,-0.02622646459915016,-0.9283775915597793,-0.215153217029014,1.2618891994717443,-0.5672981346218657,-0.45996471688242296,0.22521985839486783,0.39302074948561777,-0.7356397482770848
-0.18919016624395749,0.1341703816671977,0.4070145917587999,-1.2407136105722576,1.7607845531333572,-0.3588986407850167,0.16991974337973145,-1.3316223089864447,2.0359028319543504,-1.447467503055046,-0.5996014733831345,-0.10756408467022621,0.8671723992381554,1.045116553107281,-0.029475288829850704,1.0650434937912667,0.6050478643307581,-0.4756738872708626,0.24787605556088646,1.0319987477581485
-0.23303853839600375,1.0388385376660842,0.4119181941184664,-1.9667884960785396,-0.029949381327768976,1.943768543457198,-1.6570332132377477,1.1765466649543619,-0.11612937065230812,-1.452595786609794,0.3552428230395661,-0.195655562262115,-0.46915947290911003,-0.18734996068837229,-1.070983787558298,-1.040680107067035,0.3877058242020104,0.2667545798015596,0.015338796336051395,0.9666180773003559
-0.6882093849248708,-0.515578441168038,-0.8706467676376436,-0.6074236691532545,-0.2973250486940931,-0.2396170430113407,-0.37396228501192386,-0.0033223716053408497,0.7677468261715918,-1.3896681949917802,-0.0898122567640653,1.3762702829715894,0.7543003234148595,1.262558336956853,0.6635253422023712,0.16116185290442187,0.4262651814586163,-0.5686243896074471,-0.28674495924031895,-0.49413087977420844
0.4384635230064221,0.5181970412173523,1.499516186174738,-1.002733615184625,0.7947425019468678,1.2126919710177149,-0.46703511436619416,0.9826543383339256,-2.796713916191925,-1.3795429267894064,-0.1807334020216344,-0.6439208428197777,-0.8137415825584654,-2.3936394982190445,-1.0738691934749376,1.770671057138902,0.17692925555537714,-1.0719489528480868,1.03221176508279,0.7154806893144127
-0.5138859356580632,-0.8308699371013393,-0.49743705238789504,-1.553692752285137,-0.0809853550848837,1.1641673290091097,0.11449289315136453,-0.7736977668178465,-0.4476230717511854,0.2988435263051776,-0.30714013556538444,0.5884725917881346,-0.16593623389312676,0.44775097675775877,-0.09416535455284629,0.25113999311437457,-0.3800065859321749,0.7100439208274074,0.7254025637126957,0.2919149786073853
0.9401017278704143,-0.8064368460399473,-0.7729376086856568,-0.7490156708465165,1.7230522176938199,-0.6889596013922045,0.8618071565370148,-0.6423951710396693,-1.4437746971471226,0.2180341480223294,0.2922225142036088,-0.5693273121436507,1.282092414232005,-0.1581738979707955,0.1989593097754595,2.457380975113329,-1.2281697079355354,0.4675693339382293,1.978735849262137,-0.4056800855412736
-0.40282791272691365,-0.7370534567897253,-0.4274618406019742,1.1450923980844947,-0.3624342339041886,-0.9441168861963867,1.1720297688302552,0.8588134429069286,-0.045569092381524616,1.2999853399648933,1.1752231161068045,-2.4772304761012265,-0.2639552985397539,-1.4736559588239708,-0.5057982856707002,-0.1433956127428118,-0.8962380201349858,-1.3197196944738212,0.48034177692520047,-0.9729425679065393
-0.04139259064362066,0.12875902003572923,0.33296619404630584,-0.032826821860135275,-1.638488943268847,0.2058653732322083,-0.7806548948001166,0.6301897742144628,1.705308874080355,-1.1446250075944597,0.26577808545653636,0.12828298028455043,0.47461572568322186,1.3172495754387223,0.002598857348207945,-0.8271156641851666,-0.5713501028388724,1.1294491850364607,-1.1300882142337974,-0.9688787403099074
0.5540751395057886,-0.003968078994498816,0.26436066583576767,-0.38382351633844614,0.3293870622478028,0.9910377305433068,-0.0013113898935280986,-0.7034455305337622,0.059977502691746676,-0.12709189383971553,-1.0288702379719499,1.41014604931507,-1.1169417285019239,-1.0197460964209604,0.27962842131119936,1.6764414784233712,-0.3954645175368022,0.2945508185097117,0.9985647199862001,-0.11490731932154119
1.5534697422750428,0.9646237499404077,-0.4284179434710747,2.289435530365255,0.8470046007670274,-0.6705280046358435,-1.09785340445963,0.16522140425102202,-0.09612213581709855,0.09263869532961254,0.3319142241048229,-0.7099826066090049,1.1805139779390201,0.16744572055260948,-0.34575847515409824,0.5034206709586054,0.15355997844429378,0.8631031150306807,-0.7295440099083802,0.28619210299092723
-0.6870981084299408,0.40612219345684497,-1.2106714936763563,0.4224579802584292,-1.0129544826140142,-0.7272660896471764,1.6215293145389378,0.6303291596317377,-1.5881839200305068,0.16106067814226224,0.544087316203158,-2.6714850258887304,0.7007742908510888,0.0288418279292333,1.1620146782242415,0.27131648743130976,-0.11799431120289358,-1.1217023626635916,0.9273085657971336,0.2704020928707873
0.5461090423495428,-0.33371158277376806,-0.07424645613820671,-0.37438154971692017,1.6748147453792392,-0.6879385824608675,-0.0059052107563465775,0.18178132739701108,-2.1401235804407257,-0.12537430657430929,1.7733513826278453,-0.03245243909912818,0.8910722875173472,-0.3781406956993638,-0.5650321249728829,0.12208278306710975,1.3014917307478953,-0.6928552565946617,-0.504913252099944,1.1210423765105124
-0.5869855864287579,0.3827178735788716,-0.658891532926266,1.2012761264488219,-1.2391697978593401,1.0568344373248486,0.5847943235764689,-0.5097864911181424,-0.7089481810430992,-0.3880606890228019,1.769037677629559,-1.4197223122796485,0.41317817953554475,-0.06434863066903161,-1.0604730015225943,-0.9385793469020922,1.2678560442505733,-0.028809782300729236,-0.5504825189167086,0.7461704514775029
0.3042090729278665,0.9658771815318913,0.8421156007098746,0.5367729065611648,0.7143662611704521,-0.46333807496581814,-0.7674372454738935,0.16596858653909563,0.44602599406722915,0.1544603553938783,-0.43056711533837894,0.25414764264261164,-1.643571715477178,-1.7531052941262875,-0.7549139495269608,0.1161760060600213,0.3561523153838423,-0.5678097510973051,0.8667185858816243,-1.062786508459145
0.8029288962170223,-0.9140360703761291,0.5011887315715581,-0.9383201891033897,-0.7494430149032468,1.1006541117813549,0.5683830609041396,1.2037157526635058,-0.8017474969287366,0.1534421092131297,-0.6622825575084622,1.372204027379917,-1.4834386331245515,0.34441674321894167,0.2570255867709052,0.25954840975725474,0.840072911462239,0.32065566392578104,0.3544392708154075,-1.5085124772216303
-2.131544887086504,0.5701830144446484,1.0525422089573655,-1.475897910660771,-0.980125448170881,0.014468954963901106,-0.6786865096784468,-1.3347494163072946,0.012985593268564754,-0.4563306365452717,-0.6528832016235175,-0.62901223033894,-1.3335144761940365,-0.3496507799176775,-0.41432200115953627,-1.0818226879474464,0.21072643258726542,-1.9541960382311492,-1.1475601552645072,0.08087950194339662
-1.2678285656518795,-0.8701666252697382,-0.4299468192218149,0.5672478733412708,0.28160239222967376,-1.604215777926344,-0.656325224554595,0.7666800073983856,-1.0371970468754574,2.2583303856076156,0.5946629478829811,0.29382699638487253,0.9858978810609268,-0.6895525432273316,0.47730005249100027,-1.3663850365202457,-2.066523047350012,-0.8547960328958578,1.5791846759371588,-0.7749725454239609
-0.7976620474991112,-1.1509218272370607,-1.350004312966089,-0.5135288837775177,-0.5648195188220927,-0.40436823672014605,1.3803480016800576,-1.1397004975558875,0.2712261099212977,-0.4688612407961827,-0.27832886833543535,-1.3208988938161588,0.6942195136944795,1.1925550100576854,0.021424600133400536,0.5624872635124499,-0.2315252768081471,-1.0513344325757745,-1.004784358063577,1.0013063337133197
-0.6852432174724585,-1.2702563074356688,-0.02071349033431145,0.08685533313757526,-1.1926617753566997,-0.303329851121611,0.35501476273226723,2.0283731644244267,0.9498894639982334,-0.7809819463027948,1.1705422336920497,-1.5804700096218491,-1.7235191657746547,-0.8404486052881538,-0.7762043547943,-0.772088690842031,-0.07600327154260467,-1.7838252010846032,-0.7362025264575178,-1.3557195254244636
0.05955139878471591,-0.030187232875176856,0.7875755318344707,-1.927020092247997,0.17503831259674266,-0.23983911925545068,-0.3276484033538345,0.7814689211578597,0.18845169433009784,-1.650998320218474,-0.31295526393702694,1.0955179536275015,-0.9262029989535051,-0.49247769590690016,-0.34668946284945423,0.6205769098654724,0.9818980825131771,-1.5782070248398692,-0.7855939437480567,0.10233970328742724
1.2052294861337847,-0.6457338883120489,1.5647679972362483,0.14056692502236154,0.7976497624131929,-1.4977911437987177,0.8903192913328309,0.47154796926269815,-0.4028401196929512,0.17137748987299378,-0.3097159690188693,-0.30384868093585676,0.16936410265742693,-0.9604770740365078,-1.8133133181615306,-0.6064100179604227,-0.04969470101449038,-0.16805638106370516,-0.29384186359747994,-1.394465137302081
0.26232403346093053,1.2357680385005234,0.700709552790221,-0.8435690610470225,1.68368550089938,-1.02952440700244,-1.1655947560734865,1.2354394428635802,-0.5001538645547653,0.13354393156056613,-2.566898163028777,1.5116139803521758,0.4498606094763023,-0.10256365717540958,0.6462990851343329,0.0423832122162655,-1.7526080453340935,0.9560783418483038,1.5412863132754842,0.3130970627318218
0.059567305840196816,-0.5265652434239392,-0.9993441616204227,-1.004318523318236,0.4041041996367633,-1.1708109332938188,0.8464141698046749,0.6424290283346108,-1.8447325869159807,0.19397387496884932,-0.47810407031626395,-0.6058478077863774,0.34396640387862776,0.8804633002399075,0.5997670064151323,-0.32078701290149597,1.593736374315602,-0.3923613368847406,-0.8707568403587248,1.065002644342102
0.8480597623353007,0.6075240254467008,0.5764007014216694,-0.24940816592103687,0.7057652012097357,-1.5491853054603462,-1.3229660615405494,0.7388561302502347,0.692715387005961,0.5261110392354724,-1.2558389270297783,0.7719567941129493,0.5950019340045768,-1.0681714573294174,-0.5652147401136607,0.17964142849581866,-1.6639260672082699,0.20151664143842243,1.0520610783094286,0.5178822702355874
-0.18449257695776786,0.25320922131703655,0.7166248882269212,1.3719431174725076,1.2939010294659967,-0.9320908039104252,-1.7951924762965303,1.2131717395910169,1.877363847653603,-1.8776525634493328,-0.050063964979549465,-0.49990219509235195,0.21098773161562598,-1.7956449392669667,-0.5953855420183785,0.330653954895825,-1.2497106886906963,-0.7263244395475972,-0.8754891761964961,-0.00799138374955814
-1.7908288292163252,-1.6629730281919166,-0.7331750893539141,0.2146649009576678,-1.28209912891939,-0.4717352508466918,1.3009565578356388,0.7196183060718632,-1.2980344761715137,-0.013090602196587914,0.7740794081870873,-3.169990969665157,0.11310125747373613,0.04135910661504508,0.9496426628092641,-0.14863459234455825,-0.550968338983434,-2.0904988085911413,-0.027871622472100736,-2.384163155332042
-0.31668759041199696,-1.038417345951215,-0.665610832012117,-0.486611571536362,0.7481363174350337,-0.9494719315385084,-0.5199622760697512,-1.3254263376907338,0.2104964260103414,-0.48889963067822295,0.7901509202027508,-1.0103574344418798,1.4173135252169824,0.07147851242011946,-0.846629743089168,1.4968414139051098,-0.3619610575004351,-1.639444298853534,0.259869073394799,-1.1526896822315436
0.7111032895678847,-0.7951168923111187,0.940007657987979,0.19317040309372752,1.271240907359127,-0.17000273362164672,-1.6628650571398327,-0.253202034563814,1.4705775263362395,-0.9523759070257902,0.6354541725209701,1.3622718061996435,-0.7455021924449275,-1.6958026266571136,-1.6911992184873434,0.6699203911695892,0.04187869978297972,-0.9888740363239995,-0.1615095576104821,-0.030404647126781214
-0.31853292873107925,-1.4036905512991733,-0.790360963931119,-0.06699545837153302,-0.049369678470898175,-0.7051704880395632,2.600214219083346,0.7814750469699954,-1.4886926039075359,0.47340165271123336,-0.31704789337569933,-0.18306470171964442,-1.4733401258680001,-0.06509184894711606,1.0559961853836033,-0.03303877565805966,0.25681927060431603,-0.813473635626084,-0.27137676800874694,0.5199345556244548
0.748464118448274,-1.3645196344330266,-0.8592063397574214,-1.0807673531354334,-0.36877345097573494,-0.17673959712339404,1.2917215200381071,-0.2679667966278179,0.757448598936793,-1.7518558585114024,-2.296992851798804,-0.11618421293409921,0.7139566710560317,2.287860937184929,1.8270268197494834,2.087328074478412,-0.009369982601165408,1.3646796327374653,-1.2056287079681844,-0.6092282099506876
0.8988202665359475,1.3692861391992475,1.1613521510716618,-0.9671709279881067,2.125924792987827,0.6355597887912756,-2.36563393621346,-0.2250964321958977,-0.8317928202899721,-1.161641115553341,1.0002615655912777,1.8321702075278756,-0.18901939254777403,-0.7233623915884623,-0.18025322864448495,0.7980671579896877,1.0477568256437895,1.023557915788843,-0.47723316961727524,1.2355088283185989
1.4905574160311756,1.8817883877209907,0.7675611775750983,0.5024591367300404,0.5398729958626165,-0.4102228976515385,0.1381468599273192,0.8756107265492412,-0.2250740786735038,0.023245187509398753,-0.4015683050289173,0.5566821130923347,-1.3730881799702475,-0.19980360758507854,0.620192395879075,-0.30168158065512973,1.1511789543674813,0.9646690103296999,-0.6071247603894302,0.8284828020251574
-2.08241705396228,0.42752526443355804,-0.6405549248249333,-0.8617293095949653,-1.1125913187401966,-0.6828495824595053,-0.5506659552100951,-0.26784136458804275,0.814963314101228,-1.560037743588687,-0.1543120477954702,-1.924377395071951,1.2892902756355762,0.013581620691232189,-0.5114378641135522,-1.1355503789239012,0.28082422398038354,-1.9675275071948248,-0.793719835437707,-0.47278368180103947
0.04467035378427817,0.08795037445012296,-0.35535412473866423,-0.788836980931979,1.117724279121396,-1.4132558024169317,-0.2352794244558558,0.501059513490905,0.0796453863005288,-1.2987535237363432,-0.6910991581293098,-0.2465715386812911,-0.42691839061025366,-0.10668428808330728,0.481224009749979,1.040301516465615,-0.31635744576094776,-0.5767631410869896,-0.01746865175302952,1.466696081437791
0.2492347048322655,-1.562564734672142,-0.08747756865514163,-0.27823054930943186,0.1841637519198398,-2.715767950183985,1.8878781109975167,-0.27546153289594616,-0.09131423803635443,0.9506649560049988,-0.9680696406799254,0.18354565966896433,2.2573687002920337,1.4361144974014988,0.8950212157110626,0.7907913856575864,-0.8557638849701267,-0.9290771605927582,-0.19726626439746403,-0.06693140302174393
1.1800833434656166,-0.9954933599149753,-1.0875883732256735,0.3831957146217464,1.35638773155468,-0.4669652304594016,-0.49156396650782275,-0.9024586104758173,-0.6627496633044858,0.6270277492712737,-0.5656781410792643,0.3126491111717294,2.1038153416505154,1.6196326663386897,0.36916759823507994,1.6967605938080446,-0.18356796223655364,1.0459200513760578,0.5473430085875293,-0.6558383258645434
-1.3305237413984385,-0.25473886121450334,0.07032450615492859,0.36166994618875054,0.42066239726167354,1.0884234296672526,-0.05610483476759439,-1.1902851555533867,0.035112253955202996,2.1967538364323733,0.05517508808408248,0.346577735264717,0.016262289129562936,-0.3671440940859372,-0.3607390562741985,-1.673874636057832,-1.2348507214016535,0.5354015371281636,1.884688632094966,1.4730617619746502
1.4726072090341331,0.20200740527103403,-1.4448157712548053,0.5593403450200164,0.4240313496180369,-1.0824136537901794,0.6226119754628322,-0.1627131078137024,-0.5002344635950712,-0.17079404099560005,-0.3222275710698756,0.3288765304781682,1.2439645512850854,-0.16911388043599102,0.8832103814979958,3.0314423943756963,-1.2364238131819862,0.9785140124005978,-0.09947447345599042,-0.5932160228794304
-0.8296946883742053,-0.38384112127925,-2.327927669702816,-0.6151103917590043,0.2383590536149435,-0.6682350470672845,-0.3128627206086149,0.026770364736235737,-0.579896942250551,-2.2941413316770785,0.15418407935421194,-1.3229837776568647,0.7799792263623393,1.1950322046607158,2.506347143429448,1.989362755495175,-0.4058852684632068,-0.4090455559388696,-0.5375374027414018,0.009099721920561037
0.08677429589254876,-2.042424105462907,-1.973738269978669,1.0011603114386858,0.890562981415762,-0.5056374556491752,-0.24807196663962647,-1.5434134397906383,0.4308246008529617,-0.2912323902266885,0.9539736633612473,-1.3144960257967726,0.5081615072808705,-0.5404983109134794,-0.8088986789738711,0.9993995851272823,0.3140965304226641,-1.241901267666996,-0.7703579457850269,-1.700931128644883
0.15189571519050168,0.571917580034888,0.8911486253202349,-0.21054142214288643,-0.17922801734262556,1.3833389486453185,-0.3263419922151923,-1.4363913353780813,0.22648952472800182,0.1606971328046326,0.5116102386464555,-0.5679260451979276,-0.09190044412050255,-0.7990627018055745,-1.8128054869202535,0.41098824258803907,0.4577517126971466,-0.06264917880224627,0.24915229023094068,1.330354689007506
0.6941414164665678,1.415216001086543,1.0336554564275722,-0.007669797076346762,-0.41918199118069976,2.739258476117985,-0.9583699111895935,-1.3891487319002542,-0.13037846150195045,0.8139394641470786,-0.12491504890787188,2.0209718610701866,-1.761188262259295,-1.179112616074201,-1.2984942332281708,-0.20691911346362288,0.4706210713176631,1.7854855241100742,1.0062206721861597,0.6744004613958307
-0.15298335404974975,-0.8864705926172188,-0.25123035745860484,0.7966144873557541,0.37837428822045166,-0.16090042858777626,-1.1372325980483224,-1.137932234720265,0.9210464072378871,0.542829920905719,-0.5149346387825161,0.25177842460265587,1.5048906217035052,1.6919380845912775,1.356779645935029,0.15408474295206978,-0.005091357789511385,0.7941863196690672,-0.1425869726713253,-0.16023990685496864
-0.10815513165652942,-0.5760253917079254,-0.9790828834959412,1.3792736685312887,-2.08666057822656,2.2392943477891265,0.9425187409692174,-1.317827893810675,0.276218041630681,-0.11265769254121406,0.7704130032106409,-0.6493419553462014,-0.18102133543136553,0.47470286332935674,0.5164693923145995,0.6258462319038388,1.5960796536244855,0.2591778854298916,-0.7061909747495932,0.31463786781892045
0.7303421629786402,-0.0042152211359100895,0.8166730951861988,-1.8878135591498786,0.31033951825036526,-0.6707594393438475,1.5151074544501535,0.42701093617766334,1.3898100116877183,-0.9673724087969755,-0.5542594922669738,0.23718919029245858,-0.9251718192466197,0.7837576491151055,0.21502355251395197,0.6714706902993987,1.1439175107529056,-0.7207830369586178,-0.8694450336968821,-1.0099600350136793
1.0823938077227584,-1.461608579613944,0.2866352950239733,0.6586406716628335,-0.7033090862124011,0.24136129955597746,0.28895226632767124,1.2353054526919187,0.19295521126193377,-1.1417796801566544,0.7480080563006479,0.6286513914256296,0.03123710115896669,0.9884750812621802,0.32722724813659476,1.4505366296235456,0.46866413211642316,1.0620934474061878,-0.5250466817206041,-0.251128120285655
-0.3675044700685198,0.47071624941339335,0.25891355766842333,-0.988641863525866,-0.0034050030657804035,0.6897496099308498,0.46016257229298957,-0.7239447966939778,-0.9098341644513872,1.1326884923594467,-0.542143695895606,-0.7579733396717264,-0.1703579263337614,0.303754155640161,-0.35080470090131777,-2.285039476838165,-0.05367464012002333,1.1887198762683175,0.5776964969462811,-0.6160354873689969
-0.16254012086513647,-1.7339451976490423,-0.33806436879572727,1.114932568663835,0.527164135317793,-0.019799381011547757,0.2820922055987257,1.5447121730666449,-0.49223731030234835,1.4615787208455977,0.14673317401421263,-0.16748375975950133,-0.5802121273798583,-0.6951958492765284,0.5523823745955886,-0.7993156455401967,-0.6126278835094379,-0.12687353345555413,0.7644985412227056,-1.9839661223987333
-0.07132655967540565,0.4015639138625863,1.8349634344076593,-0.23236648264756066,0.2714610547896084,0.04195805548722264,-0.6666825041262817,0.37858889635817217,0.5667836128196616,0.10590257642702479,0.34762000967467793,-0.8886582525769364,-0.8180604794745304,-1.042919382840906,-1.1845545306912206,-0.39438395642637813,-0.09840569711977433,-0.7706589099686852,0.28579506746769023,-0.3321475625694078
0.5039401773819866,0.5938280145081444,0.94444800963314,-1.2101410224603484,0.8141534116976241,-0.4077777430136658,-1.7006494577319136,0.29739806598471646,0.39945627092594493,2.5735457909557877,0.18654000729203066,0.04215099665294511,1.7393825501489963,0.056889473743471544,-1.1977898937698155,-1.24562125641392,-1.5320424392836207,0.6302845396683238,2.399141905162973,-0.18390001600968545
0.8771875199407386,-0.2887669342936829,-0.2367390066768055,-1.1638113576894902,-0.7799233979173716,1.9038639257055063,-2.1158049146578626,0.47516444911836747,1.9803333394141642,-0.3742056499057482,-0.5038820687671057,1.6076512942897696,-2.043439521298507,0.11147875064816429,-0.18276589221281236,-0.23659888536881218,-0.4794713676914937,2.448667571599762,-0.28103500675271503,-0.8935358140072481
0.9565157522529112,-2.5850526420902598,-0.011977444135392347,0.3943236483860489,0.5725762681509953,-0.8257982677896512,0.2056828104628794,1.1478901636356622,-0.10623688136670735,-0.21261211489790194,-0.02977521439182805,-0.9930717848036141,0.0983270991331471,0.10994047832837671,0.5899462248526909,0.9096146424378992,0.24700035862500347,0.13464530193049015,0.017620461723854255,-2.878963535648262
1.18306241625937,-0.065144197919801,0.49457639366256734,-0.2121135983261227,0.7520503127865701,-0.9177132840478585,-0.12465023487954607,0.6592316862776164,-0.2459554545843474,-0.23458290334344273,-0.7414621912547901,3.164452157553803,0.34703318626576635,1.2123627202382354,0.8529849206829394,-0.15311412893698445,0.022744442969540285,1.8173682290768332,-0.9709233347974426,-0.45389242947691233
1.5481032591823927,-1.9572911235128867,0.23688051408156854,-1.8862607321547624,0.46054485871981415,-0.22686273876088095,2.0157391368770767,-0.032135325250857695,0.3007523561857284,-0.006902907412482076,-0.6286293646234292,0.12118918752641918,0.14488818924679045,1.7015964227410807,0.6908643171454585,1.3154278339764898,0.07881841156328433,1.7826920408054148,-0.7208778868168273,-0.5028053471003155
0.151212653550635,0.0953865485835288,-1.0341008657438886,0.7662977588674749,-0.13500973337892394,1.4514260889009787,1.1133246371602212,0.8696095627309754,-1.382742886055312,-0.6414469896358063,1.241607650694797,-0.08185463178716008,-0.1291449691081977,0.8574302302141056,0.4802853497896788,-0.24835807089809084,0.9900386566299733,0.9528331961997046,-0.1412625138272709,0.9440685495817998
0.3859759961599245,0.9111886083934787,-0.2766089287123826,1.5675456227687283,1.0619654726160097,0.46114037391502233,-1.2178225524423147,-1.163111891692464,-0.03944089991588023,-0.6051498496374892,0.8288859317052243,-0.29883117668595427,0.021066167612367747,-1.0614976066266852,-0.48424074365991826,0.3158924820752875,1.052430187336604,0.23041854190147562,0.3311603246313973,1.1250248156163993
-0.40411611340380477,-1.2456212052192916,1.1322261037552728,-2.5567672458036186,-0.7789644561301106,0.2074572787519017,1.4180205370070724,-1.1538362931051946,-0.21759051460942896,-0.518643333771439,-0.9611481449054609,0.24572570538843835,-0.6787838552666867,0.7043903051538833,-1.8644706453018667,-0.950852261212134,0.6931836758973013,-0.7474833825600701,-0.855633825840913,0.6087568428590335
-0.5394967193704715,-0.782867893011127,-0.5936273222637346,-1.602810179424362,-1.4853328371002308,-0.7257235790390394,1.0462519190658834,-0.049642863381031896,1.579640639695535,-0.09561681430388791,-0.4594130312067313,0.37070283664585724,-1.277368987088799,1.299094046338743,1.2182821467207146,0.4708240495250265,1.6257078061924397,-1.70275020073496,-1.9246415072016418,-0.426156034352697
1.6186976246921292,-1.362823269275872,-0.5051228064122443,-1.2249573428556082,0.455326421036603,-0.36262854288889096,0.31477102155142017,0.9191870701204714,-0.17505565442295476,-0.120303411294151,2.0140391880749196,-0.5094639995062071,0.04874334443931968,-0.35331803588348415,-1.3728581229507593,1.7824178568311375,-1.1203947281733597,0.7253405149493516,-0.2090494068283274,-2.1353408215588665
-1.1342624459196071,0.5847309921399747,-0.9389587220637409,0.10795486923013906,-0.8901866619151609,1.336748810903018,-0.41168251931336985,1.3087196180539638,-0.5274485100868987,-0.5539786789041415,1.614332106023849,-1.981801415605014,-1.1916397514126535,-1.5549385179830164,-0.2498879284785761,-0.8742308318450415,1.1151258067216114,-2.07118737119948,1.0725865200411888,-0.20199401417823196
-1.127311034090642,1.0374626504000948,-0.11813626507062575,0.037825229632432456,0.1139467592619764,-0.20018140611437876,-1.2241941492614792,-2.063050439328113,0.706449535815316,-0.0344318277143874,-1.2893225211263475,0.6474281070585554,2.2377467494483385,-0.27010423666144984,-0.6592864801900652,-0.3838013008888324,-1.1272667736908788,0.0036567334312139236,0.9368561301244929,-0.6123995376466912
-1.881768226658114,0.39764003449949786,0.23770616962747806,-0.30421560447591955,-0.7527349577142335,-0.8988972861894431,0.054255282525170166,0.3655646987270345,1.1023612666229168,0.8884732018688264,-1.17647785994047,0.5093125152500335,-1.0778744343097382,0.4839988696252402,1.4108637305710348,-2.4175338258532664,-0.08447568265314705,-0.9325864261625403,0.1569841157958214,-0.38366821648739546
-1.9728742860426352,-0.7051616818425597,-0.9000126126455648,-1.7334897526360855,-1.2308473714116193,1.0736861592843354,0.04809663382528008,-1.5684631820279145,0.7793631223903288,-2.1463955038016858,0.6912270648051199,-0.9371929229964981,0.7911609099677915,1.2393498960302267,-0.4804264637672994,0.014101344057830504,1.1473886014233077,-1.8364014467957837,-1.4984522484657712,0.4495265818411061
1.2785631036062797,0.8235591944722984,2.092282627592031,-0.45957159479503257,-0.3584800708269865,0.0701545922858868,-0.6054058940892537,0.6937564294993154,2.347152756602123,-0.8683139312151652,-1.1459797499751538,0.27221966679319065,0.15372453126803184,1.3341490518237065,-0.27271037029707024,0.7908316475881186,-0.9008819573794726,2.0193381691785235,-0.1945003959994928,-1.5586297949101244
-0.006151990682187158,1.9616813431387727,-0.1738155082679753,-0.6801733084964863,0.32691118654724527,0.9265391335638055,-0.5248560812278218,-2.358414678561918,-1.5420259651506343,0.04100817477023968,1.1236772794067782,-0.2907148810538791,0.7886564445581741,-0.11645701433164325,-1.2593715605420264,1.6644179442821556,0.1745679043172562,-0.4676903459324654,1.1586716108896122,1.9524827922921886
0.11385165460221691,0.3471454994373227,1.0833773302190426,-0.4922637664370612,0.052790608363520584,-1.6264786900144879,-0.4249935207137703,0.6070171600310273,1.2220177544254622,-0.6924790261251108,-0.46841614780904733,0.13891597513289733,0.7990292179912853,0.5053808073770094,-0.4461912471609081,0.5171993113257078,-0.9955975020001896,-0.621495808728882,-0.2595813954581825,0.22631533340069807
1.4191988765502892,-1.105769859247906,-0.03222423031813052,2.9629862371382703,-1.2152676850505766,0.8314253528790186,0.6539527661234632,2.169314858457884,0.6620485482244514,0.11796076999205996,-0.13277306943824035,-0.19904816227234978,-1.84462411666313,-0.43885870284160816,0.25041928008383807,-0.31816426210541415,0.6830391951038379,1.1736816129298395,0.2584023951740488,-1.624531165970888
-1.5103886752397677,-0.2571702082167775,0.24510091846311724,-0.3547820961444574,-0.6833031201626252,0.19136319079278924,0.6788070194580735,-0.08144976234642806,0.054266501603390215,1.0664802051252857,-2.7125878022373637,0.16773665684562233,-1.6465092853951686,0.6907830270871812,1.511195995380787,-1.7210417969018235,1.2170352352315106,-0.7726286523535032,0.17038937408915109,-0.1288860009366264
0.14103385940383933,-0.8226527382014388,-1.7021019410215645,-1.1593784480446563,-0.7570358901975266,-0.2700497292368238,0.7069621170496936,1.7084039327257399,0.2827629477902853,-1.5581720821274068,0.7665660224719878,0.05288721557837761,-0.4564797864852193,0.31116365784024363,0.46073750109817946,0.8661604022343005,0.5625159811413595,-0.6064951899089788,-1.182064707059821,-0.39705556468699504
-0.3222608712738459,-1.1045847230136572,-0.6232937366601436,0.6093677965568732,-0.10615606156511045,0.05856004148819617,-0.632861055421611,0.7010861107548259,-0.5344059736214308,0.28279874724128273,-0.7412949246551965,0.03366881402673813,-0.951782117856389,-0.07118785963217887,0.1574023541812088,-0.730687307083031,0.6653677348247101,-1.0366242344183982,0.13395502906233003,-1.971250038268814
-0.6814175747399644,0.6340030022864144,1.1096327677283722,-0.40825159286808227,2.8353207747414366,-0.31143513719024435,-3.3317401098452297,0.1345615788059922,-1.9129974985603797,1.5027821049098473,1.6788250827501672,0.18500153314915713,1.7108254269143524,-1.4747775200289939,-1.7563868899239312,-1.951085453890809,-1.6337095706326288,-0.12348319919549886,3.1357304589155226,-0.03802526405838815
-0.1353807837354327,0.16698281168974638,0.0019425893539393446,0.06519330266505986,-1.2720965900969903,0.299459548037779,0.3926925136602635,-0.09702877750540827,0.9623315375708851,-0.7138032234469065,-1.9411864993575458,-1.0747929714198479,0.043062329630997105,0.95733453126381,1.3510382795085774,0.5547482546552421,1.4276310257701443,-0.5071740196885053,-1.3797651887689977,-0.5596507126146769
-1.144975404847773,1.6863250322545653,2.4731114533840017,-1.932346910753269,1.2572848675073254,-0.48612836228349376,-0.6025054174539715,-1.298623397489161,-0.6515776316455774,0.831443224209383,-1.9934936708029436,0.8560457957894655,-0.7092110595613242,-1.760586849355603,-1.06785850572751,-1.5731952969352185,-1.237336470280921,-0.19673655138986693,0.9936924253390903,1.3618695544316324
0.3685203769320031,-0.6010819455069364,0.35375599020631615,-1.2835956341669759,-1.073979301107045,-0.0014761690175316337,0.06353082625820065,-0.2700991716580365,0.6316848252816446,0.46339106767447147,0.06517919452860835,-0.4673661388394696,-0.7980333298089927,0.19361395211906113,-0.5279220658941999,0.6682005577493256,-0.38504609604976414,0.07814002067384752,-0.5175281483558695,-0.29157527589739096
-0.9514584045012964,-0.7872045994308813,2.0868655365024584,-0.38944948706853655,1.4771404473555578,-0.09138507521860244,-1.4298442376759073,0.05938510099352308,0.12089120671586283,-0.04585500331363103,0.6286039179397778,1.0469472700359648,-0.5753282361120006,-0.1245464227574406,-0.36974842048534057,-0.3249433927630337,-0.028122169706242307,-0.37460268495397536,-0.6183952298263525,1.1641888157133697
-0.9593576634842313,1.1292132461861681,0.4954814449358422,0.21997674204073164,0.4262937972781448,-1.5320163789486954,-0.5894722890045593,0.8686378800454588,-2.274733408169257,1.6492967512954193,0.27595007131028393,0.9352691797530399,0.15391910584350818,-1.0097805731030398,1.059709094660389,-0.40187762312554676,-0.9652151472293394,-0.8728300343675669,0.6518788969318786,2.7487363957874984
1.3896435482496217,1.5053272168970069,-0.3764414912118571,0.1354297336975585,0.6540270666836456,-1.84774299114551,-0.1633418320230845,0.5466977445434064,0.2594074626227225,-0.19718366035561238,-1.0349114147664005,0.3671202296933122,0.687052485334574,0.14384090611760156,0.22896221828329436,0.49396444807048345,-0.7750696231119386,1.1778348313025095,-1.0667993010567387,0.3111841063783129
0.3905741641974454,0.527564555726701,0.6140441386304563,0.6224182929025516,0.15063631846543685,-0.2133937898648842,-1.0606092234288949,0.9771189656430797,1.2488754094042196,-1.4160293630959024,1.5285838546003243,0.30341286392518696,0.24004026775977755,-0.2707719636115877,-0.5363469169419823,-4.480947652062786e-05,0.18974310493101743,-0.4491359464497249,-1.6213191678820802,0.5317133651511804
-0.5903681023517563,0.381381253761374,-0.9308721318225606,1.1368914858879293,-1.5491895827695314,0.420920183596525,0.5256969280871352,0.7825917031604205,-0.41043407076503285,0.3378306999361316,0.8103332420773989,-0.5416823322850235,-0.3999594669309158,0.5472670010711987,1.5575753636812986,0.6552766389913799,0.20631419357058084,-0.47055527793128993,0.48206929338438576,-0.2312530670196182
-0.3077052136142775,0.98182186530112,0.06925757561931091,0.20733632367292892,-1.8346850780196244,-0.2751695877064951,1.006767530285159,1.6628253581601553,0.8282669371929413,-0.5614609281537017,-0.9372931373037218,-0.45966478391044185,-1.351014587687617,0.5524321149876364,1.3878783753734385,0.46937681857816216,0.25886397122737076,-0.787059479677265,-1.252559472640612,-0.8961665334190393
-1.485902728241086,-1.5639978567128296,-0.4140544568812031,0.8487911864616142,-0.3985093359144857,-2.762923234072691,-0.6477912664889965,0.8603976609337742,2.2572227323506504,0.5384977917802676,-1.4661826515957723,-1.0555228402843635,0.1325968953908078,-0.15230918585890488,0.8131101306186804,-0.8939264632498642,-1.5006230568791061,-2.2278256637714757,-0.11665593949714408,-1.5903209729968053
-0.12124646212868802,1.3405113164799904,2.0853426022208734,-0.8245845592585073,-0.46921400009257525,-0.364806305620065,1.2032204486293805,0.3491982354018258,-1.6259614004047744,0.17396821814515337,-1.1218986673438942,-0.4364641032294084,-0.8359179532038454,-0.19933249401890138,0.08356759266803929,-0.8230126682104156,0.8541584916532201,-0.4993386995488053,0.5879347728382718,0.30991612328351326
-0.020869920145689468,-0.6848595251005022,0.1967356146002111,-0.08922814421962014,0.8571616624888568,-0.3897386118813589,-0.5126877907663125,1.7602919373622443,-1.0778432874771016,-0.20361441846950107,-0.8403030039807041,0.8930862725461911,-0.12237196111218326,-0.192990737595758,1.0026504465947352,0.5472239033824681,0.11380864085397248,-0.25105853882226564,1.0163013859105914,-1.1561080740852454
-0.1308023137810698,-1.0908459023178663,-2.3832904092638842,-0.026840004550398245,-0.6035140233595371,0.7575951555324802,-0.5379509879234354,0.49629818438525347,0.6265705949633287,-1.0123829643541893,1.0701665913281548,-1.0929331510334575,0.8404622782891443,-0.04025151332480211,-0.7696908232284514,-0.29636502927645936,-0.7201089804481063,0.15133777561136533,-0.347237900368114,-1.7959186079103817
-0.6619504935778485,0.5894452883850961,0.47755180115819845,-1.4452467418523238,-0.9990636120663852,0.8415234132838644,-0.2928119568325734,-0.41974573533058984,-0.2628441547942126,-0.9558921484748899,0.2203365668326003,-0.43147293613860777,0.016852590405796557,-0.951525443550116,-1.3129585615961719,-1.0920982159881947,0.08549126753676685,-0.5820436242433334,0.2072943954114613,-0.061693733517658694
-1.9618858092864657,0.13423160265791262,0.48875490162557755,0.3197470312875229,-0.7509546736030568,-0.3778349113437816,0.8305893461067696,-1.3042152155892768,0.6387591249280311,1.6131134348819978,-0.37430615566868286,-0.2256447713987578,-0.06581282196184556,0.9784735614363699,1.040799828532294,-2.68976970346729,-0.16416206679663053,-0.12406170984335463,0.4726409068129866,-0.5363213842721848
-0.9132115134910389,-0.19029656997799285,0.19066072005595933,1.162142361505852,-2.27306845363696,1.4563195277267944,-0.7374698488800401,0.3709267441346128,-0.5826732081503325,-0.2511727087043689,-0.18126407565035882,0.10072729638272401,0.7748862601815375,0.8942413738041253,1.1296775585247258,-0.7599509195409113,-0.18289748942149917,0.8700697517015364,0.23860567362341234,-0.25666499722207103
-1.3448424960098662,1.1832881333775307,0.41717847948342446,0.30477230314933357,0.5544839672198165,0.37068587648038864,-0.252865597909198,-1.3883934567607743,-1.0765503324966665,2.2045663004500757,0.1543508090423325,-0.46043434589230114,-0.0840354983910594,-0.4972514248773192,0.0010201954351151347,-0.9736043457382052,-0.3499678005604303,-0.3414881723713504,1.6830360313338666,1.6749368164415812
0.4743033750865877,2.0887242729660844,1.8596174308831406,-0.8148306689050222,0.8064760540526875,-1.312506740994965,-1.0917422572962237,1.5601403577795105,-0.0191478922725368,0.4522368064255571,-2.6087425232537758,2.4910408227514735,-0.823628739300798,-0.3239004268519745,1.0512191162461444,-0.611198875487717,-0.058280868857857736,0.08064717158076926,0.8012821795515825,-0.044355904175754496
0.06300875282573055,-0.45994447354420936,0.22802208807290922,-0.8774802803876863,0.7208836616738802,1.0091099273628998,-0.44283144184427126,-0.6925622792095413,-0.9396196239311725,-1.0615233674326667,-1.835868526086406,0.7789127737199517,-1.2146612796402803,0.7341594171660918,0.4059606616231327,0.42902445196149785,1.2972915042590571,0.6707130166715232,-0.6192621715216577,-0.19491725960525141
-0.35598105742638847,2.000808938165186,0.9959388638242953,0.9576320454629105,0.21981712182035176,1.1334184848138045,0.08172163320586172,-2.331154629253309,-1.033789612192218,-0.731701502188397,-0.49995858967576656,-0.5822106953759576,1.056773625991471,-0.5872959872812983,-0.6635956915503187,0.6566603318087417,0.7247497178063256,-0.032338585697578796,0.36103161317800586,1.8614341773030953
-0.5519507962101595,-0.009126477314677231,-0.5097262973474616,1.7356221120627249,-1.4713737017568302,-0.5086164704008452,0.1987385420310171,1.056258868402061,0.8456720740715707,0.8774257016463239,1.4548735996102247,-0.8684769218972986,-0.497161681984322,-1.2664564413334638,0.5872169675109962,-0.5788044836478067,-1.4396452605526264,-0.570484236489457,0.41827806115240834,-1.3396689632706609
1.8656748288938447,-0.3818635550435637,-1.3887770869748053,1.1638230334055404,0.7662808583061296,-0.6584179910565037,0.6631170374442928,0.2747008774897767,-0.16905823927147004,1.5179468967605538,0.9464634190968473,-0.5272895287041447,1.408246463331805,0.5618687968678931,-1.083508339047523,-0.7865597552752468,0.5223055051315568,0.9455035457508806,-0.45166166106817435,0.896500006500058
0.7886998104639613,0.8140669030281767,0.9141588877260051,-1.1524432913620533,0.3821389505647307,-0.3142219011412142,-0.030529268624517363,-0.6289559406014579,1.3577990922364482,0.8179471470141648,-0.8536022252226418,1.9070273613800073,-0.7293461171930254,0.5229083419417749,0.14609351784707975,-0.43321182744527004,0.6650718320847924,0.7286001421531726,0.08337459732648497,-0.6412904832002719
0.3412935950592452,2.0703711475530984,-0.1539584979848047,-0.19772940894389718,0.18896546860593616,-2.1972562223870953,-0.4277407202287392,0.0448863941144511,0.1998516070012365,1.6887320860882467,0.4331812338999568,0.30791697024566966,1.6629463896481624,0.5812887103656429,0.3180360300500823,0.27865114523532086,-1.8333182817140339,0.08546024088563813,0.8848039748382243,0.3555249016714644
-0.992317090766675,-1.8129527891836263,0.07742902164443413,-0.3107508986819585,-1.8210943500982506,1.2446268802967193,0.6268676629100431,-0.4589381304769299,0.5843951626504765,0.9938781929884942,-0.32245363786562814,0.4132568511291824,-0.09970293369951055,0.273104529722381,-0.4468408314119842,0.46605669580831405,-2.251962889736761,0.10630433377023914,1.3575653585931502,-2.756864278331356
0.21356473628216685,-0.4482090073668983,0.5499098700079308,1.182385305927868,0.3787435791465373,0.7133359072003052,0.579898887371966,0.2326678706225409,-0.17862706745560353,-0.5234921122320482,-0.8160233681420499,0.5913595183295067,-1.8638930815723953,-0.058818300210565826,1.1375751613261442,1.2078008392637982,1.5779731891814033,-0.2952211214299776,-0.7954217894010299,-0.7253912211546416
1.6628494992507217,-0.5019222596301363,-0.8958713776991771,0.20054414467389672,1.3642407750091645,-1.1889461287777796,0.9590005384319409,1.0653080699396233,-0.01632057567144679,-0.6148378232312613,1.2913179807757211,0.6139497610265484,0.4069214661209063,-0.47787547881534953,-0.9872372271884844,0.33095972792228967,0.3883020190268204,0.5909267686878383,-0.6807192784160148,-0.11975923120032186
0.33888377749679016,-0.7580031583079023,-0.06834759569202976,-0.3490825100359228,0.16763974279505603,0.186338429009373,0.4208781872801139,0.9048987431488331,-1.5399443732841174,0.2728712476989667,0.7977015161023087,0.653466885313897,0.11365115412853768,-0.9186550718634614,-0.6862749176599584,0.8522591113272248,-1.1058888194223804,0.2101207718429127,0.9011187481435075,-0.6844485772157493
0.42610249753902535,0.6830257264574728,-0.08854644231937829,0.23308709155387705,0.8889651939782993,0.6111782832228526,0.061380253723624274,-0.2208067741117623,0.603420228800579,-0.8090043045643963,-0.005100408093169576,1.1488058255132934,-1.0739695158182918,-0.8579355278547293,-0.8683311339903872,0.2866760142168262,1.1644563420896423,0.3034371489177865,-0.3479181900878489,0.07516750907616801
0.9507509106452939,-1.8282862685781942,-1.628317271499095,-0.21967824102687145,-1.2044748456156609,0.1385061473487683,0.17909673028340892,0.3832002598615035,2.361758001045847,-0.6928428863978204,-0.3583789321399155,-0.2561745071320409,-0.3552623641829255,2.258129339874422,0.7107725147079088,-0.9207778896801538,0.051348491339548163,1.948295241206341,-1.1911957853728568,0.18060028752249632
-0.5081366679396989,0.03552561070655431,-2.017413443372423,0.9082118428330658,-0.7529809322085705,1.1984210324491409,0.42234452372150927,-1.586399801428052,-0.1439723978486172,-0.5384702200089884,0.31987612734769494,0.1408951360538191,0.702027735929845,1.4676417851358967,1.4615008467088493,1.6816535234722267,2.031189156550453,-0.407627231019813,-1.0814356784894714,1.2236602463303172
0.20405479721783562,0.28603899916730413,-0.4714786905919653,0.8494191059309143,0.7530701013931291,1.1811980145156264,-1.540297911835273,-0.13542394634050609,1.01762210216577,-0.9387512789176472,3.3905592037426198,0.13679424989585567,0.37436681830348045,-0.9037081137980633,-1.8208755870302853,0.24408280582558528,0.5022580190892667,0.1438759189952994,0.15210332494451892,1.2736203685572653
-0.12636144186913803,1.5395704208391778,-0.4663041818121202,-0.19983138437469236,1.9489176602483682,-1.3401253128159185,-1.9722899538429297,0.98261037338141,-0.20119895356751683,-0.55721826622781,0.05503600010942527,0.9617656987760319,1.3294282092269054,0.16013117842075267,1.931055528552288,-0.36097605908222086,-1.0018572606096272,0.1525139016669619,0.8469369609266204,0.7615707451910162
-1.95140579786315,0.5176683863018042,0.31951679477123945,-0.5054791163915359,-0.5937902438723961,-0.8306176880492153,-0.2423093541551241,0.5963376370189541,0.5020030950360386,0.2061843809216822,-0.07772518284317154,-0.6852665050492166,0.4380039167118685,-1.1941666608223116,0.7123693066923702,0.17065580441513548,-3.0675915129219224,-1.2778977825084592,1.426313016267544,-0.7624073270846886
-0.4842504101590092,-1.3471022909497357,-1.3297137246814315,2.0124833398550357,-0.9123831898687972,-0.8625211864647274,1.2586929134408549,0.24195259283457368,0.9197310233451096,0.18247921855806334,1.0020013776591061,-2.2908712507223115,1.4633373880794889,-0.03650793398921214,-0.02832233752518614,0.038437521320130154,-0.08482544100661547,-1.2233838713329386,-0.417219361719404,-1.612749343762806
-1.0995287035977526,-0.8735367252909197,-0.7625843477271808,0.23608724101924705,-0.741618223386758,-1.6004589743348476,2.2303548213209647,0.7628943538708122,0.336637768024028,0.6884074005409401,0.43500990918386495,-1.0511059539466854,0.6281233758097559,1.1099720533063124,1.799083761380722,-0.4402810198542797,-0.4224149127981773,-1.281344509764536,-0.801896600330194,-1.2172947850892946
-1.2574549450607488,0.2968454336258196,0.6222235260322051,-0.5371039229641527,-0.4881270964968798,2.6247972222220004,-0.6699071970188846,-0.08707434925802283,-1.8223119716461997,0.24770625620322115,0.5371038320926419,1.3753590614102216,-2.4815115452359224,-2.23478077628958,-0.15875813379729262,-1.1101642830565648,0.3639917723494885,-0.05991044655536259,1.8597527680975277,0.029657781588057437
-0.6708112755493083,0.035406869870544255,0.7321595793788114,0.16708461777050407,0.3665473306321457,-0.15402141517620369,-0.41135845771879176,-1.622815101474489,1.200643937696619,0.28996441692681946,-0.3911339067755415,0.9569303098966081,-0.34382462268772623,-0.2835924992700311,0.009891121041754825,-0.9706598370593478,1.195031308545975,-0.9298445561717585,-0.7464266034397844,1.4060388957701146
0.9961962759777422,1.8421420729640494,1.1825243999435613,-0.7418938440417698,1.4708422845329283,0.13533729563748825,-1.4362248351125653,0.014101731422506043,-0.38249856441731966,0.5713719053777581,-0.34599116591604145,2.2785756148569685,0.30319222723115136,-0.8141496483581745,-0.9621703576473883,-0.049027081044589464,-0.6757851312215455,1.3571278336846884,1.1650862102263149,-0.12823964212375422
-0.7098380082227776,0.14117292562236455,0.36941325080977944,0.3115358734076685,-0.5421264146785462,1.3237973513530434,-1.0757669252557394,-0.1941544016163216,1.2638742945659467,1.8495690510137937,0.2543414607819613,0.8349274522588515,-0.8942778872523167,-0.3480044478378161,-0.6425879226023188,-0.8469045241851376,-0.42086271592049884,-0.04024947078281527,1.568146401954407,-0.4948394427107941
-0.3770538000682351,1.227748762754933,-0.18942620688230577,0.036138712713592584,1.2018382922352473,-0.23063150320504822,-0.7262156002347905,-1.1060466731064293,-0.3557953497197083,1.0336591543610387,-0.3539267025119905,-0.27699697813583957,0.6138686787354636,-0.4615672140773122,-0.35564257032577895,0.6448377359128207,-0.6427691188744575,-0.46943648941026395,0.9888595568702158,0.21018993287661875
-1.6742931092859743,0.5477719601661586,-0.18238365014168445,0.5601574108868977,-0.6798742393546773,2.1470784432290806,-0.5518683178838623,-1.912145298451438,0.5320200114952635,-0.9198698598405392,0.5862457923058864,-0.9051771242495528,-0.06818588605449707,1.7678560441126592,0.5237673811331696,-2.219962507972777,1.1448908250148033,1.2262774208676104,-0.7648604611249117,2.2034905314939732
-1.4685714364815758,1.1615425756041788,-0.07014034666622974,0.8502004851863404,-0.1984897099730305,-0.03215894230325786,-0.9988827492560116,-1.6657413081878338,0.9673257487079389,0.5270551551319921,0.06370564395559705,0.4243005394115358,-0.35318293201081025,-0.9160764118386202,1.109876099125419,-0.5628879774051999,0.143231660089072,-1.012074022141408,-0.21090401573671233,0.5846857789607722
1.3541821586300749,-0.22196657113367393,-0.2979365719842741,1.2160471685023113,-1.4626962722293353,0.4451342220208436,0.843277325558885,1.5407242569240005,2.035314160091904,-1.7926831359026507,2.021855194743579,0.024941226977197063,-0.9910981766294786,-0.08989400263488978,-0.5516181680420883,-0.24808037392196092,0.36740958906276944,1.1026327163761622,-2.3224721530329417,1.730925999018885
-0.1405324310690235,-1.4494124218293651,-0.4967994947548519,-0.003560829090548201,-0.5674958011494564,-0.033368707281123754,1.3223474233979002,0.22579422942311833,-0.5900559238017299,-0.37201593787002507,0.6817217705247915,-0.5857981203623179,0.1751258240952938,0.11188416757272747,-0.17375704131620706,0.03407349110045884,1.2826863513150628,-1.2261394910042436,-1.1565820424575712,-1.8634936909033564
-1.3919928903464955,-0.8089201236149279,-2.1398667045418525,0.07538907235388083,-0.6947610389757296,-1.216218629736307,-0.10491793150757737,0.6571325740332514,1.0031595257212422,-0.24350853020653948,-0.4734043849005599,-0.2265328261434708,-0.6293333375254349,1.161399487236836,2.2529953255297728,-1.0524256167282589,0.19564801118293426,-0.6273143559401066,-1.8505546877554684,-0.9116418274331342
0.46473927603409965,-0.68280803169064,-1.1553701374662966,0.6773689217570212,-0.4378470236367712,1.1334798432906918,0.5984467628428806,-0.31015994954661186,-0.7735011780451213,0.09710139130990984,0.6841851541750438,0.5106201225868241,-0.9794119068618037,-1.6331430746007767,-0.302863064155942,1.543733858500524,0.24045597937376648,-0.24849940551317815,0.6802848599059977,-0.14071541125967063
-0.39361282079443277,1.7754954259707427,0.7662605660588151,-1.268083175768946,-1.0044215464111599,-0.00012770730937002297,0.2173915768625483,0.4586244073438775,-0.1918923622881708,0.3463693169516621,-0.37465596594849837,0.5430314130943359,-1.1698107139061864,-0.17363046682414876,-0.40172071814405846,-0.20338272954011208,0.11417069335801695,-0.4902529950053485,0.14759427195049854,0.35900878122760344
1.6113620209181534,-0.7429216983703375,-1.1764918293320468,0.16372570053499144,-1.6542127941709346,-0.5609788041462729,1.264121213158517,2.1473268941935717,0.044999831590812535,0.6952210162337635,0.04546982071934938,-1.1064378449130596,-0.7453698387918095,0.38098742483494014,-0.2120754945547048,0.10445151411120288,-0.049544133792001906,0.6209842426283617,-0.3172856233202463,-0.9996103773558472
0.5277972080951496,0.1241254038301024,-0.08811915568602455,0.18466256052464566,0.8092382660705192,-0.7226860981272593,-0.7358950467955456,0.5302515958912546,1.5839833017530645,-0.45191850772660785,0.621361330068092,0.2913604326001226,-0.2522268441220329,-0.7302434591801578,-0.04669507475391709,0.003955839219217927,-0.41695101572989773,0.20043537975892728,-1.1861312316181,-0.43648915210117156
1.3321763864160767,-0.22180164086226567,-0.3590019431042367,-0.4983082460625231,1.0940499124282663,0.525345995312765,-0.8911832712215143,0.048975612618753016,-1.805969794474508,-0.4362119198964756,0.680501372268141,-0.04043563676328855,0.12727558361995805,1.3381832914548197,0.5782439069059695,1.4510692728026462,1.5014091101968963,0.9650067703656249,-0.09425649752876303,-0.4145591375208206
-0.13676860145383302,-0.8304720889926249,0.27603756732475404,-0.6103674875337022,-0.11288893312190787,-0.22950798531066913,1.1157739903252364,0.3151356316296974,-1.488346008901883,1.018555368542236,-0.7838394651201482,1.4771881398161095,-0.8964730104078745,0.1750829429319269,0.2816914550769427,-0.19281990575555016,-0.03377107741681038,-0.4910396183149058,0.5934930441670574,0.4012639553565304
1.0426996809421054,0.831650862806717,0.6708267408180355,-0.9359998324886155,0.4495403487424139,0.46286702039365907,-2.5267985897119707,1.06424808841514,-0.8161050352601212,-0.08988828564198188,0.8244192346646099,2.032067184045645,-0.43613940338674245,-1.5410659192033216,-2.292649661136892,-1.513862990510191,0.493222144225278,0.4150717724510999,0.06677674878986367,-0.6625285960485156
0.8264225889992206,2.1445121423692117,1.6930147669695614,-1.598221722251078,1.2979922787307034,-0.17649494151993578,-0.6974388434364784,-0.661483731008604,0.9474468308220663,-1.0670828363931386,-0.6037925783594058,0.924330895478235,-0.3594598796071227,0.051835017018143456,-0.9724891780960411,-0.10821085675983555,0.5534644664612391,0.7132319474693519,-0.512986194219122,1.3603774700633309
1.1918640777845755,-1.1588596099458213,0.07240342085674605,-1.4050418736428365,-0.6369161207761977,1.0529379235111205,1.151482639452108,0.20788356883323145,-0.7644393321963553,-0.2807155048357393,0.8683087534186508,-0.00416280343719801,-0.694150407343097,0.12841941306407545,-1.1536575765211077,0.7164014533116183,1.1923493512839176,0.02330226920167023,0.09251394072473132,0.32772786086135114
1.2738134736678035,-0.1212137238859929,-0.11912817127846059,0.5393519846838629,0.5335042349080338,-0.42048025857524346,0.30899125649429526,0.89943108003283,0.4904459400789963,-0.66803360297367,-1.2090027370425775,-0.10924410867636952,-0.6929906016666163,0.6054639558521993,0.8079907417134928,1.220133512865257,0.6244301075381171,0.4906032420670273,-0.39905435855699517,0.9120964754069911
0.8465393121440836,0.4165323615101185,1.2428316265260493,-0.7286851013811202,1.337076772307071,-0.15051154883510068,0.3822144581274153,-1.4143744523790296,-0.9965886554365537,0.7984738294015932,-0.7803279749082019,0.007655275321829216,0.8856816220568745,-1.411980136147895,-2.587781919780264,0.13903018675724538,-1.7253894936648666,0.3874391824433061,2.3261303670533446,-0.7368039228436615
-0.46031249719062095,-1.270698727670369,-1.566320496451371,-0.3369001037814071,0.24150951588202163,-0.5013849163366288,0.46021286079985113,-1.3730104558708849,1.3654461105967373,-1.0311025035144108,-0.27071016938481685,0.02110182443433264,2.012946769214764,2.283952337760059,1.0309191589313413,0.38630564897426833,0.48547292029590466,0.05444961429065604,-1.597392003068348,0.13236930154635318
-0.073646831018558,0.40054734610602755,-0.5174016548113598,1.524256143823391,-1.4313958659178623,0.07715797171693214,0.9760905565332086,-0.8465306524516268,0.9287641171533129,-1.2108633188348992,-1.0660115874372662,-1.0494550053483072,0.5412354428005484,-0.6381243655611146,-0.2072554829279712,0.7059905613901469,-0.5919613760227073,-0.09116778951615463,-0.27885563020716037,-0.3993994923282011
0.5675128490785571,-0.8164370526779396,-0.487814276738726,-0.9769848256597621,-0.8893536516165343,0.44408199690724665,-0.23619105784722982,-0.2724913721344441,1.1417262546236129,-1.238888793329149,-0.6544086841962286,1.0117416222644129,0.7024003165909346,1.7045742323752318,-0.39674049904672914,0.33858407030601867,0.791473026389194,1.0346158620719774,-2.764346619590228,1.299940933777257
-1.1143163540025154,0.9184102825138191,0.6800304735988695,-0.07499632896703137,-1.0686915126814416,0.9529366273358362,1.4474459394044052,-0.48375257139591726,-0.22132206527413878,1.480246486583022,0.08164149633785625,-0.7244613485991163,-1.0514312668378325,-1.22495059981006,0.07061947898753287,-0.6835032132010369,-0.4994939758295118,-1.0362365771690722,1.2097933488384705,0.04759858356499363
0.21541755835962798,-0.855721535573155,0.30566910536411224,0.3946172699464739,-0.6448338512543965,2.736990505716831,-0.7396535542305159,-1.0247798914376731,0.9728782328175853,-1.042932385526037,2.5767172785354133,0.6479239428492835,-1.1934153686275117,-0.47475207747520776,-2.5751687286239298,0.5846218488215753,0.9264582399500557,0.23303175684076516,-0.7303073238291019,0.27475654412411965
-1.4196054837859615,1.563081060960805,0.20604620733326237,0.3685501428989878,-0.4759944900150392,0.24435259294347436,-0.864033233848226,-1.1217622209888263,0.9247476008096666,0.16343854908462827,0.45954901356266303,-0.29200491416643615,1.5185020855375593,0.1940466015309372,0.3357642324960533,-0.9411803797854298,-0.8877710711385379,-0.19935847886721247,-0.5450930453586372,0.49437168598998704
1.992020373836383,0.6128026229655874,0.5297740882433144,-1.6573384685125059,-0.7568945858272667,-0.011098288438332297,1.338497929326642,0.9962860756803229,0.171804716506568,-0.23115343007754846,-0.13434510265133232,0.7682964244510175,-0.6135492516358668,-0.047348210795390686,-1.4871448264725142,0.307708776737403,0.8894253615567222,0.6030784623818014,-0.9695828514285063,0.5346534477378964
3.586378379337808,-0.10760799124134288,-1.3240402138705532,1.3322409752069,1.926332288043242,-1.5917303060247874,-0.05769961269194882,1.9437827766753282,-0.9770647550032112,0.5464468782174493,1.1001091450463152,1.088003477189574,1.5209944530384665,-0.6327689752901101,-0.08536803167286838,2.3056540591079635,-1.640213750143599,2.8855076711856267,-0.6603407229200301,1.2470656837427248
-1.3774372849250567,1.3791479382837024,-0.14504281127966237,-1.3756114737401388,0.8773739235834678,-0.6996087353785924,-0.2542761230976246,0.4245343529391339,0.03792808382223716,-1.388531886393104,0.2232183835920485,-1.055288686624339,-0.04931968265690614,-0.8473349452775474,0.24613814761288447,-0.8034181739188496,-1.326631822274204,-0.5411750738632928,0.5880013412443805,0.3304408664044886
-0.8806363827427169,0.5950565764025094,0.16899676609487616,1.2179053229341552,-0.2970836132082595,0.7737593560980791,0.12729047703692767,0.2514393867785355,-1.3912814806259453,1.5063756572962943,-0.41527558585882396,1.3325815744440395,0.30501563497897555,-1.467566613639481,0.1263152371316708,-0.3949726984153558,-1.6003830119264133,0.008529190441277213,2.1251729837277713,0.1509731703158528
