X1,X2,X3,X4,X5,X6,X7,X8,X9,X10,X11,X12,X13,X14,X15,X16,X17,X18,X19,X20
-0.7095716142961157,0.37029272422174464,-4.287474945309256e-05,0.9198993351836143,0.26802567860099724,-0.5824473673400539,0.5990884367017317,0.08131395726759208,0.12302269059980946,0.5368438355081846,0.4583126746175393,-0.13865057537981676,0.9282638551944398,1.726211057358629,0.1009468436422342,-0.660461081557885,1.4147962758647386,-0.9875994668726207,-1.063620335307059,0.4483481819028976
0.1281081112705598,-0.3115560438422067,0.2507751203209837,0.4808106235205164,2.0427709263196285,-0.1315923807320434,0.6450636194570882,0.6292811160689874,-0.05762224842869253,-1.5214316903901597,0.20907807561157746,0.10490807763305683,1.492082390549127,-0.2646099586099085,-0.2576276315846755,0.04775517894989183,1.2420583659378026,0.5492997413410929,-0.6301120779893944,0.6400736006365353
-0.23123409541639797,-0.0738959253285272,-1.4207842670888116,0.3698852412582699,0.35859241566925293,-0.33981534635522964,0.7194997175840051,0.5558726987635589,0.02517033795265228,0.18100752955628538,-0.2901034594701902,1.0118658501036957,0.04303668441972616,1.2233929148009073,0.3605374268117157,0.0666055334291867,1.8178482729306238,-0.48122422874766163,0.2462940288001347,2.83792104877594
-0.5458053150292884,-0.6051352594771473,0.11483678601037907,0.5061590891898736,-0.7869266644838812,-0.020015971050665576,1.0452838971068235,1.1699666430705156,-1.4201088674959286,0.6814102154808551,-1.1292583781338328,-1.4784587598711072,0.9131006401230959,0.24654794349265624,1.10557604412163,-0.16362574810449543,1.3926640516060746,0.47319390668508815,-0.10025763461232996,0.573856553314711
-1.2308954308434545,-0.5779160600994243,-1.027735888389744,-2.1961407992966704,-0.04351921269616435,-1.0689370631363595,-0.6499065207901367,0.7684717549004909,-1.7283216993891026,-1.220420734037432,-1.6620102376738046,-0.6808553418286252,3.111051840564034,2.795519877709113,0.6797514109384732,-1.788089090964296,-0.46615108045961234,-0.7883976975504812,-0.5505175162408047,0.8798156276459231
0.055430612426364025,1.0296408832276878,-0.0479661341282687,0.11311669145564214,-0.31529907668939383,1.1294946886363566,-1.811597817366651,0.7255733395501008,-1.9519328288065179,1.6216209540768922,0.3796152572698314,-0.6973135440518393,0.3959852680337815,-0.7088244535220147,-1.3179105332159844,0.1038541881158065,0.3485181327985191,-0.4124163009831389,-1.4015274712559629,0.00954164384368945
0.5123397109152079,0.6090865299791436,-0.47583664586461133,-0.8758628506337275,1.4804229386566594,-0.48188747782207203,-1.0264646047943577,2.1625132099108493,0.31038345673441264,-0.36400464289275125,0.19984420575832793,-0.31187271656901455,0.8813765704813337,-0.17343997330776884,-0.6636278647837128,0.10891580663477934,-0.3146899504468928,0.01602094865556507,-0.1214295960317234,0.4975563681859964
1.899833633632674,-0.07574200050606714,0.7622636619253014,-1.3319566286405886,-1.3247158424117795,0.572321183145688,-0.5880913738531954,-0.06109348126597431,-0.015441946372896274,-1.5675163559752263,-1.0893872174029502,-0.9717268318140417,-0.30849626372320127,-0.8723656812227842,-0.6493517626223612,0.9434815331289719,-2.17633218500074,0.5555442986905703,1.7139814760532597,-2.322715407477655
1.0760481121875578,-0.5947856784510606,-0.6422267370556878,-0.7920142600177427,-1.497453559020619,0.44005865345011946,0.8714025919458916,-0.7656114958592892,0.9012458839842828,0.3511282372729667,0.9011324179214247,1.2834158771318187,-2.2224370155779747,-0.6011070384332594,2.6878620810414424,1.3952499908582086,-1.1764728374638247,1.4910804193585458,1.840411773925618,0.5722290904879496
1.4423135956060054,0.9027685755757929,0.5467729905682488,-1.8007436593246218,0.7576104385863757,-1.06139401612077,-0.4580743364487583,-1.2205713549128088,-0.048780020754464234,-0.5987083508714721,0.29244757411825634,-0.3857773408781248,0.43140950362707864,0.41306657099676475,-1.3836777154782756,0.7476583938476045,-1.3756727686790573,-0.020481343801843854,0.45015955245242545,-0.5544409827951604
-0.6526620194763564,1.590756350029989,-0.37867900302685487,0.8607206647471443,-0.07887191299022862,-0.6624576094709519,-0.3248333887058167,1.622320296863439,0.9869711984269212,0.3181409221657682,-0.6631114640768746,-0.2161895726917475,0.1946358175770951,1.345612593183947,-0.28533816498924924,-0.7000709905103233,-0.2448598642854024,-0.8816131577761632,-0.7289225177453146,-1.0909264958303981
-0.4923111977172253,1.1248327403686431,0.7881482398544281,-0.30796479532025556,0.17711346700939418,-0.9261027385954741,-1.223392725891211,-0.36355581690517974,-1.1556804931583007,-0.00018431912118797042,0.0990491967488256,0.046218489921843166,1.999216038271328,2.664444718783697,-1.3383292514512362,-0.20299745852598394,0.3250023155150691,-0.0677066716911249,-1.0123305208442102,0.47595956794986866
-0.449354610548158,0.21653486529285906,0.6999183155364092,-1.2113001736032825,-0.37988480449095,0.8423408237058718,0.25215085922217445,2.0440227296932565,-1.0724779081140832,0.5604855775319977,0.40006691699361213,0.7726046660659696,2.778630076766848,2.368141053562517,0.9079936505060268,0.05126717903085683,-0.7415342076230654,0.4798872554113076,-1.1247105230760688,-0.31631745086362256
0.6671989570161817,0.3397623574693418,0.5578618533966053,-1.1989573578977422,-2.0779381388582334,1.7997495112418864,-0.4788894261834786,1.0096676513625393,-0.40093187624374826,1.3293640220756409,-0.5093294964060752,-0.21872977028833585,0.8163053612997588,1.5738833729096116,0.24845351270622273,0.792059611351082,-2.266506198840201,0.5453918305185934,0.1317211090221098,-2.5896511104727504
0.2873727804846959,1.2094665751179925,0.971277479415765,0.45508654500479884,1.6365780281662967,-1.6204677996919885,0.2334243022652366,0.3713166961668726,-1.0562523700279278,-0.051591295582551766,2.1844926305892103,0.3839135278191777,0.20990585168322282,-0.26940315708956747,0.3406494369079194,0.2029889694690427,1.2537495054131347,-0.24557851921666823,-0.03546336198793847,1.4653421727127083
-1.3776328598653151,0.20835035122134413,-1.3401539602881563,-0.17352717546391777,1.1316478497329563,-0.015088196103693356,0.47397986311080637,0.10198431475253347,0.5305929094289726,0.15611507785736226,0.1388170876983778,0.01010769818699985,1.3316907462308814,0.05034259851341719,0.4027949526924962,-2.0035668507374633,0.21760193524352878,-1.7247992565529549,-1.6430496911547032,0.1510915887891492
-1.0391672285451987,0.3283455676399166,-0.05858459630591139,0.6908656567952521,-1.0702171171447923,0.14168430944554813,0.9423821898921132,0.5334333353909498,1.05586601123766,-0.41120528834952413,0.5485568818958458,0.8765503461190072,-1.4829366617106097,-0.8913100293409294,0.44051496288117464,-0.372173904625781,-0.04362943008963049,0.26632697752437834,-0.8316398215132602,-0.6035008846701719
2.9940945161961308,-1.0518740939644262,-0.12154997955780056,1.6581832056833876,2.024950857050826,0.6758979955820097,1.180972224932511,0.18594735896625106,2.7720694620200796,0.9131745636448855,0.9093016284536624,0.19911533324156178,-0.638363129583044,1.3164607143745306,-1.839786978613103,2.5177757105058824,0.7547079526387633,0.14657630021777274,-1.224719686169878,0.34062169997366176
1.2196304339675765,-0.7327894771135597,-0.9449093436221083,-0.48215805696708036,-0.40015325924417927,1.4058868100082627,0.28312515701939023,1.1546879122705258,-0.2448302318363994,-0.20867632367684186,-0.9380494765311621,-1.5619458711266934,0.09559458983810647,-0.34501700460978557,-1.3593894079874136,0.5725887840396865,-0.4659865691352163,-0.4839387559626267,-0.6102200698651289,0.13418647941216966
0.3733222660654575,-0.12614036498386944,0.12377596955181304,-1.6034885578528824,1.7545399975976392,-1.6060026226735076,0.009995302454160825,-0.2863888454487001,-0.5220531535281835,-1.9054629804266687,0.7981685072483189,-0.8508288160541362,1.456884753611564,0.24087985924304023,-0.46107983326679497,-0.10967772028774174,-0.8023561252642613,0.31363404422336166,0.7166098927402151,1.263035572897995
-1.0838817555709288,-0.15591455580410482,-0.4420857825477533,-0.24679763559854934,-1.9811733064486359,-0.1355098268101851,-0.5576460333712038,-0.8522248310373036,-0.17763056477098502,0.8989289072721999,-0.18973161420514403,-0.2984151192743114,-0.8242443179082974,0.5322954187262482,1.1508599453885877,-0.5766220450661879,-0.8292740399586177,0.3291973088215783,-0.8713545456228653,-0.8807630679668116
-0.9890512384688724,0.28592672027662236,-1.1681398741179516,0.10122740646734664,1.7618084579051656,-1.6659656899043775,-0.6756098391160987,0.5376442590993081,-0.5941702743901446,1.8506650502484074,0.2751625614272477,-0.37642210037731383,0.6048692823102642,-1.114817795181253,-0.4566060006586588,-1.7862472192408276,1.076952010583493,-2.1802316625198768,-0.23650546449590168,1.132778201684185
-1.4637686439492723,0.40439378185380304,0.22223166267068875,1.2195217245886725,0.35501607383324985,-1.6810449719699958,-0.17053803615359883,-2.5374144406869075,1.562502812961053,-0.5339705600250949,-1.0934651234033126,-0.5129208399456046,-1.6752697015338258,-0.9801885492076563,0.7805494263331954,-1.543100857486592,-0.010261125856384237,-0.11174706303652904,1.5022759191139927,-1.6396393007702532
1.789615078921618,-0.47297347379278254,2.000324672863951,1.329242830247377,0.5139637716646672,0.8702530464903447,1.5310871044375711,-0.8112009323658816,0.44460276722549297,-0.3319848408188115,1.4196770430760184,-1.7446281016109868,0.31178084217577956,0.24824061231740907,0.4057697586732452,0.6605032356225804,1.308196596660626,0.7757572818520335,-0.600701618921523,-0.1197948948848922
-0.6568015451374286,-0.7558669277004871,-0.7576959513264545,-1.0926026790096968,-0.14871511502240836,-0.2449923015498362,0.6474545598358051,-2.1657808475444904,-1.7689060043004379,0.9904850558611239,-0.25212784162071084,-0.012336871795162414,0.8742652776226878,-0.4611496321422697,-0.5316806580759265,-0.14691385140600294,-0.155175548161378,-0.5589472525448554,1.0778492706961562,0.10651247478434306
0.9001651411810802,1.5161991538705686,-1.0675955297711268,-2.3019628720403746,-1.2515082400432338,1.052657037667115,-2.383292869833164,-0.2830330591841643,-0.6993585671362272,1.1181490225125916,-0.27996446392633834,-0.5170346515317772,-0.9371203633959106,-0.4591452301669997,-1.4892372506930578,0.4146231178785875,-1.4271334164143668,-0.8134599593596854,-0.43465088545233643,-0.7169063684826489
0.518050103958784,-0.04016079081757624,0.8590564643702214,-0.0882973444692118,0.5579700817001281,-0.945753083033899,0.4929136425828013,-0.9111178534459087,-0.2786466140783118,0.01023716697704054,1.7799866897810255,-0.3365953062267262,0.046828171217629756,0.6369260977845351,-2.096357538604978,0.6360540506371462,-0.24835317153605443,-0.21345913670063427,-0.1716456148379655,0.9130110657627093
0.4288058790789795,1.130035313315193,-0.37291043251395606,0.14587879635032114,1.9666784292802608,-0.8581230827170361,-1.825707550106902,0.7263559943619352,-1.1255727209072837,-2.3437981870727613,0.7400776734374228,0.3030241250044051,0.7681384299096301,-0.2435936732942695,-1.5989912525041174,0.22959442970799543,0.8982770810640441,0.33236043355428985,-0.7115877977160332,1.6332418544238483
0.08404103052604966,0.6654496936367039,0.235883979593741,0.9154011717006425,-0.9402321021419751,-0.10105264002826088,0.3058686467287247,1.4535349398542423,-0.9145091939324388,1.1402036645291234,0.7548665290586403,1.2397426653051697,-0.82716239614615,-0.16617845969706507,0.785612494304926,0.3863837384251145,0.5889282147500008,-0.04766121988753259,-0.5718048713330977,0.944892561478454
-2.007711779031128,-1.597641543389901,0.6395662521006367,0.1879989107481318,0.3398858250774933,-0.2433580783464289,1.438119599420243,0.042699610954718865,-0.3105661682983347,-0.3744784639122711,0.029344883887813582,0.5011289225224346,0.273821036021798,-1.3823675840472758,1.0124880884091556,-0.1800158180262077,-0.4612018314795529,0.818675452427617,-0.7356619228904858,0.12151344143998398
0.5729882106802235,-1.5954535913326517,-0.7657106166901912,0.8416923804089647,-0.022195748711425746,2.5020085215144054,0.6941280757980848,0.18407548888693168,-1.3671894886888594,0.26248144394100864,-1.6510302556764909,-0.3080500004175432,0.8074853173151392,-1.668058577621898,-0.16574043664293428,-0.4138909162668114,1.458383752031537,-1.1325039382283262,1.7736581626015395,0.11072781722324639
-0.6948720582071011,0.11956906665819379,-0.6925064049391522,-0.991105003137721,-0.5445251388744625,-1.2889150136172058,-0.4491342059307958,-0.8515514495805077,0.2887158529088765,0.9229228896511265,-0.5171215674448378,-0.25222200370692593,-0.42596332602111014,0.426349324687286,0.6246943220065798,-1.094434679657155,-0.9153562008730595,-0.8417986347477711,0.45674999008810585,-0.07669915795159478
0.5001788131127252,-1.0989995801543984,-0.3059297004814816,0.3430762778961401,1.9822304564736521,0.20728189628148244,-0.7788988950476738,-1.7241192526135498,-0.6736677275235821,-1.0337008290907856,-0.4789391133954437,-0.28958164986663876,1.610251270591459,0.6691392903898988,-0.4863436906459183,0.121334129149438,0.4887791926660687,0.3799846443311949,-0.030295137602526917,0.8871278518932341
-0.7249699552183172,-0.9479152682337261,-2.1548111321271657,-1.0621509956567061,-0.9540704104568459,0.19711960095747252,0.8415348807602798,-0.7606904979148301,0.977833329033853,1.1742278536414938,-2.0886083935443667,-1.8342922340407462,-0.8020475872628864,-0.9618670510602969,-0.6284559342764544,-2.447130323497235,-0.6134056484289753,-2.7728195160910505,1.0398942723021418,-0.9183432715245515
0.8495912066323731,-2.0834408384198526,-0.029093494726806005,-1.325835011518115,-2.1917991114933177,0.6215148241266134,-0.052499111641346546,0.5256831907822977,-0.5345034158428242,0.09048992551135085,-0.8736571923724408,-1.4736594505826823,-1.660484470936638,-1.5565796850991733,-2.9235917295678133,0.038767716983024204,-1.2499398440604164,-1.172783605725956,-0.14975401375891337,-0.8668029558723914
-1.150114201836619,-2.521466954076965,0.11112660806074476,-0.8577789848962731,-1.231380166597183,1.0387642500372836,-0.763161048615426,-1.2267355508757793,-0.2818403487483921,0.03567750951272825,-2.0214333821857324,-1.047781336510986,-0.11926978994638589,-1.114267215685367,-1.1881157202553765,-0.7413156567819541,-1.8871558709294667,-0.040886356762234205,-0.8632960541554154,-1.941291537962873
0.5802994686755698,0.4125539613940571,0.9009083645991258,-0.6013404374100861,-0.25466796349590093,0.6826604652405828,0.3732811250059855,0.9304790612411219,-1.6056984472363982,-1.8951821057840808,0.9336868498657063,-0.19656602927919892,0.9846173697613848,-0.6064512938869938,0.45548043747202266,0.557621340356859,-0.4295048023092833,1.0027610596576428,0.0036544961530802825,0.5968370844987889
-0.39294219032195904,0.44366621453896615,0.6711958741984821,-0.3890923399649199,-1.2002945676835786,-0.24007318282523787,0.28583881742523104,-1.6264269438788777,-1.6055289785953648,-0.730412500805604,0.4613736354459779,-0.4906451848997718,0.4138731173887904,0.9408145151463903,0.43033547057965355,-0.2639403337481324,0.029484643488905202,0.9572582983879921,1.3720499336642793,0.3406038081672313
-0.11587231405428529,-0.8047523319641835,1.4528091502873424,-0.06349769442847683,-0.1665699432149132,0.684297944579805,1.8947342946238055,1.1270361616418179,-0.8642894068902849,-0.0243246559344327,1.1126023059268288,1.4007890601800062,1.10442099828572,-0.7252027004066098,1.3809560710425612,0.27886288989659336,0.2587458509056521,0.40464626145437815,0.17903990933233419,0.3463816752772057
0.12181369582322772,0.07829929842467773,-0.08013298094604593,1.1873382709694678,-0.2842416798832574,-0.9405941971325431,1.957890249127476,-0.29312473855169063,1.1741994053127,0.8488185343770812,1.3514566760155966,0.7620207254415202,-1.0078724488874422,0.4301495359410282,0.4350406274468334,0.4696958434223734,0.7118490738715326,0.3834188164717396,0.23042156123580973,-0.1260989214001244
-0.32599532674531084,-0.31316686088311263,2.2483084692250754,-0.15482301269896936,0.7507559405810812,-1.2433328324261317,0.4986120570987047,-0.1594340238759779,-0.05815900537455697,-3.6639635910920325,0.13218855631503404,-0.9334750299219698,1.8112028115867949,0.4979844730981224,0.04556358916495531,-0.38741848136587803,0.035904080816875274,1.6743719934454397,-0.3194194714668518,-0.3796494378279315
0.7254877556167456,0.21407620416519452,-0.46608847324368713,-1.0119911478789196,-0.1185701102098119,0.6438995905563465,-0.44226537509529856,-0.55366944988818,2.0105496261364797,-1.1830116401286754,-0.10689540193461047,-0.5056190034962218,0.39315049443958167,2.19748638413747,-1.0267872438435646,-0.2606126384179669,-1.8110141135279236,-1.0847628647388494,-1.4582704916713114,-0.9704506523657043
-0.2460013669542878,-1.42192777137135,-1.3320162020965365,-1.8808466297582618,-0.4944511733768155,-0.442251108685349,-0.7745752844222068,-2.076134563690808,-0.14594744470220275,0.19221541838373798,-1.556263187787133,-0.8418463210320821,0.614025149815645,1.7849245116938923,0.9976278810619666,-1.0875536558285057,-1.7195597647266676,-0.8077018503522789,1.8440862103357833,-0.4157170664853844
0.2912915142435869,2.0252364865400008,0.4099327156099275,0.7338155329845384,0.5679385155659866,1.3870586500091753,-0.2271437636604736,0.7420891738512273,1.0496159686572346,0.044349583293401856,0.8559495830831935,0.63023704663645,-0.41521246287296865,-0.21999533719284042,-0.27741005461715185,0.16501228050701314,0.0845783204744239,-0.23267466593764283,-2.52939251230837,-0.010027420620434054
1.18456574385315,-1.2738698752400064,-0.014010552881430622,-0.9265402934790353,0.13359764089010076,1.1114902531478044,0.06874171002173711,0.5717178439479029,0.24255914391976705,-1.3293395516417204,-1.3995239929296932,-0.41636303978415484,0.6020388016668115,-0.49143317445420154,1.2066032723667133,0.7769197302517568,-1.1751491303730432,1.0723193153017316,0.3949271023473146,-0.28939105295613216
0.9758248391881587,0.06199587276696199,0.20326316487755858,-0.6135215769656257,-0.022620802714418655,0.2914425874450446,0.5937041907001375,-0.002304191055340658,1.011103680015564,-0.14870265307863317,-0.46079628042595294,-1.2898909308060906,-0.3238268383198379,-0.5619492587231611,-0.7220637531893965,-0.18725080776344522,-0.5848061875899537,-0.271291023784371,-0.5584832179884812,-0.6826550263865762
-0.39827259252032265,-0.4978549242835494,-1.242865810693825,-0.23630716646079664,0.01746147908360756,-1.8631828431856043,2.066205972826222,0.3463103685991341,0.2872654440342311,-1.4594550192168054,-1.3594113984299396,-2.5964231393582287,0.9087095698381318,0.9816363853604366,-0.7036512400939189,-2.2864160910508056,0.3145032116696563,-1.4812465459126074,1.366906429015756,0.43871426177707423
-0.7564772760668289,0.3870409461733884,-1.6537990645443086,0.5517376382761418,1.2805966350975109,-1.8471211569217196,-0.2802199716967165,-0.08505431668923105,-0.5071027544201077,-0.0766900470457729,-1.6669496554351628,-0.2842024882659232,0.9184549600368214,0.20499433416563825,-0.8347091024792224,-1.943216082297822,1.192996036871995,-2.590295765076384,0.5326634533776177,0.6826259813749516
0.5654476369469063,-1.353421869080932,0.4635376133484897,-0.4452134457550946,1.2206598663799295,-2.8140344541340943,0.6599124037104779,-0.20413031033367993,1.2076394512461914,-0.15114723962660093,-0.06548699539069387,-0.1192829582383277,0.5348303868923903,1.6643290333820668,0.8790893486779324,0.12144379479805296,-1.020886180872919,0.7190843644379515,1.9374258983549617,-0.797789407363181
-2.5695266864414,-0.6099685110016617,-0.5941996465658087,-0.5259156898272708,1.0247046617151558,-2.211041469540085,0.25491369906038935,-2.4669282932568493,-0.9221345318837676,-0.5030803116949933,-0.11882285668144164,-0.43427705493893615,1.3052995138623855,0.5401910981726405,0.9276135538633772,-1.350713607611101,-0.035501555762211076,-0.08825925294433769,-1.443444577657249,0.6592344646409645
-0.30926557167768576,0.5453918077073691,0.4737373667483428,-1.959817594601817,-1.0311740513606091,0.34387706266022067,-1.6817678566977423,-1.3353184516575596,-1.4893377168677304,-0.6250072410673299,-0.5890356004872488,-0.11324844894874478,-0.2993743657734966,-1.57156540770222,-1.527467550011902,0.42097373459623544,-1.701524584649284,0.18728694721050138,-0.677162004542737,-0.5680206796381089
0.9895387733330968,0.6127751035378022,-0.4842979351499485,1.1613286641057226,0.1992288417787737,1.1525035447238048,-0.5644821029048133,1.0578692370234697,-0.3591807549219565,0.002481993728787741,-0.3362120271092452,-0.07576034053424636,-0.10011537133333137,-0.8704677618660093,0.18460017127308245,0.47299142887834333,0.4521347932482194,0.35915586302034724,-0.12878368713828264,0.08604368605493672
-0.5484849209916053,0.012674022748521061,-0.6504627367122136,-0.4752280121422181,-0.6805886053398592,1.9655685803871374,-0.437216540210108,0.28355428320209497,-0.14427345613382198,0.8198173742919579,-1.0717834320618131,0.011798080537501192,-0.16301629546645627,-1.26425295165915,-1.6139616803617582,0.024886595840935936,0.12129837163999878,-0.08173323484697023,0.31735946628313344,0.26212488230144015
-0.7325628184527418,0.058039254195692544,1.612011121335249,0.20674641374602418,-0.4016352863845067,0.06886048724476213,-1.5408323096962881,-1.453446677756835,-1.4768599085823784,-0.26430155295457025,0.09242166802699103,0.2409079962129603,0.6043909083467043,-0.1130356558347037,1.179947166671072,-0.7242361942162122,-0.66286593485312,0.43258801371041344,-0.4014230121862631,-0.6093801818269728
-0.09634223002935632,0.6018976307734775,-0.00277877976952806,-0.7359354246223709,-0.14713063308568797,-1.0643830071714384,-1.3247575862449452,-0.34017259918586185,-3.1280337502251037,0.762200034112748,1.0579185174884407,0.4614144784565474,0.7696706585345272,-0.7166849983293688,0.3414034388050376,0.7183608518993265,0.900934862006297,0.48629455070132327,-2.3608493943278366,1.670309227515281
2.1472831423346257,-0.5178914578789254,-1.3459335360590363,0.09202665796336994,0.38460936077028185,-0.09696777076825203,1.351268258584274,-0.12273326652304901,0.3065970713768504,1.4390872183943038,-0.2629987536397608,-0.3956015981732661,0.2889466398464681,1.9240421550589102,-1.767491842269788,1.3784074494815979,1.8544916532378997,-0.6443564255173807,0.14450612100925886,1.4448610413517649
-1.7468433668622183,0.3613580495539937,-0.6554727255359555,0.848832137305955,-2.0426173653152926,-0.042479727405942254,-0.7795209722881092,-0.37901818555167244,-0.5966452039455328,1.0321452694456161,-1.4700273636084986,-0.03826746876596397,-1.1490340598017883,-1.165913201963216,1.9045997379277009,-1.2569216692174443,0.5973182109903684,-0.17180049779712586,0.8841951098370432,-1.0594980978142206
-0.36549104558391987,-0.8642347697725891,-0.34163399861092636,-1.438657350193272,-1.1651253627661504,2.198192318294519,-0.022199076828020272,-1.0657158478322892,1.1426534901993959,-0.04988512810590966,-2.5763054451132414,-1.8490533025435076,-0.33497623294362644,-1.7743295402657597,-0.6750757349689408,-1.4926927070113174,-2.544755279617838,-0.8619430794902069,1.7385263762412682,-2.7107112915857394
0.614445193000658,-1.072172653058442,-0.47331162575550295,-0.5377785628658291,1.9208644585022037,0.35427887599219526,-1.070539538025888,1.3012824754515835,-0.6415772714693962,-2.013091416568602,-0.6564783897488895,-0.064782795530504,1.8568963132284821,-0.24662804750350606,-0.2582053180418834,0.3052635750547882,-0.5478938908515834,1.0155516290958861,0.6812110746831094,0.647959060741927
-0.19733478777651708,-0.34783563604977014,1.7533939015512516,0.8812216187187072,-0.9561582406477018,1.3315205523508822,0.8886987860633621,-1.446213603349278,0.2288522417174834,0.1474273134815169,0.5237771268307229,1.9426842804689046,-0.5230899145096093,-0.8426393794466787,1.0245756721649397,1.060784217308158,-0.7259062643179321,1.6136203904082596,1.019769688590298,-1.7870728764920092
0.8314397503532033,0.9596811383473911,-0.49852581279309544,1.4724917673057885,0.914596087038273,-1.4628154317852036,-0.5916573918163535,0.13059910290813628,-1.499071836216731,-0.11323093677327427,1.328045621839501,1.8050200026254688,0.4109105228327233,1.9577532389698526,0.41822035339231484,1.0845388201614916,2.384918251937626,0.37518279255066617,0.8724742656541243,2.488999376953569
1.1205463781277105,1.1975087563224394,0.7935805897773076,1.0960901058294314,1.7318632793408513,-0.15370937215042638,-1.5877496725564497,0.6308484785259453,-0.3727030179833951,-0.10273760090341899,0.21135220827075704,-1.352382508138247,-0.42633575397743634,-1.24832516425273,0.11057551193238677,0.46384786670950373,1.298171146282418,0.615581646529157,0.4030880827968038,0.29178994480258297
-1.1903109213337921,1.4280872899659398,-1.8485164706395099,0.5146903432331069,0.9892939761433022,-0.11793941243567505,-1.8885790919399381,0.6190208529329093,-0.5864709671582964,0.7564788951511389,-2.38236265203192,0.4796165962655934,1.3242813951086134,1.3151795024341282,0.33281759923010945,-0.4748547993767814,1.005739226084528,-0.47152500524582813,1.1029445904696558,0.38051848932004134
-0.06478290736348373,-0.5382501242601574,-1.5960557586631183,-0.7013727119425575,-0.4717753577885741,-2.1567991351304627,-0.6699732029118202,-0.37613395584594755,-0.7490393800393668,0.5434707584549029,-1.1207839254462038,-0.7705281092584162,-0.20260335762120008,1.4381751909047722,-2.1855902409018864,-1.5017309072480467,0.2799159647184506,-2.7699621851579086,0.9282939127077778,0.5261615095410732
-0.4224324269842158,-1.1811034588591123,-0.41949485157303024,0.08285407535137433,-0.9476480975554962,1.4178373113780858,-0.11047038258543691,1.0245360464245903,0.005245120977338306,0.19257086437631246,-0.5986897909504886,0.13454331959021162,-0.9435773508090599,-1.290097782013009,-0.3599854588945918,0.04169149577711824,0.5789691853796417,0.019988882973419223,-0.09550335555623597,0.10087186755232876
-0.6004779331714017,0.7045270532935348,-0.2367132972313246,0.6900672749048968,0.04732531409219413,-1.5340716673668198,1.2335550842049707,0.618720172846387,1.6608392141584878,-0.42829034132835636,0.3941590330092832,0.05842291711412755,-0.8720691198543485,0.3973018988120123,0.13508122707644044,-0.07257915188165202,-0.3558478189446136,0.12138970022571195,-1.6136143951093853,-0.3057881128860917
0.7157511836279031,0.6238397739706955,0.361472654067958,0.5020706986754306,0.7845123145374614,-0.4930718472952872,0.10888471741366641,-0.43497377114042257,-0.1306935541128421,-1.0497123353169258,0.5747117364911232,0.6244522236703615,0.32307785159638547,0.023249320657639367,1.3754475987870778,0.686839300949846,0.4594759563492158,1.2316133404328433,0.8377698298206294,0.2985757333902744
0.17849617354187566,0.353096357607912,1.347133038730845,0.7153206951974251,-0.8701465587812969,-0.14804888471984076,-0.7963650520854643,0.004010511280470567,-0.3420391406424768,0.4904249677058441,-0.1914200380414488,0.09278833004514905,0.3602093678612801,0.9876481179012324,0.7346115639675895,0.27918322836336845,0.3644998985121817,0.8844296267374571,-0.816779042715394,-1.3017805018241808
1.037898197693302,1.5244343843900352,-0.31163656213405905,0.15421400416525197,-0.07667771927575259,-0.8439406579783502,-1.3086803464104868,0.23047224614257758,-1.2257658842244614,-0.20314611646644082,-0.16104453549424183,-0.25210950534442933,0.9068050341314492,3.037764091296695,-0.9053109032996158,0.8392212958996293,0.654145191574653,0.08557754099277556,0.5014278819905134,0.8556286070927188
0.4467110473660595,-0.8932176157876279,1.2964598512395906,1.9139698399489509,0.044374512366978716,0.8341659653244615,0.20789647369201292,0.686436903534316,1.14340188786791,-1.278534917717338,1.1599270603445166,-0.6280820912300632,-0.13070083671933808,0.8897927360645846,-0.9740652357201702,0.252056582372482,0.5961031188519309,0.7797622800306361,-1.8199801491984995,-0.3540004964850642
1.4365653217329533,0.7031146889899528,1.0403506805434197,0.11936364499654153,-1.0135681522330873,1.4288579449973504,0.0704895482891136,-0.7946330437982828,1.0915159680319892,-0.5641476103895677,0.9827172301215908,1.175849574999734,-2.023374842550815,-1.1299524364300404,1.1113493368593708,2.5338992980048136,-0.5188830366011359,2.289649959862053,0.46418908585109675,-0.4662625075729873
0.606452489126022,-0.640671254620084,0.7573372323339865,-0.0895742673845306,-0.2919852915373303,-0.4709530612336287,0.3069084210029146,-0.08085048854822673,-0.6005310716382216,0.0429103582595455,0.8748910982704189,1.8894561135357226,0.13510811948576287,0.2955178918617657,0.034301749948426934,1.2738667918553226,0.32995561290506553,0.6832126432485703,-0.266764657888539,0.7927411180182635
-1.5188990146298786,-0.7679949951540174,-0.35883494690324474,0.04137953799722375,-0.26290068025865987,-0.20107889436053364,1.3785595420520453,-2.1659747479494666,0.8453414716783066,2.045404874783179,-0.39918829609097023,-1.1662023483960537,-0.18900710593487663,0.11085001128867565,0.2562256991466847,-2.2117292416060197,0.21048427143774093,-2.113991223203683,0.8324931996861338,-0.809076178263004
-0.3785372614505482,-0.6448040351367609,-1.3517503437574534,0.24775881482467532,-0.01769450009273841,-0.5840746727181061,-0.06783392745430167,0.20403964542486003,0.33109441477974727,1.7466874901674636,0.09411372995488014,1.4306780254517633,-0.6853012911482673,1.0825481560390835,0.8126007735957571,0.9025576464710113,0.6124717896492519,0.12411056128843964,0.08627380058734826,0.7189805452419661
0.1728819616586663,-1.1105213082480183,-2.6900852947307956,0.7932433030892108,-0.45103007668403877,1.0840199813146612,1.1199391073588985,-1.510401846888926,0.14422898903762596,2.120328659616216,-1.4553966041537008,-2.2486108336272363,-0.602594365871517,-1.1488151773183173,0.5551972884972243,-1.2944107243084781,0.46781886551885826,-1.6338651200238088,2.061398419721542,-0.46501321499523207
-0.8938861734342569,-0.028462515121892178,-1.3216511123669792,0.0057346080169167375,-1.0836745224853066,-0.7385275205652737,-0.8622927870716123,-0.4026908087003827,0.4506219886554051,-0.17196293869981902,-1.5657067811330956,-1.7885579754252785,-0.0625756105671211,1.9144692408204986,0.2578812404607594,-2.4628512814935366,-0.40455950331692464,-2.2135615360440184,-0.17571045000013233,-0.5303068334153181
0.6179545915433757,-0.18559880869024234,-0.5350257117506287,-1.0905073712192141,0.8126193720599904,-0.4272114518374349,1.033404374091415,-0.42320710305285253,0.808165071012045,-0.6629356270664234,1.087584406312891,-1.2185541220634117,0.2423604638223517,-0.14069608596106392,-1.2354572441954823,-0.4160444350038372,-1.3288059230055378,-0.7785079960188818,-0.5947250159535541,0.42129050530185186
-1.3233167169148865,-1.628801920045885,-0.08556488271398174,0.26412008049089497,0.199891533047123,-1.3975791784108187,0.5714227588266534,0.8134354547123632,0.7902780421743084,0.3482863783855194,-0.6191808441139317,1.2976443085437486,0.3737304185050032,1.5935986028018587,1.2778135204692647,-1.0869216040457195,-0.3457582900280779,-0.5650781996585281,0.6983868234628015,-0.050198173297963014
0.307551318423768,1.396599932844032,0.31821668398941516,-1.027017316158168,-1.8643082442249752,0.5750585730629334,-0.6354888418630784,-1.7796188953266232,-1.2506023560955397,1.0361651596116725,-0.02737873268225071,1.1558397528761355,-0.30510712385628724,0.4304313505419533,-0.09311464406188251,1.258297634647437,-1.3799307322268672,1.0803345138881046,0.662276540861178,-1.3124618227558986
-0.3406112587433797,0.22882980333012712,0.6583861638665288,0.3172574655545878,0.048168862195006476,0.5417693527618817,-1.0134470963599949,-1.5427023918304665,1.0578856981860212,0.1887507928701271,0.8937096334522985,1.0881769943887756,-1.023520858373335,0.029899230805056434,0.13972450188539998,0.5887351761783352,-1.2861075763819745,0.8583244550170586,0.44036753033358855,-1.2701572789735947
1.9364063708376416,-0.32572594730827725,0.7329588390926053,0.4614448927201613,-0.5227709737044222,0.5587216028033363,1.1698973228244727,1.5502485021901258,1.3334526474750346,-0.74597751939134,-0.05135178319845566,-0.44086103960588746,-0.6505199411800446,-0.06464110669650529,0.23591300162162304,1.3031345947637594,0.17794183457744608,0.7367162387384912,-0.5665499367184537,-0.5592855234620756
-0.5704152837776786,-0.5136836943950034,-0.6180456452858147,-1.4882380452335953,1.1511105456465682,-1.7953479518408328,-0.4197545481123539,-0.7790259019614691,-1.8238304049346588,-1.1430626111948234,-0.47068724117164756,-1.6854608582539201,1.8940228066878166,-1.0318449913339889,0.6634128771411486,-1.5389345564322672,-0.4054121779712258,0.051785056747515684,-1.0573057262150665,0.6157044224111337
0.01763706482180617,-1.2054275876725826,0.33269450140050105,0.16161090598652633,-0.9256002380452438,1.4331007896274586,0.1648086219477875,1.3073960467391854,1.5111775619392673,-1.0153689612635723,-0.7300256663016742,-0.5566383884060779,-0.5783800497272978,-0.5218985222654706,0.573487793803349,-0.37648759700664797,-1.467991275827612,0.011586365672895442,0.020765085924415734,-1.6468056777992746
-1.4847219060391619,-0.9041697538612956,0.7754110518230009,1.0908687636338597,-0.06359483878360878,-0.5869748523378099,2.708768938212637,-0.9097096742305754,2.9061374144953374,1.0657764221998771,0.9863375032295401,-1.749009121244756,-1.4649435259648727,-0.3367113509848273,-0.43900083501293435,-1.1796855851402606,-0.3655694316823306,-0.1615118062182265,1.0254338639607095,-1.4466598457525799
1.7092831012597842,0.9749789021042402,1.4793658415522548,-0.03954684694113301,-0.14668214635967325,0.6974117597423476,-0.49121135092397283,1.5115423884175325,-1.315887068825382,1.2470404167711042,0.5285331370106169,0.9657701913410972,0.6464465427154643,0.3464283873717784,-0.6958484144268343,2.3434587006748937,0.4869203930533018,1.3658775400719683,-0.6032859604867494,0.15693741139451425
0.03426664476183034,-1.0388566004519184,0.11879743977839965,1.362723852140153,0.2773328554049745,-1.330760444938975,0.963317408437925,0.6296239697617438,-0.21000270177767644,0.8955477335783829,0.7965791639331806,0.19705435321752787,-1.2471258861692405,-1.3823033967044176,1.44464769405379,0.216774902622926,1.648266738529286,0.1760322718498141,1.5391555005020345,0.9536048443945976
1.2550022282902162,1.8096301419740866,-0.3698981301216018,1.714627116287953,-0.15457949193621348,0.5798698018314393,0.6822141907953458,0.7423752314821072,1.6325460769669988,-0.33048965636443983,-0.36705328243975643,-1.0177186867047994,-1.4874980936453273,0.22684921788441828,0.3714030309626047,1.0099031815695596,0.8896805560263155,0.5701355854146741,1.069350227653741,-0.3107240669938728
-0.1358804509896254,1.6080503804995383,0.9053080079954345,-0.5437730073093553,-0.29885142068101894,0.299202192762187,-2.1742527241470033,0.03802454128598771,-0.8659331404399012,-1.4728254923211161,0.8725801000513596,1.3402065232659577,-0.9668213480313957,-0.5661206595163294,-1.5139178894292864,1.0892905815917175,-0.9510162745795538,0.8808295304027423,0.9698187135513713,0.09970991458275
-0.5305341614404682,-0.22612771115995728,1.0929919598076492,-0.19875606985203126,0.6510205030384663,-0.5100208757994681,0.32018235940211,1.8180969143905668,0.7927090417096989,-0.5632932273134225,0.4300514849153363,0.7811835931175394,0.8154236374475983,0.6892290159644463,0.6584962960765413,0.2852563193806694,-0.5960808985979204,1.3673456326618065,0.828851242427799,-0.9751131525229377
-1.3751921825782512,-0.2934620563187459,-0.322842824218283,0.6793337737843382,0.2589593148674755,-1.67600992239603,0.4358405292293315,0.36914590473372083,-0.7703714760438759,0.18193292867057334,-0.7998871294128854,0.4781380078252961,0.7619372913484461,-0.07529331405188636,-0.022705049446181166,-1.1374978417603747,0.7251099840242161,-0.7975063713321676,0.8771930544568908,-0.08516280902599098
1.5154686150457035,-0.7055782979172784,-1.6306699381532728,0.701946451289654,0.6896748518502666,0.7683295924878681,0.17731346613554616,0.8134788985006506,0.8535171288227844,-1.5762056398109079,-1.093817053487596,-0.7755912079892382,-0.2294146104464631,0.6516586494397657,-0.33241132595775336,0.10932090679259274,1.531786894161631,-0.25775302934067273,1.386341047497304,1.4929422826955847
-1.3130442909296616,-0.8472991945694489,-1.102788125785173,1.1606942712647907,0.9654561096964632,-0.914887200681767,0.8965298639975796,0.21930838050127432,-0.2823887586298129,1.3961523433097316,-0.7808925270766699,0.8974231885663131,0.8549016035618626,0.8827388016867838,0.6248424338388674,-0.07528323630773892,1.8389821628760992,-0.5549067591518169,-0.6331066990399272,0.9441533460146709
0.13773572895465794,-0.17351616373099926,0.2533286090733847,-0.3727925367426483,-1.1119142492998282,-0.18747322593130006,0.1705608782782904,-0.8016487617473643,0.264956163882052,1.8125716461765382,-0.6501602425921514,-0.6519921614320501,-0.8835937326129705,-0.7568679019684172,-0.6156719230615046,0.018098847338547865,-0.9114239816431435,-0.7683133241836496,0.10287234573652963,-2.204596574053013
1.659063803292929,-2.0836751310852435,0.6893829573461107,0.10491177773948618,1.134695708832584,-0.3680251261482752,1.136377135268272,0.12463681844545844,0.3183914205738837,-1.204675715137759,0.07720719065469732,-1.7865823873887559,-0.1630071477007656,-0.5109796243812555,-0.9144272702524765,0.8823298896277545,-0.28166153056854015,0.7217568552726668,0.9024969663570882,0.3936822280656206
-0.6169735207111143,0.1324875028704623,1.8100810857014284,0.3757369924936153,-0.018182957486484963,-0.573437711854055,0.9788705934594125,-0.7837923716800306,0.759041958190571,-0.3190853446539449,1.609225208972367,-0.33870455079451006,-0.9229660798855092,-1.5767572513384664,1.4167301879487644,-0.7815700884713981,0.4882927343165539,0.3755372555714019,-1.054870228867492,-0.8930119176702458
0.2627312815433537,0.6423657548417832,0.7132995055587042,-0.6269698358559265,0.8586238810677516,-0.6930435562479784,0.9819481430674464,-0.34951395521940115,1.4525622174558157,-0.8534265236003774,0.8370742536817154,-1.1780973492680977,-0.04805328990385267,0.04620729396074149,-2.1608825608070483,-0.6056025566327978,-0.7678594818754311,-0.39057295827736777,0.24897311880942322,0.06901620638899146
1.0856029927234325,0.5035025229152071,-1.4771499256712024,-0.4803891932248944,0.21108991238818378,1.2591415667153458,0.48108565535737247,1.0676020429871904,1.1007631142992158,0.004461234624493385,-1.2277870154206543,0.5935680187893982,0.1505073687942675,0.37559635061340046,0.08171221802223222,0.9728902152214812,-0.8601284743933494,0.07728952288006566,-0.24809367633482052,-0.13257195657544768
-0.6179910852763169,0.21225238934003904,1.344034426521888,-0.7264308874166385,0.6946129198262609,0.9142340898202368,-0.5940572357737816,1.4739019542126746,-0.9510108220067361,-1.727655689330956,0.5255812795112239,1.548999521944604,1.2352999537639775,-1.3097652862644498,1.4411240585959513,1.0859661469088475,-0.5694759335468486,2.7590235266669834,-1.9263545804714983,0.9032077088464692
-0.32527624313460984,-1.298738752158817,0.49794549901172863,0.35300876376465773,2.4300283103977955,-0.8356709256048513,1.3135839456705038,-0.4450314373299837,1.3838776253658829,-1.2783869587479675,0.045187494673279434,0.6988900738970781,0.6267758904176551,-0.49482038752698937,1.9901233804400544,0.8561923208949479,0.1094028433767049,1.7298960816213658,2.434071019315085,0.27871407707996554
0.6891497774326006,-1.2106131347195415,-0.08306460161530803,1.3491896359675148,2.030527941285955,-1.034296062122159,0.3262381856068737,0.17764560641272134,1.2836856577826743,0.7491103386770014,0.9240540579396248,0.6560096543810529,-0.6501472046951653,-0.07565184601915168,0.2775925624614672,0.8678779753395969,0.6950200463425965,0.3367876401404459,0.8278221527799549,0.9072238201573085
-0.7251100936229573,-0.4101261173676279,0.6394694281179297,0.8149181477199219,0.8337885145101296,-1.4327745753758196,0.5819421648830376,0.22532442975218286,0.16181414933650565,0.9981694858701009,0.48121162082297103,1.4407949221878067,-0.8020448088584851,-1.6810050777981105,1.801066156981114,-0.9782971047161237,0.21335229610836892,-0.764798153908953,0.8922634202399055,-0.17785811638947563
-0.5077882928911643,1.1836507259220195,1.8898419953082757,-0.8533946109165452,-1.2081882307814087,-0.46389586653365095,-1.4065075592291882,-1.1292567956153035,-0.9278980317887072,-0.875521942457282,1.6372192112520132,1.4441740737111712,0.1690098732583198,1.2850809677352963,1.0506164228922654,0.38019681052634274,-1.159711811889241,0.9311328782266111,-1.0264704304000163,-0.4387902908589323
1.115254517086395,-0.15218632916492816,0.8306988818441139,-0.05398161685050504,0.018278803188200847,-0.6501093386441953,2.221856163070002,0.02868759977894398,1.074985912116922,-0.9220945690173038,1.3835505539186812,0.10314542460690881,0.06853939237193613,1.6077893304524504,0.29950013311380347,0.611456012681999,-0.3968922911924305,0.9832350259790279,0.3460599680948154,0.3126691833785629
-1.6200061321557415,-0.455971865920759,-0.2047864605258363,0.7461714862989036,0.09346490107827318,0.11127760128749498,-0.5113344303202364,1.2557803868983124,-1.252467034191908,-0.395355401050079,-0.4986138429700028,0.34197916441003956,0.5131193353492154,-0.21455892691610662,-0.3023974778624473,-0.6143431601079078,1.3334801632591708,0.3920143992265812,0.31805765961849886,1.4214110800214614
-1.004391613968036,0.38006799921459733,1.3768742175358504,1.695012444361804,-0.1857237343289355,0.5326535415281166,-0.005479840087906343,0.7154409378123849,-0.5402133542896288,1.215352207479085,0.47193990763325266,1.0717651022964523,0.2514995723786034,-0.9022787041100592,0.8695992113916442,-0.128079784755015,1.1662359403953575,0.7106181126655421,-0.7354027085025131,-0.47240033651811136
-2.7172660571904927,-0.8561806973101375,0.38153511870074747,-0.9704886383276646,0.5974003806139113,-1.260711974082304,-0.776389505468109,-1.2104659976578416,-2.528784252190095,-2.3662598914951722,0.14347937910688763,1.022190156443268,1.4450192863455515,-0.8067617400525985,0.9676804541808589,-0.7767855313276001,0.6979715863009422,1.0354786551153368,-1.1035775341672702,1.5657436043249218
0.7899164552401683,-1.4371390521419272,1.2252527847681949,0.46024526114337205,0.3014508725107227,0.3112778459364538,1.4351386306645102,-0.5593105502822099,1.4886338832320722,-0.8897961381320789,-0.7312940360948197,-0.5871591359558375,-0.10195281191408462,-0.28812112357193637,0.942227108897848,0.46148173433066947,-0.3541943735660873,0.8831084114442345,1.4160100784407836,-1.7249462288045054
0.8609635738865509,1.7003120148525546,0.6005273736075,0.10293907192137737,0.3380949650377362,-0.5414560045212408,0.034238564118596757,1.0328213556781733,0.3953227256626642,0.9561728955561775,0.48151875661423454,-2.740640364751709,-0.12918435531347292,-0.5137306584793598,-1.303521023884444,-1.1635622257490759,-0.04459799252129637,-1.547944393846696,-1.1008181147219105,-0.6213921903078831
-0.7853482970056787,0.6817127837553331,-0.5003834985485205,-0.056234783318854856,1.1867283899364538,0.9321243082935351,-0.3405560081157907,0.210922201592007,0.41203176693705584,-0.035531144469099926,-2.293288106221695,-1.7486540558112618,1.2792640583793913,-1.401611351009605,-0.8690809093937233,-1.7734892676428922,-1.4848013445838557,-1.7985766054557073,0.45371943826533806,-2.3593693870580594
0.4580838955341359,-2.6113644240322618,-0.057461493731415,1.1062428971945104,-0.11668280615134634,1.6657663964820297,1.1345626244242333,0.4307820143998472,0.46452726984977527,-0.5971765197698907,-1.6299210571909546,0.7468122484111446,0.6020330622719133,0.2983298744006538,0.31038821576152253,0.792094046130795,0.5710338401882928,0.7531696796402928,1.52711649960057,-0.3996672771856977
0.44416439144556424,0.5227723834119934,0.49947263162256655,1.707516352636414,-0.2091477174184123,-0.6371529608011386,0.3143725381675072,-1.5375940656799145,0.8617106803111942,0.11824879458548337,-0.5173209266394061,-0.7967891106732047,-0.8216538023634833,0.31319084466840447,-0.4488825786580412,-0.7559099814371444,0.8915236891715318,-0.44110534612301283,0.6779222354642968,-1.0511622335199162
0.321322965563804,0.43766533423614784,1.529355078517735,-0.05889907456042163,-0.11663847250828946,-1.5551210186181121,-0.6723504532488858,0.6161698176372312,-1.2537075379979499,0.7650816886803827,2.1783347135486637,2.8763429723286196,0.22755115709595933,0.6631891945731508,0.16072868577160723,1.51558835622745,0.21382343595523554,1.3999295764852275,-0.5977087250407588,-0.07100109048024218
0.18456504064277532,0.03516577040941113,-0.3997933026677711,1.3367908628196132,0.9755382038633986,0.20106492447261762,-0.14774086374983197,0.1379830400955708,-0.6630040408061572,-0.3899345280814579,-0.4865636062177642,1.0045452005426685,0.9003403627713878,0.7786125551379098,0.19092274780743446,-0.39419719942557063,2.053608575143602,-0.5725258688127912,0.9937987941222465,1.2372996894723802
-0.968416661362416,0.4967194311549306,0.10029045984358002,0.006536087923119762,-1.9776904086912874,0.21215099507844096,1.9220092239298456,-1.3596736554095952,0.8015091711993053,0.22980162593227044,0.6452039575206808,-1.810797746245592,-0.8254065609921768,-0.7172974085393604,0.3415330735093092,-1.6278414925400346,-1.0324399353117266,-0.8744231721540713,0.20081673440215828,-1.6485303358709167
0.275270121692848,-0.44185755489889134,-1.1118045171019852,-1.53489550034926,-0.3971680276803596,-1.0736126889622046,-0.07156603436388605,-1.244210821720747,-0.1666034854291403,-1.5034689321324999,-1.2323925299972964,-1.6142489730709049,0.7314550711904533,1.313653054999778,-1.742458507809526,-0.45248979811877915,-0.5917639665254841,-0.6832254298049019,-0.18018297905633376,0.07400307966267548
1.3909338809077247,0.48557720700943424,1.5564192658503984,2.634440435891569,0.14746603829419813,-1.5852016578464438,-0.6559404285695789,1.103061964119006,0.8141839383766466,1.362753484441791,1.329447177667005,0.6942263576854173,-2.170763208915076,1.2244328062053838,-0.5195725259938936,1.423241249391413,2.692979885635726,-0.3980448025643746,-0.21276882424925808,0.8253985901540837
1.685003418308587,0.35001093052807314,0.12537155769089178,0.8373355036398615,-0.293600214984388,0.8352273750824504,-0.9086522233402644,-1.2777823188573538,-1.0940441308217927,1.7477407008017336,1.2304074278983634,1.1247424211959702,-1.2663072688771297,0.015995804483096912,-0.07317077309005612,1.7301985543635279,0.6954790513372279,0.07450523110029945,1.2360571647140477,1.457353183010623
-0.664957126048617,-0.8105171592411832,0.28689027933622036,1.9997339800582319,0.031070455181275745,-0.9607961045420513,2.499268775956227,0.9808289794813767,1.3952632149725785,-0.4737244598260709,-0.2166943869754971,0.41143865215614267,-0.6840850186727251,-0.2749576849536678,2.767019075973411,-0.22073369513913005,1.0997869592251475,1.4625378468118262,0.6748799642753988,0.24906133803726774
-0.6331836846574719,-0.806166897843682,0.26289725422137605,1.4955147575264096,0.23303316128263968,0.6206347822960343,-0.41120504179487954,1.6210843031355067,-0.3359816255862475,0.29835652432530374,-0.2224288075149681,1.729242346820741,-0.4323743614261381,-0.6462088141001573,0.5185006888183472,0.8281853686676205,1.4241034080675088,0.8774580711420961,-0.7071882898681531,0.8679343677872555
1.4208280600307164,-0.37897677660412643,-1.350867376516274,-1.6987947713592086,-1.6279852531784949,0.31821892277112235,-1.8803556020500023,-0.40887022748100066,-0.6505012948523263,0.668418797084939,-1.8809412239783145,-1.298193048326248,-0.7383994560495042,-0.13059536296055194,-1.2487543532449168,-0.9921637570036917,-1.1304462986651267,-2.5023597938508924,-0.047595246045717535,-0.070361426899005
-0.1474328732155468,-1.3976396113450704,-2.1953267352600707,-2.0615896621509826,1.0458203348235253,1.0018097351201076,-0.7417895066107993,2.1448190084920116,-2.011577766582065,0.30191504721369194,-0.9739799343424811,0.12735866636907647,2.7170557510862317,0.969199126253535,-2.0176954084631613,0.6195510164813622,-0.7571930998963389,-0.7368643881935791,-0.8251999288248609,1.6068569962160397
-0.04441731128540642,1.5639765718768328,0.7134068119216156,-0.12426045294893372,-0.5270632666853129,0.9236734266202619,-0.9011803169369959,-0.491239715519038,-1.150260714777598,-0.3442340270878631,0.923329152352261,0.8388048360422772,-0.10974694256582769,-0.9407897918463902,0.17020187329578293,-0.22828989043361814,0.18373697475103373,-0.7714401524796254,-2.5134936763631193,0.9835109089349414
0.09406671255293636,-0.26101999537119663,1.08695327004363,-0.4496398858813355,-0.4219893435085428,0.08146892715627577,0.6565038842631399,0.3872140297203977,0.6944180259682049,-0.750768573814226,0.8060660338231211,-0.1702340798069515,0.09144687482999551,-0.42084822798232596,0.6043249988900453,0.6480318062954681,-0.8196537121658277,1.2758039892320936,0.1628114457933954,-1.7731177333381067
-0.21128939052715887,0.07763766597825068,-0.137448279640264,-1.6032954058118756,-1.2156404047914482,-0.21342197280904443,0.535687800126965,0.32367108511659015,0.9070163235387495,0.3015380313672116,0.1989367689619912,-0.10687297916574622,-0.5004354383989913,0.5449288309178196,0.14550620427695166,-0.4258209198370782,-0.6056850174722955,-0.5670351801897774,0.8283432740863834,-0.22684609418472124
0.1291230597232836,-0.4897500738825117,1.2196079586530737,1.7432859828332343,-0.6238379554449216,0.09991476644171718,0.5502823429550703,1.1148431624031543,-0.7629760079619983,2.5745318188886914,1.0237895622341284,0.581980747140359,-0.6280459876063786,-0.6571755828708772,0.5426395071614432,0.6857900624835097,1.297140237191202,0.09352838333645662,-0.8050249874584801,-0.4081153180841244
0.6245861411176851,-0.1705888284337289,1.2788692343809125,-0.8812562259893792,-1.8883665334009934,1.3187505968519233,0.9531258256353664,0.02114525243928771,-0.16387966648647365,-1.688537290175914,-0.12486493984105472,0.6550815919550899,-0.27999889093447977,-0.6805134667652072,-0.3390030531844542,1.2413926155490522,-1.1122804959610786,1.4560859196721765,0.21464822848472892,-1.092675299919964
1.976533152747508,1.4840634419099101,0.17658360220394978,-0.6924455144839509,-0.4572188340750934,-0.03865227488841817,-0.003604063717322971,-0.7132301006447459,-0.26281131699001775,-0.6700769504558092,0.34296626480099623,0.41128700895168324,-0.9048301271548242,0.4787619487447191,-1.659084059891634,1.0910669364397017,-0.5043115193225115,-0.17371961642736752,0.7631581392629498,0.4256314161753793
1.80513308552579,-1.879323898260729,1.2364617575341759,0.5579928823522226,-0.6749262904292719,1.011112969636372,1.2561492238002678,1.1440222555219675,0.9197915097320846,0.048034116979141346,1.2393261690437964,1.040002805469693,-2.178605734748695,-1.260823833595371,-1.1963347940940723,1.116665669949763,0.4479743200024257,-0.3792800264396191,0.38115200614697187,0.2838570527866962
-0.3090898987172555,-1.794939568849612,0.12709915872200397,1.0889406001213568,0.14798804345443303,-0.5510316920240749,1.2979798793123418,0.23099439240741892,-1.7367381702399698,2.0869555730869176,0.14438097330178737,-0.9378581478178685,0.746478504719022,-0.7675315221003114,0.9704632441933068,-0.13810886981433393,1.9297648774982081,0.18889314855162348,1.1093650762578522,0.7679445822007149
0.8928730712744847,1.095616399927307,2.8320280949745458,0.2359446957222834,-1.1919716851973732,0.01928837443320998,-0.8064038890589426,0.9518308268784166,-0.6143441105069403,0.3482148398168566,1.516354483513262,0.025246094537384054,-1.4053289614217968,-0.564405739578241,-0.05326274721665964,1.2765520635412673,-0.23402132907119794,1.3559001120469596,-0.10251290746380484,-0.6383246747230855
0.8728671455423225,0.8003748816254721,-0.640435645054166,-0.8435644238920184,-0.2523306265241244,-0.6170425484882109,-0.7492063896211145,-0.26410562446341057,-0.19126451065400255,0.3119830146019756,0.8601979439969899,0.33910660414698895,-1.5573598083953215,-1.6447233241400498,-1.1728131379832285,-0.11949950814709091,-0.06351382709281106,-1.2731524491210384,-0.8497687767640887,0.8371479544298166
-1.8127698856254821,0.14053970897070267,0.8486045953566579,1.1563056597346952,-0.0801953227326422,0.2015699339057934,-0.02222326206713104,-0.9013134735997743,0.04501919548772002,1.2916800260814607,0.8953488878570651,-0.1255505845315095,-1.1912412023391636,-1.2629078433041008,0.2935421633493433,-1.0139397102247298,1.8936107179103745,-0.54480643947757,0.628431737134954,0.5206213283322548
0.7196879868753128,0.06988938486648273,-1.1543719978171572,-1.2363122400023172,1.016801272371776,0.39723365484725065,0.5943941426021287,1.7887815095496904,-0.6258232950639586,0.9686561926683739,0.7690975113625327,0.41391334536752206,1.5483932124618052,0.21994721688232907,-0.24605523444521182,0.6512394207621851,0.19696457893274194,-0.42989857309845403,-1.5457324348754686,2.122448738518197
-0.2711534792503321,0.17791010389211892,1.0445277485299065,-0.9308836721314587,-0.7627661888492173,0.3507344141854963,0.6478572988224598,0.9672897374619498,-1.1690715391135678,0.6506644356683751,-0.009858632410599028,0.6672235339654267,1.1187987883486297,-0.6402378564312204,-0.11785349593860794,0.24097244629504694,-0.635634462671314,0.056551793713248144,1.0415047241498643,-1.501561278461051
0.04336662817705588,-0.19856323356618624,-0.8321092941262715,-0.3887833236125903,1.10636088204388,1.7393615028997302,-1.2210313440612206,-1.2899723972801949,-0.15118129074339964,-1.0375765557604404,-1.3314740814964692,0.18960489768525807,1.3264708459000742,-0.014053151320159038,0.568093061934349,0.33328357897761285,-0.6469321418969785,0.08771094074221793,-0.48098229300529066,-0.14536295646296768
-0.03623416533659698,-1.555685370165675,0.11297874759739186,-1.4054327716143817,1.26812691581492,-0.14479378447549487,2.0323007916708256,0.171565079229954,1.1355101088131316,-0.01166395177699285,1.0635093251044427,0.8388520052271236,0.4715585734616752,-0.6827632227072927,0.06080699760830618,0.5588260711251748,-0.5232757309901129,0.4150128199716948,-0.6118685601827013,1.5419796781804416
0.9877315597654411,-0.40185668723986046,-0.6427088563884894,0.36510683460998666,1.3181816520348204,-0.36614143985414593,-0.5532347153863654,-0.9437157585356631,1.6184994684038325,2.151448748219317,0.14943749362397804,1.032264169602592,-1.5529008038923473,-0.4000460836591024,0.03909615383436142,1.957597844533418,-0.05649745184537534,0.39364012743700094,-0.20799620816623984,-0.1670664697729801
0.38844055123842336,1.3227451174615896,-1.0476795859474568,-0.5349547764007201,-2.785616034573577,2.284666386129281,-0.6940264537259228,0.3969048344829449,-0.04522972820751543,1.6715331427297893,-1.2865037420156646,0.37934626435602914,-0.9738425018767788,0.5694744769296665,-0.42225532434352975,0.11460789695369768,-0.6958953931533503,-0.9351193716603636,0.1819539775863004,-0.9089381715879675
-0.5669339911656257,1.2241792332286106,-1.5720029817810424,0.9177142429053073,0.6677141906744926,1.1170836225409637,-1.4304226422280362,1.4102468764176577,0.3069654622095093,-0.41761781317860747,-2.0363409025689245,-1.3247028324171637,0.2236480641057013,-0.4246783741268974,-0.795285036068701,-2.3321627839394408,1.3109642371250168,-2.097978913927099,-0.7932409686302142,1.048776696931207
0.18425291639203173,2.598240596981377,-1.3992165495535287,1.2796849404062969,0.9375677138490652,-0.49658075696278464,-1.8459326436734012,0.45302686234241824,1.0113468627802777,0.5301405789367621,0.815984554125061,0.8640336195409107,-2.102512453731059,-0.5462412104993913,-0.5216873589334199,0.390820154575649,0.9511901341599106,-0.18116476212391433,-0.1575891549228965,0.5639723831047883
-0.37737601850782504,-0.919788316564865,-0.280193331803778,0.632775780959112,0.8556226832677395,0.07036800710244823,0.006862781471685533,0.8503706332870529,-0.05930852853250888,-0.3102648961191216,0.28648801351256503,-0.1365188510121662,1.0220941167650242,0.5246814062431325,0.6346399111389419,-0.855865481852486,1.2615235322181637,0.012404931411633421,-0.7366918050577866,1.0850651384925725
0.09592773342928163,0.1507831853442546,-0.4108268771211848,0.8878281000537092,-0.39939142124730415,-0.18506962474003077,0.801724726778691,0.34859110535544025,0.7696670555155163,-1.3586584516712619,-0.47063305963190244,-0.21399721994573492,-0.9088702188533049,0.6792148389073697,0.18008585554640108,0.432697770248413,0.6693580276467341,1.273242247205212,-0.23296272107794413,0.38339080475019643
-0.7804394747338417,0.5289022920044142,-0.12692387026599014,1.3344582986220535,-0.5244880616912961,0.6102039171385296,-0.24419874576483175,-0.0338824267822644,1.2743414429357576,1.8128143767205984,-0.17104486275040845,1.1765734006126474,-2.300640989449022,-1.138106895685966,-0.2648091374312724,1.0701402855310445,0.2842496153966817,0.7719903705899779,-0.8416556427927355,-0.7529995909290645
0.3867369267805797,0.8880963369435846,2.744268780512761,0.5052544611984808,-0.5213081149592422,-0.040889149124566655,-0.8969305421242271,0.16578124082778092,-1.3347225362252872,0.1994447302115025,1.179986477907383,-0.23353507538097545,0.9270103489823454,0.5264836475439784,1.825363562270386,0.04093293453217961,-0.03494956290580227,0.7024975619693251,-1.1840669927396599,-0.7016230481630181
-0.35301548655605786,0.443664146298316,-0.9173801505525563,-0.23163223780382652,1.6821093729826275,-0.299276082028145,-1.208326275248956,-0.39101811447787715,-0.1341417159871103,-0.09510458873584327,-1.3563451957810353,-1.0187344607700695,0.14385168003775523,-1.7431435963445212,-1.0785916636563715,-1.873094958879056,0.17639345602402653,-2.290522795363549,1.1159984735006798,0.984011590600927
-0.6311008804804702,-0.06624697874377783,-0.3964152448852216,-1.2959036068185719,0.3133249597871723,-0.278010988560538,0.05728322684832479,0.1144177326320698,-1.977711464776195,0.21051697970108418,-0.14468963891786665,-0.4220177559902866,1.0779135526344912,-1.107150373046573,0.43615725348481776,-1.2128095630751639,0.4007932332283819,-0.9587499143722112,0.5955279519575071,0.9456426450775562
-2.296900240957737,-0.16615905713577575,-0.8128107050195565,-0.7969120048528063,0.17633698608798268,-1.3744284918194802,-1.216694450387894,-1.4611300502555813,-0.2869349659631421,-0.10880601037322216,-1.9238616032129483,-0.625602405960596,1.3286498614247815,1.5374748063837373,0.1132330192792234,-1.87864815899757,-0.6917391973023265,-0.8262829722645559,-0.9168607673069856,-0.5647508285741825
-0.013703388063396663,-1.331312100444855,-1.1417547857285937,-0.6608079768807337,1.1479626637621267,-0.7767959471181195,1.8185819428873098,0.6794951084744429,0.5444815191529712,-0.6915308950088614,0.9318161408070771,-0.2953299317878637,0.031656266080597024,-0.7839179690256836,1.1120719378624788,-0.3121694501140762,0.33947960613004297,0.17833262609446196,0.6920037096526797,1.840981055838408
-1.716083273221621,-1.0966389672896695,-1.7143614734832346,1.3062359611491021,-0.4307598438612186,2.4640120213704297,-0.08235573757838346,0.6945530109300204,-0.37658512952633955,0.975717627191594,-2.3219135962570263,2.023227925887922,0.07671714390319721,-0.11605905021547437,-1.5264254916618585,-0.12240165216053608,1.1542167485890877,-1.1623288620804924,1.0650463247745379,0.5393329992524595
-1.3266649260735917,0.09237310008968784,-0.3048459749115367,-1.4365251669290453,0.13429602403417099,0.6093565082825526,-0.6818304377653884,-0.10152577067101941,0.2942553242671916,-0.7381291000365554,-0.9128403359990311,1.770063738346815,1.1327098751557156,-0.18515298328248472,1.3456595174244723,-0.12241833999599755,-1.5824500453175872,0.525027091642862,-0.5071807384364825,-1.5953483272797746
0.30744592722745734,-0.1665564532342791,-0.02171943288593547,-0.20379188820623867,0.7516700629998997,-0.16443233144615982,-0.9288482864869306,-0.33626585755518695,0.07941150663102232,-0.6014821147156071,-0.5453445318388319,-0.252564280572724,0.6299121770932995,1.499689634960662,-1.5546059789117959,0.2379211314394179,-0.6029968752728821,-0.12775450601562463,1.1919765196150975,-0.22601968883383178
0.20219795607181731,1.0415346524856324,0.7128453971142938,0.2733012729582355,-0.017914743873929318,-0.29848322409923356,-0.12610931601675188,-0.9117896804965046,-0.29679751060690923,0.4520618688110994,1.2400850537442307,-1.0472171661733682,-1.3125593065002892,-1.8744337319399553,-0.7175292603915653,-0.5110532023438539,0.5045052478822709,-0.6203215910592677,0.2960001038427731,0.23687955194302515
-0.6832762670066747,0.14968216775797785,-0.6015099681637025,-0.35676071269798854,-1.0368266092041092,0.33740132950328483,-0.6708583663167865,-2.347208258829259,0.7270104957073852,0.5175170460727376,-0.8520241355266505,-0.43208385745975897,-1.1395498732077363,-0.16365073628941978,0.016540934710299913,-1.1767691439343169,-0.7711222790038132,-1.1245854552527024,0.1696806260008021,-0.7662842925570512
0.24846509649982298,-1.7896938448157529,0.5819956466975977,0.6096463510431016,-0.23278493675174206,-0.2743314181315294,1.901898881583973,1.6170202839756114,-0.06726224927879398,-0.9813508448303141,0.4420753170180896,0.7152479364050999,0.2843544789121855,0.4656139355730737,0.4970558583258758,0.7037418779221178,0.3221818065035818,1.1749035315276783,-0.379944795458653,0.7537251895289354
1.0085592442618247,-1.9265227184338194,1.1853307297893647,-0.3683689306248744,-0.15908488172223445,0.7899493456207045,0.9766228523543556,0.6306540703575861,0.19868720983310367,-1.269321716697068,0.5400759692066222,0.3651669852258333,0.5924386319164815,0.7106862257311717,-1.0598103992085457,0.9793954534732197,0.1707600437397467,1.015649380247824,-0.6385327745999547,0.3963083939531041
0.25881745133529704,0.6933003373800217,1.94957825690767,0.5830397273554628,1.3875890707820766,-1.4817307661783217,-0.9035676048379443,0.323374207887523,-1.1150958526407264,0.23009918534429086,0.8728740883613566,0.5214749473067708,0.8546880720123395,0.05220225679512765,1.9255283013066142,1.1539750363479895,0.5926531418699055,2.103346010066249,1.2154439135223138,0.07295841588201087
0.17831945292915466,0.2730170901937699,0.4755745080638693,0.5175409570520751,-0.009639292174772895,-1.329502666384442,-2.253119502330921,0.7489174395465448,0.23040658375181022,1.531254422795839,0.44930012482845605,1.3069135382835892,-1.2768537765381494,0.7858436635484393,0.3099217726040447,1.3167320235353968,-0.3663799342154918,0.9252365057231777,-0.7068902577909253,-0.54967257729243
0.5020717234842065,0.2000958991911395,-0.7640258721964855,1.9987743796139035,0.6792333790891244,1.7113697966530936,0.6389357235333083,0.15612134493122784,2.6016030271841557,1.1789804454463866,-0.6150997326668765,-2.1975016521843527,-1.5411023108520197,-1.200635061874805,-1.3783423981624292,-0.34915548665428453,0.8090402501318196,-0.4293992353493313,-0.9922616263919399,-0.9869189465968171
1.504663294128794,1.8192921394409436,0.5777879795340927,0.5761885083514097,-1.8777785471628128,0.04812515490198433,-0.008791584355536706,0.2371985695774128,0.06087124348275031,-0.019494891593247004,1.7168845881045975,-0.4732705262697119,-1.419625260704047,1.0524697551414617,0.018916493084523565,0.351203776054093,1.1148312615539833,0.1970662441528255,-0.006429872053661223,0.8822007052850732
0.5311141264777236,-0.9164401429440794,1.285091182711374,0.6377295913824838,-1.962715453715297,1.212427727474762,-0.273653068818988,0.5596309075088794,-0.9132979225356304,0.7825568805151187,0.2403653929018106,0.7003125350801396,-1.4956707707335726,-1.702550929578562,0.3711336575002078,1.2681886553794124,0.23752099277752262,0.8658438415052527,-0.2222464025832178,-0.758530022501361
-0.6896195334612645,0.0049530836257825174,0.8127967688230678,-0.2429579752804264,0.417351127874554,-0.44781400739597255,0.2792147514020016,0.07003204725294597,0.308429166933481,0.8327527379306298,1.2845624592613807,-0.8298437426579358,-0.385061726466068,-1.7193217696423555,0.052863674103105454,-0.23198420058140728,-0.4922084314989731,0.5237854430675231,-1.2365754746206408,-1.1913971031743644
-1.2570865824429063,-0.3740626901613818,-0.7416501271390836,0.5222636284169967,-1.7408259537368849,2.055810154843386,-0.37202613168215387,-2.029984906491578,0.17756596422916263,-0.26598034208044324,-1.751507578124342,0.5532872618886447,-0.8288998548209551,-0.47036902588514096,-0.15263221116115602,-0.45254365992695084,0.10982546890822817,0.046893327858210765,0.2960937671729863,-0.4221007127430789
-0.5950127760191685,1.1298175552327503,-1.2886196112383796,-0.011371386210117011,0.5497845876488562,0.892089061241676,-0.2660501235819431,-1.7441035761576902,-0.35653673714842987,-0.284019289223505,-0.24236044460506037,-0.5842006549236411,0.41122071541539684,-0.39785126802588416,0.5317774651507997,-1.0559807614403964,0.19172074601659647,-1.095376865078818,-0.0111795824205594,0.704530213638838
0.4776384396541573,2.880454746723277,0.5030849342635184,0.26776315499452996,1.4543891664695632,-1.1866192456733384,0.7258325431889455,-1.5399635942964018,1.1780136383760968,-0.9057514352319145,1.1724332659029852,-1.0299036616208759,0.6196540784112049,1.0806844673699911,-0.09449735666846797,-1.4124617814715879,0.24576232418821525,-1.5160653917308027,-0.4969288284964703,-0.6147167468367173
-0.3343014963969979,1.056502058732044,0.38555342942531573,1.5032042910759613,-0.014820279075404995,0.24875786670260017,0.25137720735324626,1.7808269255508788,-0.15109102609422642,0.5242695017182307,1.6618665145015834,1.8152331573914815,-0.2636181361133125,0.49080866779652643,1.8596559390993144,1.8874405242133845,1.2882872012702113,2.2148417699354566,-0.9645275670973272,0.4941151418847551
0.1129043634575995,-0.4108719011379455,0.0009212523271821747,2.2438147575017977,0.7902468377519629,1.3649552815148784,-0.27760158355973574,1.1530105459956554,1.6403665461567394,-0.010592181718445155,-1.5388804425683045,0.9628444533056383,-1.1941634887575145,-1.3475985590439081,-0.06791897238157045,1.0800304543534063,0.8237836365258555,0.9441309596774934,0.7757946487703564,-0.23472664171315194
1.3176133631454607,-1.2120741979332945,-0.18282710039129976,0.7591769373247194,1.3903100551506375,0.8149745367812475,1.719123628469955,1.3993203485894987,1.0802471730709005,0.3227699687368871,0.776628508055594,0.08880851231610032,0.6006765988048627,0.3213716600747853,-0.2353669797127307,1.8099765083752697,0.18783748963209357,1.1601305529683883,-0.9904131351684061,0.6488742419616327
1.0931930636586953,0.006385022515022739,0.5287248175738423,-0.19905825451954606,-0.7887123578083507,1.9574941488982562,0.3399988313474811,0.7335652126053422,1.2319052662917631,-0.8321800088683328,-0.0032914610231948886,-0.7968601667019719,-0.31468165856528996,0.2213259543707945,-0.5326075858524879,-0.04026206457518418,-1.3500196767617945,-0.2274701817750971,-0.6132830869260946,-1.3535302994912182
-1.6968870807542633,-0.25362508600663786,0.5938016428964273,-1.6701773199557346,-1.6893557769648306,-0.542124106870896,0.15722550536772387,-0.9802406686670049,-0.3364215224550856,-1.2409970015909515,-0.18987337486606712,0.4228540747228522,-0.13202376044332617,-0.09914314625487938,1.302630182498755,-1.0040097762964462,-1.501105974007975,0.4949119072119537,0.9348586878888597,-1.1159748054197243
0.09835965244653241,-1.272944812146443,-1.1265381991876027,-1.1789372234251727,0.1898768011183765,-0.9934310708509427,0.2826418496864901,0.28606989547899336,-0.5766315970039954,-0.9091293694865697,-0.30373853222877534,-1.2264126316918673,1.4473375778971405,0.8125871063295467,0.4478367873766599,-0.8639111298425382,-0.8455886211464864,-0.6990685505675462,-0.24540781266013503,0.1714274817377153
1.803636852532543,-0.5716461663838228,0.5478967217929018,-1.1793538351907868,-0.9489226792391976,0.3201469091140687,0.4084031800511323,-0.9959295665553757,1.2558466014724516,-0.4719809254133916,0.6823285688177749,-0.7306678468140281,-1.3453762134982057,0.9648815301588394,-0.5911267331362019,0.1454629114615859,-1.0222488969495653,-0.9378271900120554,1.4447584270461067,-0.9092704195874166
-1.0097527329133185,-1.0597540045106673,0.640507640160066,-0.2561132310277861,-0.35257437347142623,-0.49067548422003465,2.403369572036102,0.25622925852563,-0.2999839132579563,0.5751991136555112,1.0828261087082631,1.2700268619955017,1.4287763277741317,1.2591590125999554,1.3105595406215806,-0.08277392690777312,0.29938406905187,0.034354786097581566,-1.4040872724151432,0.015957063393867186
-0.1207619727192267,0.7743579687135639,-0.025904341600941946,-1.968444612641076,0.020702337687286073,-0.4411566482519319,0.15545092249099568,-0.343824830867224,-0.7376798319958802,-0.3596927278712475,0.393614154524319,-0.23563485245061594,0.44881694183320997,-0.5040800176954571,-2.136561715600063,-0.44282662489544333,-0.8082369475951791,-1.2093050344229193,0.1861310033269732,0.1296247206455777
0.7147450941035021,0.45096007181569225,0.7750886320155962,-0.8143231954075068,-0.2771165829389051,1.0082213614597972,-1.2693795993922505,-0.857524391009912,-1.6453440853495702,-0.1342097011473675,0.8042363581315083,-0.335401959717802,1.137893197692481,0.6106986679853865,-1.20480214019304,1.132583326254694,-0.1777051697693426,1.4528862543168308,-0.7581271851085181,0.1091994727115016
-0.5610146087794081,0.725129641666549,-2.2792607222731163,-0.6504144177849661,2.0016737101604454,-1.3040736747748152,-1.4411131890640663,0.6281160233979426,0.40688475167802163,-1.8703947275274637,-0.8332451132204437,0.18896892474823143,0.7312459841751275,0.2452713107004736,-1.3320413804767373,-0.8251999508207177,-0.004173695628411595,-1.3610020853779154,-1.6884279494316279,1.2923094284300354
-0.18816983923069966,0.5153662827507913,-0.8023484327340833,2.7327945083103296,2.422069782750987,0.6960679399984152,-0.9560383147328508,-0.4637290991758634,-0.692418201431437,0.6508971401204193,0.6772163500638051,1.454878164784126,0.29898740872876456,-0.18987073635769083,2.0129580691856415,1.1419498317126953,3.0713582605312713,1.2764008049154492,-0.5657996809243903,2.8643392438442326
-1.5996062745101958,0.041334244795604304,-1.4196224716272774,0.9627475710433012,0.9862846886533142,-0.2298578898884996,0.1675921869569888,0.9990746174745441,-0.2506666765081197,0.6236865946648144,-0.27000252805593883,0.08014773584021585,1.5237925694943668,0.929798406625326,1.4596166828150705,-1.0614792748287445,0.7272122941552119,-0.31828161060458426,-0.007553459855321675,0.7535539889271854
0.9176571862348173,0.935253082908704,-0.17660318472931083,-1.4695043894881665,0.20150519571017034,0.8926989326699766,-1.4293188743312386,1.4131067147562097,0.3482604729376196,0.03414153229490907,-0.42937768007791677,0.11217810738772863,0.004599232165453959,-0.6286565043368318,-0.04903323253252681,0.5782877669908257,-1.9185415090284796,0.05861477049946065,1.3890966882547005,-1.142645019857812
-1.7961986357584068,-0.12952113769810666,-2.11829428818984,0.7037680781224569,0.9093230079932619,-1.18159117668728,-0.03513187448789829,-0.08273300650839639,0.7629542389057439,0.6673086495637783,-1.034291924763485,0.5381475519247427,-0.7653674138608835,0.13319244657322815,-0.8606704072459435,-1.4001880263938384,1.1573109926116931,-1.6148310704245794,1.2291569616082663,1.3039265931738335
0.7367814326502383,-1.3767959389492541,0.2567875495121139,-0.2069258035932459,-0.732780759812235,0.5038931126397519,0.5208765094897189,-1.863606534823362,1.0364844272394116,-1.878171824795412,1.3307114846297596,0.8197146917192223,-1.148910476680636,0.7455006096716236,-0.1873894049893349,0.4424980586216615,-1.1068320879662343,0.5410513928439323,1.3552054448329238,0.24900716589145144
-0.6415127919201633,-0.010537075624384797,1.198882521437006,-0.21819363670221203,-0.8839835384420773,0.11459018402698219,0.5393108251976766,0.39254569323270105,0.6720990426173555,-0.5949750627940278,0.8681835667756075,-0.6891925984272559,-0.490814068449144,0.2972193228884252,-1.0066685756671834,-0.28034885937572646,-0.5880759722526105,-0.0788810149014503,-1.223787386361494,-0.8693145826934396
0.5676945431133148,0.04228236195457135,-0.31734149008859597,0.25229519359039804,-0.5723902119428806,-0.47126410993605927,0.1332912976970201,-1.6347295713305845,0.4487309329737092,0.5409751163819122,0.5521081580207569,0.31306706126536216,-1.2549390991993148,1.0231112954623658,0.36123688864038556,-0.1887093383341914,0.5855189533598618,-0.4966647970695266,2.5404898537941114,0.5777357745319015
0.6652116374856567,1.0875646570756905,1.0214578811125994,-1.5715592392326256,0.20705146452057435,-0.33215161020419937,0.5386020309061488,-0.8543148529250943,-0.21606666764209378,0.9208278097164829,1.522067144001505,0.68619149698509,0.5214743749558652,-0.13189641646918765,-0.633244642558799,0.7075612821248788,-2.0161457708848682,0.12569176343895042,-0.40287640719878665,-1.03305355271198
0.28150561280712955,-0.3697219396345916,-0.6392703543330406,-1.3339955539588864,-0.8151190455178575,0.37701907691477793,-0.23177191133465805,-0.035590608024480844,1.0869604670131283,-0.6014194483022679,-1.0098832224553083,-1.3607036519628564,-0.18062209227484122,0.9937774649000722,-0.6277605231499083,-1.1314130136534153,-1.7819656609527474,-1.7775283955994023,-0.1324046416718219,-0.4064658629613487
1.6528900989255269,0.8807439619809286,-1.5967332317200935,-1.2836301913077048,-0.7845002220196624,1.9157026651697797,-1.4689340192741498,1.64935004429685,-1.1382525208438063,-1.0887594512297412,-0.5382162779112867,-0.06193677465849168,0.10414290538137005,0.6731937000908113,-2.433020918116241,1.509959672807475,-0.5112832999917346,-0.024330218947904072,0.03365896546335657,1.3906081882424646
0.1491939002926393,1.6296577963601304,-0.8395560957544913,1.318178289703137,1.690219877581837,-1.6265841156272831,-0.7898197392240004,0.10690074086665399,0.21281170953253872,0.296058459445533,1.4987865975569263,1.7399081624307187,-0.7356292058246854,0.7099320396346706,0.3328336178528719,0.9541907988143744,1.3064910042374975,0.4451806480734601,-0.16234862132408287,1.890409084454945
-0.8996238486603292,0.17200191598900835,-0.8057848613757599,-0.5819102671386772,0.6458901574155339,-0.4784802532460494,-0.4675026920267835,-1.9326338720468552,-0.857440047708315,-0.9405629072443853,-0.48351313425000314,-1.2230771659305126,0.7522061909019857,-0.4537655695452605,-0.05534964937468173,-1.003012438365899,-0.06599299183424516,0.21103264494722757,0.3955041536591975,0.2516134358653195
-1.073350184131471,-2.4818119022583325,-1.7577035286746427,-0.9185223996568652,-0.16410966037032032,0.6585588832281052,2.3090309355439103,1.1946967981358068,1.5519116046669126,-0.6060224063196927,-1.3548717880618961,-0.12684252436648716,1.2085643746455328,1.540568948704637,0.3808773640665847,-1.168874632844642,-0.3385326158411025,-0.5818256251393638,0.6005281582329905,0.8649763322271401
-0.8679050873493948,0.5248100737851745,0.31767890381843344,1.4067768340898386,0.8470597822771971,-0.5736687501507438,0.5727521600888472,-0.09949329676501902,0.6298521365707687,-0.2655380044166295,-0.291074907973862,-0.06392274840088588,-0.21733137573320985,-0.4516184357515013,0.6233484818432115,-0.7061699338596068,1.1242843244692675,-0.3397249814743125,0.47861482977460706,0.02913078479653831
1.3899448965821686,-0.1906312507720318,0.6688694447680226,-0.25228873919803724,-0.742950854393662,-0.8761917677147042,0.32946824248679585,-0.8842036187423189,-0.5969120594087872,-1.0295713118182517,-0.2379034350960988,-1.0096166103373703,-0.27799877202679507,0.5510174995054024,-0.08114433822642704,0.079328013538498,0.5045985093613256,0.43118895753826114,1.0510796056833658,0.532315984047852
0.400157471751819,1.453356925420684,-0.8133806882390688,-0.7868055061075104,-0.5959863158899089,0.7787484281101226,-1.2210525850516103,-0.30362798606991503,0.5201020422724886,0.369380768521445,-1.0745198532290496,-1.425711197275059,-0.3080834430439305,0.14488658146498362,-0.10565783286130984,-0.2565267741673777,-1.5248003532604264,-0.49657691335729726,-0.8282985705373134,-1.2259877500673428
-1.1747124008056868,-0.33959877438769437,0.06380773972345989,0.5535277014096708,0.13633694050074088,0.642111095572971,-0.03751954908288613,-0.24757916041518407,-0.12853346313153985,-0.9960818272942341,0.9003102169906861,0.44922836192936844,0.008884153635834164,-0.7909408693001865,0.055086751594243595,0.43757061251552476,0.20524130119125034,1.3580623313011084,-0.8751846976398064,0.0818071918268886
-0.34178376472579997,0.1750491777924045,-0.9707293261780685,-0.8639784292071859,-0.9284448520469705,0.6412168536459653,-0.8097782496226683,0.12728201159277164,-1.6873449180645235,1.4439895970762437,0.4333625751804986,1.9039142282985815,-0.6803280230321591,-0.9841173820315671,0.7467121745962386,1.110839074740519,0.06072128227350882,-0.12726179460955084,0.7996741695918377,0.9681794135787656
0.17913705364358967,1.365588010230058,0.9023580953734195,0.011143976410233559,-0.8141630152378313,0.7311229333700067,-1.5210542957800468,0.22394581791545154,0.5637146422094924,0.9793544036600076,-0.18178586241186248,1.6611801222840363,-1.3638368180862477,-1.2942656538817368,0.6457565147232408,0.9413056951756076,-0.741954680374067,0.32277386317505324,0.4363806401188696,-1.9858446475561786
-1.9619652820923812,0.3840110224694507,-0.7061317274520391,-1.4523548522205587,-0.25875771128223835,0.2151003874101788,-0.3142836329027535,-0.39508375455007855,-0.30083636435201194,-0.04412236267431925,-0.5834172790432866,-0.04289527097524772,0.8462163865495921,-0.549872099686442,-0.24919088345897167,-1.7451478405229475,-0.7611993266176653,-0.9393702246089212,-2.7630500770123567,-0.32229195394707966
-1.8926459311312505,1.1160713280462848,-0.873883708793672,0.789571489179919,-1.8905784402395671,-0.004428692271353772,-0.13402853245106486,-0.4288123695129577,0.716883789725732,0.7239231344074128,-0.5274175817848376,0.6180195320027498,-0.7486431535376786,0.7536324558444736,1.4351114509567042,-0.6442680804285511,0.12360769970093184,0.7193340078789198,-2.1101986258450705,-0.3758887197196297
1.9598312859910436,-1.0431416333303558,-0.3681436856881117,-0.466461163951987,-0.13714288811083422,1.2183356351114791,-0.17031385358085438,0.43217467065572895,0.07186367980605544,1.4117353283464664,-0.6690067602619841,0.4077747643575318,-0.13874648651121943,-0.046566136284616554,-0.4310955737930659,0.8311510391703286,0.2588805917817693,-1.634539473034592,1.1769337131909716,-0.44630056246670313
-0.6001115612904523,1.7019852068023436,1.3512986504791573,0.16518953000587433,-1.5559795303961774,0.4078786919142068,-0.8603822425993731,1.0269854958204514,0.048026430480460326,-0.3992247945486863,1.1521427469763803,0.7551334534616135,-1.2489673132554504,-0.9866398295190272,0.12745527320513117,0.7091293025643158,-0.8642832318732238,1.3721730393648817,-1.713241172767453,-1.2188730297413732
0.5700971272238957,1.2622350697137192,1.0041987671432135,-0.24976516595901394,0.24940119045372497,-0.828109261522838,-1.1633033041894363,-0.7436434475336976,0.23897056215291126,-0.11405641288802613,2.0485095163543936,0.8238346702020913,-0.878835707426688,0.009411523890436447,1.2911422977146314,0.7105296580173098,-0.019104205576026462,0.7197296963919184,-0.07078613246023813,0.22218706608879102
-1.7363292413742706,2.6341732042018915,1.5400984949861078,-0.7125234264481287,-0.3618342661404047,0.12164574356920813,-1.6791224427029474,-1.2307134767174452,-0.28513313680928154,1.074797385934113,0.70571095240252,-1.0818306374621312,-0.5227797449587712,-2.383247044952208,0.5354673520200415,-0.5317956464858218,-1.5821262974766706,1.3464448745832205,-2.193598981224537,-1.5542316638753797
