X1,X2,X3,X4,X5,X6,X7,X8,X9,X10,X11,X12,X13,X14,X15,X16,X17,X18,X19,X20
-0.052985829877902346,-0.541466724560391,1.2709240713431347,-0.9004537787898714,-1.942294941408331,-1.7260107614324784,0.08871037273743809,0.055989709970473395,-0.821937985574701,0.9723037299412605,0.33016997711069457,-0.13670103541672468,0.3175268965370911,0.06616086661504424,0.021388596617941288,-0.12796650519840924,-1.363183710468564,0.23222658792821635,-0.8213087664199126,0.09415494244572939
-1.4571171870076378,-0.2873581132065729,2.3484473981967238,-0.3000850531136284,-0.3679612214699153,-1.2159037912527133,-0.23096289367722955,-0.1424000081758539,-0.7866599243285292,0.1983825385689932,-0.8081408918418421,0.7971450267398866,1.0801836744789828,0.38809313637126586,0.4927633488469714,-0.711679995619284,-1.659098444554072,1.4999154506277814,1.394552897732204,-2.3655975670969362
-0.4303305799338434,0.30649464216034866,0.008153028541015286,0.14551351895918058,0.06694021968801472,-2.2099046985224833,0.659488165509099,0.5399830619057386,-0.9102473189226135,0.2984456488641196,-0.7026842458063646,1.4281083890646296,-0.890456860576338,0.8900221492963796,1.3274961758959134,1.8318797848283643,-0.9229689812356128,1.9078813424538514,0.49154078099503523,-1.3649651217519707
-1.8087289692028166,-2.1484143171893515,1.5687046628562409,0.026812546076652646,-0.4434578755534986,-2.5403845075372766,-0.09108081856817374,-1.6979927650775757,-0.7436806235081936,1.3892751192779231,1.1229762867439275,-0.09881817013611413,2.1169117744471833,-0.33241006280223856,1.34439421052083,-0.7856167973431877,0.3343296038434981,-0.37979200904128246,-1.1224720698696358,-0.8449484146045712
-1.9231818740871627,-1.873029474148456,0.07808424514801522,0.20763797148161042,1.4510910195175684,-1.7842130005695491,-0.004732776236251618,-2.101373199378911,0.1434916382089075,-0.14276097524978587,1.5378399579959587,-0.7583486181123559,-0.6529419216787695,0.7156147162945068,0.04370368556730754,0.7571833695589585,0.3241126421182911,1.2587110475523016,0.3697332526094161,0.5107802578455661
-0.9246269434097905,-0.6292522586778099,0.7328950610117757,0.9420087579355428,-1.959369777248073,-0.6134198949784158,-0.28315744861344605,-0.6906354496856711,-0.9635002872744991,0.7022661568826417,0.30123086221195433,-0.2751527023022661,-0.056575435096244533,-0.12931900932217885,0.1466025327946568,-0.7183175260909443,0.6692000124921544,0.21455465828787307,-0.5088993298791935,-1.3895109753759907
1.5453740756438623,0.6961868822552186,0.5360775068677323,1.575761272565774,-1.6727189176585944,-0.8680614481454951,0.15429424566605723,0.7588166557385035,-1.0440430560063039,0.4204056962045781,-1.804777871852197,-0.9066664903003046,-1.6273682520343775,-0.6539434213980481,0.6057666661301234,-1.261669196720096,0.7493613555557682,0.01858120523799182,0.29292918390849654,-0.1660932101172899
-0.4718212688161909,0.11285832389531565,-1.6898326110288293,0.9115037639170016,-0.658893085920946,1.817109234758755,0.8367383326946282,-1.1652924396199704,0.9071247987346002,-0.20192423019213487,1.0876736730373666,-0.22688309457189546,-0.8631790396607668,-0.7321207044692176,-0.029231195143289247,-0.05678583081886055,1.0295443200604528,-0.0871724482943628,-1.3327294608230906,1.0954896156643175
-0.3332194474904181,-1.5552488588766062,1.6613709400357175,-0.43287312156145563,-0.9331242735945174,0.2932321545890075,-0.4001180003730503,-0.03161106139617523,-0.703481026550768,-0.1671986907130219,1.0465925054620426,0.39676494701788223,-1.3758512965795568,0.16195063226809306,-0.3859525251116045,-2.4150433765936694,1.4243233536173012,-1.2735445528163352,-0.853135692420148,0.6963595871725557
-0.7113201288097716,-0.3860776837537679,0.3887949723355151,-0.9087218907805026,-1.0321909508258933,0.4043486183764121,-1.3271496030659535,-0.12728129262446697,0.002099474196825519,-0.27595202093700105,1.503771499445702,0.9320322126315029,0.23970839874884334,0.2595220107910939,-1.3519190846064186,-1.0351962316089376,0.49998559991897185,-0.134246050595045,1.1441547185667635,-0.025659250202132555
-0.35026363566175495,-0.9967253497153103,1.0012888184806739,-0.3148645496054276,-1.1167049002745704,-1.2256361460433176,-0.3450594662279217,-0.0940631990742916,-0.7053617323947949,-0.8456233407626372,-0.7110502792430576,-0.45709528221479845,-0.8660661087133296,1.270541878589974,0.5962768155418173,-1.5267016458446279,1.295507241501232,-1.9379198817956254,0.7361724571323383,1.92717170449573
-0.4369738866242077,-0.8499733813351372,-0.16770453239481994,1.0797775731073813,-0.6658306436856471,-1.0593689658325283,-1.741493547516986,-0.3800700115099546,0.12611389719021607,0.7177111424555552,0.7655497428984743,-0.8114982957343156,0.45419155521508736,0.039473860949402896,-0.022325073577684644,0.43287115643483554,0.02721009701584469,-0.3569308192300316,1.5177710375999816,-1.1587655138699604
0.6842609009924127,-0.052822676659800866,1.2662140005728635,-0.5838237420954385,-2.244058452344382,-1.104803974778118,0.34340311131093926,0.1606062781327724,-0.6286141862536381,0.393079674872044,-2.2819621639131955,-0.9615032205087549,0.12922283468383666,-0.5862301037547046,-0.18687502472955872,-2.292231840128367,1.1060239626042947,-3.0550387197582802,-0.9393717698471217,1.9111967271880852
-0.36241597422440347,-0.4283996083428819,0.6981353578848621,0.182151929491885,0.6467429546892053,-1.7811474622542278,-1.3338183496092144,0.02883524284455155,-0.44251853837677585,0.13795982552978042,-0.7864480130234701,0.0439342037970316,-0.7734664701480238,0.6372553234920996,-0.5887760587360349,1.1499856470744578,-1.3071552689800925,0.15799885772287234,-0.040689378886527905,-0.8600651615810856
-0.06348885049194655,-1.0266245389020154,0.9747519381543175,0.0724316095540775,-0.013020342793236972,-2.2816351247884876,0.5649694218793584,0.18958178666129752,-0.8782418846679366,0.04147519384510346,-0.4969982284576231,-0.9071972286223375,-0.2506129681003498,0.5720822417247909,1.2940416073732512,-0.9101586785861545,0.012933159817989178,-0.4456473890868338,-1.9291460519361647,-0.7118599765972414
-0.8149924105978379,-1.7155789695138643,-0.8877290317300641,0.8741380959989561,-0.1847563050248425,-0.20078746205325496,-0.8899418615141659,-1.4182554423865916,-0.5758862690961948,-0.7482354353351047,0.4115074364105556,-1.9704074756301053,-1.269158876215481,0.6673396965529973,1.051907975615334,-2.1396317878273905,1.8961451872846273,-2.0616927204708855,-0.34238911816248085,1.5827219582022403
1.3470203230811182,0.9432297281545019,0.7487115509768357,-1.6793884098266032,0.09528232287634576,3.4791353656759113e-06,0.6824551727958644,2.0604862067080845,0.5446999089425462,-1.2933244739673437,-0.24396168577397415,-0.2998734072904647,0.7530979036242297,0.6586592672241104,-0.8146970802258655,-1.2026478772887408,-0.7307835302932688,-0.8101949196611709,-0.770468618391691,0.4654201380554798
0.7097658103553253,-1.061211981786156,0.9302338413612395,-0.4986057132193631,-0.5202891959205309,-0.007246793095403304,1.415591931313553,0.7466282694638167,0.27142633919888975,-0.5846235184224546,-0.7969969851227301,0.27576319085313933,0.6791505704543327,-0.21971372569848657,-0.2528017005429542,-0.4067420504912792,-0.37332874368827246,-0.5629917975767664,-1.6433041622474447,0.5870923883529676
0.20094395016145727,-0.9882858740114727,-0.6163893849911033,2.235322850820223,0.06679542737770632,-0.35988833948572635,-1.141908608308987,0.49284357022225544,0.14262959856349466,-1.8874024531187599,0.4093956235364359,1.1106265680981542,0.6170478388009101,0.9783436230832444,-0.1642825430716373,0.48279890449524726,0.8154786163279486,-1.2996950774108929,0.6095113596714036,0.3809143432320146
-0.3750135813449696,-0.9696023170598316,0.30707827530711496,-0.8229787720180418,0.4162555958170868,-0.4255982018276382,-1.3231648072047468,0.42157113141500474,0.4797815533754203,-2.6238721608964566,-0.6678146847321182,2.413302861490249,1.084415228252652,1.4604914719206648,1.6124757455245304,-0.7730492820779952,1.7353249134623028,-1.9356290859669485,0.11024883450843535,1.8984754151646825
1.025339878027085,2.1959186310983103,-0.5542375367403188,-2.995058192195602,1.4580270453027766,0.3067134275962987,-0.8101350473630203,1.9420850101410927,0.8657350686309168,-2.0329842472986344,-2.1304277787129404,-1.4740155528258794,-2.006821390170133,2.009035386845009,-2.3069289631135037,1.4001447358593844,-2.1109426135887435,0.6637522672505609,-0.5701148790123175,0.8438367313108932
0.33088303999983537,0.5518942444018629,-0.36611529416950483,-0.5867021389758752,0.8404286611201311,0.41072187773355007,1.9948452159178915,-0.4468233631338756,0.36581887431515286,0.3840924078290041,0.2409994672063944,-0.8575043263412855,1.2308321684979349,-1.201336879685546,-1.1604904462227297,1.3250681517150316,-1.0341223964069968,-0.18192690966086156,0.2918926165464391,-0.521656162513029
-0.12988406452484277,-2.0960080072100666,0.38028714321575796,1.0555052715166262,-0.039983421660661655,0.2090373917443414,-1.146134881441942,0.6108035504364758,0.222265827925725,-1.014804992074029,-1.5785149544743406,0.2537413260496207,-1.530627180568555,0.7730839293744158,0.034160953720397236,-1.5484476438227492,-0.07194391201978995,-1.0880172918206406,-0.36440503979485017,-0.3009179364000507
1.065335061545097,1.1299351063636283,-0.7135885938699728,-0.38046813304645666,-1.1959703800434578,0.4145085495423579,1.0386925808636889,0.7553750037951007,2.5145433443659284,0.6068678979286853,-1.084086833549684,-1.1261798513522454,0.7685563718374852,-1.5616270520412865,-0.7800024602652448,0.4607038253740197,-0.17866000721121247,0.6860730078101706,-1.8056029884458247,-0.6645299773574389
-1.1645662409031847,0.6341401544333786,-0.500525842207946,-0.11898178418057855,2.872654763850466,1.07111814992506,-0.2618771619449451,-0.5139903886761781,-1.6706379774085351,0.20189500666486793,0.06787223687979307,2.2563013869914093,0.29581668238840025,1.0432566566401251,0.6472073375923632,1.0942981079968899,-1.2268416414590095,2.360014439227499,0.7177579015216239,-0.3583735686228722
0.9434161037099814,1.5424496903487157,0.6130922970222084,-2.623062862258297,-0.3675006229906482,0.6585362111032906,1.6937008337731154,0.8531701540210441,-0.37736691845659764,0.6244839320362563,0.00863336344344409,0.16637815311893508,0.001724782711239945,-1.6750267161314547,-2.193925982494918,-0.17281996575989864,0.4135996727390298,-0.9098840591719649,0.014281906856087823,-0.06161721034353645
-1.6302834740411758,-0.9895886817852859,-0.45983498743851037,1.0192518833155861,0.4355153061515073,-0.16195581792525102,-0.3339824130906791,-1.7160358831846934,-0.4078032064362002,-0.0007719616592345009,1.7458982691765503,1.351556562896193,-0.5748690043838208,0.696987721357284,-1.454131758809741,0.22788156208406332,0.5907790649042899,0.8837937158141385,2.654226558086117,1.6071426315026407
-1.1674145116891075,-0.842713764007302,-1.6212907152622555,1.285061520284304,0.12259117436266426,-0.11218852026321252,-0.8192679911051419,-0.9633857976613103,0.3123098312324831,-0.7777520538104723,0.3148948380732989,1.302448390027963,0.09849506369182058,0.3908047259518188,0.7612900378056239,0.7714859050508853,0.676725947919322,0.08171480429945777,0.27629720572361466,0.32593837331362435
0.2811237246456081,1.173735188924798,-1.4470308792218558,-2.0825881992858224,1.5735349291292782,1.3430282384977352,1.4366953537486387,-0.06081316434428849,0.985295774072368,-0.5830758450048263,0.5844902479349114,0.7507279439754952,0.6493948037318349,-1.0248052040569522,-0.3387167147026862,-0.4724776472684787,0.9270892204751112,-0.6371693067718079,-0.020650725576839425,1.8243703258004706
0.9457221665278988,-0.21483717073758407,1.4652040700641527,2.812004251628892,0.45731619707359444,-1.1026660366424577,1.014038582053316,0.9505558797166139,1.0776377350353181,0.8218777938679821,-2.4669160472004275,-2.270010184730372,1.4124916695777587,-0.6219505880364805,0.05249882246595341,1.150950802406502,-2.0232934044246615,1.131813014161917,0.6378627488395087,-3.7171822773983085
0.9730394149669652,0.7722966517256907,-1.446998540958437,-0.3406731339198463,0.7623979195323977,1.6106935112318532,0.7917439779076645,0.5466900672594254,1.9727229052936552,-0.9829610241348484,-0.17165773368861115,-0.6473920500456045,0.19952656155893908,-0.37027240140383927,-1.0022446464264794,0.24058496994989473,0.2835011096538143,-1.2428096474652301,0.20205039306917824,1.1365903441125265
-0.420375366988958,-0.47793520401951045,0.12361412139552876,0.14748857161281476,-0.5465051222512533,-0.42809535853622405,-0.7289420139548326,-0.7810789797528433,-1.6584942294230638,2.1136855506022223,-0.24990316327905576,0.6651082385202389,0.295126142565129,-0.9161106500468563,0.21890867127213906,-0.720460000767469,-0.6156128610028342,0.18423695977201116,-1.2789964691258824,-0.1016253030404774
-0.07204069685008738,-2.0472609023876136,1.8238944362971643,0.7557798505862184,-0.43021145245615133,-1.8744691479008562,-0.37676590505971,-1.1596540817287613,-1.181063697339092,0.702787172954918,0.5268847748686016,0.4978529375177973,-0.15444049383761413,-1.2035777658737339,1.3607897692442097,-1.920301444833191,1.9698236402848486,-1.8768336977251072,-1.3403262195673658,1.5849484701660834
0.9531183760640057,1.084911158396344,-0.4892021266710696,-0.8274067984693402,0.08362107840797287,-0.20683130664643923,0.8016291230053689,0.8048368529486578,0.4685218089593761,0.10550503493752082,-1.1262827739270258,-0.6290420354718973,-0.3918585923058473,0.06907465026975024,-1.4873576436930396,0.3396918619012108,-1.0050614924585553,-0.09141243826623181,-0.03185631820783234,0.5389686205622423
-0.3278786338224654,0.7968435555959374,1.622615705800613,-0.917332222173398,0.9695205479333802,-3.032981143983451,-1.0307785061479606,0.22846432757263274,-2.2158932619879637,-1.7202141155195256,0.7414569934076385,0.5681435315827359,-2.457141843095627,2.4756669028150413,0.18798513013213364,1.4390355028280648,-0.4215412906882274,0.6578096334064849,-0.820330681341237,0.6991443800385272
0.3466784879838129,1.6018960144804508,-0.6395823735729068,-0.1776091888661088,-0.17459608395753362,-0.2556288309394751,1.0339270015279927,0.018021040725726866,-1.417448579416869,0.5380636100252724,0.3599564974507173,1.0661950970345015,-2.0316098837272327,-0.5233841478983092,0.5187948120286624,0.7963291474664538,-0.4456607193253079,0.22989137575539936,-0.05234231120854426,-0.20305299250330716
0.23373587859370448,-0.2056218166614684,0.21521458134854138,0.7040582770747306,0.32877035047734043,-0.44685135307646395,-0.38240123107261453,1.3508962585554725,0.15803801434530884,-1.7425608981459946,0.18253301646763873,1.2584268062943655,0.24507536764220192,2.0912986853480815,1.8843756513691214,0.3435526986953197,-0.3072953438712501,0.3015392489268816,-0.5407594589047799,-0.17625713143572794
-0.6132208061143508,0.29121747844966517,0.28098941507395225,-0.3990434179682336,3.595153209154686,-0.297422694064962,0.5025690767958705,-0.6170701403213225,-0.5917597304088413,0.9898302227840804,0.5044234899830878,0.64803445386692,1.6310304943457619,0.15023348096975758,1.389791557097974,1.5866576954770613,-0.8348003393849364,2.137696613712929,-0.17959438844625472,-1.129476359387643
-0.28636525399957297,-1.0514010168990577,1.680265252567326,1.4728276909195401,-1.0862342947040702,-0.7804298779648172,-0.3251586592025511,0.5348968818570069,-1.3674406491775084,0.2615260059313906,0.35032809520801184,-0.26036796661193284,0.3275807145934185,0.6228922711648607,0.24228486994563625,-1.2548388085320827,-0.4915520504366293,-0.6659842630499525,0.03657960102591353,-1.5091583899035195
0.9626034262808894,0.27581864692798563,0.1673105669312768,-0.9705501598450196,0.32275238623370317,0.15964463600542514,-0.3410496103458605,0.3562242937326303,1.6504452453552905,0.07894168334247283,-0.564880045015681,1.0379240436902228,-0.5000300359130745,-2.4093375542580606,-0.12174722793528514,0.3583313894609087,0.04731610674505973,-0.19569189609432214,-1.6439635067221523,-0.8745614163501846
0.26486717667501986,0.34921260087416567,-0.6756599103008515,-0.5550616154683823,0.3283124676481493,2.131757281049602,-1.3808136503094108,-0.34211060931988707,0.24265849952343294,-0.8629698738932683,0.5221096873665412,-1.0124617029356595,-0.07769987739899387,0.42252414226613594,-0.7104801417027462,-0.642398672410746,0.8090899888896987,-1.0664257131976185,-1.1602613175556837,2.282644828874168
0.9906272619323108,-1.3621371795263029,1.6018053442044822,0.015768593309963264,-1.487889791333877,-1.168441444560714,0.6847913253095876,0.3207206173233263,-2.0066184484046237,0.24291262131019475,-0.015517435251488671,0.40115645044447656,-0.16921944580009415,-0.5944555790380105,0.9675711379302148,-2.04674712927073,1.7411447162876947,-1.194418007121452,-1.8672036817853046,0.9844079338487145
-0.4149732166319605,0.7122273094381814,-0.8508873003876056,0.26050102294775157,-0.4399651390051641,-0.8519573615237057,-1.1036269643228038,-1.0773127094162995,-0.9681631855482562,1.8273989893554115,-0.5055148740171358,0.1464659153642196,0.7179058505434802,0.06523761481607304,1.7903867813295864,0.21287237955794447,0.5387889691772348,1.4375806368766022,-1.3700138427869866,0.9428515906060586
0.7308814734016513,0.22041211328381696,0.8759755991539488,0.6846821536968706,-1.3855544824391524,0.08378979080239807,0.2926458681536585,1.5100748052872566,0.9779361921008362,-2.1225800961364016,-0.36019978922095447,0.09828596432613719,-0.2810970502330219,0.7089115161807369,0.8578758697104039,-0.5654444795339786,-1.201760258978584,0.5210091651326804,-0.9761151991645723,-0.6682892230385387
-1.0868278607258195,-1.6827378455306972,-0.524859108436236,0.7460677543246669,-0.6397931557455299,0.8296198978346209,-0.2132694029996116,-0.860652976452918,-0.15820341889593503,-0.1154257960101877,0.5597383986702182,-0.6744134454263051,0.7144172449625832,-0.07616815613640067,-1.418402485993007,-1.0767531303686895,-0.062111819568584734,-0.8861197963381712,0.33648760043806963,-0.8130186360033815
-0.11742035623951312,-0.6846414264215293,0.4242928050002536,0.14894243470589677,-1.2148945379571343,-0.6932680309981369,0.7405041053582371,-0.7540616909553491,0.6466836319840081,1.408883448955263,-0.030387666732376487,-1.5468447816581907,0.10959653984923892,-1.329328837396314,-1.598981420749212,0.7537471622451727,-1.2881653332370009,1.117300428796945,1.2827811210691586,-1.3269074076391394
0.813292469505132,-0.16983893182707005,1.0855995365108888,-0.4258672693856615,0.7194216693035692,-0.3450593609011915,0.24730968410744497,1.1092375234923453,0.8164660906852168,0.40623176312404696,-1.416454152625137,-1.1566864868998321,0.04894815081037486,-0.09527327686343995,-0.6282403249492395,1.0804808793960483,-1.6069149936734812,0.5338901894352005,0.19729967520208308,-1.8936791903864032
0.45183282091937643,-0.20370314652472005,1.0078878725209504,-0.6219772140463506,1.5832214576612802,-0.7005611670269416,0.6965662653181762,0.5460058864783186,0.3004483492413873,-0.8025929873232158,-0.15998266508898504,-1.0697206817434495,-0.34303826668350174,1.069358263998689,0.9003359570749686,1.0164857611969154,-0.9444990465313429,0.5521421828022514,-0.7566817489845082,0.03930165598835943
-1.3387958802670124,-1.777002727059212,2.339752507202393,1.5636912436341348,0.09873035934680886,-2.2150315897511472,-1.2894977519009978,-0.8652945150204822,-2.4093818104878655,0.4471019658380809,1.2490800384120626,0.9217698934269085,-0.5615604955453068,0.5210771597726185,1.3879835401871472,-0.06367324551954025,-1.3297283699777303,0.20075627880927363,-0.19651019849843107,-1.3632908613962125
0.6591936897102086,-0.7050362015845586,0.27328160974977483,0.7392403746829954,-0.8558915071799459,0.38990487107536664,0.26615077761721684,1.7552232093235314,0.20063046976932572,-1.3407035546953092,0.6115433137504976,-0.8991864126320844,-0.7130518291634356,1.2595932679183632,0.29262149199724086,-1.7482762648101022,0.15181234830282608,-1.73927840909518,-1.1720846996340242,-0.8894577861788525
2.020090526942218,-0.0401577879281479,-0.14400614234376533,0.29985683834179344,-0.31574386678676053,1.702976005242412,0.6719542772716992,2.2116586040937385,1.4342464918760922,-1.0268163579929086,-0.34338829017263656,-1.6078589486094268,0.3019397888880613,0.04519452312204521,-1.192525917044688,-0.534885775385316,0.19666139297043855,-1.7043659087032381,-1.926878684498925,0.3616441789030036
0.327417419566633,1.283968138175486,-0.17363716163190612,-0.2806293493439365,1.4754844817537518,0.31511552047004576,-0.2660559724926899,1.0783069007534525,0.5504746570598621,0.09488561071167623,-0.05523533774648123,-0.5739358819853404,-0.06501949325573414,0.7121264905799433,-2.281415349701378,0.9151906692371559,-1.2808561082827232,1.372106088061387,2.0854738659379835,-1.0986843864083646
0.8113384590750026,-0.20148511424203708,1.2590795157688577,-0.06884057921998764,0.42018324106936616,-1.563621335773105,0.9450400792053072,0.3130734130205178,0.010336969820086842,0.37663715365477307,1.6663583402750732,0.279197860516214,-1.2180609640868623,-1.0295248164861701,0.29760452660762005,0.6947447545916585,-0.30075933335369676,-0.5502740132501236,-0.8553814282748794,0.9656996200561987
0.16631506663914128,1.1235984459640205,-0.9756479823405635,0.290330023082252,1.9315173920397528,0.18853906080487626,1.5645419298104475,-0.4781727665898519,0.791968208635613,1.136262501146445,0.9180779882981591,-1.1390390119182061,-0.31994208648796507,-1.2010357808906094,-1.014410619965973,1.3786323594139316,-0.05740185221693098,1.3427467005293001,0.9758565842571971,-1.9153202292911375
-0.19469318569508812,0.5476004314016036,0.9836830266544919,-2.4299621140637138,-0.11795327626854223,-0.08238189972433702,-0.37816487373967805,0.02784972966112849,-1.3835693733231285,0.725050140815923,1.0210987473081863,1.7150610711050052,0.9411796082951563,-0.31954780244445313,-0.7292708624911579,-0.07463097303218066,-0.29126974092027463,-0.172989865114836,-0.5179329310869031,0.8689234668318342
-0.9164642890846115,-0.8404733726093909,0.3278056158096902,-0.4668356399874333,1.6807058682470328,-1.2319092631515585,0.1895129097233916,-0.5782611868183142,-0.9020543275351685,0.17093446963310213,0.04280925106304729,1.2336997764901783,1.0154207615957684,-0.1554909684561393,1.7026647418931098,0.7279693183728179,-0.4797951812380592,1.8002615419206909,-0.517499052698615,-1.096825164378971
-0.37060679875897057,-0.5971628851101176,1.263838958064774,-0.25788992650409187,-0.20733542325537185,-0.935084440713567,-0.36304277619489916,0.7353226650102475,0.161195466078311,-1.5119663563465624,1.9956082399214174,-0.26472830134375946,2.092955283642246,1.1244402059265113,-0.8114460349300207,-0.15843736929589605,-0.36411758240262015,-0.146328637574083,0.2861771190245379,-0.4951187700700485
0.6340046166259529,0.43622853958103663,0.22163934079674383,-0.0931865756092847,-0.8154952067027493,-1.34160420183393,0.5788519584144836,1.6836109164002033,0.4384681348844597,-2.0134706972060594,-0.9958113088657854,-0.2775173323748241,0.4944490353554565,2.015353842459821,1.237973645737503,-0.6450690704410459,0.5087913022581203,0.05616087046835921,-2.0634206532462502,-0.026213902287918093
-1.039022183628935,0.4011511156094771,-0.3623287548757856,0.6591331768400644,0.1662046577539133,0.42844374071714003,0.9531332286579509,-1.1843731671345608,-1.8850496112349446,1.8703776611005944,0.6062186238474353,0.9118822382536501,-1.3785041222155558,-0.7514527051714165,-1.2204857178010038,-0.22008838423139368,-0.021414295036395012,0.97751249911688,1.497385993778706,-0.9009220922487542
-0.8969004313265405,-0.08536661169384592,0.022529070717878286,-1.2784599262110024,-1.0521394029851627,0.5831996488763466,-1.0863793209185497,-1.9695022467568157,-1.7894626478976818,1.8159950767266908,0.7302623369194505,0.7626195105574568,1.0181287389528724,-1.525022205912692,-0.15109712366767386,-0.9642303926749212,1.9568693511179591,-0.9319769289860443,0.28146803593918945,1.8739244263787302
-0.9841166505146345,0.11796753998735948,0.7319038937617193,-0.6109703859179085,0.5966421822607483,-1.0462084783793046,-0.7984876309394785,0.35988404615501035,-0.5609709245853678,-0.23051553562310872,0.6545606872359598,-0.6154467729066729,-1.28802569066571,1.6376038597369758,-1.406502547819305,0.8367971660008869,-2.1955199316446925,0.11167456905659312,-0.10991071953810401,-2.0503462340869034
0.312399088066182,-0.3594669911858559,0.8868405417589835,-0.07146201652965936,-0.43465284558532874,0.2379562385474775,0.33169203938418307,-0.02109796646801345,1.756006756564491,0.2258925970358136,-0.9634523018360781,-0.9792426290584333,-0.18567672692287382,-1.2630028668473159,0.07723442554642065,-0.5723762888007639,-0.2300444749708997,-0.04591101236700201,0.6316935170398162,-0.43342082606971993
1.345730135290889,0.4077695780378498,-0.5799810153453893,0.2535248063055369,1.881491811469173,0.21310418762870195,0.360482176992986,1.0579856505862004,1.6633658020891193,-0.8208340270324542,-0.42711866425573375,0.41378025810934294,1.2636496992590038,-1.034173818201038,0.17169926667051497,2.2718973246551943,-2.0932319746299854,0.7353583876610806,0.25684782872894407,-1.2180490976091185
2.0189426787599762,1.4551845529920477,-1.3994327635378017,0.6608768018045509,-2.1254585673277644,0.16147691074756798,0.16760765831043475,1.1977023629964831,0.7285996757896287,-0.4140294403479649,-1.8705053824675935,-1.1458672972627346,-2.982862029663847,-0.12993359091722295,-0.1209834435558073,0.9874490047295429,-0.04754260176423465,0.11040714931927681,0.4436259353397788,-0.32148474895035
-1.7551394647135434,-1.7199678971634698,0.961496790255199,0.6876836373490306,-0.14054569365520653,-1.2529159907019687,-1.1221897222105994,0.5347545759723447,-0.5259457282528451,-0.8856300422833683,0.0023939697644933377,0.37320703374097397,-2.1796628740519597,1.5824945682140938,-0.630698642628279,-2.0407434607203996,-0.12332953261314511,0.11555358693348569,0.31904939701049917,-2.482525169880682
-0.24459570658441962,-1.5264664977962716,-1.3150050678007636,2.1999561120258315,-0.796943130466827,-1.6064439483229236,0.06387637830182644,-0.6144982965411375,0.2598029792311107,0.040961038504510064,0.8260066013578279,-1.4074419256186332,0.1044080316969229,0.17487143574027192,0.9688285691207263,0.2474160491157867,-0.29803441038503703,-0.29028378949865535,1.0994696054655537,-0.5277579101303426
-0.6030018581229264,0.15694703446273783,0.6089478934880478,0.37028992276266604,0.08078903017222826,-2.648713804536161,-1.2953213924156384,-0.9815397234866083,-1.3066833311559718,0.2812990954135844,0.71988975656253,1.1501943452611096,1.5342485454291719,-0.05057133458327208,0.366942656019569,0.2329976595176406,0.1274377941708665,0.7187318556685757,-0.7841309788213542,0.2694982090170348
-1.2543683340329443,1.0927138424935174,-0.8175636359894055,-0.435065582719683,-0.07517495846755698,-0.9147857560118002,0.8907362871346193,-1.1396152906774044,-1.1101562618541487,1.6328657214668365,0.204059661589816,-0.6560031194038337,0.16402642466194453,-0.049668604526719076,-0.5667942686729012,1.3779198264226091,-0.45983122528008574,2.330545814407881,2.3561954600106527,-1.8443881874933767
-0.4077353514724443,0.08692199577662153,-0.963979821575651,0.773833357453803,-0.8032398501618624,0.2609844020082316,-1.3196033332857167,0.006335487967760831,-0.6635761081916048,-0.3298939407246162,-1.0727699300970974,0.8975619528891453,-0.4945773396728612,0.6453525165494157,0.4571676269490317,0.18740877596238725,-0.6416628995309323,0.12185935569625794,1.3879424025215499,-0.6246373122725719
1.1764701449474821,1.5286294223084382,-1.3826002066117782,-0.4585978392825731,-0.5232066126352112,1.707907204674832,-0.8664668644018702,1.9531385091865985,0.7687177276084017,-2.0514491281101654,0.12574470654495065,0.47727669411357343,1.8624575425075,1.3006686745437157,0.6758753928081062,0.23865486322328214,-1.0185501317603296,-0.07507510072706922,-0.8761032090330012,0.13149093161479536
2.0565863400138795,0.30480987138446913,-0.9606587839882391,1.0863954599104177,-0.04709255878371333,1.2234999399566613,2.209225841708053,1.1974975850537415,1.4612623594157417,-1.534834584828168,-2.096408894484186,-1.030836274812002,1.1913379618179434,0.14455782926403687,1.6233355220559118,-0.46517842085596417,-0.5546968340429449,-1.318030670935981,-1.3121974794525824,1.4561298443230524
1.6271062036762345,0.051838752090587706,-0.8454151693691033,0.713301097443171,-1.0219104073600658,1.0964856081834207,0.5543394494330833,0.8610594426524967,1.2580469104604743,-0.1644767306635501,-1.3534041248911413,-0.7878266701882979,0.8213840828185215,0.0654770399610707,1.4724725771428793,0.5226994832799415,0.5196626738410365,0.3727615398250766,-0.030104757682927016,0.5231738211287175
-0.7522453376212692,0.6151176394574067,-0.7722436516968917,0.4124412604082198,0.26820129454127806,-0.7567769084840237,0.7262020825374829,-0.5071222043419866,-0.6937082410378459,0.027283160091387336,0.36250460806494667,-0.2837371632375735,-0.32353466991201024,0.5595152938366611,1.9396899562808332,-0.04759528680694713,0.632468684648819,1.1825086656008572,0.21660449101770435,-0.8108586869415044
0.7572756927872499,1.2957766338874943,-0.39686021620958584,-0.9448209252608168,0.9999604102608589,-0.15451867949755269,1.3918522471678823,-0.19848973943041018,1.033646224454931,1.3157834736738574,-0.6490235686498497,-1.6382207157216446,-0.07335714577217788,-0.9046718303421154,0.41287294665220176,1.547637202272397,-1.4898388644383362,2.2236615408292635,1.0745207479477143,-0.620994819272441
0.5827597051740583,-0.08825749616005947,1.2134032216151114,0.7056144136977368,-0.6016894626356358,-0.31671641262081224,0.786867566773745,0.9588538107342177,0.9747199074891706,-1.5604280854040122,-1.2769645600305333,0.23366181534191904,0.6266183740869948,0.41375698265112193,0.5269993348313546,-0.4081589815506236,0.6465726994039285,-0.31739089985415697,0.18883817315946272,0.5746243566887108
0.16285629605196503,0.6539272423393735,-0.8416305937184902,-0.8836747847691204,-0.08130453984518042,0.39126531801394104,1.205862998226353,0.724578261043722,1.2184576548264074,-0.8874915435491895,-0.5340806353002571,0.4185015864767274,0.18637855442762652,0.3583497198190362,-0.09825081005898303,1.163060672749404,-1.4992156092903375,0.9676217562393253,-1.1204928895004032,-0.2220296095518174
2.3396954184893324,1.9246319317022273,0.7269176457936036,-1.8769353113421,1.117508674652115,-0.5789884526431195,2.0904133550865183,0.98567298709646,1.5202688387826746,0.7550960461646129,-0.8726520931469661,-0.7927885251181426,-0.8237996364418629,-2.574904487689354,-2.6565459362243353,2.5382256944716937,-2.3249167688127588,0.908415210651808,-1.2064655698654838,-0.5501269031475141
0.21619918763915355,-0.3011433114632969,-1.4164717751609086,0.8914803181445076,-0.7285370095128706,0.43772636618241456,0.7582890492954362,-0.23865024432649523,1.1843164904940846,0.11352706513580688,-0.34134894192958176,-1.5509516068532017,1.0564798416515573,-0.18929980743875127,-1.421839787080724,0.07825545481754793,-0.24626234975795439,-0.3179209973977495,1.4808259673869886,0.17961823716612452
1.0922662613566165,0.21828627051623334,0.5213144576235703,-0.5292434619432292,-0.8756753753349478,0.30116766572832115,-0.6170070625058078,0.5579968377365139,0.6900975946131711,0.48469015983443003,0.13160868410605595,-2.175891707565818,-0.05914378927123469,-0.681624389315687,-1.4838377740417137,-0.7067541576929826,1.5806105776664439,-0.9307071632720818,-0.528401180157315,0.4054931488477718
0.17116526122959574,1.8536354184073416,-2.916595656535442,-0.15761349219436677,0.677510047568192,1.2040567564903406,1.6875784830706921,-0.19145702626078476,1.0548825642911082,0.5836375240712024,0.32683414752105094,0.28885601858813703,-0.5896885270865736,0.07446508240134621,0.12585933739036764,2.7647355529146536,-0.7881671342863538,2.010408894365934,1.6992880544289999,0.18036545801383658
-1.1500131649081518,-1.0990315477889523,0.05813887583005197,-0.3022507765396296,0.0018646989944501148,1.2497864301519312,0.4381649229707743,-2.3593464288901536,-0.36289029220434305,1.2424687714778329,0.3173676876433015,0.7746603129449472,1.2423304636810293,-1.7946449268404094,1.3239103956618445,-1.9044244588584271,3.1855308712588326,-0.23237399392490027,0.20756938500725003,1.8854042175209735
-1.377329056387891,0.16012660354625763,0.3545941340647698,0.5381945265650458,0.7599117912407349,0.7835750778054204,-0.4496762560379041,-0.8257875544331196,-0.19384682755652677,0.5369494921148,1.2514007234555293,2.197971537999926,-1.2794887455747455,-0.15313274067010316,2.0223799399192464,0.42776998257834625,0.08451393460708517,1.2522633200586948,0.01999761514446797,-0.7384987920805693
-0.4442141620288513,0.9870236472980939,0.2385763492494578,-0.41285750060334914,0.5218547437034724,1.224386445387189,0.18935337606412142,-1.1697866693914825,-1.5630547258689347,0.6205596589564248,0.1774400090282691,-0.0005979855305874863,0.17888118518201568,-0.3165326947714003,-0.22633553851223936,0.004915231291481637,0.28076841301025,0.3335452251340857,-0.4586197133531165,0.9378432455606164
-1.2205779976783373,-0.5851116834606132,-1.2683143221882884,-1.2027167710883357,-0.05549863046597377,0.6728720374837662,-0.4767774593413359,-1.1325053598527006,0.3775007420025443,-1.2739716919493653,1.6610100231503908,0.5811515978748263,-0.9237395804044024,0.9763944631746507,1.8671829112671077,0.3026533455618393,1.3920957402558398,0.5606095494350994,-0.8085686588191279,1.3404852885984857
0.8037872849981039,1.5814481217290737,-0.9065677251499288,0.30532718945363263,-0.3864956612643289,-0.5016204874655685,0.7706811165612194,-0.5265472034342418,1.3623939955720377,1.2232262144637207,-0.765177964489777,-1.5682503801814796,-0.48292795138217515,-1.360100105222421,0.08745424233657363,0.944536326121406,-0.07463221475998325,0.07271800693981216,-0.7263083764981182,0.1716133519540962
0.24260742970320692,0.985521767455864,-0.5559804342783796,-0.5346803763577,-1.443520467404268,-0.7223553493282612,-0.5806129776745593,-0.1763229075963417,1.0803049969931398,0.13480755307667272,-0.2416120266996082,-1.3776680561548336,0.18468609600034505,-0.031702626170791504,-0.20412313842419094,-0.39036116704603896,0.6938902820432421,-0.804378235349547,0.35002325266957135,0.8359639802761262
0.39082628622175125,-0.011253574373222056,0.01673356917129988,0.6397139994800279,1.506738791270364,0.7369921829003117,1.9014353354410658,0.6142988418955058,1.712114947400075,-1.2891006552770334,1.1624236840735163,0.860417959365928,1.314415190049595,0.28780905689451003,1.2204135495520718,0.5091066351957565,-0.8015941736843663,0.1405658039806002,0.8000595941025379,0.5349917265406127
-1.2988139827183416,-0.2389145625323067,-0.7008897985428246,-0.8112643978062665,-0.269452026900458,1.6354687294496697,-1.4260453479733557,-0.6888291517290513,0.11523994766426598,0.43336342887390794,0.8374540263147464,0.5842926732257762,-1.5698666527325886,0.2048682565830448,-0.085340693599554,0.1590380623636207,-0.917204585773726,0.9158751471495096,0.8108745615711562,-0.657118295431243
0.43210094307539854,0.3475500200945668,1.227251376856221,-0.719196847543192,-0.2636112248211127,-0.6417697104045316,-0.20465975274764037,0.8880014173097102,-0.14410377672761154,-0.6699550357324559,-0.19630997246050683,0.3288864262914962,-0.5292760114865656,0.034933947163565154,-0.04194257455232545,-0.8983023355000754,0.125175091827445,-1.2246718446707827,-0.7502036183311602,-0.05435536082168712
0.36867809649491856,-0.24120071338815444,0.5604827235855272,0.7109415730121252,0.6567504372788958,0.4780391228415404,0.6588324938514122,0.2847025978707078,0.813089718275228,0.6196386208396383,-0.6484493975352535,-1.3010411838538247,1.4310754756254382,-0.9537204520011198,-1.2079858487589175,0.06556123524741221,-0.8256603731940866,-0.453944500854768,-0.43775592305296807,-1.4320226889352647
-2.123778288097515,-0.8389737333331637,0.6861048764833682,-1.3535684366709142,1.7666483572663154,0.14190003384341027,-2.5053866671607836,-1.6023305197820863,-1.1786714882518414,-0.2541517866630001,1.238386761280281,0.48921514546037936,1.0872847497361378,1.2668115561951456,0.32114173011812297,-0.7118078673108247,0.2631783899889275,1.3509382543662678,-0.6405740150609387,0.9444245901974563
0.9155585262737138,1.5072121384914081,-1.8466836927067645,-0.1752747338725192,-0.09427603535436535,1.1951077276977313,1.891343601714998,-1.5744517069933572,0.2984250467773777,2.2125683791245416,-0.036083970789571054,-0.7325916438305833,0.6247778248972836,-2.600399674180343,-0.4812146250705604,0.8417405194482219,2.378903657710318,0.11352465761567976,-0.10544923329627288,1.6610114005076893
-0.12403241585007545,1.9026881717788107,0.009694864238484948,-2.8138743765097836,0.432892775454662,1.304192755963104,0.37085852398521707,0.7449837542810884,-0.5434171115639942,-0.33291743064212503,0.5520676694209338,0.21785893216895605,-0.5786858324682747,1.1650292423450122,-0.8719266254984659,-0.2492299446957935,-1.165715860371432,0.9183939336911257,-0.42912538576407033,0.344388125612526
-0.9901071009672773,-1.1633178508859447,0.7255253981363992,1.3958423231109807,0.372505655633066,0.6077897020190193,-0.04549205444081088,-1.092593246619562,-0.6623432438768928,0.595001298369386,0.27673430933321624,0.7187071260268733,1.3567202603875872,-0.3426947743410483,0.33720163546787796,-0.4119813482956028,1.7374590786314212,0.23920449329787027,0.07578977753647569,-0.7200986786125977
-0.6716863663203275,-0.7258547961966311,-1.2317336981293578,0.6726892908593366,-0.3208072298473814,-0.2156286514370759,0.6824028263078735,-0.8818411604508216,-0.4992504902232356,0.11206433350579635,2.1249153261443836,-0.6578162174704234,0.6093792421472317,0.24398057528222863,-0.7036613551636594,-0.18258137165238386,0.3318174309647091,-1.0107769143798506,0.10261715642416469,0.1694630946420743
-0.40847866099217084,-1.3871514368388471,-0.3527033824031506,-0.041716839943826696,-1.580718044129128,0.22909586845499222,0.6343723386769466,0.14300457918823853,-0.30575679392289057,-0.5770116677779845,0.38835376512227565,-0.5777278887281979,-0.7184927843158854,1.446928762613099,-0.34385957286596847,-0.9981539961157927,1.4200445453333397,-1.3228538014909992,0.8750440145161823,0.8991148515733312
0.26630443272964816,0.12316098662070599,-0.04481724158823464,0.6286547783970196,0.9525965222080318,0.7179823515309341,0.13307905390038066,0.3037209239947045,0.1338850551776059,-0.20759022619259843,0.8396793122842648,-0.14515170327294366,0.23325680255595863,-0.033814936168144065,-1.0886792098165572,0.13613681122713658,-0.27383751311092475,-0.16043813060229048,0.032598842239203195,-0.9116823564329635
0.014071061942324698,-0.07298459546426975,-1.5324261374902872,1.5291182429507397,0.06050931378316197,0.10441212299214794,-0.04688065768225748,-0.23583718111891647,-1.4827940667956359,0.7567976054214699,0.39605900865011423,1.9303346679589564,-2.146824591406185,0.5138899973853728,-0.16852084137632875,0.2226270444673883,0.8354003546840685,0.5325751915018679,-0.41423459533519724,1.1670283063544296
-2.7853515374174496,-1.9990245951558792,-2.476810688290773,1.3864121705392067,0.742041119553914,1.9166388078389915,-1.1237854954982367,-2.5939475456073486,0.9033883120934406,0.3367972096337632,0.24988697943034294,1.809643636626079,-0.24225579241555137,0.33943974083725337,1.5143903363615256,0.41247736582392724,1.2480312019905249,1.2519289646899874,1.2994727845894862,1.0155206342047811
-0.06693963472674058,-0.9779900224258712,1.0702344448293737,-0.6851569701250166,-0.1839414576867786,-0.08056649716030125,-1.293514005074956,1.0774894595937943,0.6030008586891603,-1.690023224107605,0.04057803685019611,1.6024043625973028,-1.4412845146752309,0.745451837982801,0.6693754665569679,-0.36890596389722174,-1.0078893407491882,-0.1609865225288564,-0.8251245201555393,0.696877471817306
-1.6142043406211581,0.259806240517655,-0.4211755742008479,-0.5281986756491942,0.17825404857843297,1.6822360680640767,-0.954640063946128,-1.6874098900502548,0.16194445182392653,0.5143306763810521,0.3839370414463592,2.320426272847133,0.7206675115824923,-1.3603478300231386,-1.1582815386094285,0.2737738319827948,0.7360528513859309,0.5252825967316554,-0.22253380314901505,0.42848059631096963
0.14580532820969158,0.24227302749861668,1.3464647716314255,-0.7469043848489365,-0.8113001074625751,-0.5455065018628984,-1.3054068353911998,0.8360534532299596,0.18283654106550645,-0.2922435460596008,-1.4278588665695353,0.26519158269536114,0.30360343317622734,0.5663742787072589,0.641176893280547,-0.665182220581028,-0.5278360180689967,-1.0690382429457175,-1.1312855305377854,0.14383986047479946
-0.6540570287681068,-0.08344279917737954,-1.3073770575785517,-0.02947408719526812,1.2988657850983476,0.6530457070009761,-0.5799838013716652,0.12757902067167465,1.0494033470508335,-0.6610044968540978,-0.7523528069711737,0.8588428914871695,0.7964702556830905,1.0744001987178302,0.6367285842233932,0.5394422088850999,0.04587781279364308,0.5109291588075292,0.3616816021431487,-0.10559937756223917
0.9354300500326961,0.9774985942731582,-0.24953313181827286,-0.8812350038209931,-0.9507127563838031,-1.0228599089725492,1.1519369812646698,0.99862475800469,0.3104219672000472,-0.8118237302583929,0.06997289350021214,0.596194413265292,-0.6360825310193047,0.4589754249033496,-0.15682178443675324,0.14296548417562513,0.31429305208606756,-0.16934144735643455,-1.3489957663725178,0.9924617379232351
-0.7540232709631416,-0.9606472590864729,0.14973554799244,0.5629508209316162,-0.2531290196557866,0.19926473486944635,-0.7620391186365252,-0.7690986564051007,-0.07863117060324773,1.314651340898151,0.0180172536809708,-0.38530145655508763,0.1974092051160615,-1.0436124367209847,-1.8445337658701657,-0.084178684178066,-0.02922348568467089,1.073858870645076,1.0341428078070278,-1.2508627340407217
1.6201580294133644,-0.5355666408053372,1.544406632060187,0.6335613638748515,-1.2571642312761853,-1.284173186183694,1.0582528079955402,0.6376892071848519,0.9241932451647142,-0.35246235640198836,-1.3934873762023487,-1.1679155033062547,-0.25560072041447707,-1.408986040316533,-0.0702623245459317,-0.35786047006681027,1.29146345369508,-1.1664022036280597,-0.8829293244411411,0.20676300957362573
0.08979922492226383,-0.7134620771716625,1.3015214403551083,0.013118912096746068,-0.6381116611432267,-0.12951101183549252,0.36447541202513095,-0.4353803710473138,-1.9264315633230826,0.5173271784196245,0.09122335988381525,-0.10472602606330689,-0.3541812650385264,-0.6349825432307388,-1.329366835660351,-0.4270284895332915,0.041467635056028414,-1.4155234514285318,0.10405746406621207,0.3762504865363651
0.2777471521873269,-0.005046056783819213,0.9656152317922663,-0.6269843645772354,-0.10874218145075079,-0.40947971137544864,0.8007264365284179,-0.9621899442449228,0.699549938168896,0.4462045840698565,-0.9604997659233713,0.6135986581598956,0.34464820383636463,-2.1555374206391726,-0.5308991591543645,0.5202571759087932,1.0004643601406833,-0.009309008814013099,-0.5419887332024899,0.5323999944423337
-1.1339204788263824,-0.9459772599947509,-0.01756710562289785,0.811725392307383,-0.8014393312574989,0.7685604285143907,-1.527103332978603,-1.056938100974265,-0.09046254856271098,0.581866188838422,2.7299266671479794,0.09687631543186141,0.9814497738384266,-0.8293140054782162,0.9888021019225011,-0.6445475629035126,0.6228608555451011,0.15538008608536905,-0.038647760616910665,-0.8867362031916172
-0.0143078033776078,-0.9332443224246216,1.7176066448645524,-0.8165224880060149,0.36489524384571376,-0.76552267922615,-0.33021001187635274,0.024220719448147812,-0.3663232448160919,0.6691609234456742,0.727217839441096,-0.6120208455536745,2.390057145758045,-0.2481616853845677,-0.0163221274954681,-2.6049394053906645,1.3351485188767187,-1.4952419000617894,-2.030310054194574,0.844373105930323
-0.44017683592254875,-1.2022870725051662,0.3581137786375352,0.17771020246811078,-1.0067456660361314,-1.166060007204393,-0.1483214128772774,-0.47332909819334296,-1.0817245821415955,-0.2498428804583701,-0.1998469030548753,0.550133676459507,-0.16474105013910567,0.27799985389286236,-0.381004576087652,-0.6479279867066382,0.1819348812830078,-0.7847257915610355,-1.5138316210908132,0.9507914882428599
0.09451109952550092,1.0342376710318288,-1.8754935401487205,0.08324312774916086,1.0275013591424342,1.524273845065829,-0.2975504401063035,-0.9953501463937565,-0.6961547141290013,0.9698734400388082,-0.585703903535085,0.7383820537102214,-0.5997588956842594,-0.8282971597536088,-0.9462818141894679,1.1420439905184636,1.3591755747542285,1.218860800599525,1.1522142738493542,0.6843750919183864
0.3740458340524144,0.31453456417724146,-2.1109002629069815,0.3528543037817704,0.7893252909504442,1.4073343435782586,0.5881353049685856,1.004816995905882,1.6536269558288121,-1.895526090904364,-1.1801834669492577,-1.587664416167438,-2.0796165304692433,1.3354518474520392,-0.9656714553761564,-0.4328102735087074,0.5573442133515973,-0.3646559033175524,-0.23705802809885407,-0.25452065202611884
0.07167794171238936,0.5448970475927037,-1.3665437800430278,-0.9223878347702271,0.2833319795766644,-0.4180184868700368,-1.1788677380246817,-0.3840005677001651,0.7640258194737237,-0.12414743278430436,-0.8010340665501072,-0.5063326236992856,0.4828210091776641,-0.22826817621126913,-1.1317997629503345,0.9184357424519799,-0.4980541182061298,0.29237541576992027,0.04489781264418752,0.269919239704029
-0.36164736876304393,1.2609130115882445,-0.7300128486877568,1.1307354759096746,0.5257000160322837,-0.6683856646873952,0.5714181234143253,-0.39825703558874676,-1.6381157102027204,1.531366131026403,0.1526515327854837,-1.1059616603761844,-0.19827578587217076,1.0178574040007513,0.36100258730227197,2.0661340753405484,-1.4429197546421684,2.3568291873904372,0.888795082126622,-2.1463573515940957
-1.4024472692602916,0.5366154360879865,-0.7584314522078144,-0.438209407034412,0.8852921281803594,-0.06578822794055081,-1.4157094682048492,-0.7041937683171923,0.058406423440220324,0.25297521366553033,0.9849280846004519,0.3812573668069575,0.21683553729907926,1.1179640002234927,0.5680094349401398,0.9224046758085336,-0.586319422417018,0.9841109500166253,0.28176532399535886,-0.5387656641316031
0.7286510880862044,0.8392451673361887,0.6985007640581796,-1.1970146437832276,0.5650939377626013,-0.42658421761498794,-0.8802268315365284,0.6099435369083028,0.515739344868718,0.4330119717833181,0.13114653185133893,-1.0703722363795387,-0.9632408230900606,0.1818926104905165,0.14372378132337546,0.7766913645969871,-0.426444475610105,0.5593801463552759,-0.7847485418131954,-0.5211751609355892
-0.31985680272627304,0.7655577255336599,1.2633666986342176,-0.8393257534918569,0.6659322013947472,-0.44838055241093255,0.6404208131065641,0.75487147514963,-0.4790731329189658,-1.2494304627868105,0.4730893883836186,1.7754203107616213,-0.9379863085092982,0.6638091478890733,0.08442680409095542,0.005881516984141736,-0.8161536033694292,1.3611246859162884,0.2215317469214375,-0.5538116085261741
0.3570745772452696,0.8568164759592617,-0.6813834135034611,1.2599838708806699,-0.39984565197488936,0.6695471397066056,0.5044427118158925,-0.0645215979175311,0.21120153941117525,0.2736872628092514,-0.1394450084590676,1.0890400233474868,1.3077231195629098,-1.0747133876145596,2.1295730078710164,0.7465726677354392,0.4373330244565678,0.3059234812229586,-1.1298416105560967,-0.41244264157383137
1.0677445735946538,0.7365052605391916,-1.9789604282382254,-0.965045050255881,-1.0597231997266512,1.0243864992644662,0.8327725813303587,-0.07663038455252454,0.08097828799179531,-0.047251775497514865,-2.8243873497540157,-0.9286804251137107,1.404842167973863,-0.8033996943788011,-0.7440953266926019,-1.238376439137773,2.2168046360791966,-1.5031755766964683,-0.561728653790923,1.9664504384630728
-0.4939272061342395,-0.11936628684381578,0.2168712343294234,-1.0188839790938495,0.6289871848973575,-0.023862710678015143,-0.8823590928434283,0.4773298527957631,-0.7395940499165354,-0.19907435041991015,0.9266790897357445,-0.9859798839994888,-2.2548395126318037,0.7690204058082547,-1.367046187228109,-1.5306866036978595,-0.18857694274309905,-1.140448124068184,0.7435449862175894,-0.30026657756049546
-1.3026812896791342,0.4619697419269808,-1.3137374844655603,-0.4865740362971857,0.8784860975210048,0.19839837982199446,-0.8091788604065485,-1.2563016926458002,-0.7769573138900795,1.3555814703010856,0.7242177236138945,0.8256203449908344,1.2636576387796856,0.4746224128162269,0.13059804989349771,1.1518679439459547,-0.284881085078328,0.9219793590263817,2.4072373643139917,0.15744138384379375
0.9689357455410684,-0.14557774971746953,0.5344448637094958,0.7486531782250309,-0.05474254462161116,0.2569680135320202,0.9276581851786478,0.12259008673460933,0.8897925341836834,-1.0550094480961683,-0.9940788860824292,-1.3602208436064152,-0.010011389671651948,-0.3102980903698595,1.0477234096856967,-0.7574248701321946,0.7621554347294194,-2.223890657622945,-0.9365335262651224,1.141893231026752
0.8046048061870833,-0.06318389216786513,-1.3291268239530178,2.085748938402783,0.9379751076459918,0.6703020372327869,2.417688043547267,-0.32567603448631677,1.857204432608045,0.8425541886851883,-0.9571369923867505,-0.10605709147071396,-0.24961740231288898,-1.2666264448972473,1.7258095140897478,0.8902535492644096,-0.07550260055372612,0.8867611099433427,1.1844017771406845,-0.0674174610403681
-0.5957555766282222,-0.19934472475998016,-0.058779189348449536,0.6093020580431648,-0.2633284842673787,-0.16835342690621624,0.9258292536760997,-0.19283832855604183,0.09391541800680824,-0.5902117066191628,1.9341372205102871,0.8692884889649052,0.09020988643449716,0.1644766779718139,0.26147983761513005,0.4472601150529932,-0.8013293131530369,0.19580509229788207,0.006879379917921764,-0.3712826353820391
0.2850560876289668,-0.8462921884631585,1.3609324793295805,0.3639356327948054,-2.042577568005526,-0.3275378292780133,-0.7597282335417185,0.6427408989847749,-0.6279655207814923,-0.27442522602440517,-1.0799643195841204,-1.2615011972974122,2.290490027274602,0.6409012416594889,0.1467244153205447,-1.9380449671271625,0.0729629777982774,-0.8304438624812992,-0.8309813307736749,0.16298102963684433
1.0328886527020384,1.0970343723597122,-0.25894871343627196,-0.3156447205382079,-0.9326779102137714,-0.6037117163159734,-1.0328274518755316,1.0907620455392935,0.297780527293759,-1.2954865258003923,-0.6856515390830592,0.43678424211689004,-0.2191927155170508,-0.13341388016596356,-0.44580614255283313,0.628337436163888,-1.9363478964681518,-1.2000912067687197,-0.9141131412178218,0.9785174709898934
-1.1447825667056695,1.594794051741959,-0.3750098434481593,-0.8523575664031694,1.2784291737081608,0.9877776659726777,1.0448412455668652,-2.4710313197649985,-0.9877648761674167,3.1896802442573793,1.767559054031141,0.8753163361365602,0.8026092779600891,-2.165133583881027,1.1069173375948367,0.6184567741650764,0.32281123914740795,1.2004423205808632,0.9451071617334444,-0.23679482270559704
0.9495114083806854,0.10091362968275028,0.3701390694496769,0.26587612801300764,1.8274200762274102,-0.6202795904046805,1.5004978548995263,1.550583880481548,0.39686428956894354,-0.8261492755540032,-0.543976621076746,-0.25432559951944494,1.978378120706273,0.588353235907742,-1.7119746358435255,0.998843664476998,-1.7736052540765452,-0.5975848881725582,1.1009832461116216,-0.8663627931018678
-0.013287500519771449,1.6397684354563806,-1.7198827128302079,0.6394562540767114,1.7790399657475577,0.7158483427575522,0.9024627897911306,-0.6292005080911247,-0.38279052962219134,1.4343289167859792,-0.009759386208040356,-0.5541487980695924,0.9272775660795493,-0.7131193141173767,-0.4740268120405449,0.5190746115120198,-0.12462986482750867,1.5151408963594044,2.2332442187540775,-0.6598805525090555
0.8830947043864188,1.3452532220428515,-1.3067046787336798,-0.7690587394684386,0.5101643167971913,2.408786713613139,2.137255884092969,-0.5146460351419936,0.7674717851712716,0.4517389993198331,-1.9769745175787705,-0.08613104374281802,0.3835080415742545,-1.455583564867198,-0.7964612532018439,1.675493392944077,1.3228557378708972,-0.09120796007932705,3.111117094011507,1.211667664002172
0.32764104922584136,-0.9059191618991818,0.027129206988213115,-1.222685330545485,-1.1825169729386684,0.1565644445391429,1.331915465407116,-0.12331658981896534,0.9035595789576505,-0.7504668853564208,0.44421000640218955,-0.745471465995228,-0.27927890898433133,-0.10576684674686963,0.8585535931404473,-0.5909945102385241,1.2923953305540743,-1.9918474545764207,-1.6465417336781871,1.8193310110779572
2.3736551877156575,0.6198334856691107,-0.2611361864328593,0.19220930353621865,-1.345698658526841,-0.17534155997229312,-1.108445213392849,2.104673052654001,0.6975846309509554,-0.4621471438627074,-1.8675692580052943,-1.1164195561306645,0.2129085397076295,-0.16889118143262777,-0.08172615130247787,-0.0734533684353036,0.23693998756725398,-1.463733060721205,-0.943092580583888,0.2539909147204392
-1.2749862981099145,0.21099694179250128,-0.6725837366076219,-0.7249297218470088,-0.08625535926013463,0.46619255818634453,-0.5499736261915693,-0.8605138840213372,-1.1805180924855811,1.2891200297649987,0.1811006898680808,0.8549951079774785,0.5393084765355928,0.7111153846990376,-1.321285614678653,0.3039244566170833,0.07414430420830266,0.5458415355069498,0.5919322856467417,0.4108475702846334
-0.9152405402190027,-0.2420940836737275,-1.060920754681868,1.272562152239357,0.2587557462665862,0.49975397460054294,-0.4315059795209134,-1.8846788713731044,-1.4726905642623127,2.5393425568299883,-0.866134297086897,0.373535644081689,-0.18835959884618161,-0.6745675136350181,0.25992491957797936,0.4087903889012489,1.1666972964060782,1.9245355847856307,1.6113708198026775,-0.08755546714611202
1.693577096919103,1.159906278334793,-1.9881456321111985,1.4376676692008106,-0.15042884224466774,1.316633076976071,1.9861069583003705,0.6061569584859203,2.0255970350630403,-0.11525089998753783,0.4680179393325736,-0.3273321712468841,0.045884852779278444,-1.1126352201066059,0.9868166375667538,0.7237035997266541,0.7054941010547058,-0.9081656080643191,-0.41468089109290696,0.31794230818630154
0.678134163919041,-0.888473842972277,0.07855961086762181,1.47565586419378,-0.5012815416412726,-0.16539829007675524,0.9479530448048844,0.20071777561290444,1.164268289624807,-0.4108284087100648,-0.3529925789225756,-0.15639143354736906,0.492414117876667,-0.7899803340642587,1.2359714468073357,-0.06973859900427505,0.2792603941255062,-1.525474293936984,0.36949899217096205,-0.49532266227770405
-1.4645752575473954,-1.5985501610517012,-0.16622775310391552,1.7323540074440187,-1.895713770259078,0.349709454082447,-1.9555458403691588,-1.3031647310262369,-1.3250824283177214,1.3661816797509085,0.9127204662997469,0.7501130463701109,0.3767130370382729,-0.6324931452954659,-1.173066304009304,-0.41400927545404914,0.2757310614957511,0.16625730152983417,2.3741218083973625,-0.7820848076725017
0.5240726495734782,-0.2792477414857417,-0.2654764805395121,-0.8674938623896995,0.7981107626429329,0.37456812459522304,-0.11246622842915639,0.6462897863459406,0.29323770603489346,-0.21669864686946988,-0.4060029733868287,0.18421254467721432,-0.00041938775696554636,0.02876376553294586,-0.3158163500694754,0.12413904228965975,0.21141498132787223,-0.04755091919452733,-1.19134637229508,0.1069606909202685
-1.460981534246795,0.23443193340225515,-1.4184789700627654,0.6472616331816473,-0.19130758552605015,-0.08116340622272297,0.04468683246852925,-0.7560595001475046,0.08641545177873383,0.03165894400506028,0.5564794869783674,-0.3402488356874058,0.2862405073745266,1.6332098668898098,1.1721855531836252,-0.44702171690587705,0.05476215210901686,1.4359389540535705,0.7386356555147582,-0.2101240866624663
-0.4475701010978044,-0.7739217115606374,1.382813000557209,0.21200183531031278,-0.8647347649024981,-0.5646595262896663,-0.22170906411900385,0.8156611870251533,0.38999214701896795,0.11070444215664756,-0.1107243112563343,0.737725174736456,-0.4557835407537492,-0.22696292207535038,0.13003949467238224,-0.21461084597568086,-1.9729735040715104,1.104865799940742,0.3601783192005901,-2.2384390866933215
1.2192916443607065,-0.27140292297939034,0.39225719817158317,-0.9506210483767521,0.00032416185155597634,0.6157118858950883,2.679729015315479,0.545020936921448,-0.009306956272291835,0.17520665210980993,-0.45614242305820957,-0.7554429564406716,-0.6159019003266737,-0.8767746672467303,-0.5516767102568988,-0.10287258088164632,0.21892611621495262,-0.25438279454976465,-1.928936077950134,0.663436907275078
0.21145853129395023,0.20572081376085358,0.9887045214398034,0.48653722643505976,0.8000746994426234,0.2849973247565571,-0.15525024569296736,-0.0804566701536746,-1.5354771444974364,1.3755072401851676,-1.424289261668876,0.15460142599397853,0.23971052523886016,-0.03131494909024698,1.7611848012380231,0.1652969476157874,-0.8836865380797798,-0.4022638505685189,-1.162197250300457,-0.47139857219703035
-0.8605490715019691,-0.3092096309552435,1.6241640523242458,-0.8986147359808492,0.17255782946170126,-1.0505641314687009,-1.5222027018835438,0.6868868393362489,-3.1285690735446874,-0.42933379222848495,1.3077005506474781,0.6209577467151965,-0.6733049454996399,2.0854820922709227,0.2703522522975432,-1.1102592111215215,-0.9099282987669464,-0.43778907964040376,-0.8340243908789905,-0.7882476447315485
1.5713131406609253,1.9730571155632752,-0.5293007403779206,0.42085384792541014,1.6110998576728934,1.1987110746161664,1.761587479192999,0.07803186176527238,-1.0379852201749111,1.4825228781893802,-0.8709136153793451,1.887891275701355,-0.6759985603630051,-2.113265153872747,1.7789561996364875,1.2985149903935342,0.6821083675647058,0.1754996940835002,-1.1294624244656046,0.4485277480743148
0.7585738367663291,1.2694012261446221,-0.3701769352324848,0.007211805186465571,-0.20164261499751243,0.8260451185403919,1.2153186904508977,1.152691503750436,0.840997949711599,-0.7819590466259622,-0.01845740071857757,1.4481743578401478,0.3772387932544866,0.34444647954492985,0.7565437668057278,0.28681910585533055,-0.4560201953846472,-0.09244077058440442,-0.06920142971173548,0.45467836119734084
-0.3835186897430391,0.17265170364844923,1.07737800074352,-1.9459327136542335,0.26683271369355566,-1.3786693435184207,-1.8430430627027214,0.7093770753128863,0.917021913968268,-0.9761421093422072,-0.2770306053592549,-2.093993814579604,-0.8121437738953414,1.8056852006199644,-1.1979664969217034,-0.14366080209587964,-1.3272658688913705,-0.1417086987435241,0.4402830671001149,-0.2696859813367935
-0.5287028825614705,-0.19006735616556056,-0.09051502000459428,-0.6691406356547974,0.2447637968296939,-0.3047722422145936,-0.6009252063738006,-0.15457146684278614,0.3187861165527116,0.24164623034586677,-0.7253006661823076,0.4365889298745932,-0.08367269477644779,0.14698291506980507,-0.0384480739951067,0.9628271345165846,-0.9126836869567178,1.4242671988686324,-1.1499808823714415,-0.4408416149962669
0.9349714049477315,1.4153285975907186,-0.38181219373085223,1.8484750966702126,0.5081016227504213,0.044884180174716154,1.1111508646960484,-0.36296343516484886,-0.4175874023049668,1.0078039680809632,-0.032858462477037914,0.27699228697276607,-1.81225373731054,-0.922579265777988,1.3914543691901389,1.1943757577040113,0.2793602823342479,0.7683240955928317,0.8685943646215106,0.5663777261474201
-0.22511378985673092,-0.9299573853687938,-0.6183968928317604,0.3870626632559876,1.8325050705467758,0.7418574039813538,-0.21863241372073147,-0.4849757803537429,-0.16898006367092985,0.6739465830096246,0.27982787067906645,1.1643706853086482,0.469865054585105,-0.9137451063730458,-0.3105219600463287,-0.5566618225931964,0.27689492378865355,-0.17443892863667562,-0.6395503074163869,0.2331075045539038
0.9513441588576464,-0.4328482126089991,-0.35216594764828735,-0.21156906344838666,0.5994164575541675,1.8205900288668566,0.4403473717494267,0.8221190080796215,2.0009677538652473,-0.4045892267429434,-0.43701736492209536,-0.7938672089469588,-0.30914839754166906,-0.338221710064148,0.3146615203291971,-0.5475067988730714,-0.5772350925396931,-1.3270021715721723,-0.5538418346733038,0.2997386047726284
0.20187088335023934,1.0415033798468436,0.23137678774337578,0.07746400259013886,0.33734661310446956,-0.7340768893876854,0.0015387256065626672,-0.5191508035563807,-0.35717765562258136,1.793156196610842,0.2882350351671352,-0.5912081113210776,-1.6104463263650428,-0.9099598291360261,-0.3808294101191312,1.2700330585513822,-0.31568914902003403,0.7927827096460099,1.319294329584692,-1.0174199591297406
0.01016378242108011,0.6437417076168912,-1.4164705518630951,1.0993423389059993,-1.224227393805261,-0.27505226430493096,-0.376762973987661,0.061188272421890226,-2.1271018962753243,0.9379471761141552,-0.36755979457681776,-1.5461406444928658,1.6813071914171518,1.6116368002835673,-0.9572799638460984,-0.4978308046066634,0.10952423734964273,-0.4279772894568264,1.447631271563362,-0.8020318748059809
-0.676183271403667,-0.6000532979848533,0.46377904339276865,0.33422596641012897,-0.1837166019311769,0.9509791782739361,-0.9210678314687107,-0.24104053468907846,0.13748363230837618,-0.16653756212627907,-0.7544875026629292,0.0687717238905868,-0.3575323903821036,0.4125359437878792,0.20834128517539827,-1.6228822899639201,-0.699194942039585,-0.5173777528618438,0.25791883931480014,0.10992416034945486
-2.045064473718652,-1.94358339785349,1.0491002604027715,-0.11139458676532774,0.25064163978266824,-1.2352721011115082,-2.0350489110605428,-0.8812240427269714,-1.80776290649433,0.23917230336543532,2.3550544498343666,1.7213457896754496,0.2242043988521397,0.5399176573733798,-0.6008923398370257,-0.18627870001494723,0.1354751309825038,0.6762547960767163,0.41739108069426023,-1.1235467517752802
0.4383593863839555,0.4698915819684708,1.752407156186371,-0.036109613957449986,0.33326925520857603,-0.6815073622642136,-0.13513110794025976,-0.059083115391710406,-0.02279470393525627,0.9922856125997623,0.8322301665300254,0.020253142586040215,-0.4952950584230986,-1.631701225343475,-0.3791734602612511,-1.0991828773563737,0.5926896083180438,-0.9052539636921255,-0.7698124146466058,0.4563899622216196
0.1710485355053745,0.16422879436304816,0.5124184189314398,-0.015272228491981185,-2.317797175559283,-0.054940129201176455,-0.005521921657088843,0.6945065241668595,-0.6226239031110343,-0.8001805976721511,0.036757079162060544,0.4420640870753872,-1.0302921773810811,1.1679895603178416,0.6204567722679173,-1.3373656147946211,0.69986710861559,-1.0377516052363753,0.02528155345623488,1.12503229259418
-0.26096933351368506,0.9693780493376583,-0.2985202014039108,-0.469768978750879,1.499396756665377,-1.2549210518337637,0.3978029400288089,-0.6961484082707309,-0.4324127038779717,0.9006844380233395,-1.6419266001598338,-0.9216919698488482,-0.9874597657621137,-0.33909377860337164,-1.3177256902415948,2.1737382815628115,-1.0074562290004825,1.4439446412584074,0.6936610819363797,-0.9970703519019294
1.5049163878378633,1.1023600786567676,-0.3667402429223923,0.14669143701845547,2.574771455971537,-0.1506619041276516,0.7373501634825871,1.8819493069889783,1.7684383339321144,-2.3221647792440545,0.4639279430427119,-0.045299523440614865,-0.031961214635307635,0.6833517756815713,-0.3144513396873952,1.5184098995493511,-1.36569282300853,0.21179936878895705,0.2325849609493566,0.04786402913731038
0.1139702704188274,-0.09502687004328068,-0.9199978161924266,-0.9355109429284768,-0.0589388004393563,-0.08772553865344634,-0.03128600426732765,-0.41317604945082154,1.1022380999299521,0.09122943164192768,0.7642977205593908,-0.3850497818430678,-0.6072705383902851,-0.2519657500160357,0.17217191104489094,0.935384159163099,-0.14104973567178955,0.2613513480400608,0.8469825931825979,0.35451214079520005
0.6618554073206986,0.3849727279547269,0.6389614186207055,0.24408527354208462,-0.49203401486545384,-0.6973235255346094,-0.1374487717213756,1.5040416212930496,0.45460385139772874,-2.122485778169855,-0.22121864691997842,0.1286304676289252,-1.278783195855475,1.3394516696772807,0.16141611319519575,-0.718515304146008,1.0055651775140295,-0.13747906689940603,0.6563925575198808,-0.29020447066013355
-0.27374246297888677,1.5246805886132004,-0.38495600576387096,0.029501304578143938,0.4233207059665533,0.03364298018265486,-0.30318977262527586,0.13539919632602243,-0.3177144415677126,-1.49712214957344,-1.1727733170266041,0.2568505590741777,-0.131448406422048,1.3022232981732607,0.35480456755851203,0.08304789525253753,-0.14186248373761381,1.154501053003202,0.17328461539495937,0.13262797789010944
1.3331898672939662,0.6466648388358133,-0.588587481063,1.0753618101951081,0.4220611329020094,-0.5625925868739406,0.25779416461139004,-0.10927541210316598,0.2620628723761775,0.2940748057230205,0.46965381345044144,0.40309501836511413,-1.1218228602171187,-1.0287059541724395,0.5896229905691167,1.3318383646915342,0.06309427523517767,-0.5698587812307916,-0.029740835972807404,1.3968177977958987
-1.048713969862993,-0.33801216379718674,-2.303093088212725,-0.10670900220375251,-0.35700611846183605,1.9608887633897274,-0.15292783491415265,-2.1181263765778646,-0.8826333661821394,1.5073512116160592,0.6623528142103968,1.5395740690103046,0.7299644965945895,-1.6111417924626859,-0.1521498087267139,-1.0997642362864026,2.902036390567029,1.0006814701606563,1.032214877851685,1.6123008948612105
-0.3921342270878615,-0.6840945977084778,0.4307249370493321,1.3348663220833232,-0.1100586987234558,-1.027222233028358,-1.841105319520214,-0.5547656674364373,-0.2925138699322348,-0.4121603816239778,0.6741026837080897,-0.3837031348413722,0.07956294621536099,-0.2764247769834904,0.9602107877537338,-0.20633436887879572,0.5552285691579503,0.2435063408258736,0.6398661521979633,-0.5349407151890363
-0.9528003782404568,-1.5404575081256437,-0.4982758483878861,1.3564402365739567,-1.222437023239754,0.5345306160634603,-1.3959924206339769,-0.46577479580701936,1.530572800237757,0.21838588514178314,1.751392421357497,-0.3684321070993686,0.8883309006326954,0.391924966749288,0.6820075588857479,-0.6922114681461069,-0.38380768805495463,0.03394595640849178,0.18505045317857205,-0.14795751575783672
0.08457654403317524,-0.2918587410860315,0.8311671703665378,-0.7869097910390087,-0.6167454957180966,0.2056432639964018,0.5867689046351635,0.39480631120122306,-0.4197721328130186,-1.024985835800468,-0.4702525455740212,1.1534556103374014,0.534920774190919,-0.006608175077257536,-0.4892977618427315,-0.1637446496788021,0.4296896221062844,-0.28370540532946714,-0.05671771744135755,0.6946965890463372
1.5672774078115914,0.9270669891103023,0.7128934717783384,-0.9495509054110299,-0.5611570830396913,-0.059929040824571594,1.8630510226946764,0.1641497517089762,-0.26412239568485535,0.567763201916925,-0.21951685992909953,-1.6881825731205689,0.32306591575580124,-1.3223808535619728,1.3756829302464155,-0.7719002800262892,1.31197764608235,-1.0461127128896899,-1.258127572667972,1.2170774948227105
-0.09191250503169986,-0.4577396316962463,0.3393045220353569,0.1609417508756246,1.635922012907672,0.14029387255319634,-1.1779887401583944,0.3712770072672001,-0.23515717647763884,-0.32473778630711714,-0.020901525645587567,-1.2710577633525153,-0.28661496799499625,1.3190676623969555,-1.0158127374758126,0.7108534511598106,-0.9239149022755715,-0.3685101329570835,-0.5057126083276358,-0.41481131277575317
0.12228190195199187,-0.5831835601980423,-0.8805360364582511,0.9985386675905076,-1.6056931562029007,0.8582960616326687,0.20936892932600146,0.8215882793081228,0.535038534894976,-0.9670463967710712,0.5282321800139018,0.3521872907187521,-0.05987065906537494,0.9328470366384327,-0.12538642657311339,-0.7353759307628166,0.24341438115140465,-1.1055456025871855,0.6915322495679489,-0.8033320277998663
0.3417555381619174,-1.1416070815360504,2.009577598232164,-0.5474288109075406,-1.0637565441385044,0.3689266736676795,-0.9813532857577543,1.3512826929878354,0.1980790363743358,-0.7974779027897788,-0.326575808397456,0.7322738611487059,-0.4910781399382026,0.1377441157378244,0.979245655678902,-2.0039634494065277,-0.07591290705330193,-1.6859513301534228,0.9880621257267471,-0.5722625417186241
0.15149558565749177,-0.7594424239109641,0.3405432259099338,0.690923564197418,-0.01797895657992791,0.23210530510030866,-0.11615829123724711,0.8708280353062631,-0.5747245676180562,-1.0010153399725528,-0.632969016883785,-0.7898066488187244,0.00501300876047645,1.5173951072019973,0.8684870244899061,-0.9094857727623027,0.1491893664499203,-0.9736028192744907,0.40142454929401833,0.47069534755369463
0.49186916413959064,0.21964718529277977,0.283337689851903,-1.1650578904193423,-1.5255977523465618,-0.39725162805256176,-0.3030859252565282,0.44012507570133425,-0.1376341013440804,-0.35677489376896493,-0.35379823479500194,0.6064732822672823,-2.095145910913922,-0.31316359421193085,0.5440416709431801,-0.18545950104511624,-0.01880914251197743,-0.6868600752761114,-2.0295162658368455,0.43710380394375387
-0.7568046746819793,-1.0564991330703652,0.8198206487737029,-1.8906494351766292,-1.142109587543776,0.9872178005477427,-0.7047475618183684,1.5640225267293772,0.28651434098791406,-1.0166781603550024,0.9864837002139376,0.5646685511801244,-0.6789534016094387,1.4943261274021113,-1.3158192741470907,-1.3038355983161294,-1.5431981796958787,-0.3872545979519198,1.0355550398780684,-0.6939786651468555
0.045554721801701004,-0.2509322105204613,-0.28530306349105217,0.4900725419075107,-0.544841478978097,0.6613307883693377,-0.3942710603745506,-0.8858586186252412,0.15981895636220744,0.03339085404471293,1.0340168548216067,-1.0531652751142917,-0.43439744065701047,0.5844915776579468,0.3485737854145312,-0.49547315864222946,1.5317661453589457,-1.8752215840353326,0.8552067252632407,2.344103630184529
0.10402900465969857,0.7900145302749106,-0.7357410061532063,-0.08037517800951142,0.4140140226937364,1.9286142015171297,-0.5308702374720403,0.8178270021890519,0.9167567260052438,0.10269482661738391,-0.00637153303254036,0.6647139886195008,1.742125094589532,0.9537233555840852,-0.15294553614281162,0.163966880890582,-0.3167797986793337,0.11114423129501634,0.42849798477236256,0.4526521655801646
2.3514693541846743,1.1714386914676012,-0.19538012818232028,0.23114425193952126,-0.3024283773033869,-0.0794776858592415,0.8776348771004382,1.9111949889985813,1.484643491467905,-0.9185948999268415,-0.12006881339184325,-2.13253341619199,1.5957903421075,0.3931882068172945,0.13970193702272415,1.1340938684836201,-0.39311044856091104,-0.25245901116709013,-0.8279629149122073,-0.3781803106165797
0.8177517731508804,-1.6840083315066456,0.9576821513351443,2.695506519801858,-1.1441812374930116,-0.7082628330517247,0.17583484035241037,-0.1150973672854555,0.2462502828818062,0.35734734171204946,-0.39203652592948623,-1.8162265179456494,-0.1349127700634961,-0.7945401433332805,0.6254930359026766,-0.3778269507511527,0.5739495236636769,-1.750316655088493,-0.06917045656938796,-0.633444881842333
0.21255938272882216,0.5143365209282202,-1.0963438800871184,-0.07484759798777134,-0.45509933116646034,-0.0011599385214925992,-0.6779803806393901,0.43018762079230344,-0.05089967384306187,-0.6056986119707154,-1.8894159037836467,1.3217141981220617,-0.5454725938104525,0.43124658130332794,-0.06408576102413913,-0.19989152397367227,0.037754428956571356,-0.3330663312259815,0.24413922996954165,1.0816185398570537
1.2018864995037322,1.2690188100674396,0.4850384078454366,-0.17748722392649355,0.22350055294055884,-0.8985854491281043,-0.12536632292493194,1.4873081988425498,1.5014212248474221,-1.5134671914268942,-1.7745837431342768,-1.166644754824088,0.9409130479302712,0.21930055412251354,-1.7410842131589357,0.6868690749733777,-1.7575616678637522,0.28878895193404713,1.4634052997980649,-0.5203392266639723
-0.6284305447700504,-1.0706680124451986,-0.3326632517095788,0.639006143305153,0.13322070713128106,2.043225495941585,1.1840337795076963,-0.8194380348158892,-0.6556860012582351,1.6767240640035932,1.729447030802108,0.12522213203975718,1.0140810504501208,-1.5590868739738588,-1.0615107894641647,-0.21719742946061277,0.32095446656272714,-0.6068871874145777,0.4440704965368193,-1.2049688759406292
2.038696626632066,1.4364263812419251,-0.7857784735802938,-0.6610517753430205,0.7087961250273734,1.5611097117434614,1.2522943545127234,1.3412509545992068,1.2310622738432675,0.20542692461622059,-1.5982477310272671,0.48625356852702295,0.8750778321986414,-1.7713502821891272,-2.744878005371901,1.2914105224299894,-0.8048042131435494,-0.6028331824872736,-0.171579207173974,0.2063420387350231
-0.5012968296391902,-0.06172225550557629,0.8540150888495252,-0.8746875184728532,-0.9161900565861982,-0.5601614609552129,-1.9955787133151621,-0.35439266575088496,-1.5494256431093336,0.29510263418646754,2.364890399248003,-1.867105996806555,2.051188757899993,0.7802348220934727,-1.2937033894534569,-1.9447017082040308,0.39237783109096913,-0.5199125557488704,0.31976358689899514,0.1054735449374142
-1.8719233035270229,-0.6048440855764453,-0.2089333151966835,0.04363261724728499,1.2288963237837869,0.33457858939051005,-0.5942857060806839,-2.089785089555785,-0.8862994967829698,0.6138570102893748,0.49450080732651097,0.6714517620481218,0.3335925928578947,0.2643219543784118,0.26968786064920114,-0.2811558236715099,0.36012765999581475,1.3029456667623922,0.9800678209236161,0.7000031444513591
1.2680906962192768,1.2469205726969899,1.4849198837480975,0.3750472277035474,-0.21954901820829187,-0.8673375651842106,1.2585823720369296,0.3816195556017171,0.5661230418045954,0.019118847728875503,0.06390591675218411,-0.5540820101724744,0.18016695893808798,-1.7236939217425657,0.6148399655078693,1.0102121067638818,-1.499307283890401,-0.15496337149514836,-1.2255428514940299,-1.0965786553446855
-0.8665827658014793,-1.931337201893769,-0.44019661716663594,1.6493571242925225,0.5789688107659762,1.5973197047806316,-0.7728149764416198,-0.7093891299699678,0.03676716496869458,0.6879432580285831,0.9744927114776598,0.009896905775916294,-0.6883073125323707,0.19363091853744266,-0.00889745704585554,-1.101555790033685,0.8809056040901164,-0.14533774344492878,0.21501370350648855,-0.006491949192181549
-0.7600956211442422,-0.6025446264073185,0.8343982176118002,-1.5808815616195586,-2.1572786410185105,-1.1611067721389356,0.18260476054678032,0.6695499435067176,-0.14348305636627312,-0.591167646680146,-0.6146242035024089,0.7291505213192732,-0.060856097623084866,-0.0851822130776117,-1.0352129874092963,-1.3077287581496242,-0.5610533923556902,1.4827463231314582,0.18954050657954447,-1.5594147822033675
0.3748870265169828,0.7853336559447531,0.754205120147394,0.42018772331131116,-1.8664496488281896,0.13210206114868858,0.20348860822763917,1.2364318782314019,1.414176463028915,-1.5308655605871788,-0.7974608185485614,0.3385609489437535,-0.400967323955541,0.13419922295251016,-0.5053018487822897,-1.0276834101728873,0.4923037974590037,0.49046401148168467,-0.44217802334607126,-0.8415250522938734
-0.03634323069644502,-0.4742652855272166,-0.02429013572163237,-0.32563197644437486,0.3513618205349083,0.27970839973169614,-0.060188587520265374,0.44459295147684075,0.6741516319389442,-0.461846461679228,0.6719372138850223,0.852120839538246,-1.2346774439682977,0.6906763642589117,-0.638337201240422,-0.5400658328803533,1.2962105626607001,-0.3324988116252315,1.2740153059724375,1.4130567761092996
-0.054173328127261285,0.7315185497855867,-1.8090980321522028,-1.9246221520289595,1.6890317084357027,0.5236552650650277,-1.0036273440139931,1.036260270037726,1.1425531142374006,-1.854850284803032,-0.8169302277839143,1.1844810479803825,-0.3208511119679685,2.096752839444957,-0.10322688618374368,1.3760915572707095,0.28380463971534975,0.8110743288600383,0.9270408248132619,0.9466581004874496
1.6330771312975318,2.158353526699578,0.0959585614035622,-1.0205356516658328,0.3674655038180907,-0.5952057212536433,-0.926196661234788,1.5744900925538823,0.5759737581902713,0.19489964560368034,-1.5985044323063968,-0.4185728403404786,-1.3473381786041008,-0.37741800263996156,-1.1330235012259458,0.8501602809978109,-0.43665910875296987,0.6329004363494893,-2.2112587159933614,-0.7143280012306994
0.1972071324573506,-0.26779771937110697,0.058333136371585916,1.973897030044434,0.9007011741006912,1.2077128560357377,-0.20309515906101872,-0.5689147901829856,0.8694971264574418,0.8759884878563103,-0.7435315425456444,-0.4951059385078594,1.0135271800386614,-0.9697532444300014,1.024529358051481,0.2395279296940288,0.23124420026812775,-0.15901715073472383,-0.26066504133008067,-0.0029983883688784007
-1.6072149113734833,-1.3707828452924078,0.5495680680996621,0.8759008558849481,0.4509734365102714,-0.6759318538845206,-1.8039023414929858,-2.387073179550035,-1.7133083574400643,1.3159633113080933,0.8872042309395108,-0.049036070939425885,0.9304675643617705,-0.5161997097348009,0.1865795782533568,0.30115531105653226,1.052116207866023,-0.3983444484134882,0.7905509958782405,0.782322300789473
-3.459903902975141,-2.838001622766903,-0.21534891930089656,0.13078947019272522,-1.0210525914987343,0.7404469942833991,-1.090000240238757,-2.797618329820493,-1.4349019156254514,0.9796855445175168,2.0587807351335186,1.3958695579358287,-0.8515265068613509,-0.503685951261065,0.5036844925064642,-0.9140572174254576,-0.10804690502098462,0.21754560821185173,1.217003989016869,-1.0985595972085442
-1.7686708636434672,-0.42588011345138477,0.8861298332835399,-1.2701336399541352,-0.17467051287564864,-1.416791582825624,-1.5169105314327183,-0.8127494116303394,-0.6155159404567944,0.14174551971309918,0.9950898178096477,-0.24848512490912295,-1.2068947121966862,1.2453004882621295,-1.435760355085929,-0.35149997711957204,0.1892982161178002,1.1273701609704292,0.5114637761081173,-0.8521829880379054
-1.0456373607435223,-0.8345748477424241,-0.5325788887595534,-0.1980231067233472,1.6420813543248451,1.164191196461564,-1.0908592179784649,-0.8965497775334756,-0.3747980206417687,0.09247652820223214,-0.4503439554270964,-0.0018689508429659137,-0.3838874768320749,-0.08688235276321135,0.023674248478007844,0.6507915725844262,-0.4584488488392716,0.5246197907274153,0.8030475348582939,-0.9500921500146955
0.7118188062176558,0.33892691874044567,0.8784390338945114,-0.6109303952138374,0.6993147241924851,0.7620775835959911,-0.5239286644475702,1.3263185928953132,0.34950195071118795,-1.1880259572871799,0.9245960858005693,1.1358564536151687,-0.5659187430312763,0.01039689894367722,-0.5862884114586501,0.6314621293764254,-2.066343212802428,0.04836765063869168,-0.4320289808305995,-0.5539791721224436
1.46625791265625,1.6523788524597058,-0.4293282054583801,-0.08367363134172393,0.5119438939552297,2.133857109118282,0.8613782447585183,0.016561578562207826,-0.3007420214355357,0.21987153394539388,-1.2189762195477225,1.0451695868622999,1.825603595308766,-1.7200784838702765,1.1729294793436242,0.7762680832405906,1.398086948449149,-0.0978233667383663,-0.9101071747892305,1.2154915880935244
-0.8270279098990739,-1.1717075267067156,0.7601085354933698,1.4437595113397608,0.45689604262746897,-0.13817604090963315,-0.022896294739640128,-1.1044610492242934,-0.3055630940395897,0.19542856205515288,0.1345967393860394,1.5965417272726976,-1.557048233668156,-0.5303553005649042,2.5904545040169356,-1.1823125073938687,1.7855668962474294,-0.1349660695096697,-0.0331965385221685,0.2806627699258552
-0.16161571018808335,1.1751701815096856,0.024902509665178343,-2.6679598187843077,-0.43382720458580004,-0.9855973610964623,-0.25990056699926606,-0.3473440594494798,-0.6865557744406391,0.41175658923131714,2.115925618156449,-1.846361239009438,2.0921911803461066,1.4494125559096478,-0.5358852296884593,1.0458806432544865,-0.614048965880744,0.03514144698844856,0.8456978082694687,1.4190024061722837
