X1,X2,X3,X4,X5,X6,X7,X8,X9,X10,X11,X12,X13,X14,X15,X16,X17,X18,X19,X20
0.3789533658392493,2.198992413690001,1.8638647497450236,0.42188739166171596,-0.46452816315263057,0.7601541059621558,-0.48314597767954914,0.0010544808998499864,-0.22684863432031502,2.413756213790582,0.5430948737543296,-0.8288687053371772,-0.22139345864786292,0.7007401803233502,-1.5355221415362408,-0.23511215345403255,1.4912725423914883,1.568747755833661,0.8975750996260439,-1.5711072752933748
-0.33085782850605405,0.455544102777653,-0.4766319278678209,-0.3100306203496442,-1.0710031071716337,0.5529023018724656,0.03752700837046173,-0.18859117858455546,0.7620329179824589,0.25267690189352654,-0.7954864988472207,-0.5760524942216797,-0.39546054602802805,0.37193827908301563,1.7729602960753612,0.9133218382496966,0.6155654567623264,0.4042314525677566,-0.36471793183883255,0.4813218345995469
1.7345000046601478,2.280601146986747,-0.4487221760918262,0.37078905261698614,-2.1643532267003693,0.7164956826233176,1.3196448293077636,1.3984358960418657,-0.9854141332674751,1.7496274017693478,0.0285180693834474,0.08155838575314725,-1.0785552306639048,-0.23339785367486043,0.7545639553509433,-2.571439116153269,-2.068035009328221,1.97172095470585,-1.0201740601082498,1.3273894851472952
1.3028532077087407,-0.010128777010146549,-0.48411646641262995,-1.1089370656919721,-1.6993193267609579,-1.036102628656851,-0.23293389032524894,0.03503238135894323,-0.35722365813095464,0.370964039538823,-0.3859740761730407,0.40942049256070606,0.08617800020335506,-0.7514544644156853,0.281436990314459,-1.2038013771546001,-1.1676928296283808,0.5249923306329938,-0.8828317640879042,1.170651560542017
0.5542003769797009,0.17778478916123833,-0.9774088658283817,1.4255566128706263,0.7140421631692883,1.4181450223546728,-1.2729769122728438,0.6843740669622602,-1.0157296824458146,0.29108639553498433,0.22918185147996384,-0.35257680321490836,0.44710159173955816,0.9782465978780018,-0.26464751679976195,-0.47819781138123213,-0.36260375045047705,-0.5321821049277937,0.05341302886626782,-0.4475762978192247
-0.5189831784333158,0.9204571544025069,0.3373115641816415,-2.172467885655144,-1.5302086833282307,-0.8738833612987257,1.3233875589180217,1.0783108955972756,1.0298291309233718,-0.6864119135381339,-0.2749184203450448,0.21299005227986023,-0.4784452550787818,-0.3255501967226558,-0.8399458198960297,0.1160060274006898,-0.4601293105215202,1.200242423707781,-0.6410105216674938,1.4294174953285845
-1.0396772453319973,-1.4913632411717253,0.19962754077193617,0.04571029551849984,-0.3021458593624887,-1.0426796465689991,-0.9602821504841236,-0.5459458136839005,0.9522725767918666,-0.8582991831735906,-1.2575779983898026,-0.5817206103549628,0.19433735855506964,-0.1930717781990439,1.014026312618002,-1.1558621263332989,0.4182899435154171,-0.30448646981666627,-0.44099095048959075,0.6712636512367222
0.7860831658945439,-0.1715473871507142,1.1928900887637766,0.14724994454346613,0.3724949674421407,0.7367271609980074,-0.6197695654056491,-0.5172639036937995,1.8809103362737305,-0.6372540328751176,-0.6558233132210953,0.3578784877607722,1.247384007998595,-2.3128667273713783,0.07630511153279834,0.04494046246820716,0.894032197561916,-0.6725179422683706,1.1808074958248203,1.0294251576282683
-0.8005694745243631,-1.181635677846118,-0.7050219510243302,-0.5135956998789987,0.6405439787612545,-1.1365335784582353,-0.22770043682341176,-0.4474675900911391,-1.326165901315801,1.4893270830540544,-0.4538954251569582,1.2233963457224708,-0.22549119375588692,0.26527810549729425,0.15262967085143275,-0.9076752209881415,0.6174597787188923,-0.07945605533593088,-0.5944957155737636,-1.3860322908546883
0.08866209133294116,0.008884011638924317,0.2859872915737362,-2.2224502760601372,-0.45803171710306845,-0.21886724678347988,-0.3415567173912197,0.9869544415923995,1.3953127127234817,1.355270811325717,1.1256989394692725,1.3446155912131628,-0.9728543263424516,0.13982096246861442,0.99186484116651,0.7225351975248135,0.890148342167423,0.987172891291831,-0.5471349042280425,0.0494646366304354
-0.8454228719761114,0.5395168045357677,0.1871856969340884,-0.7647117056094809,-1.4531420167861362,-1.6210952566840675,0.278362297613855,0.7318519940600909,0.5744770341104605,0.8824855127564017,0.5154806085320826,-0.440264155893164,-0.32964788368456116,0.8565913463500213,-0.06815951679965918,-0.6744724454879993,0.3191157247515969,0.6580317624789941,-0.0641003466565032,0.27894978248389013
-0.25351469430970575,1.2661436779728916,-1.748070495666524,-1.9505804310756383,0.3676685133984163,0.8465766426912933,1.4297366512760694,-0.8018018267091295,-0.534122162656098,-0.5426099139646259,-1.4811977371558267,0.9118437270431617,-0.591301690272818,-0.39406141629542424,0.7025583302189292,1.2218411021622717,-2.6844841882880073,-2.256087331545225,0.39772189562314303,0.20522032167498205
0.7551206494268368,-0.32846761288300896,0.13109675813080576,3.0022254944255584,-0.23525021161388385,-0.6947088564783327,-1.1899564945994299,0.6990522237708612,-0.7063574699256685,-1.5579411157988379,0.21836858331960168,0.16766670198399358,0.33999402031177955,0.08208060389348751,0.1631264231010903,-0.5977139857419755,0.44678000965097,0.8748866241881089,-0.8925940649856515,0.029453029529529575
1.5687236633505541,-0.4668777370222775,1.2927452562352777,0.17780701804278504,0.21986162481102614,-0.028419665186948086,1.620007977833184,-1.2760616411307595,1.6566624127239977,-0.5504817649522967,-0.7590513526901456,0.5872657754207965,-1.1570033881697903,-1.5346476741422643,0.8194213506141337,-0.7735201031464279,-0.3912183758076711,-0.8706595978872718,-0.08867527747372528,2.0777200644507174
1.9744685774126902,0.12929962379387824,0.7714093892832868,-0.05522957856081865,0.516319595333789,0.7046053510868083,-0.1799373152031105,-0.33883192776638554,-0.9505939324205804,-0.09588781487632167,1.1116159828838323,0.8320098543586497,-1.1734684013981422,-0.7779159832163421,0.3781370906881226,-0.6830443203146132,-0.4123562754122881,0.028674001522912076,-0.3534923686360003,0.7202382971925553
-1.0000012732283583,-0.5041769532112207,-1.0859236254985405,0.6936921200410516,-0.2892336389761824,-0.6540064018403086,-1.4715807313729317,-0.6353379461198564,-0.05961964548690059,1.9645360441104402,1.0910364077104706,-0.23959728844292966,3.1557308173067886,-1.2250135775606277,-0.38391361041816,0.06224991800000928,0.3239922206888742,-0.6908131499581528,0.8491201584217589,-1.4413483227778552
1.9449276529109514,-0.15448813472301193,0.06256912031802538,0.02306032083896127,0.7143845506421181,1.0118330194102874,1.1458525506409885,0.8104572024746708,-0.9355547503229691,-1.3074535758430792,-0.2898520624227997,1.7723680269276414,-0.964125213589475,-1.7652684244097478,0.84340553360204,-1.603778590352543,-1.793976591876064,-0.24952352329743754,0.16088038654889641,1.8107194497255699
-0.31516497134683724,0.45949047938807946,-1.5358659035964772,1.1078256315237796,-0.8526812808854257,-0.556162372676433,-0.9905312186202918,-0.9900307860596325,1.240738161037453,-0.7187761122059191,-0.2487454016482919,0.5606467251883168,1.4930962372313221,1.0423281805667568,-0.2161524098639856,1.1226036374830821,0.22646524064731696,-0.29988165335433353,-0.7084565266479532,-0.3533200019515529
0.8174888125171816,0.0859983119963044,0.3303105230431533,0.7433106321472692,1.3415951853396937,-0.3675107204488679,-0.0009819838970809612,-0.43549590900663154,-0.47526669840108043,-0.8619426938004909,0.33701574686574154,2.7194047468873426,-0.3032757370267437,0.8017954427763315,-0.9127827090300668,-1.3496870907087017,-0.20124542037179305,0.25296230473054154,1.2804954036983789,-0.23428413824582867
-1.5995596093983768,-2.5681076768802757,0.1569148304379737,-0.8458567320120433,0.08025334807276627,-1.8622540956630849,0.3249669701894645,1.3531440307534086,-0.2846136503263647,1.2102270478508732,0.7962238540515867,-2.1179175974217985,1.0591335396732844,0.2728278625328844,-0.7500736158565037,0.14424627576971968,0.9898194356469683,0.44678366999019525,0.6638931875328886,-1.3500807877427703
0.02419124326370063,-0.819187291496351,-1.3545979195086466,-0.33891351239572376,0.3242870608944853,0.567159700511539,-0.6759235596518087,-2.689812137108562,0.009242063925989709,1.6429311035656033,-1.7932991961268328,2.158674976515047,-1.3320369043193911,1.706291822344896,1.2646939666435248,-0.016106599521250358,-0.1374586465844343,-0.8806962204147045,0.0061721881946459455,-0.38136759880559834
0.8328436488138969,0.534260800905926,-0.4013368158634254,-0.5447778574665805,0.8468602274463266,2.033538225935029,-2.0785018434053897,1.3183829514057006,0.9815879634122482,-1.6964987896715888,2.099425446498854,0.2258678711427375,-0.3355717743816157,0.5031720985777505,0.7392240287426506,-0.38994418346764287,-0.7721506920506509,-2.1163474650708314,0.06480984878191945,-0.22061444384417228
1.0674877570515429,-0.19216275314118092,-0.6581533844878932,1.0569426240078041,0.16663844299318134,1.0089046516965503,-0.47394312236789476,-0.18008644913661767,1.6250560365487903,-1.8789129027192493,0.7313051770283223,-0.13660345757108236,0.9935426452334113,0.12063945176808873,0.6372171362643457,-1.4192176317257232,-0.3328285050395374,-1.840710003781317,0.9286710230917702,1.1972815140263477
0.7298993464561884,0.6309483500770009,-0.2475564731053307,0.885755661479696,-0.02611325010185053,0.04341259784115841,2.092060675954059,0.6663338257592921,-1.09287383517265,-1.1870105365535897,-0.44532373498884986,-0.2162517907625933,-0.5595035990615994,-0.7733674857348578,0.23129454698654098,0.8002010358149809,-0.7570876130059732,0.3234741799358814,-0.632922641158502,0.8778411530216306
-1.8697717423979647,-0.657004778581881,-0.021187976405562536,0.7509453727921177,1.8036240205621823,0.580191469647755,-1.2425499308640162,-1.4042560844367773,-0.043182980364848966,0.14917105035530778,-1.3117810745698253,1.4123292752768295,1.1364972549955663,-1.230338800080733,-0.3011437775944337,-0.8799402113751597,0.4327708647841252,-0.8425472803277693,0.15727443135863423,-0.38421797844004024
0.2507479915772421,-2.0550181658702984,1.1923393473047434,1.0131180463353773,1.1792737960329716,-0.3612684982238997,1.1185836768844375,1.0870906444628172,0.8698449765453259,-1.4930891625021026,0.5569663233687303,-0.30998383805535945,0.7362598936331355,-1.4130712659637148,-1.3415228287155967,-0.0331335542261789,0.22587788591327354,0.09646838773667701,0.25848912221996184,-0.07000903676767942
0.383871163726838,-0.061598065581249806,1.3094221941654312,0.7413557556131678,0.9887841705760874,-0.7849650297439696,-1.3611712352652254,-1.1320051141812024,-0.08721255680321863,0.33626738462109274,0.6554233734273808,1.4659231554853502,-1.193243610107926,1.1119891744918495,-0.39828139121889145,-0.570290271222802,-0.2188829151389312,-0.7567630020067116,0.7595207506678221,-1.1050467843091476
-1.9945928087164286,-1.485638265192252,-0.5690703997416998,0.8538547836737426,0.3541821254381804,-0.8218960559963386,-1.0277968395911186,1.2147831350416607,-1.7758844598318984,0.45938968124750185,0.88977442082699,-1.6669584015252732,0.5635388176560547,0.5424524498363142,0.9839197452034302,-0.2171196318731156,1.7647230270869088,0.723718953083803,-0.6235229202379133,-1.7047692805807841
0.7441739242756109,-1.2595029977036216,-1.330369969262115,-0.6905516439608236,-0.13409023640625656,1.1246027208032854,-0.40081502302660155,-0.5481632954299948,0.13649631433775536,-0.5088455054895277,-0.7473867617513791,0.19247704049879327,0.11366332913495479,-1.352266763157576,1.703168144041517,-0.38275066643314626,-1.6361244962322765,-0.2480242348567528,-0.9156486899287928,2.405770455229411
1.0113840766918005,-0.17072280638998294,-0.17281561232373469,-0.8654639515958776,-0.34239196590512716,1.1997774005208632,-1.1865784008070992,0.9916721433311277,-0.7328200273659451,1.7007308949464268,0.07347920166461973,-0.3049726363666797,1.1741363036059553,-0.5642439742720061,-0.9396032899360659,-1.5093196606336123,0.7973056710981297,0.3243340943566928,0.22996241584743352,-0.39534077724601885
-1.3458343671290924,0.12082679433331299,-0.5579650461511408,0.9514596862163474,1.023871197035838,0.5760707877758693,-1.070372116991304,-1.3586942525886292,-0.8708440315147812,-0.17149071270026675,-0.6876947784710692,-2.442898605856236,1.9464833480197448,0.013055500622177427,-0.5216820037224283,1.344537095845839,0.13611770328755027,-1.953739752326295,0.723279002827104,-1.2440822614577198
1.886624122178588,-0.16729511839113984,-0.11987109762797422,-1.124134554270835,-0.168789247634768,2.4130877846253096,-0.07451436788237654,1.133394946307812,-0.0058672809816675015,0.43455037841576066,0.6501587620711924,0.09129458572614288,-0.3720269171010339,0.6214612363944878,-1.2642500111793173,-1.182668346534875,0.8184425550650756,1.91433531627381,-0.9209926789541512,0.4301406521868544
0.6167572503657412,-1.2215300632356703,1.7478660782689917,-0.5691755331728414,1.8562534724601947,0.28447208565660126,0.2397935240233337,0.639223403998435,-0.4497839654647797,0.44112216952337613,1.10648473872387,0.9625315393804761,-1.5892498900174963,-1.957603051002902,0.8800820703999398,0.6190958988799247,0.4512548941316669,-0.0023590163870277833,0.03677889980502726,-0.3664949517562422
-1.6635408393148725,-0.12668810853079354,0.4809346883404115,-1.1611313435116524,0.5140267186696252,0.01592666251863399,-0.869401738199295,-0.3705619128002999,-0.7490201553979912,-0.22817039235516848,-1.4316512452067927,0.45176661265902507,-1.304839457523707,-0.14416015429414494,-0.17648578174296237,-0.8423974417441374,-0.5686043914954747,-0.004779121873447579,-1.3132520385248334,0.5206838704654468
-1.202679564352364,-1.0329972430154835,-2.0007843781963355,-1.7929019259137706,-1.1659905313532486,-0.7100546070404267,-0.973641200103242,-0.7054146708555699,0.19322689248574287,-0.9691527284755858,-0.17014300390049056,-0.5462843376768536,0.488893493247748,0.9389494004890329,0.32314310967215487,-0.6761792371992795,-0.6263687200174956,0.1026264808954637,-2.1521154029360234,1.4415969093168262
0.6528105753282034,1.34424270120471,2.570007321079189,-0.15480591247323122,2.081724129138664,0.9187524045263685,-1.9286643082056305,0.42023386836095805,-0.15654799922616813,0.2183143164332262,-0.27645411223126914,2.0534100591984084,-0.0441739836192207,-1.8085352820602627,-0.6280454756669492,-0.8973360170893571,-0.13645905534383335,-0.9998845223584633,2.743802979141852,-0.3162296758775096
-0.22889914510751952,0.1071735129147489,0.4227020360264443,-0.9477662765937634,0.015162013446819026,-0.6760813180727266,-0.4278897306915825,-1.6895033694878407,0.01745797064316849,-0.7730594872313016,-0.43606501635931727,-1.1607149929910074,1.3780760089576172,-0.9904654221434464,-1.4825238492941053,-1.3204567951375128,-0.9177097876438505,-1.5370189066649875,0.9943187107278957,0.7996391527417621
0.33097649333434387,0.16557630437709894,0.6451774862378866,-0.11802566524794207,1.3471651527183466,-0.3679854808864952,-0.16532043389154924,0.9880816260860711,-1.5092980345826543,0.22930561044635292,0.6560475694043826,0.4053922437325319,0.2728934835010774,-0.1484173132414965,-1.1281347697119197,-0.5551246224521359,-0.9344778293001151,-0.2646420804903262,1.7446866542986643,-0.8500998415009727
-1.0727814339264061,-2.079388212944417,0.8694518147685232,-0.2721698967622324,2.585945481091165,-0.55128129083549,1.009330182248727,-1.3380420964415647,-3.5037298725539174,0.9613391107056883,0.28047794952072386,0.8258576766268735,-1.8754387675386366,-0.7339072896983514,0.07397481298067532,0.8807246433227265,0.42600867873774895,-0.3795239828741951,-0.04142284418720939,-1.523114696230601
0.04377647041362064,-0.6458216776185921,-0.07133693137977243,0.689433885047656,-0.04114044653361661,-0.7599714277219394,-0.48405962749943976,0.44553851085177165,1.3365043272142265,-1.1958003737834444,-0.4445728931754197,-1.295156360009969,0.8006617223104844,1.0326205981887875,-0.5951696693115689,2.069363403692754,-0.10416932760739077,-0.6281512859371952,0.09802273938702967,-0.05337949878904488
0.8421665907706856,0.1680164196801106,-1.8530610814265873,0.5842016441712077,-1.462253472454496,-0.10559628305403683,0.8943587071213175,2.08641807593411,0.7631907959674235,-0.867758249006688,1.1511415314049238,1.161111224761943,-0.5615586219528736,2.3750802052016624,1.785489910032372,-1.586964268961404,1.4345072464210793,2.778188150842498,-0.9305559959902909,0.6201028088553735
-0.2253991615701097,1.583081222437731,0.3924953810342887,-0.5084554267805469,-1.0485582978657557,-0.31462169841883414,-1.2387947436586588,-0.18676828097192996,-0.6747454567493938,1.6593238896503621,1.1397909817582452,1.0034255177304046,-0.16012264625580241,1.2221404115129337,-1.4774603956510874,-0.9724219026678425,1.5648522998656536,1.426140204309213,-0.4410209396196315,-1.4145602546897842
-0.6346744888073899,0.10982860142946937,0.9855042143497972,1.0777682622586209,-0.5870716561003382,-0.6788437395459309,0.13357229704575144,-0.2599087127281047,0.28697190358080976,-0.9679877117706627,-1.04091714954257,-0.6696282130577256,-0.19059523489555832,-1.2748826874538204,0.44723120534451394,1.371842383424102,-0.5122004218986527,-0.1864150184772914,-0.5208770991745194,0.9051091703181445
-0.9955816327397936,0.8218862904416446,-0.7668596672349024,-1.5554570999390924,-1.0749511405954901,-1.5743727370602598,-0.7805594313686316,-1.9739980644832047,0.24400137589536564,-0.7519910364061982,-2.31085462398695,-0.1999368113247394,-1.1598739572969465,1.030182941137361,1.3068672622645943,-0.4281068669399483,0.061775197168863524,0.8040191510698234,-2.5653061990301227,1.5019161313659763
2.1655505756421687,0.5185902228019779,1.138474572990403,-0.009350335844913946,-0.3777646327224094,1.6880640812085925,0.27657031016391975,1.3441428457178173,1.8223312663598705,-1.6819832061484943,0.15524005919029443,-0.776183239433528,-1.491315801798716,-1.0206700485688447,2.8862092127067127,-0.8839026610842293,-1.1649849593444779,0.030575287046650905,0.5155591856385711,2.2268947866276876
1.2328318208697389,2.0053491090750994,-0.21699673259523666,-0.33502718189686365,-0.9300664433652639,-0.46195726806400855,0.13510516887830193,-0.18703387866576082,-0.028091325099884493,-0.6815278973688804,-1.550635168262008,-1.0296943038456925,0.8680422195996823,-0.6126824883012165,0.1785432370213551,0.7519896953219583,-0.4404981837948874,-0.9930648786224713,0.2628969402220155,0.16301192774851608
-0.39312317091623034,-0.4187429415737372,-0.3501164581330137,1.3975657531450947,0.2644500308187522,1.241119208845298,-0.4555961012387169,0.6406616944002501,0.7043000283609564,0.058261235152858734,1.7676739451273806,-1.165252205251797,1.4664802477325107,0.08644455119656863,-0.867854155723068,1.1410372235442563,0.6037563569969242,-0.08470608680450388,-0.2496737702644518,-0.8851384349797237
0.7523288536595758,-0.1355760506283611,-0.26068420529187314,-0.4119569066024447,1.5160426557666176,1.7421699257723906,1.5122290761996353,0.7210654181500308,-0.4732841339650803,-1.1955959314436206,1.0722630698586786,0.8518686423134675,-0.7978502134764842,-0.37276224342500325,-0.10854954146932595,0.5177193400835538,-0.4605811496934429,-0.12914350289748616,0.7139354314720083,0.28685524463692547
-0.3740506952674066,-1.2095147622248852,-2.4669851562144505,-1.599599514397152,-0.9885202568155219,-0.2641563973471114,-1.8038246492009204,0.853888289433872,-0.5652801947978797,-0.5367246440856689,-0.1012582161172917,-1.1875592035200588,1.4908747105448834,0.486211078337899,0.36916380436465535,0.5132523181140587,0.23564093342485157,-0.27065385776113426,-2.3301098147374755,0.7020986781651287
0.16117368084156553,-1.3814469905572218,0.4654759618124321,0.24858920471139295,0.675666180789654,0.4081579886909567,-0.6159395304504158,-0.20711661426255606,0.7633646997456522,-0.21672195114607284,0.27232336229628085,-1.0123014391314014,-0.3304068762964994,1.3319423228973248,-0.2154990950270097,0.11868647745962473,1.8298243012258608,0.15557927097287133,-0.6683965266573424,-0.02059590327052372
1.3698874730791477,-0.48481419039108115,0.715275256723234,-0.07067018117187811,1.3552508304057953,0.7169959571531824,0.8270757256663903,-0.04110661735363467,-0.6527213700912456,0.3536536034255773,1.3314461734413983,1.2063361539200355,-1.5073489686761181,-0.4464159114695663,0.3338078792896542,-0.03813533869778397,-0.2340241357082364,-0.6001059172838853,0.18888483270821171,-0.3907018874510831
0.8095758292659098,-0.6798888335727494,0.3562159940508272,0.7295927166047151,0.7325760645549468,0.33858883438203,0.4465804901976819,0.06597694103825624,0.10601910130556218,-0.9890982836637424,-0.20547741497532443,-1.6421080027267496,0.33138714007087255,-0.00869260896042835,-0.5338330680838643,1.207829042835604,-0.5764744131074474,-1.0497799373462189,0.5780058067523139,0.8827043673465231
0.6434479116099191,1.609983754283159,1.8766331729325756,2.4454408930668476,0.34461619938337984,0.05272167067037049,1.5923078907627375,0.15796823527472265,0.7818403369337141,-0.5075965631326285,0.45321436796563963,0.9860106892726738,-3.0458729924973924,2.1782117326389643,0.33374076551355825,0.4852822094276814,0.4386475166162446,0.6902191084904415,1.073794572760159,-0.8659714609327701
-1.2974486894321027,-1.5927324059220194,-1.7266350973592548,1.1423426702285846,-1.332298410970443,-0.42942015331779365,-1.089634980518158,1.7070720868492721,-0.46889980913505674,0.0026703812670077105,-0.7553257584378029,-1.9777194995707303,2.000913652090139,0.19836449914890436,0.19860205887099097,0.1457897654526036,0.27975822914594106,1.465958598592,-1.810167279995882,0.014399458845098322
0.36734372415456235,1.4380926173291366,-1.790458277289085,0.8518781498526508,-1.762772836806772,0.5856179493585599,0.9142560709595333,0.7833660166903412,-1.2303097308330353,1.0637172998825257,0.07921386064428233,0.019149761383472783,0.1754522287356603,1.491859040144655,0.02226998029107455,0.23203709833123126,-0.46731527271592765,0.5339558996232927,-0.22468186852227365,-1.7587840306637592
0.6811708325622908,2.381412504069183,0.798949701652721,0.6705539518917106,-0.4044884874001679,-0.5661718774581711,0.09422395310533356,0.03773043795093047,-1.2125284383206927,-0.5458902599575146,-0.03741045393828872,-0.842567053425202,-1.3839212161990073,0.746223808226773,0.14914953940134915,-0.41203549999138833,-1.1823366233847548,-0.6283115791525667,0.30579677945273864,-0.030996112115061578
-1.6522006812290595,0.010213455679874207,-2.5774328483039097,0.016183387075611417,-2.176273867303236,-1.7015925097240971,-1.4608028707546419,1.1692261253452183,1.2901981303586985,-0.5345937459841479,1.5235886981178082,-0.7146995509944933,1.6078713222233427,2.866535894779257,1.2663384243084401,-0.4233217657925629,1.5974709430271625,0.9740495513546443,-0.40064227265061253,-0.7580282228930787
-0.4443136191134079,1.421391155420367,-1.0007934908006038,0.14353800084374724,-0.32182441417851176,0.2212001854284671,-0.16146032918744005,-0.2837320316228238,-0.6768680961471165,0.046213673009370765,-0.35373406842194044,1.3099356275946203,-1.263508328160087,1.0678630790254098,0.9425708544405157,0.3481359574184804,-0.9905253289899473,0.6519316685241748,-0.7959652357915789,-0.03482620004920116
-0.7346940862775113,0.2876439102068058,-1.0472489627347503,-0.6652411583074901,-2.3092709020026136,-1.9041865168884544,1.172968276956713,-0.2192577606172938,2.1129057887901945,-2.041264780920578,0.3634230991477048,0.00919133987343621,1.0997950634568987,-0.6449658350159891,0.3473048192889096,0.515722157424622,0.6335851554593589,0.17523032735595315,-1.1901396274558111,1.6341427031250801
-0.12089099464352686,-0.2662823903869256,0.10344891756997304,-0.35825667971449915,-0.19043745403311363,0.13515635012536648,0.858132516946338,0.5107312939073189,-1.9037305310999488,0.28303464006908535,0.11560763482005863,-0.4923900426734829,-0.07709161100062256,-1.2351354821539253,-1.5963839910556572,-1.3742387836272327,-1.2446157887389613,-0.9582027064782692,-1.0867545668807135,-0.017964391578288566
-1.723521962237054,1.1021874583335727,1.6363624569220547,1.9399930714343243,0.9299658647594425,-1.4544899029579048,-0.427647854247281,-0.4502106980470269,-1.2038636217441814,0.3702585450569008,0.9975627348258266,-1.4179645647095889,-0.06905496053480065,0.9249391554034067,-1.2083510553075794,-0.03765830495846877,0.7851489144951525,0.09582113673688823,0.5100269077719671,-1.5932330927581968
-0.6556599063301737,-0.03677451084845288,1.383181070624603,1.8085481419880716,0.807048646315567,-1.5920643010166242,-0.09355457786703968,-0.45702040738017685,1.0530807905956685,-1.9143958852503744,0.784994556679643,-0.9733087413431353,0.5460581954259048,0.04236821998325994,-0.2527082336516828,2.0442243757154013,2.270942124377257,-0.40943408761283856,0.7669810216099985,-0.4213434614989378
-1.1882751233756323,0.49890872883672205,1.0391560764340333,1.3455352746165583,0.18604622697642928,-0.9290073723141833,0.1374984800037743,-1.1941422468985639,0.3963794770858898,0.43851942809656624,-0.43200736283603064,-0.08753839275273191,-0.18545979863699497,0.29285242719858756,0.033633623691675336,-0.3972300069982644,1.0450030559350423,0.3939383435887635,0.7669393111866325,-1.2388712457386166
0.37696891783560443,0.616042968092638,1.5805259305625585,0.35588945835815905,0.319399740361723,-0.18100550518788727,-1.0438876574689053,0.6164511500211521,0.5385922478170223,-0.8221566578269645,0.48160078094340764,0.12019786788032387,0.8792371893795897,0.06123356574705969,-1.8117514775380448,0.05716752847337272,0.5125068765560014,-0.593850462103676,1.7873883993725452,-0.6895999955228928
0.02670577165932676,0.6850882069671765,-0.26241450139047523,0.6283290565027065,-0.9474162863761753,0.8427236935970304,0.23949332205002052,1.4702095822915942,0.5325473639525011,-0.26522475044522953,0.5904557040748136,-2.3125331477344,0.9312337534700829,0.11098223802946919,-0.9066666050020108,1.7649990704595901,-0.6082958283105965,-0.4138809693500348,-0.48203795272037914,0.3435070669351539
-2.165226225963761,-0.6633515472890552,-0.44219152616638857,0.5571188176890367,-0.7075887649391736,-2.2743136022136166,0.5480513628261419,-2.2596146185911254,-0.30804432673808163,0.911460213390726,-1.6666168845243086,1.0383975125684453,-0.33612147610138554,0.7131211157640406,-0.25093960143430366,-0.6397242585290325,0.09237104080659961,-1.037856478825882,-0.344705052591496,-0.7295400650806093
0.9703736728206672,-0.28911683762089463,-1.0003899944232346,-0.6020899958968132,0.028725541183917697,0.30233544128065004,1.2150708659740574,0.08563879383852105,-1.022130971559582,0.2761505419967768,-0.3646796494409158,0.5901157529934237,-1.8801595536300442,1.3489053231836072,0.6231224908246364,-0.8002875346403748,-0.025856518146116236,0.4191781393505178,-0.9879270395581118,-0.6066713233907863
-0.1551528874743019,0.9151432203378725,0.4074799680002592,0.4903288920067895,0.4225814804154073,-0.5001952425974098,-0.5541875851420913,0.44200095099464654,-2.1519771888589267,-1.373625416923244,1.129330984826526,-2.029903988742656,-0.10649442135696788,0.30189104122717086,0.12120841802947731,0.08880662352549638,-1.1862218605987322,-0.5066153240253266,0.7178167268295054,-0.8788129005568921
-1.3487107329619115,1.4326117042482485,-0.7523222568041105,-1.1992064541412555,-2.47206505395144,-2.3469088146556265,-0.7084212994053685,-1.372562586683459,0.031690042871603485,0.788886540757023,-1.6524863286699436,0.3757250890437392,1.7132828009423733,-0.9732432886925652,-0.28690377843414216,-0.550720812052605,-0.35253405183820136,0.23131148018327954,-0.004444486590257228,0.6954820657046201
1.7716345378885614,1.2752126047352428,0.395979939234614,0.9619778706274867,-0.3791317764551232,0.5930006567116899,-1.1907235564124576,-1.1405056205984307,-0.335471582325806,-0.1232207781715945,0.2883685639337602,-0.22625716196937865,-0.5803000226060214,0.16394099216134586,0.4873094897886431,-0.30933938568654196,-1.3435124990630591,-0.8925076803873325,0.6848544247204913,0.19869735003911637
-0.7655544401837415,0.9114725082778268,0.19499084385903645,-0.1178754860305785,-0.817696177156004,-0.8420392447943619,0.7043317530436827,-1.1231302885803425,0.9905656036123583,-0.03307316427375948,-0.4801229385773825,0.7641067235875897,0.7902141748032687,-1.3298831999710272,-0.5753306699540386,-1.0020169110516213,0.31762080074815296,-0.012159531200183463,-0.2193426869805813,0.27047059623590086
0.3072805576267988,1.0576432539872578,0.051547647594983086,1.976787573926134,0.2269762442869667,-0.7988821526205732,1.6964130701066982,0.37279370911240395,-1.0867026479698265,-1.5540831176744205,0.12166240119267518,-0.25062604790161913,-0.3721908242824848,0.45712936577707125,0.38040780816740133,-0.6102011119896492,0.9299123621627997,0.19358198963690113,0.24895322353197188,-0.3537627199659992
-0.050774683823020896,-1.4830725649600156,-0.42238376508522696,0.8091765322395448,1.0122257535043222,-0.029616579600623597,0.11892706348265626,-0.10076401337987358,-0.0841380604881721,0.30199900029660065,-1.346160679254104,-0.3542881797515655,0.7889465171220796,0.5093886086073779,-0.985516972120227,1.468739195443847,0.6734899240974556,-0.4588457390824102,-0.3014536621548776,-0.6263485151806407
0.7870458113337252,0.8685060588930162,0.9320926614966586,0.32069847965451026,1.387354868539306,1.8958655798484128,-0.4987898277423258,-0.9520798601425018,-1.5874351737596106,1.2981514279015338,0.4549033886095147,-0.10355614871845634,-1.7095282031818972,-0.9350984266429803,2.555377006944095,0.7675356302078701,0.01004626439441376,-0.7616995727689571,0.9088627664893543,-1.0654386015735002
-0.634337963518326,-0.8943686398427528,-0.1400286394846778,0.33294258989657116,-0.09193750690659977,-1.004289721620474,-1.1555504994180852,-0.5764142898359043,-0.5535222043189345,-0.8695070782100256,0.6117172100317201,-1.6998388004614347,1.9614165685077778,-0.6985817756863698,-0.9037818098585021,-1.0374242332985268,-0.8265666193257252,-0.7538718528094134,0.10208651745363014,0.5123472615331589
1.1617362508379514,0.45486472898507296,-1.0571196770216638,0.8488039092649181,0.9822893232320816,2.393194891768163,-1.122779051576492,-0.3257022708035544,-1.182788342854096,-0.3415488123533037,0.06717548053939093,0.9736056253044262,0.5639832828662673,-1.3329115653899017,-0.6712432432107912,-0.2644991489396875,-1.5376892706396628,-1.0669570452026176,-0.9723528789922635,0.21870834270338144
2.186956471154349,0.40446150536482045,1.3295626584669573,-0.4217873293492605,1.149366224514376,1.8407375793003389,-2.165161114145997,-1.6634810213219144,-0.2734669504935237,0.3455344464978279,-0.6181523229828749,0.6606391693106086,0.11844502967434092,-2.055676381841587,0.5567196452067646,0.1993275146880065,-1.593036020798691,-2.33344439463732,2.250128923589154,0.6333511347160243
0.4360696046523889,1.700224642757191,0.41269510737876397,-0.5252089966182747,-0.7326435732042722,0.9579132256282893,-0.010891021736604457,0.2477685520278701,-0.0466361698757668,0.26453608024490277,-0.03314477070753712,0.8927533531304872,-1.3995543214188129,0.42925219570545026,0.0019875083051510522,0.9057367586906961,-1.7099990252716342,0.45022650169984296,0.31449103992913846,-0.28774101260681806
-0.05637046878846734,0.19699071817802785,-0.84011718794581,-0.20997754002489932,-0.4902126928846127,1.7411589768099904,-0.3979856133090974,0.0692488890675902,-0.4737217849325776,0.801510230344441,-1.2311453253582012,0.21062241083828404,0.09948799959919666,-1.5665733692723747,1.4156393641820573,-1.3407579917895418,-1.1019310385075416,0.30847724934785675,-1.230225596243962,0.7822055624060482
-0.6265371520897464,-0.1409638845726439,-1.0157624553685018,0.06821147883507325,-1.4728414588734646,-0.894235619605522,-0.9508310260126669,0.9828987967333686,-0.7503264446315481,0.770691669928338,1.8635160425551798,0.2518472549694054,0.03640047934518662,1.975122334493573,-0.24219169772512608,-0.3139789033197549,0.31236625380057176,0.9871028148236309,-0.41829313625201797,-0.6394176969104785
-0.2920631780128643,-1.0544147792232543,-0.9065655884885071,0.8380260214788603,0.01887104167698147,0.9276200747958672,0.13752249548089912,0.6765634633745993,1.013277301681143,-0.49717269056242336,1.0670374156619802,-0.12433778506506858,1.0947690596328876,0.15448264861049435,-1.5074183859054757,-0.8618821851618558,0.8081682004503887,1.2264117185277887,-1.6350655423534517,-0.29353863532383256
0.7099731497712616,-0.2358589063734039,-1.2537250179460757,-0.9751927424009428,0.22726264923950487,1.3480206296456163,-0.6497998735605274,-0.6267995508129384,-0.22909099947039158,0.5075320940295396,-0.9530909285851636,0.22688974945038953,0.35394986325860067,1.4864135908536744,-2.0996605544416918,-0.8319880532587607,-1.1904989552300027,-1.5379336759710458,-0.7032581318841743,-0.2813304184038874
-1.3089344173788173,-0.2818185846807699,0.286832736587017,-0.6236221255073106,0.3973944262799872,-0.48355803902497874,-0.9224248419466324,-0.8052894728758944,-0.1025101294989668,-0.28490901883100367,0.2849579661583537,1.4978319934817363,-0.6420571906407052,0.8642889661581703,-1.1803493052769947,-1.9650356657551984,-1.862332886566054,-0.648535485883132,0.5296027133801035,-0.5305612761946635
0.6141031414729935,-0.07842858522618178,-0.400880151565549,0.17608521610310854,-0.11186804714560548,0.16365103141298654,1.5521745545328702,0.5661847261342436,-0.9835930358934621,1.5086946661447787,-0.7819220745149175,0.14959069357277785,-1.0842794675294105,0.8318764627394659,0.17692445114506303,-1.118545009310247,-0.7808228505322554,-0.19385833201670674,0.22319824319875597,-0.4934806475883072
0.9391759420476068,0.3994291661598059,0.8121891929274551,0.36451918221690116,-0.36246463830168796,-1.2969213412721279,0.04402156419487726,0.8843520236107071,-2.020886861614806,0.9665741312488259,-0.588647285118758,-0.5609892573706138,-0.9272160231554409,-0.5659898022985491,1.3698296913627221,-0.3472493684550251,-0.5881990654219128,0.8320510761162553,0.19345530461120564,0.4010061786704295
-0.4777538180226898,-0.5764885853130822,-0.35766330763475596,1.0995144256815146,0.21469133060567946,-1.1640635416469862,-0.042425682905470066,-0.21142865624074553,-1.229253130016556,0.620098294201501,-0.5363874305232302,0.5440257429505344,0.4122556366368566,0.22503980726414033,0.5738254926354505,-2.144389109734373,1.3031876349661915,0.33689756400643445,0.6595061748623245,-0.9325683346625245
0.17667020770426214,0.49507605046519526,1.0492968655441852,-0.48445655295257517,-0.9941100719849474,-0.6740042779400429,1.1487672115582443,-0.11855303692090291,0.0478369534833241,1.1295012374021347,0.219051236945961,0.0419043385340486,-0.4776065524916184,-0.4756783721006658,-1.5302381045758218,0.007917793270208065,0.04077594731310329,0.9450065319985343,-0.7352447701150077,0.19954089522490281
-0.8348687181022056,0.3650044684744477,-0.3831657179344291,0.9117782962141703,0.4630020906339686,0.19212798773168258,0.8536938655932601,0.6162834251406744,-0.6162767514225926,0.7563074419166649,2.0303817393596595,1.1857830331300507,-0.11168716067459084,1.2929285983950762,0.3438157859862295,-1.70909563853705,2.9028573095373043,0.962203442296974,0.32948941244868984,-2.622953722475669
-1.4347224541591965,0.5075257060867091,1.74197354774291,-1.2981225779593712,-0.6737471478481204,-0.9510832557550598,-1.901543694576464,-1.1660372862733295,0.14990726116480535,1.1203220581405655,0.2407704577296435,-0.23073407206291993,-0.0924449236641586,0.5454760705247709,-1.8549818447290183,1.1497132800926406,-0.5765535279161685,0.15957490370962604,1.2308405258377317,-1.395720765779229
0.028342520363874128,0.17799253621628813,1.1149114341228406,0.06047784644713666,-0.5577384686385221,0.30575698108635896,0.8841443454107313,0.6540988802213412,0.23402425985183672,-0.353358076814126,0.319749326545072,0.6444623191242552,-1.2529021172404018,-0.35832275168572564,-0.5632243927573446,0.7023914801317107,-0.042517613307625185,1.72878463247018,-1.0927317832571646,1.2234626739849817
-0.3413325567936474,-0.2009865305120728,1.6398863967637387,1.3445062896921967,1.513998896463865,-0.19478763014587577,1.0021404412315793,-1.8151646162481272,1.1101341513895735,0.026218731892237643,-1.3485457362381086,-0.30915516798151216,0.6552151629080012,-2.1047087363435,-0.5520936774503166,-0.28836200654286454,0.42462900112835605,-0.8562586762496159,0.41304777958459077,0.9193113307068405
0.21801514722810106,-0.1491575961837227,0.3905686427575775,-0.8917286712466258,0.7132317343827681,-0.16831341751350903,0.42413939409333273,-0.7310050591509047,-0.7400723447615214,0.21997354980735623,-0.2345388512939371,-0.7017426770447914,-0.4535678356844332,-0.31716306106841424,-1.1251344128270904,-0.6114327526810144,-1.027735581727547,-0.636026977114705,-0.3705627087233418,0.3525098867037737
-0.5754639354732106,-0.6426123433765107,-0.29783345109508325,-0.6346314395814387,-0.08261804523057727,-0.3907221894798473,-0.1890666877324878,-0.8139571249594924,0.8230255840857458,0.6511988272262987,0.11899763348542822,0.454052535094122,-0.23204263020869412,0.18178816122574393,0.12727405046393553,3.379443179867549,-0.4068596628758156,0.7411382942693983,-1.0698278059999262,-0.38385192678947594
-0.1277252460477005,1.0400694430609523,0.4625279372754505,0.8706579571173482,-0.38393877817896976,-1.3174408365841188,1.013599103976895,-0.054424980976944724,-0.11532574403498777,-0.12271634283427586,-0.0019124820436213293,0.8847400710032389,0.029992038688921106,-0.77892602019948,0.3991930032775828,1.4229786980670749,-0.047208909434451204,-0.9556241757944953,1.02363911990452,-0.18449754032034069
-0.7125350190577097,-0.0220718438061003,0.2448601115285337,0.5505951329493357,0.46399594799374105,-0.9436894529503178,0.9126557866002807,0.034854384359073176,-0.9186266512720722,-0.09318005267262716,0.7045282904933267,0.6311855467421515,-0.6911183826428304,0.569786473906579,0.9524230657157279,-1.0608161123712372,1.051083577293277,0.2868493223633144,0.8520536296465294,-0.2553441821093151
2.7787576053646403,2.4101519235258655,0.5369698338151065,-1.6695121023733506,-0.16251713261846829,1.4076992167087106,-0.838621919523925,-1.852319720522838,0.8694701171030137,-1.1914059207676508,0.07331101697771109,1.6667813716848099,-0.9126685689197938,-0.7004491312135586,0.8169506644820398,-1.1295160647705023,-1.4709850111595606,-1.2364653349169599,1.5351784874751466,1.9361812400856377
-1.0834304457398036,0.49634458890904826,-0.9592722264217656,-0.08902921984720992,-1.1911518214442527,-0.8059423673471701,-0.6022985026921535,1.3090238025624747,0.056371033736965025,0.1430037049529436,1.824071795696493,0.606575245095824,0.8606810304970699,1.244755513106655,-1.1501944299939142,0.9782746787444017,1.5647828062696543,1.5122419092660575,-0.9445570623264306,-1.0507123447733056
0.4133209032921796,0.5603757156230063,1.2367186513497732,-0.05366494013792213,0.6969291441596582,-0.29275082817752096,-0.43289602142071704,-0.6926538506757474,-2.0831929525078414,1.8921253868575623,-0.08325722828251184,0.4017936682813617,-1.4541092876588,0.26197562675352104,0.7337037860553328,-0.30280865075638735,0.0464172355128142,0.17275452429951527,1.2014192535404453,-1.4998610648497883
0.6179884102631438,0.9117772854175387,-0.623328117080406,-0.3243077639644252,-0.60869883567023,-0.12360083983492741,0.4290059584709308,1.7794605458681694,-0.11460055623947261,-1.4429047732703522,1.0264639259008548,-1.2296609263646812,0.286961208843752,0.7432260212360555,-0.24450384422695118,-0.017667879677312107,-0.2566368615015285,-0.6455514650920143,-0.04810105726166513,0.24317811774969125
0.5685163002992416,-1.6143386874999577,1.0695529557284502,-0.7892425388820642,1.6964014764982018,-0.2971538208182323,-0.5766275852968133,0.9683933241308049,-0.7007835220834748,1.6076721272410115,-0.7078711556681782,0.09424081453487164,-1.440619460768001,1.5334468863813613,-0.8320343763088558,0.0362615536926417,0.6920778843690623,-0.027069026502384123,0.3666804795073186,-0.8901060725612958
-0.5746669898549228,-0.2446579028433187,0.812288966339382,0.9652403809689002,1.0573228239576502,-0.274899642293565,1.4372989962476492,0.7243454059459083,-0.8717157664239511,-0.21932546907107126,0.40921279727410037,0.8343982148851399,-1.3314666992245516,0.6995686288145972,0.8965381820558371,0.3160872564275956,1.564552933102732,0.9643383494704444,1.0029191355396327,-0.9518753809181107
0.11086262372909865,-0.2622663064019875,0.7356314444378527,0.2010147273629908,1.7172434230474567,1.1260304700960806,1.270414075860388,0.7158179555960271,-0.6218336122802037,-0.10113554775403988,0.2724419276337936,1.694276166756871,-0.07880977304266452,-0.7795743171619703,-1.0215387062481243,-0.5808310307885621,0.9862751224922568,-0.1761575005929123,1.4719817535165192,-1.1568192318728385
-1.1001385307072071,-1.062814864597142,-0.4591217197092701,-0.6086845101276755,-1.0856052201748094,-1.1632485962543342,0.2088307126296677,0.21879461449624973,0.16479493054462582,1.354786652764599,0.7927579491637734,-0.4655390757116926,0.4747224329546473,0.3116995278221026,1.2566964184474947,0.39215087982068414,1.308598950327728,0.6521827899562193,0.41628450839986786,-0.8188726245602317
0.8051107301238427,-0.787516367501871,1.333430555030629,-0.5077046726662747,0.4125726007908849,-0.011985852370161228,2.2919087743063886,-0.5812727550397926,-1.4100518464366198,2.709831549624309,0.43598571972610695,-0.46588971178759747,-1.930664116618002,-1.2755405920120026,1.6537391860967356,1.4254927774940593,0.7192316109343058,0.26128979321962753,0.28865460415290256,-0.8129096114408495
-0.3206279702496372,-0.2722750085861712,0.7067844083912617,-0.5658835572469005,0.32368302462109244,0.10463371786853573,0.357330411603309,-2.3422891272783146,-0.29556513989974414,0.8778678482460918,-1.1186550718646455,0.8901745273481774,-0.3163165832428844,-0.7031183398215229,-0.49308130866141203,0.6210938930501144,-0.27617656160057524,-1.1982265972222017,0.9051116672708751,-0.9489105414929301
-0.3198478565085619,-1.4407538960203006,-0.25670942312242945,0.6420529704880141,0.17186402473018494,-0.44675313075642376,-0.2664101685425932,1.3095599643901454,-0.003587085254981161,-0.23653116365641394,1.362382520039292,-0.5661693648388706,-0.12311468417160543,1.4271928350069292,0.9081203928364562,0.5390261719226997,1.0590618659668574,-0.03701080001820103,0.6304228165843865,-0.3727826386966959
-0.5222345857801006,1.0235027814585236,-2.250025302798577,-0.31625266271520924,-3.0338011424378837,-0.8386540275293842,0.5141776813035738,1.8307785655285187,-2.157403729795775,0.6778026213980957,2.4502448024288266,-0.8485579362926167,-0.5391214119652155,2.5919284409253582,0.10021633219433533,-2.3170880960008753,0.5095295172522766,2.3767266665960567,-2.1762971427267614,-1.3305122836836445
-0.7656422100185246,0.11602074463521116,0.7538281113394218,1.1238736617230616,0.3649000795371845,0.23475731063086222,0.7341602999949921,1.4599008765873427,0.6244549257151834,0.41007852429767394,-0.8407906306737585,-2.101616685677545,-0.291943884113806,1.2914390705792078,-0.4542093023668322,2.65293321947738,1.4211269318186006,0.9931208379832788,0.2581312552939014,-0.8917571226115605
-1.1264431566629538,-0.28508486023739527,-0.6578779535383322,-1.3827602615207497,0.11527396893590247,-1.3637322371671905,0.8564628220651643,-1.8184671612368775,-0.5709960324432369,-0.3479476709290973,-2.5743536280755093,0.6239278415647899,0.14723194782472893,-0.8395156380750994,0.2046841596517124,0.47102604967825706,-1.1874831519990114,-1.8749775386776253,0.5616959221306445,0.032729126863310316
1.8079934127385753,0.16889685032657703,-0.8099627309554253,-0.17938596488420766,0.48945868517958774,0.6424748038604144,-0.957353649916364,1.607090046724303,0.17404473934867729,-0.771024432000876,2.3085704568629577,0.6858683418690221,0.4618352283880553,0.8073639169290866,-0.29342914620401855,1.5127038330594753,0.4474967409566612,-0.15934091635647665,-0.036771281949490794,-0.20121788305203897
0.40084065162610266,0.2663250221644075,0.5064331834065229,0.29747080276469584,-0.5528418414725221,0.2182721517159933,0.387777792963841,-0.8446946853086942,0.06528806718124641,1.7314623891509286,-2.5057804398176695,0.659652842413383,-0.22711446256484566,-0.7791433031794168,-0.10997689452654129,0.8596364146551485,0.6601599376148531,0.7202324072038769,-0.20006047883642583,0.3695247407519897
-0.6179214624143637,-1.846482682977465,0.19654458199586897,1.1689181378162425,-0.03248414111251033,-1.1233606840960702,0.4769367126626338,-0.15074686153089897,1.5694110414478675,-1.7125785520495846,0.06756557551976992,0.2363864169692731,0.1239127734340981,-0.23123001031591153,0.5119343700101084,-0.6376872884562685,0.34685324810331497,1.5777283599406857,-1.1333257098438516,1.7274097947385836
0.46760494278365167,1.3651043889349048,0.730161170531629,0.6362605029939842,0.8204350216671591,0.5729716906457755,0.5974346845722855,0.5487975062760783,-0.06566788124066648,-0.5237343833097791,1.2871077346320583,-0.3551350695847908,0.41615724746873756,-0.2739551997847755,-0.8406274479050976,1.8624375421779764,0.2380039752336459,-0.3243800559510385,0.9926090160168286,-1.0192787461928883
0.7752615560718851,-0.6448797794167259,-0.6048858081398387,-2.796144180828878,-0.5176919069059365,0.8256640282992187,2.2297350471222566,2.2632127631556496,1.6165143189874063,0.3423633244355991,1.312168482139594,-1.1358092238026278,1.4660471188095587,-0.2463916880621973,-2.0404972928830043,1.529696668145867,-1.3504826445387759,0.9041389704125777,1.1967613815481328,0.4785959304042457
1.8132463898824756,-0.8781262019020897,0.055426765495976874,1.641751057007372,0.8930835319779223,-0.31211297058111515,-0.6995425363163408,0.29071443141386605,0.4943464046874315,-1.3337657984578444,-0.21955001576020053,1.0794279468673462,-0.10060672389018203,0.8583883783065962,0.16415761249134214,-1.2100595369316383,-1.1381829486453703,-1.1935026985222,1.2344236213584854,0.8523844725708066
1.600158573375376,-0.1711835766999741,-0.05841717371106582,0.4141196953899051,0.17030168066519735,0.4074839103890574,1.252855452527188,1.250385281314201,-0.5967574785816817,-1.9345951942409407,0.23607629887355058,-0.9035200578259944,-1.4858558643271702,0.6506035262169323,0.8401127050908156,-0.7438105784150187,-0.5840460845537715,0.9091748645771758,-0.9845933516812537,1.915207696775578
0.601978076625301,0.37992605293468495,1.5483056158771489,0.9623424804699673,0.35406339959930727,1.1682559398920025,0.7739929464412181,0.23285956887835713,0.6388355518129293,0.9277773863845671,-0.8308207957435977,-0.9638694393814637,-1.49568112973144,0.8555146266106247,-0.4492343163556927,0.5882016804848326,-0.16218204221485044,0.12222339783444887,0.28467041370629287,0.5916464572858912
-1.1173175960736443,1.2190332725889874,-0.4302466678325491,-1.1062866860592437,-2.2501866111705895,-1.0590262747051198,1.1721779947798243,-0.25990245592310324,0.4746539555908383,1.2000733563904875,0.6180566417228305,0.21645640865351484,-1.2878136632202737,1.6876350696258822,0.8158620144058213,0.4502822202716929,-0.22102734629080845,0.9297992016897603,0.18704296163327086,-1.0442733088732805
0.6802419016273494,0.032158245851196414,0.4251237331471293,-0.3278130633750473,0.17900218219649602,0.45856212439262634,0.8154339296081587,-0.7807690973836451,1.6846896299139833,-0.24937748308695598,-0.910166804272003,0.2904774288610983,1.6651434528421565,-1.4034364337912437,-1.2327025810933143,0.6805120931551722,0.3759748669465689,-1.2006569840715002,1.5503429587894728,0.17468727529650976
0.2830980078273578,0.7423892476590525,-1.5212192319044122,-0.5381042289728953,-1.6884292931219667,-0.0955349621221774,1.007255202378816,-0.17489645084256503,0.14944713015920127,0.49758002131178625,-0.18212480065973716,-1.8650962422794035,0.11803760178876789,0.044581525134131404,1.3434918025977112,1.0336796360383362,-1.589466270499806,-0.318692842671191,-0.9815535848127634,1.1404692065682824
-1.0877754293103041,0.09282070744885565,0.12304273071647497,0.6747524648341033,0.24434557839651874,-0.20558537933951962,-0.6437089022740612,-0.15285698312417884,1.127553830059503,-1.6972890186685925,-0.3100098549825406,0.8289133242178328,1.013837907985263,-0.2990653708600067,-0.36227416389714,0.4132301759086635,0.712486579086398,-0.21351029858501397,0.34661193898757614,-0.0316328311969576
-0.6929133095106526,-0.713151835767979,-0.5613346529179302,1.0224189494911247,-0.5852244839785382,-0.36136200402472973,-1.1371510973059034,0.1257143457222281,1.413749339784766,-0.5126631056932974,0.2813300071893116,1.4769182082737315,0.5181174274550081,0.036284162455173255,0.6841110093402208,-0.0018981209088439173,0.8154529341339893,1.056268562057117,-1.0000089279533975,0.9386555516144253
1.4807455463459867,0.5409515846132509,0.743164740844491,-0.8947298033277005,-0.21272490449312947,1.1166785064400178,2.498411297770941,0.5286545596109323,-0.7649750416379109,0.9931456747134408,0.2775560159402283,0.23010742718522598,-2.701784087837207,-0.5895514100340195,0.6358102369407073,-1.4820063811124629,-1.290390674962371,0.32953722458274604,-0.44435529716565353,1.025154540450479
-0.3521130943589181,0.22980951518824846,-1.2596996981689843,1.1812228386025458,0.2975519385608818,0.4793987808465631,0.043926801074405226,-1.600463804023478,-0.8814790777725136,0.6253498303035001,-0.47468476208706994,2.179277798354174,1.0350643871272955,-0.18117554793234997,-0.28902594773071677,-0.9407136070647163,0.32539727684730935,-1.3986334055495464,0.7708036105118448,-1.5045459358543858
1.890999890159685,0.8212134417956359,1.7112509592260017,-0.4284913712142772,0.9944860954229279,1.7747758827255835,0.815368541609791,-2.0520748342631117,1.7838272124609278,-1.8870275510112018,-0.6754173191010062,-0.1292650749815941,-0.5227042069266564,-1.9666586588892419,-0.25566164474497044,0.5143306378905793,-1.243536184366559,-1.874201626972289,0.8583535074620134,2.613473147141988
-0.8710773302832032,0.7361415213965048,-2.1365822387808047,0.3847564221447983,-0.788971282312684,0.5546383233305918,0.23708627979517397,-0.8744531013160328,-0.6522719608051551,-0.5173148426590837,-2.3760859788525504,-0.8271362152934073,-0.4431326769389419,-0.612508210123751,3.0081058338056925,-1.1095415470486274,-1.6181762792036773,-1.0390868333099688,-1.5087081932377753,0.7208179566391846
-2.034768415974441,-1.0115556365881375,0.8249895168530355,0.48850937896135965,0.7056327969004936,-2.0275353401857346,-0.2510976928593382,0.33402238251870703,-0.09413055354752786,0.5132879847039751,-0.6658914958168605,-0.840695272507652,0.32733739306907106,0.07367071130260414,-0.11742362235136913,0.23158265704382264,1.0006415666285318,1.0898152756572812,-0.1090044814198056,-1.104657903363942
0.11359764725539029,-1.4291678952047875,0.3747509258366801,0.589699632611043,1.5812585834161037,0.4096437947567115,0.28542416196962495,-0.0932252886809648,1.0279737761782104,-1.2614194389275462,0.11260773140630126,0.9191520626974444,0.23774917938730675,-0.37189236481577476,-1.3131043430147948,0.8607896963741977,-0.39020714016957997,-1.0129063089143442,0.11386990915827609,0.5904397143568992
-1.2709868651662688,-0.030558751591669583,0.5009616118924459,1.31979246692218,-0.7562414293503011,-0.9454509976682508,1.2287040333098336,-1.1205927146847117,-0.7498416269295078,1.1749985264870808,-0.056146425391638125,-0.7545005618586716,-2.158455003801228,1.6049108729216643,1.4741488858895104,-1.1407002892518658,1.4438571717720339,1.3785151957622608,-0.8640333292841008,-1.203849742862377
0.383005788398761,-1.2488291414845045,-0.29218437464613745,-0.46346295484045796,-0.23258434228600394,0.7608413207680448,0.37368871242500856,-0.9472958096188724,0.2940878844260045,1.2535527412206762,-0.004699901003461214,0.8894230119783298,-1.3783578485227612,0.6368691965793987,1.6851418397952462,0.3007229110923613,0.7357228478301443,1.881100405809505,-0.7220185706904468,0.3193628888529095
0.3143063622385363,1.402011459380018,0.2564121587940577,-0.21906366680514053,-1.1892925697153593,-0.5660161283147808,0.13087824750226357,1.7539984170462766,-0.19490652861316202,1.3654602566653191,1.0850498584562358,-0.8783312113416402,-0.29594080193702943,1.9705882471671778,-1.2489747248501497,-0.2805453897799437,1.4458424908871756,2.280836320857637,-0.3022338635478092,-1.1518212018953182
-0.34313119913369194,-1.2843208028400475,-0.5760833133385657,-1.3479638690982823,-0.49982854613501115,-0.35874126293440656,-0.2629095629396383,-0.18926660586089647,1.85423185217987,0.6768647285798217,-0.6162176183288992,0.3405342284068102,0.7978242301371771,-0.44086486682992887,1.2411628736084737,-0.28654382516078875,1.3356461401814566,1.0963248502559608,-0.4365321933194033,0.8914739110677399
-0.9239453222864393,0.9011450024018297,-0.7429447537601279,-1.8427876498262052,-0.7453779774453345,-1.8431140676309314,0.10061223449174785,-0.49052095871792145,-1.3970616164161547,0.708704176957276,-0.401943752557996,0.20005869480585747,-0.05110526165950843,-0.14514616728563629,0.7150387592793925,-0.07937229153210813,0.5009014605060225,0.3956729459732925,-0.31823409892161825,-0.03279994862118444
0.5514341237575194,-1.005042512423071,0.5499356580210082,0.35971211156446387,-0.31387773644389183,0.6353884917210467,0.16978585570061172,-1.1205860075470055,0.7338606979908505,-1.150542149673197,-3.2098494649827467,-1.472562688538792,0.09009662450797383,-0.8615933318784206,-1.3494493727910883,-0.9284628186500067,-2.2470131843681704,-1.068161409576025,-0.6365071122788589,2.6404798964955583
-0.40865703548896043,2.0485658195896934,0.21328117895974363,0.5960795636824263,-2.333374699179863,-0.3295780201745782,0.11247502253540438,1.2853297204572731,0.14531725127571518,0.42243318281923925,1.3740081974025613,-0.7641640385576213,0.836812676303804,0.3418729627045836,-1.3636069494196061,1.377961306877685,0.7771676441439328,2.4651045059979673,-0.5736805804210777,-0.9558088177042654
0.10818266215931616,-0.29466212618787657,1.2048240170990177,-1.3577331663197914,1.1296944632023518,0.3003746649383955,1.11200808619159,-0.36158329972579006,0.9657384896436337,-0.5565865501995587,1.472839858669574,-0.20509074733597718,-1.6247886749077203,0.15421236134930152,0.688203141199462,0.04661710144214834,0.5097815539324865,0.03449472572928532,0.41167063378421304,0.8544035874256029
-0.9589064685855303,-0.27170967738985835,-0.7978783856715477,-0.1688229127491071,-0.28670843239161664,-0.02283308227369029,0.19072680412032547,1.334615684569751,-0.18061873688701907,-0.7164531291863376,1.9596630902633128,0.4974817500512828,0.12152133343515398,1.887774198587856,-1.3097822041583156,0.8881935963066067,1.538556157197861,1.6870234294388828,-0.8282507000260492,-1.3335970260577652
-0.6549963267685311,0.6457092940455902,-1.1037482084315178,1.7626327235318142,-0.8063118837349967,-0.6576242504400326,0.8866324350936662,1.48610311661977,-0.9157555042440445,0.42221090632989955,0.9859839521847266,-2.0961020617190913,1.6096203669007734,0.4623866445742667,1.0676728708302767,-1.3771892563250125,1.491440321117251,1.4374948789838615,0.49554288704559174,-0.6378964976657737
-0.943013401898165,-0.9838986288166403,2.472360722193046,0.4317763046479638,1.266022206818143,-0.10517451350078634,0.5969707348504762,-0.9421745711376804,0.9238849858241615,-1.0550010228222804,-0.2089380133449747,-0.16907018824910383,-0.854515444850828,-1.6778906821923643,-0.4557732540246073,-0.14690685009938423,-0.1736364660863235,0.16749070812690878,0.38966237065680503,0.8024599190228551
0.28037482700142363,-1.887751983873599,0.6520240129960619,0.41406566794731997,1.452082210433334,-0.9499818604578417,0.9172685026679698,-1.5768311645478799,0.14190528513540165,-0.47146497705568463,-0.24908451170380275,0.7336815710479937,-0.8142025434441377,-0.917253125031826,1.1472694877972978,0.9866628038961,0.05290095198499711,-0.6761074931165727,0.1900122428403502,0.8552138820767754
0.6458047211151781,-0.5233073081342915,-0.6530661040504074,-0.8469808328073652,-0.3095525153213356,1.6257603305229869,0.3678405297211695,1.1208241510250172,1.6394305888392107,-0.8650157121308159,1.310179663415204,0.7668306785348663,0.001451756254745163,-1.2943280906872716,1.2086990727626963,1.3267395908688404,-0.09678759424425322,0.5576549895114222,-1.1489161790909062,1.701597198757115
-0.4043167327525071,-0.04664191230002777,0.9927688413162672,0.5045299828953627,0.2575415700045058,-2.5763089483968407,0.38363309062453493,-1.7180956118900543,0.6299642184065254,0.024454307020612746,0.19088984240494536,0.5551280102104841,-0.5188184825055268,0.654245184186865,0.9447899660819143,1.1953300035068266,0.12377539660788857,-0.8104466094024155,1.6004911818933996,-0.987816614389072
-0.2540170217008147,0.1842176757629535,-1.5802852578050417,2.075907161147631,-0.866101307763408,0.3756750673338304,0.04913975270321871,1.4947053243763075,0.869456237780991,-1.4941983056823223,-0.8375669116180665,-1.5513748709795163,1.957150979575373,1.270460584074734,-2.311026253238847,1.4339636148806856,-0.7134898587230748,0.14955038086128744,-1.1765930120815022,0.44842049111999993
-0.19615114849964926,0.009688673829829502,0.23013765280304524,-0.617302631308196,0.9567763199391541,0.03444535473550639,-1.6007047976742044,-1.4955974063165824,0.2832108391755654,2.1001149391336607,-1.164220461794798,0.5786496399435698,0.8586418280246865,-0.6078576677796763,-0.721139112977932,0.34442248982372925,-0.2654347421492666,-0.13499734639157684,0.1019314890163888,-0.547875717542985
-0.34459294348997666,-0.26877882938739633,-1.1478161808310436,-0.6402608557438034,-1.5456690615426718,-0.6769391303953172,0.5539854963143072,0.7278176638785848,0.927199987687261,0.06282398253749102,0.8173458042226377,-1.6183361572403525,1.2976261598467806,-0.03754768462385836,0.5022011054050614,0.011575414884426568,1.0221196517206674,0.9407793907984507,-1.0657355578685908,0.7448833238046263
1.8478822690827978,0.7110952294406635,0.36436687283098534,0.4370380354027106,-1.1631594865620378,1.0659210328772761,-0.6766817977536859,1.6516196512520964,0.49214933818926654,-0.059012461798157646,2.069483614901804,-0.16079138345166707,0.9097160448882636,-1.6467651308228974,-0.29406635599833425,0.08706104636439235,-0.1510064456661065,1.0955262254686597,-0.9987801953089903,0.6683579589381594
-0.986642258942466,-0.12977102118789843,-0.8862781226042518,-2.188545985124575,0.5787846042897813,0.6805446570757017,-2.888026092436163,-0.5718168619998514,-1.2700748451351616,2.845922905158577,-1.4154818786906442,-0.21137185390013638,0.5125014469057693,-0.30736673415315596,1.7460980176936693,0.18703548100307155,0.2969251104773059,-0.890981581312967,0.3185780911298517,-1.1596098155407735
-0.0837157342379051,-0.9144259026672195,-0.741593852234216,0.15552346711650752,0.24880811745227158,-0.025001539552852226,0.28841182247674507,1.1676463297466526,1.034650140171568,0.6167610671323432,-1.0821557872843497,-1.2553608356583468,0.343109693504312,1.1681789387181134,1.1079683000045542,0.9992105671967001,1.034578766511873,-0.14761197061106557,0.22268350953367913,-0.046349487787829866
1.307009682865425,0.1366703925670277,0.36050543811059493,0.7628400581580409,1.0265835235112821,1.4852897110317664,2.2041989452553397,2.0381704442528474,-0.31115767059565486,-0.3999005353857523,0.3400953678852107,0.718399079537553,0.3463017696996378,-0.9034524512145087,-2.3827802103910485,2.2976580673235705,0.6942937807326773,1.5704934082279687,-0.32957942968102644,-1.1680130079136175
0.11995309579390467,-2.3472851840425,-0.1686145076592873,-0.0704001092060805,0.6174151613573916,0.4181700947032673,-0.899639501497556,-0.3597910616731353,3.248033755193136,-0.5132965387728278,0.9514443143866659,-0.0734060132944636,-0.2453193030498857,1.303073154189097,1.4352553738960645,1.8931060704088585,0.670435126050783,0.8471967074952778,-0.5457063142635372,1.6570694370509018
0.4156565231732138,0.46994780336168035,0.7795314190624484,0.10284265644573341,-0.048790078459046586,-0.1382217427483273,-0.541139001680438,0.30179051561126297,0.2944598213282414,-0.9066648331332847,0.8336857033606868,1.2771529581195622,1.5227643027213544,-1.7653557206769077,-0.33111605848573294,-0.6470625866295421,-0.4175219789885802,-0.6885785286442335,2.386491546471925,0.060102095584195894
-0.6208079139512064,-0.9420320150003788,-0.856637868124219,-0.4800904756420007,1.10406454496965,-0.5791251442245265,-0.6188161360098684,1.3550760407434812,-2.004290083781992,1.6498346845687544,0.605074016749016,0.35383735860487175,1.5282076997775487,-0.26593358203059164,-1.4414576578790963,-0.03534488858609639,0.896545519963147,-0.6740564622652543,0.5349059823307521,-2.026770262825636
0.11731058308158131,-2.067236837551468,-0.1979399146734198,-1.9018658002461937,0.30283035163262106,0.6845107334376733,0.9468706629977817,1.4447819973408806,0.4257699092174724,-0.42012478596292796,0.4461959332421911,-1.6401828857134884,0.5053829198394811,-1.4819334118859502,0.19423821537897284,0.43101432608749934,0.08760008474807489,0.9963252551205409,-0.9526362574873722,1.595005955439032
1.011821940406307,0.2497352906122034,-0.12416363123825945,-0.08937278472090675,-0.8809407463115914,1.5510243553656462,1.7233431362463174,1.0956494291420924,-0.4441494668052658,-1.0090450210865807,0.23950248395485718,-0.26650894153713595,0.8904152522886153,-1.4170906285855869,-0.8253172350316595,-0.692849116895743,0.5115403549078245,0.7080937845358453,0.3081246380603759,1.0195213838804407
0.04111225418497277,0.119627681187342,-1.3906953363392718,-1.1626484822821304,-1.7205950670190515,-1.0399066285640686,0.30263152324004844,-0.4772995685734168,-0.3888310093881035,0.30820811039702484,0.1799349588061067,0.056944184998610155,0.3344022207947931,0.10512322758328518,-1.488073563967727,-0.57914736601243,-1.5944924949655996,-1.612281745587893,-1.4310631841312662,-0.15310030610258152
-0.6941288157345434,1.6489220634447253,-0.31856995720664016,-0.8254168122405151,-1.4895046643549315,0.12171806763815456,0.3097457242431275,-0.6777369059726474,-0.6987718900238399,2.1334236098742037,0.33684109888478475,0.2716249442086346,-0.5546125077228647,-0.6610663918578945,0.6087707530951434,0.22037206777532162,0.5683701511754193,1.9150897447787516,-1.9105305039352376,0.31037274642415535
-1.2760895909257213,0.18029860205272738,0.30407854804048,-1.0901262718235816,0.40151054293622923,-1.2505279514324426,-0.45147804068545755,-1.0695096865448213,-0.3534469263342854,0.7814458923337777,-1.1169327864622705,0.17611011707285681,-0.3218279915206859,1.107285584561211,-1.229455707175513,0.6101442281993896,-0.03828729253759819,-0.159048775942034,0.29547281060183445,-1.4482857013819903
-1.1216414611235341,1.100469732531776,0.5860747916560093,-1.859295508916111,-2.2462363051324434,-0.9237861783744518,0.12113888492557263,0.6823524114223836,1.1636998704530688,1.3486818505370972,1.3959162390239432,-0.4533305465863619,0.4479014058433497,-0.5818122312398584,-0.3738647898176174,-0.7197820221676768,0.6142878189502348,1.6640687156453486,-0.19072629103243544,0.7606154589724657
-1.63580402276054,-0.10079090614220103,-0.2562292290090696,0.5852093376319711,1.3051851170709212,0.2792910450943502,-0.9512404687143333,-0.9345192057238282,-0.5031198131833273,0.2494483860106249,0.7363604041613909,0.24150167813844609,0.13545478194086233,-0.12912408764232286,1.4077266223556486,-0.6203271695286794,0.30592534045591774,-2.273549351272273,1.4948065551061267,-1.8759318084885805
-0.5451080689704897,-0.11321878558593576,-0.7192407357110139,-0.2296909142573066,-0.9689105249545549,-0.6213371057154788,-0.0895761667085353,-0.39662743972452597,-0.25871278355562427,0.3120057507583679,-0.389772157959813,0.8407766833002913,-0.8358991848239401,0.1817140135490114,-0.22715884763232433,0.08066642263236166,-1.0235213030337764,0.24444478399235586,-2.281523968113537,0.3293089833802491
1.1482731437292832,-0.7625212934059589,-0.5156514287617215,-1.9683945021912652,-0.581935624793765,0.26312207888471617,1.7438295389481395,0.16723739375192878,1.3263140416442203,-0.2918851426125864,0.37871331020752397,0.9815085944037822,-0.4676103760719067,-0.6496548629401188,0.8925922417729055,-0.571829352895377,0.138135074764282,1.3355648562016862,-0.5246809119365347,1.8194756059638377
0.7341309414280008,-1.4647577369975153,-0.3099771171155104,0.14592070014046485,0.9303084324105627,2.6540492488654523,-0.42728528524833626,0.8850353823985654,-0.7595190714056655,0.5199339682464935,0.7379188303701407,-0.2537180613123861,0.20815584936692785,-0.37407091184627267,0.2264803941971217,-1.173041654003493,0.4069525003535184,0.047944266534652925,0.24566856733072429,-0.3667337451508969
0.5914822679297045,-1.9300236331380496,-0.25678887625869123,1.083858350358274,1.237969644891422,0.4939841962096306,1.3185764017213781,1.123882680964138,0.2476032125081557,-1.5462505228845336,-0.1859686754032758,-0.2479344614843428,0.30169794167650854,-0.20966259589939273,1.0013679852306065,-0.19746342425643856,0.22389682423943716,0.007792403954633723,0.6237790433698526,0.7400996622622824
1.4893027186844665,0.3929773619516087,0.3130635394557084,-0.6345564793599434,1.2204205349398254,1.4477654794803128,-1.0152740135228817,-1.7547872533395505,0.6484946730906951,-0.03611376425286137,-0.01357061947072971,1.0888823967586239,0.9048658860293488,-0.8018889126846828,-1.4896635298269867,-0.23552412426624017,-0.7834873246969654,-1.521868501830098,0.8692209999518496,0.4152304707680229
0.026236899426258276,0.5127553004525339,1.487903619636996,-1.473860897378278,-0.06986181510839448,-0.3345596723338465,0.19063131357071506,0.012641252981105975,0.25884216962303724,0.5398270752374079,-0.07444095614710101,-0.15583187824435074,-0.4047579941557214,-1.2851190193379807,-1.075958978732112,1.3125363951962639,-1.9734466163863207,-1.0683314985535874,1.3152052291994718,0.05738087290460147
-0.4991444738228845,0.6260440437773391,1.2409111258959258,0.2542654284394481,1.3454320700482394,-1.7440303924002845,1.1680798293858834,0.4836732542042491,2.014921465314212,-1.4537836424792896,-0.3131294086991332,0.97349965276538,1.6377857369239197,-1.0549891364303876,-0.9735660952868902,1.3663292883783171,1.112236814448545,-0.5440315874584605,2.948988312045638,-1.0613438353279325
-2.0560058622131163,-0.5483614502260483,-0.778561720485124,1.7303350253378251,-0.07501063286882952,0.19678679134328086,-0.22621406030340407,-1.252615321691269,-0.9619843641264074,1.1183882974026882,-2.0195399319793017,-1.6927451907332913,1.924367071598987,-0.6906650468690545,-1.7508680152177118,-0.280980820682156,-0.6491022126242746,-1.2125663348689901,-1.2697795953739976,-1.070278839220687
0.9780661920974102,0.9824213687357681,0.6929888278867297,-0.7439336578042219,-0.07825617983889012,0.12709100814634303,-1.4120586489274314,-0.8932913430055041,-0.6102445642460761,0.2790273120527385,-0.016266322094297743,0.4105626829382385,-0.6301502211969058,-0.2119697341476027,0.20771662091504964,0.9108016625462695,-1.6260405096182375,-1.1452102259472217,0.6447875616977753,0.6997578104806299
-1.3863016386830749,-0.8863062434047996,1.6719067305013149,0.620516244064354,0.02673794934702151,-2.606432128964722,1.3035637940705005,0.9670856285414662,2.7952923193099717,-0.0833961914838129,-0.5463175985415901,-2.083296720480279,0.5081783369533026,0.3853334844895438,0.7573340899096535,1.4450431418214782,2.256362768331469,0.4427226296682604,1.362200217564676,-0.24843343003518012
2.065435226101697,0.6695378798404861,-0.1907449050338733,-0.4798710187544746,-0.2107978958852118,1.351257238098595,-1.1589768758307188,-1.439506489259287,0.005033974516011793,-0.09642468890910576,0.47244669400040445,0.7875986896741604,-0.34037722028184664,0.41508179225782005,-0.6771089848487093,-0.062127691365672144,-1.9794518832808083,-1.2852328440594718,0.09666788895202909,1.252349467171947
-0.395185526634609,-0.2992765981519602,-1.907715315784427,0.40010050092498656,-1.0202960404256836,-0.5292917708993734,-0.6838716165970278,-0.33690019446834074,-1.2323982401464386,-0.2678347233692595,-0.504431538312955,0.04811326420284949,1.2660969713862122,0.053327789645768425,0.0794287258581719,0.7526469835397254,-0.6400504428293322,0.799150043303308,-1.303483468250055,-0.4838949613524143
0.7764863187156981,0.919724892480594,-0.5323068757585638,-2.481294198519163,-0.4624033591945979,0.24272528043390187,-0.7188379014951298,-0.8411455722501108,0.12438233889237806,1.436514084016605,0.6583162878054631,1.791492962187451,0.17822586835924273,0.3901220137556421,-1.0179656318043564,-0.5085856149277858,-1.3938648737902228,0.45675273868044014,0.17433202405117765,-0.09155437606686191
-0.3261882081816984,0.9918126504355851,0.21981501106541554,-0.4805916745140432,0.10779581549130524,-0.6623910624489009,-0.1866456089044416,0.9588185509764372,-0.9550570698377082,0.556613342051471,0.07331837092737226,-0.7983205522569754,-0.9900219294451127,1.21933792062976,0.6322627485251874,-0.14794595493573262,-0.21947289761405037,0.18935347868890096,0.2813792588466991,-1.283692268826356
-0.9683732833316013,-1.018436049694024,-0.5986454058234273,0.5868642153274878,-0.1778501268623477,-0.8826016343258286,0.5388015138186115,-0.3501165381081843,-0.7064143945313354,0.4625452037280052,0.1529542452390409,-0.7429866036126562,-0.2861551109769847,0.3926886073463718,0.10366160836308928,-0.6058154510602427,0.7763098544026005,0.38592999313727677,-1.806954323335153,-0.373039099572921
0.06419160824016915,-0.5263912486570045,-2.155087042380161,0.5891855553782639,-0.23141715028245496,0.9043628067656494,1.9389734487522146,0.5065933530255051,0.7904395808443874,-0.4134136110049088,-1.8265794382939213,-0.13853248553386274,1.057431417432446,0.19943808338310404,0.5324790611389009,1.2048107587320216,0.6491394780626106,0.0363042078155291,-0.39880057411564723,0.30809387890965106
0.5154064682048327,0.33468490806467643,0.3366311805131206,2.2105160822065777,1.0322903243135575,1.87854194758218,-0.9636065110818944,-0.32417949129252804,1.8669641639099996,-0.9012857828370413,-1.2548634271735906,-0.3585544817454841,0.416822350518829,-0.24527743666238253,0.5381170116504984,1.3825509165120995,0.2354220580113576,-1.9352718048431405,0.10854164728154314,0.8843027867017772
-0.8469931045394966,0.9445253976162749,-1.1169367186601336,0.7716026810375375,-0.93220091850013,-0.08660610963729225,-0.203590871840324,0.37093610316988646,0.17609165083743017,-0.18250661183081424,-0.4193110664689875,-0.6318849775996146,1.2549787142106315,-0.7122486411458953,-0.15975928144802126,-0.5858174127125292,-1.2655025554751897,-0.516459466088789,-0.7433960607626421,0.5856382324890747
-0.17777565450762917,-0.3979708668113252,-0.7828406190281629,0.21261736976759926,0.6859081077813396,0.796056200878836,0.8684171092968187,0.543072824827213,-0.5709987375410182,-1.3049788305134387,-1.841102566960543,-1.6080871506289036,0.3343235516856088,0.21909811203287236,-0.48195266629689654,0.42518884069833257,-0.3301592923339081,-0.26042745921573657,-0.38898772626888356,-0.07318871847866562
-1.4636575181843672,-1.0151398664544042,-0.01754671457540734,-0.6824216044889271,1.3131041302678192,0.019545990213154583,-1.101651227898035,0.11078929603792449,-1.2166070954617583,0.8917883668254415,0.33601109914381955,-0.5698730301888174,-0.1572838946575713,1.593504666956629,1.6411006482388237,-0.999075166430425,2.013830899707482,-0.3043209612430565,1.993795320876214,-1.7076263024436094
-0.512312850421721,0.6190779292951072,0.984255875186165,-2.1984368183874072,1.404607481160154,0.49493407712348314,0.10695056904814433,0.14568447032033316,-0.006358246951751048,0.6543395892928185,0.6715601254997924,0.28828669366465015,-1.7495436310703851,0.9607115249894553,0.019929954787900755,1.9495688902582748,1.0532214019726147,0.37795445635430125,0.5027238302800943,-1.3434560822515558
1.1189393083944157,-2.6049202885776506,0.8436868903990966,-0.06080541869021507,1.8640704264633694,1.4354829303018009,-0.8984912769058397,0.24137031935127523,1.427613737438924,-0.5050530248410399,0.061606322847801424,1.4474410876309678,-0.12169055975123605,-1.0448254469403506,0.32992341983441226,-0.45150627844145136,0.544986902856519,-0.31817232676867085,0.42634232120461263,1.3014133240795374
1.9854621589516943,0.9938947648155992,1.0607478538462876,-0.9882235931791139,0.34398280840392126,1.3009472114957572,1.382471633229311,0.14827087368209557,-0.23970951986439942,-1.1038243366314096,1.4573046784661352,1.5885726095029435,-0.9779914964492182,-0.9604854902411077,1.281238023378519,-0.4760450092752694,1.3946546739991308,1.310531819232537,1.9351151208150217,0.5262454893598688
-0.7871311561123824,0.523638255572243,-0.8814648154363954,0.8283589371735033,-1.2945334180120254,0.0832820383259128,0.05652707556206889,1.8799278802454544,-0.06187511940672143,-1.5129476644735056,0.26572648169508434,-1.5958905925908078,1.9651409553424932,0.0037710206802890845,-2.004877090066257,-0.24961564534555614,-0.43416953089867794,0.3349299796762528,-0.4929540090311158,-0.16613441220116915
0.6414054273301552,0.6626216823570994,-1.2275253985126913,0.1362437112902214,-0.6290702838540364,1.521887910571403,0.5486951252329391,-0.9554605899421561,0.3121525545636365,0.44656606482766037,-0.35848850893280665,0.8717663688650352,-1.05588327520679,0.9489489671611298,0.1305897202901104,-0.3744038838729023,0.10361905085708818,0.18330838393547078,-1.7292280495806445,0.1161257275517685
-0.9793824724381748,-2.3404233780387598,-2.1447083165605894,-0.573832981122491,-0.8535179481169439,-0.2731469041215185,-0.6320329665734383,0.6804048419042088,1.0220383758490277,-0.7277648951983714,0.7927119772476494,-0.606411365980695,1.1990971148130578,1.0687784484595175,0.3958144644653349,-0.7398458015940622,-0.1487334340353339,0.7002571422587309,-1.6032112308363902,0.5866126489779012
0.18788387662428352,-0.23994350224599,-1.2757025253048015,-0.5103381242118094,-0.3911405998873681,-0.48638503378320264,-0.814884070785088,-0.9942777781111642,-0.28538401347637965,0.7596386332732326,-0.6550391227879286,-0.00481289745013493,-0.20947520523329147,0.860942264178031,1.293001111687873,-0.4978571794079369,0.22436650017745083,0.09434947657199201,-0.8320178007254486,0.1521770473134121
-1.0729061152870594,0.8245485496274201,0.890135556441448,1.575965911477665,0.06111358987589689,0.054213801460039776,0.01383504734960544,-0.43343177734472127,1.347326442387532,-0.4518758220069948,-0.40762816141769603,-0.6114622137544541,-0.021214786422199258,-0.4379429365520533,0.6741204649466799,2.0082238073624374,0.1862635903159438,-0.10690579793000989,0.21150910756508057,0.1730828290273249
0.22578029990147955,-0.468006814830626,-0.28859796143044325,-0.2994777599832545,0.7411763461127376,-0.25711500025079653,-0.23325526609311176,1.0822589806288903,0.03872467615469573,-1.3142568606466594,0.15783137915229375,0.6506616903102925,-0.35310203257010575,1.0618449568996526,-0.9806872174980923,-0.81122859122048,-0.6661253272012438,0.08221301977880628,-0.3764918404364304,0.5079612399553993
-0.3763495910723796,0.9924856701485204,1.022445928535313,-0.087122235922799,-0.4054600328474302,-0.9173652122696132,-1.2201003782405657,-0.7799987713863292,0.14953731268068418,0.10448598920608937,-0.08841994182474269,0.0960802196423591,-0.1486210238400972,0.6753542620369841,-1.0185927995682946,0.6365923768597421,0.4223411116891348,0.613586993972726,0.24304227032426223,-0.25893961113280295
-1.3914179159305462,0.44772714156663396,-0.3258868392377274,-0.2568567622922483,-0.603705859833044,-1.3717644997715572,-0.004786469922793613,-0.5721134335451238,-1.3319819300950164,-0.5871693590147669,-2.6277705063104047,1.1463627022915115,-1.5427156740181567,0.6701109183546693,0.5993283643001031,-1.3772548909457596,-2.455376082313375,-1.3848894244254182,0.5338166982826658,0.23196044677336022
0.2933558518224581,0.2350215956791023,-1.3992200513110387,-1.4010310467031049,-0.8151955012387838,1.2155191048999074,-2.437607571585405,-0.9860085440914248,0.24791497435991142,-1.3340213157096807,-2.16008723884242,-1.8258652375306552,1.456621702240963,-0.7933821577446682,0.5196071268480519,-1.4350695165012197,-2.5156980957139976,-1.9511496711032303,-0.8171059707878678,2.0039146526038003
0.8325848348213729,-0.5105738111271173,0.8700276848708182,-0.4028209289124609,1.3648155603542145,0.9037571387666316,-1.2285348516799706,-1.0747074344366927,0.33231681908217003,-0.18428624810779937,-0.8638915215525051,-0.30349163252052863,-0.17198449972162302,-0.30481778382204167,0.3187449539784664,-0.5585698440036411,-0.412560638043999,-1.0638679609989101,1.0488291439795114,0.43829776759414135
-0.32654807547586856,-0.7955581931117972,0.1897034445285841,0.4283262564500347,-1.03192962717419,-1.0733310227931656,1.1682628556238872,-0.07289996168812259,-0.564190515638225,0.5661853980333961,-0.36856980276420037,-0.9203918028770081,-0.42537934123755955,-0.6538164494129302,-0.34731448381894064,-0.8240109627675547,-1.4131928740701527,0.8574807231137331,-1.1495578067463743,0.30945461242217065
1.1844511247729528,2.084746533461688,2.5488048449022296,-0.9323559608590474,1.5137892006450981,0.012331390082470762,-2.4594838869928393,0.5698412871256243,0.055124121469871834,0.1644384107623382,1.4445705202568802,0.7022650903106121,-0.13013495518624038,0.7479259703527665,-1.1018868565506732,-1.339261514387046,0.4876655223228293,-0.8398399666116336,3.5089627831307006,-0.7306533632218225
0.9820953964441369,0.45237931568625633,1.200632328021217,-1.0217506775907128,0.1752442027652271,0.6174105163766916,-0.8158948014876511,0.582451231825879,0.6822220101126535,0.5818676845833743,0.0028816628084434837,-0.21159361773160856,-0.20973341089709016,0.0701176888997318,-0.27990464774116913,0.8536652770913131,0.3905285673523353,0.3642698513807088,0.7962005436348663,0.15502534806408128
-0.8280708784224263,-1.3763719143610336,0.7482692601841348,0.8759752482618827,1.7739790810198879,-0.387997356171589,-1.390388402547193,-0.971933807759415,0.2209838931490147,-0.23700067951838535,-1.5472161722048265,0.404831509164368,0.1901122454394748,-1.744189984203547,1.7026007277591335,1.4292865506050838,0.6377485634322905,-1.4522825147510223,0.11303050686871108,-0.06917882680450006
-2.236442956950785,2.3930040848621505,-0.06543290618109597,-0.12566564462563257,-0.0731583600249591,-0.8385559564000703,0.8628980015948622,-0.14311603023266334,-1.6254461706045873,1.2116203712939004,-0.04895427871838976,2.586489172993975,-0.8933539662808494,0.8124216042088573,-1.0000833599423828,-0.9285135410863825,0.8666128940969731,0.6998913191058727,0.21263820364343491,-2.279183890245828
-0.23669304545441203,0.3074555519056541,0.748920618224522,0.8729379937675874,0.8182256442738668,0.8529972096863192,0.6598056190992336,-0.046317800983150685,1.254459494742314,-0.5599861087767786,-0.7358997555760277,-0.35014193937246973,1.2562990424285603,-1.6735081338217095,-0.4215521627869078,0.2207302314513087,0.08318583994364609,-0.849176107298585,1.3341276709650565,-0.04745607358582428
1.594819558727891,0.05046450447623647,0.08818231070829406,1.5342702949166762,0.17129497454082585,1.209842963629195,-0.4366860567884567,-0.5134519312649803,0.24778489897205982,-1.8266216880577983,0.7048817311178718,-0.5147129580537736,0.025516379339676536,-0.8818593668607632,-0.11427416444766744,0.6720455331460816,-0.7197321716151273,-0.4012784952589214,-1.2193848737448032,1.3359920355582637
-0.45782205204357623,-1.688949146194307,-0.5689657156580636,-0.02528696301609823,1.2207439886868792,0.676735208842418,-0.9628355215215054,-0.011211206553122716,-0.632076836420243,-0.7833885090020838,0.7333981238022567,-1.2848308134408906,0.766147324252934,-0.5188247517084722,-0.2945088858469705,0.2994239492438223,-0.21285723776854015,-1.184935107801009,-0.9202103182337352,-0.15606990223708384
