X1,X2,X3,X4,X5,X6,X7,X8,X9,X10,X11,X12,X13,X14,X15,X16,X17,X18,X19,X20
-0.4327443831507903,2.013305144980994,1.1967037086167165,-0.020930494430938727,-0.03130164335812714,-0.09264574606017446,1.6212118534594666,-1.0803553613374006,1.1596700932728352,0.7851937139266901,-0.3648677079451721,0.4050812398496262,-0.45277148263216815,0.6750144456838202,-0.18027638502726462,0.41258722813621096,-0.6591576190107277,-1.425981771104998,-0.09345214650650249,-0.8263955105167035
0.7789721387682856,-0.9305035464965522,-1.7147580657887154,-0.8134773290474084,-1.1853807644837966,0.0422473368972581,0.14092598738210355,0.3742510826503579,-0.2253155047675091,-0.4525362369897995,-0.8729738276056873,-0.38109157941346067,1.3886717556883748,0.8587421800266266,0.42452337199886314,-0.06127663111706205,0.3936197392597375,-1.4854426762739308,0.5597276041043925,-0.5816791281404187
-0.9910572113046608,-1.0898043149258196,0.07334814130364672,1.4558826498007005,-0.830809570728565,0.03331724777950811,1.0052802351961512,0.8556566976550606,-1.3710937661970208,0.44679231605361375,-0.9317419302804817,0.4114201663761231,1.093167191035653,-0.6116572374980049,1.8123526978076931,2.0931730108047404,-0.1535746501977011,0.8467828288516037,1.7965381731256502,0.01120218314573429
-0.19014328666841876,0.7806605215675129,-0.9584088036219466,-0.18962751476424172,0.4207207897279629,-0.4273049386416125,2.3054394441325816,-1.2813951148184226,-0.5822446469865632,-1.0487820751785348,-0.6980406291708303,1.052253998952801,0.1449534218783455,1.5733103822547125,-0.4428007609127146,0.2639961135998104,1.3609559469086718,-1.410025963511514,0.5065734768619174,0.48638712061703854
0.33807050273385614,1.74335784549918,0.05136065550676062,0.23022478588819278,0.18906689525940124,-0.10223048019820072,-0.24306636929212938,-1.9028415591774592,-0.4105442430949763,0.8126867144755566,-0.3330313998340873,-0.0967910342477768,0.08261795872752116,-0.6889837432325185,-1.420492822743274,-0.17334786557771995,-0.3432417815831512,0.48742930766953646,-0.8382755137522814,-0.25093960991336406
0.7007586132147651,-0.13557484633552613,-0.6327900542200243,-0.09364350159061216,0.5429352993714982,-1.7132315830898763,1.5789710153262027,0.06796325571543066,-1.161246118119782,2.4142324395376455,-0.2734616668705277,-1.2257359492123234,-0.44095452878860925,-0.40182913217182126,0.5932133222897026,-0.6941065340804004,-0.9195083562716185,0.2923105152656506,1.134139111910326,0.8076880054222672
-2.285944583922852,0.5153692262099343,-0.4792202362916775,0.9464636479384056,-0.5872106739478795,-0.6821861200693249,0.05664999463516197,0.9308591884775128,-1.2565967526086035,-1.4349884785021474,-0.6803179585552889,-1.4096549627133228,0.45806889193936234,-0.2520881651397757,1.367868169162765,-1.3331168863022629,0.13117951537001593,1.7421657194231726,-0.3360807717746744,-1.0127722391568252
0.32147955950444174,-0.7758482220787336,-0.9543826080661613,-0.23549543007541632,1.4258055163212846,-0.2640132521399916,-0.3375543488836929,0.0719055406836412,0.2396836990653846,-0.8074788274972604,1.5236667798246712,-0.5763634735903126,0.8829326940731945,1.5912499529700503,0.7548212192782943,-0.7666774867393592,-0.43200147277130163,-1.32609777986648,-0.0695784357538499,-0.03893975329833455
0.5050828558112092,0.9391394276555224,0.14204880331615025,-0.6203630753861855,1.0352564992404316,0.234164269083602,0.19078724081313111,0.9857543481223208,0.9742877898024127,-0.3694327212715091,1.2552430260375746,-0.23609952049078048,0.5584766172807841,1.1743993316520343,-0.6963377031839233,-0.6853124714543356,1.3192916480561692,-0.42494064930193676,-0.08710076735209386,0.15981329022933383
-0.6906032359386798,-0.22977468691346897,-0.7487996989194267,0.46700309907102594,0.996719701162907,-0.5029583067775124,-1.0908953733030557,-0.5272594555410759,-0.6644587319256406,-0.5341797007798811,0.8925361248555217,-1.1033864880256385,-0.011765837491174066,-0.6388480710919999,0.5154964751802107,-0.45296777446283754,-1.642930610582764,0.3846026331506055,-0.20469756111761483,-0.5801861104010738
-0.0989273879486,-1.879027961772135,-1.5048871881147345,-0.09008426364744916,0.8419953095167888,-1.5283387320480082,-0.020751699166831627,0.4069252148922156,-1.0671710377877683,1.5715416995309757,0.4676116787491168,0.5639155255146391,-1.7224514014573815,-0.7998430930034517,1.7909675853772116,0.21878985465468556,1.4880632739591373,0.07679568740532175,0.7198599619426612,-0.1122032089915144
-0.3055208400289038,0.47812982582242497,-0.6624051419210508,-0.9476011879957211,-0.3750527417433555,1.015300739922459,-1.9821395303806382,-1.2667826865828666,1.0190436161967191,-2.0520449322752885,0.048917773947292874,-0.37704579908256114,2.1579313987367206,0.025952156774306335,0.03954641547724751,-1.3106104718722105,-1.5147216892053144,0.14847962100739223,-2.0316380276320642,-1.9376210124340674
0.37860369364047786,1.2360026043886982,0.9829059989785639,1.7844939412402245,-1.6814547686985963,-1.1830325793006284,1.0629549457794012,0.11026625260436906,-0.058953887889864144,-0.5844788067686217,-1.1563516237585014,0.11747887325573783,-1.573985235371432,-0.6085522453508758,-1.4326402714013156,0.519258905773511,1.7703062116866655,-1.258492385524324,-0.48962173784360546,0.7794516667259327
0.5180665289395001,0.7719896101823356,1.4296113965702077,1.2171360170830072,-1.0442301453526357,-0.031038846696431168,0.5080413431750668,0.44259804432331046,0.2543843377330438,-1.1619062654481263,-1.3437283755193656,-0.6107461506658494,-0.9941657490541558,-0.4266400756138689,-0.6575724168926282,-0.22584705379431222,0.8621374844473851,1.2847651617527431,-0.8891332819245591,0.7811834404062346
1.2632753872892704,-0.2368290090067154,0.9284802179639583,0.4579059359578975,0.5304252854114736,-0.7762700128779485,0.669519367073005,-0.23533007372304612,-1.1073012742978197,-0.3017789083105382,-0.8886430472303537,0.30117998809163876,2.2628645041087148,0.27539288165940606,-1.5333767384183268,0.010706477572427283,0.03720825809187203,-0.4755117067085096,0.009103897636826489,1.65587337941391
1.2905867310614494,-0.07169773091214623,-1.4115297452815403,-1.3579313598107763,-1.0547330792799976,1.0546801697276684,-0.44605228558687743,-0.10878521838282784,-0.26824595697994824,-1.3602707032608805,-0.9692670010745831,-0.04627482520216329,0.3649464331577493,-0.05672660148872318,-1.4239149167455964,-0.019953159784325415,-1.106231683007146,-0.4457991205292597,0.38916975726758574,0.8031738080602988
3.3441023946774924,-0.5543509591099492,0.4263902266342868,-1.6253473063482033,-0.1893854015672127,-0.17298810310497198,-0.23859645047975978,-0.013151415391743505,-0.1407256849800501,-0.4575523905530086,-0.7244469253261061,-0.28705646825408204,0.34259180080410445,0.6154731231327231,-0.8715242488650086,0.1748802761115596,-1.7195889644694298,-1.7809700015844385,0.9710121257877903,0.321931414036519
0.7779633381710804,-0.08702294223712202,0.6336137744194086,-0.7668261869459646,1.2891922353807765,0.6365150313431874,-1.3104832243342337,0.17291927886597575,0.8747861921644139,0.16343777843037835,-0.34351180494809974,-0.12219382261023845,-0.6865759808232934,-1.2821089009268338,0.4331872085879165,-1.215416123816281,-1.8083472960753815,-0.5764031362536871,-1.6343072182567109,0.17734209954959113
-0.5817788173957328,0.4949925936605659,0.9235224853238101,-0.7750277873823104,1.3683202851681577,-0.41854158864507096,-1.0413395721940601,-0.8141825065750377,0.2879002028728149,-1.1895971181348814,1.1928737741490625,0.7155588028939629,-0.6867259011074787,0.21550933462225938,-0.09402349464569734,-0.9600854809640758,-0.6005898867040137,0.8079388704727696,-1.2025577098973432,-0.4020475004584671
0.5935343787346571,-0.8037609583275472,-0.5169061935307374,-0.592212912688183,-0.27702231265782273,0.9682268723651173,-1.1799817288289953,-1.751905259963082,-1.3265777238059715,-0.22859207433548345,0.3209756821845775,0.40460714822555144,-0.0063144803619732395,-0.1682297108733343,-0.35706127165287505,-0.3845922008071459,-1.4518438861671146,0.1181956280698111,-0.45820129273156907,0.4260982708096747
-0.30416059096374964,3.088490673206763,-0.4991410393079042,2.0197370658905904,0.4514841769632266,1.4542367520621744,0.09663147125400161,0.6121870477489644,-1.0875930075003615,-1.0630205235743762,-0.36687409594934284,-1.3358883662535348,-1.2168403970812636,-0.021737172028946348,-1.1877299834383583,-0.9666186308404343,1.639079267791523,0.35943707477418135,-0.8518123916829,-0.5943662250281652
0.08331895152028743,0.011555817173317872,0.7038633573103281,0.544116044688534,-1.513864969275834,0.687812920679465,0.7377848231394636,-1.4557231596218942,0.2683998428254674,-0.5419245053986437,-0.8682799992146016,1.3125037391707646,-0.5586988075156248,0.45521907488374197,-0.743565020533396,1.7129057478667313,-1.1867524696476055,0.6886116352760616,0.37034598693337456,0.9809898559614328
0.3247055977853055,-0.7118474101353793,0.6329508203180597,1.0457750715324854,0.6543393115351746,1.8316438638629948,0.34711541000581975,1.804533401468406,0.44257456575245685,-1.1248523070998167,0.7002048452382814,-0.7174102699485153,1.393063917345877,1.6480387689553493,-0.06326332283906261,0.5686502663289078,0.9584915005339736,0.910697015451204,0.7082912675572336,1.1353456818583323
-2.750288232096777,-1.5171163293882266,-1.2925434980386616,1.3198824625327754,0.5020872080150739,-0.0005693383946662696,0.11964761612812103,1.77781014877148,0.07926183286031961,-0.8629843927112891,0.3104729124510257,-0.7042809327825346,0.18315258169248688,-0.1793075783770271,0.9283792805805373,0.3745706538680546,0.33900737225629946,1.59003370672044,0.4480676573315315,0.8741742857814842
1.7122499087470964,0.8698237295728074,1.3552358089323802,0.9929001905170721,-0.22853234295714633,0.5499545923595738,-0.9947322889496595,0.3387967966502404,0.882007826238796,1.0022423918850427,0.997672131859951,-1.691497793610046,0.11078827583879405,-1.1113612707723308,-1.290100990445932,-1.2394758740759353,0.16122174136305348,-0.39583309064031347,-1.4146310918596068,0.1089175246028804
0.015208124640053536,-0.3977429319374723,0.6121850099439852,-1.494697379954025,0.06457155693312008,-0.692699756780278,-0.46620960498445724,-1.0960667336947247,0.8256074511034834,1.7007275633059022,0.04394410854048651,0.5840355049668458,-0.1916409349873562,-0.2817352901095974,1.1958530955030326,-0.6442638710322016,-1.4174423200968422,-1.1943955479199668,-0.6659195935618808,-0.9515745021319377
-1.2318072131432571,-0.11494503671188648,-0.45278464962154624,1.764465711499107,0.22634631854068568,-0.36223262388854566,-0.7011011316524213,0.832539656096568,-0.47353308429156915,0.4954483562808406,0.9941348378417751,-1.902435028130641,1.345582792341522,-0.5319412936331115,-0.49945787684003434,-0.16214060768656818,0.8496787795181172,-0.5917867734076762,0.06909521806457905,0.42661145033138365
0.5168185404416579,0.08116908489591579,1.6563397355493408,-0.023835775022335446,-1.4950236282582348,0.061895272925702974,-0.20286665718394614,-1.9444012954373135,-0.4687951016180015,-1.542455802450172,-3.3864737025343987,2.099095101475982,1.1396328303631567,-0.878013656612727,-2.139584099270194,1.182889064604868,0.19879254971352248,1.145979052062149,-1.2737560495073974,0.31986577162077173
0.46954631811832537,-0.04670042148720639,-0.6108531612027255,0.5231996633451914,-0.8924498302838934,0.31892961046129065,0.28576501153664313,-0.2797753250245063,0.14965185801470102,-0.5224377246736921,-0.5328779415748488,-0.5869143444926787,0.49642295746328025,0.3731010801583498,-0.015241058957355195,0.24315500002270707,-1.1253705904462854,-0.5434059813376311,0.029313637232063965,0.26037957522574573
0.2841224706411509,0.2685410817493199,0.8604635240698136,0.4341864792717522,1.0165013959622096,1.3918998591095706,-2.8311701748829554,-0.3638249863414448,0.9955719662308204,0.11295795136980039,0.712598984993845,0.25891462470540216,-0.9491026476761187,-2.276005658445474,-1.8869163788477075,-0.5740190826100061,0.49687458275210655,1.1685436443243886,-2.2539650415360266,0.4518143186121306
-1.3486998353049522,0.17326047608980225,0.3414166737153028,0.5029407343852876,-0.2559356960542118,-0.6517054485566652,1.188320333111877,-0.9541250869404079,0.38967964129761057,1.7373442481297259,-1.2422129512393165,0.36377164862343414,-0.37389648898994665,-0.5704565003446214,-0.7754985997885326,-0.2008838523242375,-0.17904736526025955,-0.6696817711020955,-0.9001053453823941,1.2531786162373415
-0.7279328783959662,-0.6883568534252564,0.49419713661259,1.74058407068754,3.26900868054111,0.39173623775471306,-0.49492987118612236,0.6094857692540953,0.2710444738359854,-1.1100609537872843,2.3962469685044265,-0.7012871254380704,1.153338180832786,1.2884429480499264,0.6409521031164823,0.2882791700581404,0.5440271647927637,1.531658785882495,0.0654336911499609,1.0162316761246875
-1.275317180999126,0.7116031132585116,0.5770450803314514,0.7728077072691963,-0.3450537507073837,-0.8489949791773307,1.186761634725119,-1.1547267480121233,2.051006430757243,-0.2649750470913847,-0.08187106117999643,-0.8326284134360243,0.07458876046226759,1.1532805401184485,0.11505748995223687,-0.8045762740278877,-1.1106201411313956,-0.48267985251088086,-1.3448708675083356,0.044492262671903794
1.4492956585182704,-0.20394624305601522,0.09039580391989895,1.5791779027935728,-0.7655789577494093,-0.19268185825705494,0.568888128103098,0.4690132271039556,-2.008735301577352,-2.415724551791339,-0.9676313870352875,-1.7244679148926716,0.06714847823384582,-0.16487878944138817,-0.11952626371806589,0.7710412493684314,-0.4830907311406019,-0.07245548114895549,1.6285783121127435,0.659973177692303
-1.1964377119815661,1.642397286864001,0.7637606582319508,1.1778931360184213,-0.6928111753953137,0.72507505748991,-0.08800738088760784,-1.199178314862932,1.235055613380442,1.1884131052232076,0.4461648845122336,-0.2118290982586056,0.3047125978601893,-0.41864074743680374,-2.134087109916563,0.43173214422599226,0.23996711940107768,1.8977544664108172,-0.8567392673456432,0.3031894212817886
0.9403535226727088,-0.31338577179971483,0.32649155704728994,0.29692330586608867,-2.364718294263376,0.09411997274578313,1.8461564979146539,1.0988085184281164,-0.48274262922644096,-1.692474174458867,-3.4573417785807607,1.2477121065311267,1.8417238364189583,0.43454564305117666,-0.6328972295095423,1.7222656910499266,1.1724499687330798,0.1105268902082257,0.7779831686525336,0.3124975090636042
0.3847235684295069,1.683646549548662,-0.1282506436367737,0.2343121027775687,-1.6705115353139388,2.004083278971509,-0.8230373026471576,0.5724239311644553,-0.36105554777020854,0.5725324921096985,-0.9476362977295664,-0.3934790422196843,0.1481465745711055,-1.4077299347618344,-0.7146498030613454,0.4862631506646089,0.8381727832441693,-0.8208940240759773,0.25598622219220457,-1.6792160559073428
-1.094061960152078,-0.9275284716740859,0.4255370734727949,1.5853909870083216,-0.90432450263211,-0.9595440119069675,0.8169437855145987,2.2672184883514017,-0.6212888858096312,-1.5246166587703747,-1.6049375747041472,0.8906881704500844,0.6340204037949537,-0.4749954226897293,-0.2346090314600707,1.7561441388278982,1.6114059030101098,1.0394648785736553,0.902843894108893,1.243152895945569
-0.47266041287983,1.5797364945125507,1.5893621988856292,-0.6054180412203171,0.5301897309348783,-0.5260768184976496,-1.133622115438628,0.04660097319736541,-0.19539060024509403,0.2790229113191242,0.031854746909365475,-0.4311799793618098,-1.4012464350986553,-0.7046487044771681,-0.14825339915122776,-1.3099556510933075,-0.5600145370823927,-0.8981630699511989,-0.8656330450134413,-1.1087596133875317
-1.7954436329167696,-1.056707122575858,0.06540909044397163,1.4564302101732418,0.34711305327041414,-0.4613539675263809,0.5631242957200688,-0.14440191078264247,1.3663004665927934,2.736915430774294,1.4124163190104486,-0.7044127035805586,0.5356430032858345,0.027299560227394874,-0.26740045061602347,0.5760082802343423,0.08757396807004443,1.8946139772252044,0.04954952714668266,1.9473129330721282
-0.25871941699555445,0.7116716343399743,-1.5545064166845801,-0.09871342313780655,0.39798042483091595,-0.9503509406236718,0.5622794752958487,-1.1742863610897627,0.15424436266527114,-1.3180313335610518,-0.1012148981687783,-0.8499392396382589,-0.2588650994539974,0.09890516331213475,0.395223391155166,-1.6076554480814005,0.0565895534593796,-1.4879601085264482,-1.143938117058027,-0.46697940748036665
-0.5447672984609895,1.0520499728060158,-0.8181123034441138,0.7482124085228468,0.7724810533344254,-0.5427558484006284,0.38754236973745215,0.6064418564824394,-0.7153493969228206,-1.157960418860658,1.742686918696232,-1.532396269268101,-2.6595940571764407,0.39663497405399534,-0.5484983528972115,-1.2451120176956882,1.7403036019926486,-0.1979545272578796,0.37663670827476137,0.6951409940550284
-0.5043237288244461,0.47658788498436555,-0.9739482197137015,1.2011526673878472,1.1161421159830378,-0.2989577162041162,0.5457426927043623,0.3162553018219066,-1.894197657515437,0.3968390042558945,0.7539923549867826,-0.7354750192897852,0.009410284105920218,0.14407699840362534,0.37803495560787675,0.055342297652633,0.9390874782202088,-0.8818891077942844,1.212833415065811,-0.07360630431740933
0.9001964162198793,-1.1725832260457456,-0.4234822369531943,1.4457081889781482,1.300015828700637,-0.7760830861955851,2.466991429337571,0.5551307563332702,-0.6537930877164295,-0.7090408035913123,1.185554949421875,-0.6944600385936573,1.0279632814182824,2.2811076918883573,0.01570955772938493,1.385678986871138,1.3937611263065803,-0.1657176298071158,2.4952964624664613,2.0281801920502356
0.6232239890880681,-0.6696802537256135,0.11988998106346108,0.20041507151900195,0.283734664261854,1.4485473992941706,-1.3132401458979779,-0.4549937802020797,0.9337701486718867,-0.2989087034026282,1.394371237527414,-0.3842260887502692,0.21578314871906998,0.20409307332123516,-0.6626596565427643,0.7769174126674452,-0.49981550005323644,1.5748409770481304,0.1567466757218534,0.4093090136731205
-0.7028907825357854,-0.5867730114770774,-2.346562266284737,0.4167569409752706,1.205121536473394,0.2879912808184293,0.7754199808616501,-0.012015000073611013,-0.7889385576142024,1.9010868600395534,1.484915533596585,0.4092858523653749,0.4759602700424767,0.8459783153240654,-0.27456868780229926,1.5861217585509415,0.8491762300549734,0.6386957028273134,2.0639140557511158,1.3508090383583644
-0.5958771649733134,0.4954941566453973,0.06167221943311496,-0.3678208450001184,-0.6702523057083724,-0.14026991468236094,-1.9167103092848394,-1.3197375344036677,0.2608653619339422,-0.352773245309355,1.0052572478830297,-0.7591900916337788,-2.499010986857626,-1.4416344143748128,-0.7837572307270488,-1.410287995902726,-0.7686545262849991,0.36548614201575264,-1.5329379921615047,-0.3387629909800015
-0.7889215972920123,0.571610214306304,1.9934178968308738,0.234763565407446,1.5597282098045335,-0.5523127579283359,-2.2605817763388325,-0.6600016451577578,0.36656665838799135,1.3981543390785995,0.995557200766908,0.6382624086599274,-0.6207311153137967,-0.9839648387163403,-0.737022327425564,-1.199274140996131,-0.2806350372023858,0.24328050403052026,-2.455706990236741,-0.21127047559324716
3.0013643170059865,0.7262688790349421,1.1050037579954768,-1.3034861971634228,-0.2729523738180064,1.3956455848856266,-0.8605017622822891,0.7058834129995674,-0.709164344650609,0.4163180812343796,-0.7207390722401402,0.0942100137176657,-0.5350836793855807,-1.0994974903990384,-0.6168372293184564,0.577537131202279,-0.9304725553641078,-2.4866331169497067,1.2109370535103592,-0.23519039758708463
-0.2638970065807574,-0.5226482650909876,-0.30130176086456634,0.6304354647306949,-1.9922205308058618,0.06803680545303274,1.3465533645671965,0.535979184171924,1.121726221814728,1.1879620825473844,1.3894077706942793,-0.3959921516021908,-0.3707080454437433,0.8912880366478684,-0.4127430422471528,1.0867062396152727,0.11739733748288887,2.317671612330073,1.2304700779814477,1.2766585029915996
-0.3603014615106283,1.1623819891921385,0.6308400137298641,0.5615830022236599,0.001043716244690826,0.20429083909585558,-0.012474760521793095,-0.14544586642245594,0.38716758262951834,1.095651469480211,-0.38048442374896546,-0.6184066237919418,-0.512917644650808,-0.995786379754015,-0.7843727765968482,-0.06671755879901667,-0.46874427353099185,0.5138529365885227,-0.403111884154177,0.275301757534161
0.28344422504496175,-0.45423226152346297,0.3831872786433347,-0.08612807093905193,-0.39679753616666236,0.7033915852781997,-0.8483475078814883,-0.19764964255279152,0.5373429155027597,0.1893776739830648,-0.6337882267091721,1.2204971557594404,-1.362343857382727,-1.8315640785074414,-0.38491667818872816,1.1938459928131453,-0.02512674012772801,0.9590266209653459,-0.3178329473574147,0.19619901353189834
0.6602572962381249,0.13141625906854382,-0.556370093344211,-0.874392089157883,0.5381884574426884,0.31441543818690265,0.8616978208050265,0.867759689065512,-0.7167051091184921,0.5863857955133616,0.5745676384014188,0.19718729335053872,0.36944020702533487,0.890950616599898,1.0250711854591394,0.18878857101837287,0.39292321651523504,-0.16958633259940378,1.6123432502628854,-0.7775803689597018
-0.08260588410781053,0.9520052447966377,-0.3715391235199857,1.4538761401182623,0.3070319665490589,0.9408301491704215,-0.26104000430470875,-0.8210192366686804,-0.303740875790222,2.0168948564516813,0.7114923464491363,-0.43938638762677956,-1.0200641017126377,-0.9318939699364782,0.2743350775978526,0.6372767433877788,0.14255682093076322,1.4980080138014185,0.1119407957210516,-0.49317691780092093
0.7032647808175306,-2.9820763121438105,0.6385395006692539,-0.4167194411067104,-0.2792195464866566,-0.26471660557702376,1.1432611194281812,2.198083193956097,-0.91571774588392,-0.2434752985328366,-0.17902354795736278,0.9403010292474553,-0.32404361054803976,1.1400968963653133,1.8144457588804923,1.6492936450835198,0.49921666456457303,0.24051916343317836,2.7305513204262595,1.4680502407675684
1.5952690132054173,0.6048832033575495,0.004601440313976747,0.7526190212047484,-0.5234615478666368,0.8265083237424943,0.6293761275441084,0.33158816017173665,-0.49084071008689817,0.9150463794394811,-1.8665521467591073,-0.7453361996837086,0.2644190418631403,-0.7776923180755233,-0.9601805096317924,0.39965970586796523,-1.8807355684984088,1.176016099285208,0.3153892171673543,1.2882099195102967
0.5634702879409674,0.35713296466713057,0.043967527515583145,-1.8026895366705924,0.6210716349192424,0.7362300735919665,-1.1746465929053382,0.12654005554835063,1.7961443714522605,0.6238563468766803,0.7912388961013046,1.0242227780627164,0.6615998087227608,0.30941192809099843,0.5606677121878652,0.7296819217376649,0.986576880059306,0.0730618311644393,0.07622029437414976,-2.338741884896328
-1.3212485858310208,-0.15738322227062204,1.2957584456836055,-0.16157163194042817,1.4827685291811734,1.1365704231629048,-0.4444474656546808,-1.2803507104466811,-0.486486282630545,-0.9986134057298931,0.9947583516086302,1.231416936598384,0.22134262407272462,0.6225852570241215,0.830329531076469,-0.13701057953497892,-1.3522274588936614,0.7505102808248757,-0.5971787717179501,-0.3221996558484152
2.3099463719450664,0.47804107180183525,-2.079768596214128,-0.30920598543970684,-0.9210807176055692,-1.2997077392555072,2.962455902739695,1.1884252149369332,-1.8250115002341658,-0.14823681564133645,-1.3465997898337088,-1.2008912493335042,-1.1549571013084023,1.386218962625525,0.5853274013640853,-0.874312344880529,1.5004220888822617,-1.8298483632350917,1.6363700027243175,0.5745193172518275
-1.568626117759281,-0.2082197346455038,-1.7348035480833595,0.7590238023932012,-0.9510531107995291,0.3909014466519343,-0.8442498267212196,1.0616882200871807,-1.228401394732456,-1.5504396019315856,0.1838216421816871,-1.2917042203926448,0.4471194832732294,-0.5306735257747318,0.05826446197115294,-0.8981212708584461,-0.14840933923333666,0.46471097665838906,-0.1739587467993662,-0.02792822557796307
0.39586250701646697,-0.6059593691813354,-1.4120173750729632,-0.05337583936692111,-0.11455333943455519,-0.528493321834255,-2.9646102125826754,1.65653506514506,-0.11250142621948801,0.07335407216186657,0.44860178556395625,-2.365244511053988,-0.10782769884231311,-1.6508133970843348,-0.7807646006148832,-2.3384265609592996,0.5367506298058196,0.08436571258847055,-1.7854777674509568,-0.42451131952921967
0.49801232062769224,1.1803896015021915,-0.42413230776455585,-1.6549225150219704,-1.211929719131622,-0.8495065241765809,0.4021995349143219,-0.2920806716154487,-1.1278772945949713,0.12439780059975135,-1.4253480626860133,0.0998408310033907,-1.4239946455057952,-0.13800075509616286,0.32631032899010426,-2.184198618402825,0.9554499112953534,-0.5917306877240336,-0.7568672911509605,-1.3088445305462295
0.29116526085850575,0.375035658980363,-0.29864644281888236,1.500662865453132,-0.9511064366220644,1.6574711584271362,0.47907792862493837,-0.43887383299394267,0.22100744471484476,-2.6387431290574543,0.030321897143225147,0.13472221171102272,1.0399952403238701,0.41912066768927664,-0.5029929059068711,1.4557046376454037,1.062955198887142,0.15991266000609142,0.4800060640858104,-0.0026275958741985273
-0.4449901254150744,0.34835661937064577,-1.3706960351237483,0.24830940385294067,-0.49192599494170014,0.5944617717147179,-0.2789420167723277,-1.492585193123955,-0.4282595946617643,-0.9768369205105472,-0.25462451618016496,-0.18307789458346285,1.1150884571355841,-0.16771858894687458,-1.0776783426738838,-0.606241286190364,0.39169514940988615,1.0479199708538292,-0.9801855678545109,-0.5071525283390638
1.8802563331415882,0.22336462637104476,-1.8303215938931197,1.0002685131154745,-0.9442988570469666,-0.4604391402200463,-0.5258234961990704,1.5783501980335932,0.876368968138245,0.6734229807447982,-1.3745352835229245,-0.8245977061301298,-1.0118675767859981,-1.6718431872677408,-1.5786235453495998,0.4538716759228269,1.8688612907364592,-0.2735312361339988,-0.406765252470881,0.6834915096847147
1.4606224579598701,0.1261610030542386,1.1051902277278398,-0.8650615220090222,-1.4231512340158448,-0.12035555172592066,-0.19612346709683906,-0.09326137204693921,-0.29512450492985,0.49911288971133455,-1.736014741595443,1.351598603681133,-1.8883830821985899,-1.7370187879539691,-0.879321900131117,0.5098624112869545,0.3115056546472339,-0.25994281814531106,-0.21578260836915006,0.2353469116339024
-0.1751378655922826,-1.4204149351097115,-0.5914310987536969,0.3315968141658313,0.5903541374656714,-1.2054878536046196,1.478246334975704,-0.031662961109775234,0.8842147706259389,-0.548628113979493,0.5856110249614411,-1.1593211582367604,0.23355293653069573,1.179660934852089,1.5188797488801011,-0.8650663321274062,-1.064024241417395,0.3249117238476815,-0.035552443173856585,0.5265136563225025
-1.079741438648806,1.7132165605787701,0.21886632764116987,0.0802464280367298,-0.6768955976309547,1.2570526400166144,0.09374507920230053,-1.893358707040031,0.6217706371943572,1.4911525613902123,-0.7805707054572825,0.43171085944898335,0.3290925004301988,-0.47386641050284006,-0.08563551793552332,-0.8481465714329856,0.4427880333972241,-0.8476330943365296,-1.839698280563771,-1.0293174006608468
-0.9279737060956528,1.383712648400957,-2.512083036798254,0.8807540968357296,-0.5072721857613097,-0.02374827246628793,1.5630308385188343,-0.9668579671195844,0.2825409527407336,0.11468445254321775,-0.8395387356232255,-1.2260553878804648,0.14849331914518676,0.09459383570575969,0.30352693395052627,0.0036680974723586127,-0.545065439058142,0.43387193001958135,0.19618065604015641,-0.6665261730759884
-0.7298520649217819,1.226065070005781,-1.406442899730344,0.7151454124874098,0.9399901795481552,-0.31627070512024663,0.015385716772732002,-0.13534159358200232,0.5226169248433901,2.0904361267750753,0.8124712274258195,-0.6012702299133976,-1.8938109749877512,-0.3481603457779764,0.8407116851888563,0.13509334663321768,-0.2768464462556629,0.23934282463823361,0.08071456365988754,-0.8707134362794644
1.3315952796540043,-0.083910708883872,0.3680400971723372,-0.7476447239240683,0.37403345183264425,1.6042355337997083,-1.364714640871181,-0.15974114334221262,0.702484816585208,-0.7300945032977759,0.0454255509969275,0.1274004037121074,1.1383799032975572,-0.6920261161838086,-1.0603675885309756,0.19872286460608737,-0.23299117125949761,0.0722973657739162,-0.4211576245574262,-0.14143876474020883
0.03225647032923201,0.8409904304524827,0.004369327325233078,0.35365229690606237,0.14378138053868456,3.1101780871275513,-2.4298966530117596,-0.48665273992094876,-0.568636162367063,0.07515364328763899,0.7393820576446037,1.3445477565728559,-0.8116173636978674,-1.7640214608980491,-0.7629545404971155,2.20213865798673,0.024824466483892343,-0.6417965091166512,0.496871170334007,-1.2116286829125937
-2.179143494092208,0.78555104239419,0.20347247630890788,2.3502613425460512,0.4601503628384007,1.2454000848600795,-0.6227679530135429,1.5598960475731785,-1.3458082699021472,-0.9992655714550187,0.21025706511185563,-0.7077189888943394,0.8128518709455178,-0.3104814587542481,-1.792201497710256,1.1409462674756359,0.9935329175092646,0.7636411504849676,0.7689467399249802,0.9131353767887717
0.9125238438557364,0.41282879478476797,1.1369459618224957,-0.040485664238524906,-0.6854379076108564,0.7891838733368757,-0.7767799401245913,1.6230060484127684,-1.6646690483057545,0.560966481903001,-0.03852024138713774,-1.0991039520968033,-0.570940599072402,-1.0328326038533957,-0.4665346513055722,-0.8472387795441954,0.797440646875761,0.17409560031908114,0.42388710388529643,-0.033443932765596464
-0.45269306854989105,-0.8565055225704012,-1.9769185074144384,0.3742305009941227,-0.4357529717985963,-0.8053615141023532,1.1717961934757932,0.31515854180009,-1.8575011880538337,0.35691380962152797,-0.7053639762867971,-0.0026422370320064266,0.06464276737920718,0.26272583713379355,1.6496462403320424,-0.0538635560472645,0.04222966317581461,-0.05067581841265763,0.8005241244074165,-0.02490992237805856
0.08637657814291722,-0.6559020895239028,0.6765430113886582,0.31886503209370815,1.567086814081925,-0.6049711804908814,1.1870643196456083,-0.3015770414963032,-0.17612811382673513,-0.3168353259738247,1.2258974632520772,0.7379577059881953,0.9425227332522057,1.8411812848559137,-1.030898620284699,1.8102413744543262,0.508424259816371,0.8416161991781134,1.8310637565295655,2.078443333616831
-0.47656245029881067,-1.592437197992067,0.8047603615817708,-1.436815481378278,-0.5434166485608343,-1.430043112182278,0.1038991371779205,-0.29543124439195445,1.3251873518452062,0.3389807857572069,-0.9706927832812033,0.41212686014290434,1.2332568253138618,-0.1912618186944585,0.6860352678356156,-0.5271124735841192,-2.1309998000448696,-0.0503290151648698,-0.8740890368408535,0.32032664288356505
0.26573439750249805,-0.5994214887877165,-0.6584100015540942,0.5461377813279252,-0.5918296803598516,-2.045183924232848,0.1744540051502708,1.3977322017919545,1.5056928513490708,1.1113744257239369,-1.5398054485623311,-1.7947348593009345,-1.7454950034191814,-2.02622866021333,0.6567354777491714,-0.6349030185159596,-1.8475360217504244,0.21417780938106762,-0.7480520601904095,0.33318700695555564
1.300827310009355,-0.8059412856550132,-0.6525273578218669,-2.3043552105838776,-0.243419151674762,-0.2883696505307965,0.8631102407103288,0.275269980110517,-0.26142959095905244,0.40925499720945996,-1.0019060421410113,1.4698501792788945,-1.6944963315351547,0.3461041917909538,1.9261885924364603,-0.1984606888417409,0.44878452435452687,-0.6973989889998394,0.6123182428112997,-1.0930738082067324
0.3925345853319517,1.4997694397122738,1.326773053630969,-0.10792818832929009,-0.6754141957428732,0.5824016040027897,0.9313795644560815,-0.8777935731493889,-0.9057207861977647,-0.5198612923851271,-0.9126113037568195,0.5041662784750102,-0.6204275607717676,0.31266110436058125,0.5281477834651898,0.1035315128830496,-0.5678789827445747,-1.0206845672528846,0.2816826261901732,-0.9968390264369035
-1.3387457805626248,-0.3516652625087959,0.9970570815455093,0.1148207031785557,0.3279822877903949,-0.08867822819674127,-0.33203278919958046,0.5624484435366034,-0.16882102997456572,-0.31129352846247543,-0.2534273766000331,2.0045279850380715,-0.8831289913757895,-0.724818684822254,-0.19714343727575323,-0.2708111898153081,1.6900506252822765,0.47183620158075207,-1.3629640102810543,0.06412066433013455
1.226602145571652,-0.41464765041125967,-0.2760608959736861,0.03324465437909238,-1.2680007645926281,1.1455263969494431,-1.0934008209602606,1.4023585066821644,0.7371912967956025,-0.5145376755998047,-1.0296341172261079,-0.9987652731118897,-0.3749564832756592,-1.6113744698996424,0.34799585766105345,-0.5937917070858811,0.15201621576059973,-0.34488256202921524,-0.7283346813250993,-1.077404026540717
0.280769764793775,-1.2236432285780474,0.07631591522266198,-0.02941112125351177,-0.8542203790668192,-0.8065205168313164,0.26070905882419193,1.868522069306478,-0.7739509101861584,0.005220143622352474,-0.5312740513774126,-0.2342297097571523,1.3819918619249696,-0.14098336431917027,0.3901149981983233,0.2787135393200544,-0.4181565326722166,0.4109881372228362,1.1763383623942172,1.0409709801409202
-2.0433165831651547,0.034388178575275444,0.8165556938598229,0.22650586394630895,0.8666043000375316,0.05619974825725264,0.11871192090665555,-0.5878213559566593,-0.8329617405876206,1.3628296319866433,0.3570918125279507,0.0010002080238928205,0.7343625435234907,0.32307618154422657,-0.21612087462489807,-0.6109984453519075,-1.4610690626709417,-0.7018107507664947,-0.30045863590724514,1.0147082452788718
-0.32120281111008336,-0.05989443308255138,0.7520749629237437,1.758674696558932,0.2562192029583102,-1.8509991432778579,0.6926377685281815,-0.1929994940493202,-2.4679901386804524,-1.4924935704266822,-0.26176050122599664,-1.0159208274733185,-1.1864661619887444,-0.660174742684677,-0.3765425581910964,-0.6590600688800631,-0.9171914943182826,1.3854749672904925,0.1294693932343696,1.778481728054442
1.5067148027407546,-0.5355763346028369,0.6526353510114346,0.11917681762514062,0.06004862668386517,0.06890018906348867,0.21241818780501465,-1.3317896527593187,0.5354902326578692,-0.07583100275050017,-0.10652428972921796,-0.863358592182264,0.5996508139500673,-0.08690386657424813,0.922779605881392,-0.3740371446858039,-1.148660205419184,1.5038133710260984,-0.35237142400218974,-0.4249872078704239
-0.3526135134257087,-0.8419134086417377,-0.9429310687537591,-1.438135498264939,0.37357691334401816,0.13961063054826076,-1.0812635131913153,-0.5197795816109717,0.9385534799366515,0.923459058478664,-0.2003757021721824,-0.20323225925726543,-0.08563154354472677,-0.9524690693315654,0.956585367255484,-1.1733390736352223,-1.7592415711285974,-0.09781115645796659,-1.153591516253546,-0.6194884276053663
0.7113072441443303,-1.0410719065032235,-0.7253555367218707,-0.43195378031509346,0.14002517869592726,0.3355040534049892,0.9453175072014315,1.126941889136655,0.7567696209161294,1.5381104115642337,-0.3481435553145346,0.5749720408864477,0.5937878864320179,-0.022754350879377296,1.1247326325453184,0.025332654427700625,2.006969926975914,-0.8521933522256331,0.24310957462848232,-0.0019718668974109325
1.9851160384071558,0.8582688599805154,0.1527986969071118,-0.7607693038548041,-0.09430425518349192,0.24844830750803215,2.5486951696094047,-1.2520832382233202,-0.619462302483758,1.5630442740647714,0.09629844095025544,-0.4187854824881248,2.0585004078011795,1.8321667506733497,-0.8055474781973891,-0.18183264545665723,-0.10137374814575696,-2.2112711621079613,1.547502820239034,0.5401477664765892
-1.2037427377063463,-1.4416082955373832,0.512600278938859,1.2118915529635201,-0.40688883745194915,-1.761746626994851,1.1917290451342955,-0.26497559796105125,-1.8300974613479977,0.11889566587912298,-0.06173610175249674,0.9685288512642156,1.4299593819389924,1.1198978541500588,-0.00350478708693359,1.74697539142865,-0.343057920704462,0.9557292837865614,1.5943222786104827,1.6694929822054025
0.47453931093863033,-1.0800511543786813,-1.505721539753175,1.6670427536409607,-0.7632520875400629,-0.1436626124268547,1.2837910312342558,1.8560782310272916,0.9371847301306682,-2.6122009434993676,-0.7991211111162699,-0.3770738980836912,2.159138545012573,1.241772880154986,-0.7101449810600848,1.1006436082938418,1.7475378345956125,0.42593753604578993,0.39001375350427797,1.7575611165505967
-0.10021100668249641,-0.27729458223893894,-0.7494965091642471,0.6043263893698123,0.06366143447760607,1.0062138799849294,-1.1824611244990928,0.06615365509907946,-0.8684428040807929,1.0760141590986785,0.7411113713152142,-1.0265627368458943,-0.2315857762076592,-1.2842813910846607,-0.5699094588988832,-0.6413133719683207,-0.9547946615601155,0.4314795957543389,-0.4191783932207719,0.658839030362657
0.26382615474176424,0.45585262474285704,0.5681511597556798,-0.006429660810288065,-1.1946579210916577,1.944453324397522,-0.817266528396341,-0.5430062147081925,0.9519951809698858,-0.5337665549886551,0.35198182812224377,0.38669603443270084,0.3718241579393952,0.4878501566562949,-1.4437543859753157,0.945829961288805,-0.3243178189225806,0.31263204953821466,-0.10924200301123452,0.4018824966165844
-0.02453346801012867,-0.23286710801108593,0.20428036738482586,0.6435063724088745,0.1699353804640605,-0.09231358454500575,0.4528811192087184,0.7623514714563991,-1.392726397992713,-0.02750633259115664,0.9813264071380454,0.2686880814739027,1.037765026197309,1.5927401832792787,0.5363794313715241,1.3668104591957198,1.3812265660524585,-0.4204148195023147,2.039738831237602,-0.14447038327004835
0.42282573547681856,-1.4891641098671256,-2.5643572851502197,1.111772153661243,1.4518607906030145,-0.8644718791390567,0.7308487266705613,0.9839031236633307,-0.2562512628260079,-0.13837667743020315,0.7834162171280963,-2.561201450654606,-0.1668542852313407,0.8473807353904697,2.0766516287233383,-0.85738878122263,-1.661559612156344,-1.3569761595934684,0.8579592600142975,1.1560983071578017
-0.5827513871764338,-0.11913528020060381,0.47055081048221753,-0.21811387135456284,0.8768672771132442,1.1496076359889487,-1.309588603298041,-1.7611252742486876,0.4100812585660238,0.055681378264267986,0.9927286039896693,1.0821525857296144,-0.25085136804985153,-0.4959817190230534,-1.354734857391863,0.953632342656806,-0.5629386455787695,1.3193708796770225,-0.24566748595725973,0.5521253224322252
-0.7218140218096645,-0.11934054155086793,-1.0982091840983574,-0.03936211073110769,0.07045937401429327,0.7627404192018111,0.2261853842856958,-0.15517196651464824,0.6265243808243547,-0.22218045347438925,-0.19537131263160776,0.5974042951448615,0.5587427677274039,0.7166555594796473,-1.3316676802046428,0.02169049035630076,0.6920769841720574,-0.45012662047597046,-0.5783035400164517,0.8954002438802097
1.826964398751208,0.015794842265800742,-0.2884286835134896,-0.6102935317029758,-1.3673534238196978,-0.21746180616944444,0.48213550132504757,-0.07544385148608901,-0.1512290998626826,0.900734021792481,-0.45877563939562016,-0.4905086405620694,-0.007239798037373311,-0.42139797851365574,0.1318116799351566,-0.3889188027526974,-1.4145264199615069,-0.6680032370957468,0.44690741217757274,-0.2554481955155127
-0.5364180162228169,0.930414061433124,0.2937370371790419,1.1651807345300476,-0.34262544916697113,0.9959266455154034,-0.17809294963703085,0.6314597798001036,0.4211972909322504,0.09762592513302736,-0.4372550273504347,-0.1868071301952815,-0.02265069340972947,-0.1734952475032875,-1.6531019253627195,0.18957238970144372,0.9846908503709927,0.6740778580656328,-0.8080827328647973,0.6958120679843726
-0.18200037184833837,1.1954496018777019,0.2783968912316574,0.4835588335242347,-1.534379035898461,0.5973931783476505,0.2262698244196212,-0.9283999656875167,2.579678692105235,1.8862994046017885,-0.7158242741307902,-0.12521412973681192,-0.9092270830360654,-1.7442653354851534,-1.6557499266339715,-1.0210651833364435,1.0801889538345733,1.8373923968607233,-2.43219289194891,-0.4222976062315374
-0.5567610934099515,1.037261019967487,0.34939522408922735,1.2367512226735777,2.1754227709882685,0.6358573664169472,-0.9451935360562848,0.8589850431463502,-0.0792142614459143,2.459521323827775,2.53326605055562,-2.0917666787374007,-2.37344802910341,-0.9806075258470964,0.2606390599439789,-1.7343220324017896,-0.3984769779644249,-0.5935602687948124,-0.7002925283279361,0.28902171949199595
-1.2338772345010232,-0.03389561996325028,-1.534882269623878,0.5524753976535484,0.3740229520409785,-0.15222064638308644,1.1168080614114353,1.1139819636761852,0.7256356558010766,-0.15134227818674814,0.7156716955552771,-0.7902748787067533,2.370416105564678,2.078004239943442,0.1257057633617603,0.21722436847084237,0.38231939204698495,-1.4895247811663255,0.8165187997397352,0.2547353296591683
1.9876087674830243,-2.65599034934382,0.6328121767319769,-1.1162908520608192,2.3617689812302496,-2.3447453831548932,0.9445950570528839,0.5362644040567555,1.4752168205788925,0.7895708914744233,0.9269463870322334,1.252604850383745,1.336389646253078,1.2388093872323531,-0.029681090722465053,1.5742346472314497,-0.17120503836382792,1.4476437469183907,1.4635616651901646,2.4408917776508994
-1.1412221642078093,-1.7043855399923786,-0.8470181938117635,0.6064836029407912,0.2551722847244075,-0.6290409991022635,0.012693216547298096,1.4619199366565696,0.1031498254408115,-0.18470235372467714,0.31481308530402957,0.10442033836171802,-0.07234688704320139,-0.18290999376517494,1.3415027339498855,1.1568317209685097,-0.6717098247951334,1.3021318480529138,1.206311421225176,0.5852296727849251
-1.1668304762666672,-1.2022391394989906,0.2158367236665635,-1.318453100069252,-0.4137471475318935,-1.6164175032017725,0.18311859277939635,0.08881381648029346,-0.6232800853296667,1.1890766951227751,-0.4177975657919897,1.2368642112105575,0.5873865466146541,-0.09164213257787422,1.4539662207958173,-0.7126083446506578,0.08696834669434039,-0.7474110050489946,-0.127802466464842,-0.9092067650220346
-0.15655743233161673,0.357214966740148,1.396895168274443,-0.4014337901483986,2.2155099825129225,0.1629551729994774,-0.2446921708328381,-1.4606043019814763,2.1789168902424723,0.8959600866451856,1.5001918313511828,2.0361136925239665,-0.8425031879507447,0.29150551571486605,-0.2454694496398417,1.8150920098811303,-0.42202740629339336,0.26488721881479854,-0.1445484972762161,-0.04727489054880487
0.7342527566238469,0.2822424347303722,-1.0980564351821642,-0.45104485252576304,1.5783065999625243,0.5016163493659523,-0.5539450574748116,0.276078677318616,1.9355851819964442,0.15008332195862661,1.9178188113880517,-0.8185810763132503,-1.4798428662014507,-0.16327224130483767,0.03932643931295509,-0.9458495277108369,0.5182219323629635,-1.163891923533546,-0.4739647147478159,0.21350117695104134
-0.7878771737401105,-1.4695999375314386,-1.8382778441552587,-0.9285553788784522,-0.12658701897372762,-0.975177026682033,0.45150485567135845,0.9532945956533777,0.5466279634027569,1.530130754274127,-0.2280229313522517,0.7239637622563262,-0.013654723710397058,-0.09070774072742734,1.7492462480633792,0.29802903281629456,1.267665658910012,0.5054783836979946,0.5447079009504977,-1.1026416012643152
-2.4654757504096296,0.7325166384939504,0.0942149536308932,-1.3004874286611698,-0.4664935111398365,0.6549851999215232,0.9439357984178086,-2.477116653683526,-0.08563433829904346,-1.068335033999178,-0.8913050196900322,1.8814244685135753,-0.06390778196523696,1.5571431054508815,0.10128097607064264,1.1044249908388668,-1.0766653690719408,0.5196622296545199,0.43256337941344947,-1.0610600486517683
-1.2527197039720543,1.3625876348101493,0.032451229981137836,0.11810883263174309,-0.13484447949423958,1.271686492848858,-0.6554337605531564,0.24246471407807435,-1.2445937683158232,-0.7539739358594032,-0.33402873213111434,-1.0133440301379657,-0.25064670817596224,-0.3172129097335123,-0.7130970839727686,-1.1570818760096044,-0.027235792100883595,-0.6552695123417495,-0.4284764461604904,-0.4663273909241376
0.4168970783798551,1.565712387314323,-0.6037989695477665,0.33558027632322723,-0.3281556058956727,0.09025298316066883,0.4754107328214418,0.5613527641875475,-1.0665511883951926,-0.7086767343868371,0.02502224835384446,-0.8582660540603014,-0.2605342731258241,1.1092393219566252,0.7644534090436695,-0.22978357613259945,1.2663402423087011,-1.1295684677651094,0.7141047741030047,-1.7325414512847193
-0.4226226760328409,-0.034158963022273725,-0.6465371739469726,0.2541145360181062,0.22632505461429936,-0.3691220944042975,-0.657605195703297,-0.921741261718348,-0.07881909315479765,0.8729248993938502,0.3255058472254869,-0.2251813204626551,-0.5645687173129508,-0.9521437177984915,0.9819190314189312,0.3871311477835011,-1.071181913674072,0.7805744832755743,0.09880252696224595,-0.5606071346063967
-0.24050132959226572,-1.6726039822342569,-1.0192772827071275,-1.8626365974550723,0.12703389794501338,-1.0893473091451282,0.02013536333765633,-2.3021661868017933,-1.5235319941279764,0.5266182860679178,-0.5359707149242304,1.9157809706365767,1.1764496140784382,0.668350116095372,1.2945866247509439,0.4236728414822601,-1.4079153622553806,0.46284184875191997,0.6970476638702481,-0.7391001969535548
0.48241694892247017,1.4146762285667605,-1.7737391061598182,-0.613484621916298,-1.1640757944989466,0.3566117518032245,-0.17919306991296613,1.0426911405343557,-0.42991301638430895,0.4962621539350108,0.17522719243406673,-2.151769235099205,-0.1893660900514587,0.11083568802437295,0.3064940707793304,-1.0236477049280965,-0.4408764251073241,0.3500794189952954,0.8309920890717394,-1.4593710033980307
-0.2888757213261937,0.31413949633751054,-0.06501792843711181,0.4003255357242719,0.6395892187912323,2.2605640450586297,-1.8259127392520196,0.02701790128552873,-0.2560025695981075,0.5540164883658126,0.04457501256535237,-0.3480290616117697,-1.3456214420561714,-2.282149315734186,-0.5499168673252629,0.848098539053673,-2.283244402752772,-0.18017070856752565,0.08407059278962424,0.018543545326246292
1.370996214480926,0.06793425773745426,-0.09599903027377259,-2.0883672001198135,-0.7763308666718702,-1.7516530253386595,0.07725004823338212,-0.10806728953433842,-0.029087871207548376,-0.21018067055062387,-1.035704447876037,-1.5232961784342187,-0.28320754459314684,0.23011465433246545,0.18306883918150432,-2.326885866689095,-1.9778703464843772,-2.2717377568903423,-0.6189845405969816,-0.15366145082512309
-0.30179061473986735,0.36458933019293593,-2.0384950075698463,0.18893155106202447,0.8002578045987715,1.328056198364381,-0.9612073305323803,0.6373897815085572,-0.9716538623860743,-2.8610628265963354,2.218117329706678,-1.701943662462443,0.38335495752057686,1.0314165419589607,-0.3067150187380882,-1.456020927177561,0.8913666608975035,-0.6702675645187501,0.18636753988855959,-0.7433967454339532
-0.19139050055961898,2.1752537868231108,1.7971280187709566,-0.33805867841259124,0.18040709941908314,0.95520351977688,0.5073460726625864,-0.1054172389918107,0.48413437178119917,-0.649740206561218,-0.547171377532591,1.0244936439695176,-0.8954369264134371,0.5824058014212149,-0.1177713083004475,-0.9646791862293138,1.6995025283047234,-1.0589987366691636,-1.4797878079455256,-1.5492636323654867
-0.07189449906764157,-0.02303056773562985,0.8727797753866982,-0.6587779256328705,1.7841836865817275,-0.1354552530883158,0.3864031425243685,-0.06147512572284777,-0.21289983409086244,0.401345017140106,0.8793984883878926,-0.2743178260587267,0.30911426316843515,1.022678755297887,-0.25450128223271407,-1.2935099209982428,-0.7954410115016667,-0.06792705131929311,-0.17908789324361518,0.9813710163742294
0.7897574291594436,-0.41383317462473024,1.0015202116879394,1.1288813675124922,-0.5133061111371089,0.9696433327783105,2.4894847801753492,-0.784957960115794,-2.402032690654477,-0.18187871150065796,-0.3801128181875482,1.942883029273889,0.1068215787930319,0.7837947667376737,0.2825194831476197,3.3645685535468672,1.3843249853029835,-0.23901123022946938,3.42551024745918,0.8375146252000665
0.9858610830985168,0.4727376989804069,-0.9980622813351433,0.8500685147778625,-2.2506861351620913,-0.1630781673355864,-0.005996047724141662,0.2647924788771632,-1.7390220103432437,-1.41476054768367,-1.037229838062753,-1.7402859932527834,0.10872727584258168,-0.8179507729250929,0.46035280755980557,-0.02233805566628328,0.4313991370096263,0.8675120265146095,0.9550821680060416,-1.245133324122197
-0.7324999968623674,0.1534084324174063,-0.3708530283981338,0.7742934015322885,0.6798640824879008,-0.9677339432498324,0.24787840880866935,0.5773732966688829,1.34767498500401,0.09171012352291746,1.3283984599150063,-0.8940439781152649,-0.3208512436671253,0.7575511516768201,0.6334005877142249,-1.129371120404215,1.2060828494543994,0.03777720867344408,-0.9422723890524505,0.10012980919739715
0.057379819855216715,-0.7408280580485621,0.3047771786782968,0.2595785174608009,0.9347635642402041,-0.2265850682926952,-0.06044863441040581,0.4394515081783992,2.0906047520041073,0.27393088176945724,1.0320255653016015,-0.38928298282875473,-0.5850934927699061,0.35887316462437646,1.8779664817183293,-0.6282806579484471,-0.34676491477128485,1.312947143275452,-0.9769020415370439,-0.4544981914682048
-0.16956652000639255,0.8881453531452115,0.6006982715784218,-0.08067451035387273,-2.1769507071646084,0.18672462144459695,0.4611533524425586,-0.18480032226711124,-1.1618780233069304,-1.4646614474389743,-1.1026759279870286,0.1584819496229332,2.1283831873075068,1.166908728206553,0.44372988476653696,0.9212089895493872,-0.8306358680596299,-0.16275698338039185,1.2620643580316955,-1.7393197833507494
0.6935440215561002,-0.8485450077840694,0.9126065463601676,-0.5529338523178994,2.1680954750306936,0.06880278098908088,0.6473825831017515,-0.057366396994700475,-0.2970640085071361,0.3937632161384271,2.8187261638290857,1.435350112251609,0.1902598960890316,2.4824300901204377,2.15607417069956,1.7925536332569365,1.0006410110608441,-0.6760352920931708,2.582262173668805,-0.6036037327634303
1.8870906195151127,-1.27444469117639,-1.1671767762350191,-2.6363674351911484,-0.28674413887264383,-1.0715599475498074,0.34491038262634344,-0.18906128846666018,0.4453812478073627,0.3994471892129553,-0.5375924363995204,1.2271014344927722,-0.24540739469441064,0.37001098482189304,1.1804481861641472,0.7618164431865068,-0.7423459429069165,-2.883270379600884,1.3396853508557678,-0.8905514039946831
-0.35949275311501194,-1.1435112084361352,-0.39883960546922764,-0.4414907564653599,0.6040385124704337,0.24395816803441892,-0.663116275496039,-1.2408579517112706,0.2882966844879034,-0.34694906476226844,-0.633606642936031,0.7675355103648285,0.7798502272958245,0.48506108689751565,-0.5064600011077781,-0.2136169606266003,-1.1712059891475026,0.07516340942218058,-1.1406398101405486,1.0229373002540167
0.3352095953125639,-0.1671024793569121,0.8069272020308381,1.5137111437778417,-1.55349326846449,0.9290177386135063,-0.9631918228324069,1.5624354843127732,-0.29883348253334496,-0.4427527931701379,-0.07123438316465738,-0.8001795958529643,-0.11412825255988551,-0.8116828298168403,-1.4876854973962879,1.0015470830213238,0.850951956992272,-1.1463744088074228,0.34638380951614844,0.6512921980226255
0.24792683792577921,0.8881572215935355,-0.24366556710517412,-0.05298243083433442,-1.3562152472658784,0.6923891859251344,-0.3824537279337197,0.5855105902787756,-1.292332590205654,0.9378331752435005,-1.178112367639799,-0.28500015960172337,-0.2748921918894327,-0.7992461090402861,-1.9692157149056335,-0.18921185363965654,0.5675345488246837,-0.8256328778517679,0.20510066556647474,0.5365297516245776
0.2170025493777714,-2.684610969133915,0.00546189133518221,-0.2786070581410812,0.2909717649003903,-0.6995824249167252,0.3262279164271856,1.565832951868527,-0.6323417210628699,0.4865976433414917,-0.4399288548905022,0.24842248346348653,2.0984609000552465,0.642127113066706,0.22067480017381957,-0.28342412339401063,1.5074992007754777,1.0631181997332593,0.2078229974828777,1.38482435300492
1.4790455256090618,1.0266993173002803,-0.32674306772919687,0.7555237805573468,-1.974760155120785,0.06802506257126764,0.12515921828132157,-0.32013417774487846,-0.6019838595882994,1.849358737830906,-0.143183294972661,-0.6617647175713638,-1.6416618716416154,-1.5142411512679215,0.0047216907396537035,0.39508025785592976,0.4163438711276055,1.0441638700483706,0.582896489109824,-1.2013130671803638
-1.49947760045304,-0.8722217244370796,0.9496627817820471,-1.0433083213950671,-1.0127960544272196,-3.0052968041349413,1.5012427727346365,-1.0827192163285924,0.42471645803153674,0.8166919798206581,-0.7483469241104449,1.5225181292621133,1.0096192574989324,0.927494011622311,1.273433981494793,0.02883392758282091,-0.12868060684022864,0.00686336797306159,-0.21797361461800274,-0.46388563779610265
0.8831970593072215,-0.8491345363611289,1.8927324817673226,-1.0932299806867014,-0.7620651927458449,-0.0319411758171699,-1.0586513901263725,-1.2508059765414854,0.901947214896005,1.7159789069190114,0.13688212200401462,1.3444646545794503,1.3281502266103475,-0.4025271271537419,-0.4870061802156535,0.39396986563515785,-1.2551723492412414,-1.4212612771753577,-0.7443715879269459,0.01788880131280286
-0.11669769178754821,1.5472088821836454,0.6094515518123563,0.3918703932075812,1.431268994423684,1.0713138316307549,-0.37701275660625194,-2.0797681098943914,0.7221682209525696,0.7312933301992321,0.3972625456564181,0.7747423932060368,-0.30861706627027546,-0.1591183370381898,-2.2796084271063517,0.4449343954770922,0.2200386329552757,1.2648130919228355,-1.125286356444738,0.4062944429959395
-0.04816830756149529,-0.9560940269063175,0.5207520830355528,0.8830285319407104,-0.3011278059349038,-1.0188745338619476,0.6163701358878775,0.10058200464644143,0.6892170898788958,-0.9593059835831218,-0.6178835544984046,0.1276394073692752,0.3956868593130322,0.4631073980886485,-1.505437931454056,0.33370450401850366,0.6315252651476057,0.5709265004989588,-0.6155832107067823,2.0065972637201552
-2.1415642419551237,0.5483813780965322,0.8674969419935352,-1.9650273835677803,0.2697838423972391,-0.5371872742911229,-0.3197708758715692,0.38119588133422955,0.934584497720972,-0.23948312510159422,-0.31140815142733186,1.6363172320605344,-3.047997902523199,-1.1228902224940105,1.6071910193941796,-0.06899979132602202,0.28756152962782366,-0.28308401998857524,-0.34679657995491303,-1.923824905486878
-1.61294851097915,0.1469955004042983,1.0168648753439846,1.6109596102853625,-0.8296488265969787,0.7515719258427057,-1.2309814855163888,-0.28880889176142793,-1.4227473632983563,-0.7172782047027058,-0.10400596266821924,0.34958194133559184,0.888111414146178,-0.654799795846474,-2.289563507115903,1.587762784563683,-0.7341945189130431,-0.9352185675188195,0.36373384980593054,1.6186182416383743
-0.8208934014601105,-2.3108972296610992,-0.8857362722152315,0.32847386103056886,1.731798699283648,-1.0688696460340268,-0.535623413423166,0.5453172156238707,1.607654272650076,-0.10779268443334833,1.3162231673878035,0.3878661627900143,-1.1444127503702948,-0.24572487699005108,0.6128009930991433,0.5411505518379044,-1.069150963501936,0.4449996813160235,-0.36986723949817324,1.6558962574405218
0.9763058995684426,0.3793948346887043,-0.05284328515478968,-0.3264290724167257,-0.30650147670685607,-0.4641993090020899,-0.41255123840192137,-0.47246275671841953,2.2123962693644326,1.2330351837765765,-0.02026733408636424,0.30410756576308945,-0.32654377819739283,-0.6640761213301066,0.001356329834183948,0.10530533973798177,0.37452783945508417,0.15227652591103502,-1.1833193461701437,-1.1123556287074714
-0.5769894446426014,-0.6324024785102537,-0.6743832534343561,0.25235795068268757,0.15347838925501578,-1.6525807654137072,0.06541767256734875,0.3595872024862266,0.7859779601339767,-1.1534475448602912,1.1521828664390625,-0.7203082064527268,1.1968560478820256,1.3488598597777641,0.6708934028780872,-0.42716702852883465,-0.40445506138030685,-1.0322197077627102,-0.1789764418733167,-0.4038358507798079
-0.825217858810491,0.4077063478793077,-1.4445470650276757,0.251479415913052,-0.6878359571022054,0.40624318379478674,-0.514461813008322,1.6154852469475862,-0.3521763119517826,-0.9330410278057429,-0.21873003929510967,-0.98950182518502,-1.770039282149865,-0.18806317283414742,-0.9658101175083064,-1.1877933286573004,1.6471287994246284,-1.9367887891925277,-0.7183009766694359,0.006122356454272019
0.6222859743106164,-0.5265543212861322,-0.1751707954890394,-0.4919159165165638,0.5655394960156505,2.202768061636023,-1.7089982764898213,-0.10252495861830245,-0.30882052061894383,-0.09710326196415457,0.2884078169759591,0.7134811485336416,-0.7060317852810044,-1.697249542432321,0.8680188896490451,0.633679142132472,-0.3961592091245957,-1.5725382020145109,0.0012015102967046633,-0.8091973201362248
-0.1844696136072741,-0.09492077696348643,0.4041720734933218,-1.8756023135020339,1.7078512370779109,0.38643745368132915,0.02982470697850372,-0.8619632816273008,-0.3894936185280286,-0.7280253610013752,0.555768880773627,1.3702043050950132,-0.2138804075527742,0.7582770132464577,0.8728955428010514,0.5976462557820195,-2.017784239543611,1.1865663047272503,1.1887972011419279,-0.15881677919677925
-0.08985909100041507,-1.3257261386147727,0.6107114286855365,-1.2713753266523165,-0.9986475427297431,-1.016345033199455,0.7852677308162379,0.683255865602184,-0.037109296613278726,0.3587660695263923,0.3631544297688738,0.5370696939657775,0.6255797994577819,1.328104188294532,1.0106472453335096,0.08856114644159149,-0.08575915436567652,-1.53390405966455,1.2639704893694783,0.6041981237962436
-0.6432031133162313,0.036158805543680075,1.215924456443857,-1.0375756838142356,0.09224049237108178,0.12654465892742425,0.3066583063046023,0.4062458664973945,-0.8755102276084732,0.10395485222096139,0.20354821735616535,2.1462399286871787,-1.2234867122167663,0.8327310028380831,1.3511322299900823,0.08582381426788868,1.144196313832134,-1.0840470576758143,0.38564673077566747,-0.8425991031864508
0.06994228298922028,0.9289122855449765,0.9382558887154918,-0.21593034165681646,-0.7485897676469006,-0.7832164649080543,0.5015225461232793,0.43983095871260636,-0.9594364495378115,0.46692387354611564,-0.6644755707059625,0.5985692177271629,0.030157723614339,-0.47684125655041176,1.1100453126924428,-0.4836839263159428,1.7637488667233354,-0.34790432720533726,-0.0041188097362563954,-1.303666562643465
0.9249018262639954,0.1629158260717227,-0.6607682330773905,-0.3319321274712081,-1.7995975417943957,0.6050974264259495,-0.0643619761652648,0.6220437964358325,0.6536457927641951,0.44423599264202174,-1.6202697003245092,-0.2479155204073145,0.7363082827061881,-1.2187329417422101,0.35499005027880187,-0.41416853248090757,0.05913709547523819,-0.765001546242006,-0.6966583925960524,-1.1411107707554702
-0.1903915499935434,1.574460797416435,0.3957421117834799,-0.868158401320871,-0.8967274932710322,0.41763776792350815,0.08248736758713783,-1.9818846123581342,-0.7174947368052311,-0.44621165289267495,-1.598724629874273,0.648048635316026,-0.5069798935647133,-0.3460214138549155,-0.4855994924192773,-0.33272561790437866,0.10591562279262381,0.6004901859288883,-0.6625139864576838,-1.1894848920240615
-0.2167413115597083,0.8841933619332201,1.5314952529779062,-1.1455769676520569,-0.46167487845480015,-0.04742073028364519,1.3533703397020398,-1.803471615283495,0.6267812315206513,-0.123096209350152,0.933806830321533,0.6355350348224704,0.49259621229356454,2.3549189413999994,1.053320677840308,0.9097303116471119,-1.1337425047792737,2.023076074183465,1.3234043827746902,-1.167180432382
0.3471135705261545,-0.6958540480783951,-0.45219792186591906,-0.7831727487279426,0.2816820092166449,-0.24746351619744517,-0.4967994903599604,-0.5081264079325656,0.0059996667870523745,-1.0797413681108319,0.2670888421163189,-0.73712250887808,-0.980771472142732,-0.6928624024182901,0.8551290347469425,-1.24470346954175,-1.56107668575232,-0.39740343946677437,-0.58719701125259,-0.0038906249795470508
-1.219342248315125,-0.33620275998081384,1.1614228694640616,-0.31025936739750876,0.5747787496600975,0.8122054236383516,0.2828864234406094,-1.1030712570097643,1.169123821436332,0.4502938100753104,0.789648066972027,1.4748634916060037,0.695895438156453,0.5141460044216535,0.045659465810411214,1.359360297450679,-1.1435059946751844,-0.2034463714507964,0.2230763412274036,0.45551360502671995
-1.3282121583900852,-1.0876323745210978,2.1304426285026414,0.01621383209446481,-1.2560085791515954,0.55257607334251,-0.35307559030515184,-0.9052371081938767,0.0013075515454294558,-0.6781026270551809,1.250827901390173,1.9673282501195866,1.0026537918442693,1.3737909212834802,-0.17839817265378666,1.3006359827792389,0.02410571658550098,2.076824962891729,0.25961731329900456,0.47655483771770174
0.22559671967479392,-0.3230512353457456,-1.479166269550632,-0.7702345241142162,0.47548688518146254,0.6810876142817982,-0.590419998438383,0.7823227327746609,-1.1336240991399058,1.024511893376896,1.3263297333065083,-1.4364096081389655,0.40808538206543515,0.34966769910467027,0.927636699943181,-1.262286099736352,0.27842704397831897,-0.0934903767035372,0.7480260125905375,-0.4672519774425393
1.021247288784233,0.5404193388320224,1.0978006428730125,-0.7625784303816824,1.474115218258689,0.31966314118031175,-1.1287006979584833,0.13633177922023654,-0.7763138971914754,-0.6238837379691171,-0.013962399511463967,0.04202321419486382,0.12472989909418909,-0.28265719750386087,-0.0007671744645451819,-1.4097043111551408,0.8070273130925805,-0.37025099605120176,-0.9499218079103537,-0.5459000974432243
0.5016925037705141,0.361174796564572,0.07399057559455406,1.3988514901844487,1.2106426507770307,-1.7092472870426263,1.1995114372482016,1.291672593894173,0.461226447810285,-2.180543706487637,1.1262458524161294,-2.1214309171180865,0.7816520803894212,1.7689522770259933,0.313286422845872,-1.1566960202808918,0.23471572182394496,0.014727911773270107,-0.00153772928637194,1.0540131556164982
0.11139492480140373,1.9598853706789348,-0.3716121673298959,0.28302116010803896,0.24244805216616047,0.34430935399248525,1.1802502637747756,-0.5483569008488197,0.46781011717653104,-1.1486389382891877,-0.08875935600819358,-0.708467286966819,0.6200992606841083,1.7268437641019332,0.2134474497226482,-0.07571671629181566,-0.07857078337534443,-1.7774829312727864,0.26135331602931894,-1.0804318151866015
0.8461540594651752,-0.10354686842436908,-0.003192811514317134,-2.018549651331284,-1.5826154043650351,-2.603008212605468,1.1728269819925161,-0.38274788690210476,-1.0089944219488851,-0.30256575241135275,-1.1451494276179697,0.8981331075958946,-0.14984293438495133,1.325988013870505,2.0763750634713936,-1.8179427542141149,0.6459065305948675,-0.5520603280415993,-0.35437661556306876,-1.676356301883383
2.185220219851355,0.7031746243751009,1.2459079917374218,-0.4754577115739007,-0.5161918943072819,-0.34531664196411627,-0.055110462217013385,-1.5839445195625192,0.37693770870126264,0.4555043584480007,-0.44948685264525384,0.5594061024486301,-0.034675849527503404,-0.5421696423861359,-0.5261573261837731,-0.3498606031282837,0.08494123341148409,-0.23722249156754993,-0.8623012197139381,-0.07014182807740617
-0.6930032454544647,-0.5120039111630216,-0.504304377376705,1.333734388385124,-0.9199894561092721,-0.8532787843754629,1.1477293159980098,-1.0822071691552007,0.3566899698835054,0.6885964981598914,-0.6501074972529467,-0.7551723201920945,0.2185841919643832,-0.9138985611601049,-0.3868283772774831,1.1118776073788819,-1.2680966895488888,0.9742591177705696,0.6142198724538458,1.244379461290824
-0.7947075820188769,0.5353244482462161,-0.29520862289078253,-1.183227786712609,-0.7462606062849627,0.8999578977511189,-1.680748897935707,0.37326893758979973,1.756267411665753,1.5528750168626277,0.15546827792826903,0.6811419989406544,-1.6597492625447912,-1.4633570410245356,0.24783355778101313,-0.061790872104125774,-0.31558479691200264,0.2375139649727001,-0.9637036656923583,-2.1657596986510614
0.06538682631087943,0.1988667983342417,-1.276726217329513,-0.283019165088316,-0.8467269001619251,1.0297137555964715,-1.2875998145934564,0.6090771706472236,1.7603506719264026,0.21252871067441081,-0.5770530037461493,-0.3864782151034345,-0.1617405723512008,-1.3020607504635022,0.8745373683043033,0.4505453986646689,-0.9978314550643208,0.43915009641198616,-0.6132585180235444,-1.921864907028462
-1.307445438979964,-0.8563405311557158,1.7581050276198626,-1.2327665008006756,0.6548087327228947,-0.013149250470110207,-0.6011740037027793,-0.4756820148259623,1.6382728702371359,-0.3654356330094096,0.40098047194831193,0.5105454767167238,-0.9052054584432383,-0.16709289002201935,0.4081803218350446,-1.4274483117126957,-0.7751282345863841,0.015842333003158446,-1.7403077013938066,0.16342292635031783
0.4229054231287233,-0.5753052368373813,0.21972052619312837,-0.11502687442368624,-0.9200043421487147,-0.8753979093170388,-0.9112025340395548,1.7618874072337867,0.1543647250241321,0.7442549831291191,-1.235830415927688,0.6202139008608016,0.068380912657028,-1.3948195013353377,-0.6354552601440528,0.6193751751414549,1.66908851850636,0.6865356389526778,-0.2689387985114922,-0.03637568292389079
-0.3855919113266012,-0.23656525721165184,0.011597825770246574,1.8179050183161924,0.8912543406194019,0.36595109066111325,0.9007369892092445,1.4919913903427104,-1.855811340529703,-0.9607821084670871,0.05857217760805228,-1.2351973760786505,1.8665153325894799,0.8840342274653541,0.8500057175521082,1.312575370658166,0.7638218197395735,-0.46239936949802735,2.2698914352400874,0.44964470572778303
-0.47420250815635695,-1.169113419783299,-0.7961305572724077,-0.08981855472435059,-0.22524003912664398,-0.6244777143473428,-0.9770663808338583,1.2770267882521569,1.5852407322585802,0.953157087118242,-1.0077545887451855,0.5209530684561303,-0.6946401088922732,-1.7712173454701274,0.22766852319195152,0.6114067719810102,-0.2220265539650822,0.8186646974845183,-0.7666447794164067,-0.20478359625246265
-0.09249960119813812,1.0472340711166732,0.013222575645933663,0.26502282756009543,-0.6009793417254313,0.20881310637770362,-0.7960944486815562,-1.2803992469545016,0.8195317658474807,-0.6023755390706282,-0.2592241780183422,0.8900648473565743,-0.14646050494177387,-1.2563597424790616,-1.8049590118575873,0.5667916644034128,0.94377677189296,-1.0488934186205556,-1.0493287644916898,-0.5119387049290853
-0.2392265565095306,1.3005200792824816,-1.7455139007651688,1.1191508972294946,1.5818187275182438,-1.3206857497438629,1.091168968726629,-0.6194748928081736,0.07892327962805819,-0.36378066238621043,0.7504478002315875,-1.6326660918493836,-0.47642093942076025,1.019183288351314,-0.42959951537773794,-1.1784902349998143,0.4247107123091565,-0.35108955158581545,-0.36326596093941377,0.06602541109355732
-0.1564426102926201,-0.44717014153385315,-0.4391849808005728,-0.2629533867201523,-1.2151625361862295,-1.23580475436642,-1.5126746955641122,0.8465263772804273,0.13096400075320194,0.6784870247009263,0.22633614831939391,-0.34746327375153335,-0.7997079761868179,-1.7524687883777301,1.1364270078570637,-0.4954306607966682,0.819828733869547,-0.24383005278497744,-0.5131046961060459,-1.3526099672859286
-1.296380010874449,-0.2778774755965303,1.055671038688079,1.8438600383815393,0.6240263465488709,-0.6452198425045939,0.6580078783366442,0.7935644406931641,-1.205098950398813,0.31877841697014414,0.14656708413315947,1.2391335271124584,0.6155180750974626,0.39136631755141105,-0.039254460724170936,1.2581552186704947,2.4383123678986074,0.8547368803754919,0.538930916475381,0.9023822197907089
1.217611682573823,1.2702650886506515,0.23860352535073576,-1.3134431247507052,0.06726373837609259,-0.2690531537988544,0.316547195784246,0.6295511944707028,-1.4399119835583623,0.4834922550917,-0.17315704445500218,-0.8001762707361278,-0.7080567462665951,-0.1583415292278225,2.1592460206627226,-0.9348986160828338,0.8349030380541264,-1.5862730504646958,1.2260958348117215,-2.7642346828299647
0.7220574673648182,-1.0397059025155164,-0.7243487863283272,0.2925618558206728,-0.38262000195629403,-1.4578840160349302,0.5453285938258366,0.18804104893478046,0.6856947513237186,-0.2947839268300283,0.43365873530849636,-1.4495625966979488,0.02295050913700377,0.8367959168093652,-0.03845814357633644,-0.7866256598092889,0.6239540163957529,-0.5093168148015664,-0.030544653222419837,0.6217836527545216
-0.0840698407483408,0.314410229077457,0.25253079035824405,-0.4255462894611161,-0.31387975305987587,1.0521785273966933,-0.8052854432428987,-0.7899355412418718,-0.07053200545145655,-0.027809937423454407,-0.9984940306334299,0.09808495861403681,0.5002605324169341,-0.5937638035799532,-1.5420374789537867,-0.6105369901018354,-1.0568503043707747,-0.2555980391130065,-1.0597352826259003,0.6667054858418643
0.17499017070152148,0.9388794201666152,-0.8339155855793166,0.3678489140769371,0.40942548976397447,-0.031643770404543456,1.3991647495297663,1.2274341831385724,-0.7921460189171328,0.058235590404994764,-0.7379305531774903,-0.03247286428187456,-0.09431685708877527,0.29825742585301623,0.21876179975643067,0.5509629879923172,0.6165605263129678,-0.04153519029507852,1.162684393658729,0.030979385921614512
0.2768320928648556,2.093016690968943,1.7037206848790645,-1.2267058477407757,-0.6057192939991763,-0.27427898644258364,0.8038867392503394,-0.6739799335837839,0.9379358689880619,-0.40850553629285136,-0.6611883132118301,0.1804739976901214,-0.06102527813641758,0.772100295847159,0.5792932256920765,-1.0595543482300018,0.07161748754971196,-0.4678445171351958,-0.715886674989324,-1.9884729085811905
-0.7381261711414139,1.2098318921394302,1.8439536353205426,0.9300003250156083,-0.8632846143101935,1.7255836685823727,1.240606097085864,-0.5948493504538264,0.9406566702696246,-1.905561027430877,-1.7744592175763045,0.6708172854846838,0.5940502062525398,0.46434424478750486,0.9219964215326403,1.3694137527251178,-0.8784250109370453,1.6155978422015875,-0.1108921328090978,-0.962800016217722
-0.21753176148807318,-0.6306386563807744,1.1229966915577287,-0.5510126468178893,0.7134603742787938,1.4185034189877603,-1.5911639356820517,0.9418790672063644,0.7130728393547223,-0.481005378823792,1.8990066758953197,0.6598233442977417,1.7575622887267495,0.9701624304812138,0.07922090779921379,-0.4009046870016244,1.2893774302659775,-0.050169927213658976,-0.5492649705427264,-0.7729342328243703
2.1907941045483468,0.3867704413493911,0.16512516605978478,-0.611338626706187,0.13435669710176967,0.16039117169441364,0.43171284208052385,0.7941387131872271,1.165704334293727,0.5116107846413651,-2.053689350763926,0.6443557801929458,0.740168506722982,-0.7712086163707053,-0.5112029108640067,1.4683387967054844,-0.7659099619435613,-0.015877454047882083,0.6312103825917271,0.1192870635756137
0.2124441722699692,0.21737476980469653,-0.17464675073547145,-2.360172918291217,-0.8008099311736732,-2.412125349130517,-0.32115333625748016,0.8659280174247764,-0.12380447869020658,0.27787386763886174,-0.9387003175571103,0.0659472129073479,-0.5121825952780344,0.08628895003909846,0.5717294130160279,-2.431904802844423,0.9700367823237347,-2.204177712725026,-0.9766865914820774,-1.5296596091489578
0.8163714319531631,-0.6007297238757935,-0.45188831607766144,0.6663237746970827,1.5112040938544846,0.02285074241011602,1.0356605034442448,-0.6064553601676577,0.05833875859534176,0.30082404348185293,2.2429475963215713,-0.3140483785956586,-0.30456607481900677,1.359544137004007,0.12043070196558779,-0.47784322508291993,1.3592572892574162,0.4701350922674739,0.44095244335104994,1.032126893767796
0.3433462177247055,0.3092601411942354,1.5843976367374075,2.459470285787357,-0.7518954248335591,2.0202493545459914,0.23244564498673392,0.8102359007804415,-0.7601024664551503,-1.146742836724926,1.0401076140838779,-0.6239659748491232,0.9139153919226948,0.1267127958362299,-1.8409613011826778,1.5488023437788914,-0.22566942681442814,1.000642007688555,1.12483481081199,1.9297660236020842
-1.4137726338142156,-0.2530194998791056,-0.4502770503478768,-1.5009630586133456,0.18315552933149193,-0.8697878883793931,-1.4393318812408695,-0.515880603699091,1.6383208577879287,0.3415798768504186,0.6595009324699214,-0.1588575330546418,0.31291316467978647,-0.48054284195468466,0.5715529966069584,-2.2380803872571557,0.11385683251455174,0.7654303962513702,-2.2821283679729443,-1.4195450498354756
-1.3654611775637224,1.0939610656886034,-0.0889488708228337,-1.018987109174344,1.8257808337924095,1.6455354262141495,0.73598768784913,-1.8405928856955098,-1.344062187422918,0.4319616135166134,1.0884889978562569,1.9802685967568043,0.24004550641215427,2.0131844395277287,-0.2479112080935033,-0.2223874426382104,0.7987750806801329,-0.2464290413960309,0.16787647855299442,-0.6166029783460864
1.48270671512846,0.5278447069572308,-0.525287630443358,-1.2590839937215257,0.3229559555989658,0.7046400099061475,-0.34643296318676864,-0.8918611154791968,0.36969594134482076,-0.026834881622340285,-0.06033884068672481,0.22271278701987127,-0.7489445424970559,-0.1820399745778685,-0.39826498311640235,0.5795893763966422,-0.2585968111023559,-0.8578260892533336,0.6177854963795523,-0.6833118776109126
-0.9612302864733064,-0.28209120995531684,2.5116063289933606,-0.33295800259410174,-0.42868834713916126,-0.36365832776483153,-1.0733796938552276,-0.8700415857245783,1.4583870035214626,-1.057468188600556,0.43347237612478107,1.2389983599345165,-0.3247368034462752,-0.03697823510388273,-1.2551656491441274,0.2326179310545889,-0.8571274938302228,-0.6525539412881559,-1.3344319665153805,0.8568725188956551
-0.6368257397925695,-1.4056030517824207,1.7707991026289345,-0.8281146505757442,-0.08015597387944912,-0.2976906219965078,0.8870216111599827,1.3876870357692574,0.10841642747746223,1.1264882676961876,-1.0297661169870678,2.228573711630173,-1.6040751910301145,-0.2099320400868361,2.1378623249543063,1.9312606219804063,0.13618422354364104,1.19438329469929,1.4307378462640725,-0.3464115836640002
-0.06761840798995465,-1.1369670484978447,-0.752025476154709,-0.7424270376110426,0.23650763310234205,0.6698608978294848,-1.0527796367285542,-0.7462581426165531,-0.7735192171607425,0.472048067135829,0.27824522661236406,0.5875694462792302,0.7207592062251066,0.41363292480029695,-0.7615574244455486,-0.2945275246852316,-0.900086017113013,0.8842222847670586,-0.3931909061831727,0.9712714098562876
-0.6788701767210601,-0.2799022528202951,-0.6235076897546735,0.18523037058404795,0.08159268518471509,1.4311687756917506,-0.5194957041436823,0.8333215479248295,-2.450283406638214,-0.5637613808212864,0.5350957425040529,-0.1592868277154847,1.0006450710002774,0.8222951226809968,0.2107030030441563,0.2094760816428272,0.23154431605113698,1.2778287739237864,1.3773220853583357,-0.25962028590130654
-0.6700465575132573,-2.775328310266243,-1.9528905699187078,0.45599995093035983,1.477827027875731,-2.455550572273408,1.0299711714282038,0.7508589897254142,1.2579321870648112,0.7114179557841858,1.6782027176044678,-0.6806840487584211,-1.673744299154214,0.1721764018353727,1.596331292156999,-1.1618827939469105,0.0197307127968791,0.1372220621939264,-0.2733249438881729,1.9718754394225257
-1.1026610651091464,0.13863558564912762,0.97748838109857,-0.5403807466306348,-0.6448405267128876,0.725801559995714,-1.2102996375649784,-1.252746028749115,-0.3223411900811523,-1.1363780061757678,0.33934332428012626,0.14021613762216184,0.692522347361403,-0.5365906071689962,1.1207474748067117,-0.7975321055775519,-1.2908142621330605,2.2464718570374664,-0.9129500308183008,-1.4025837566201467
-1.120575302867103,0.6302182611876211,1.0208538396878841,-0.5491479433015496,-0.30433047876382974,0.7886429871156407,-1.4626183136356856,1.366967679083593,-0.31729405123389204,1.1545577080478866,-0.7480518905131744,-0.31866575884171444,-1.9096214686632764,-2.9632099365708084,-0.005473691472809521,-1.5870700191604863,-0.9810766288824055,0.18070276893854034,-1.365018249692879,-0.3067388463019382
1.8513821592827984,1.2756545362654637,-0.1001557115239825,1.0730567868822998,0.9635251824415062,-0.46683539420512227,0.1418724789501553,-1.9060733436227464,-0.6962605820106239,0.0084537093597091,0.9714313695375806,-0.6105055486519901,-0.8268819473870029,0.7066329580870836,-1.8819948024296407,0.6594192851964262,0.18034555569308772,-0.07932585403626304,0.39251596727321925,1.1258885172827966
0.6583588181530691,-0.8698631537289179,0.06272894009347572,-0.9070137900779169,-0.5052878793058703,0.32378092732783575,-0.3498254130069392,-0.6470112788625582,-0.7179473167915515,0.6006692301921936,-1.3132348227098167,0.5980453201803567,0.1578660547559247,-0.7708309934958812,-0.9384128997562607,0.24086199264279168,-1.1451954183989794,-1.8128869542398784,-0.043148184650731794,1.3377454796724437
-0.34968262064996336,-1.4131345824258785,-1.8374667388044728,2.077792692994598,2.056424694653469,-1.3863770312424166,0.25334257464106835,0.9791552470584587,1.8766231920597152,-0.5750744428492656,1.3863926532676696,-1.7703645962112189,1.1815709163758998,0.4024335556504089,0.006488500111948237,0.4763995304459952,-0.435767693519047,0.16624313813843092,-0.09761927743730345,1.7975904547239903
-0.36345115150254803,0.190903417686247,0.5712765911610175,0.21718968859875987,-0.3382665793400159,-1.301848152317723,-0.23958858174870887,-1.2600458654247744,0.3125697423267982,-0.10066172332420949,0.8256590901062377,0.23420644584209716,1.0955121615137322,0.9240057728380614,-0.6737030564140212,0.38031696334329074,0.844833391679916,0.4769045218145947,-0.18707029119438026,-0.7531130315854788
0.4727094263313247,0.6236629937814775,0.37504156027461466,-1.0600329288856074,-1.4249753986848792,0.6242228726261845,-1.0035691823002781,0.6597846537300456,0.2999593386285324,-0.3231734844947145,-1.4944275066029487,1.623500585904214,-1.3333334930876448,-0.44524214017156244,-0.639732568725952,0.6489031241867896,1.5635677069344773,-1.195769376548674,-0.5566311112113452,-1.024928730094982
-0.08841472514348335,-1.1881812632691295,0.9058942072497544,-0.25634614744460826,1.1916075411818026,-0.8442109368337206,-0.547146190058036,0.4325454692802572,-1.0280056640626785,-1.0909995104893035,0.5673169331561355,0.9028571743916195,0.7350973653759688,0.24824462665541525,-0.6603003220556987,0.7869496093835581,-1.2477198286402236,1.3111307918338218,0.858575471419606,1.545254079132836
0.23705579965930915,0.9975952408603768,-0.04044340447042805,-0.37717418618172055,1.019267008262029,0.5350234597930417,1.3738316017111794,2.002868099497789,1.0747149997530636,-1.2427607531995055,-0.08008092332431711,0.028315854185044127,-1.7479421404448836,0.9591160701309083,1.3068825428400384,-0.6999796803599055,1.0639575800978411,-1.0220767621559825,0.12039326477040471,-0.32345699331861716
-0.8240735556834143,-1.5770298981922952,0.17043677225340773,-1.0300954867455174,1.6228393145663147,-1.5671206676712872,-1.1970431986261447,-0.9453838677739661,1.2326126369320902,0.8107230609061942,0.15377028873290172,1.1223381667648729,0.265047437994887,-0.7811854224506223,1.8478791580200393,0.16862270363654752,-1.0116996173932,2.1570621873134628,-0.775077836089806,-1.3527061445658075
0.24231561508028165,-0.18012805440764054,-0.5190261614815075,-0.33740876031148487,1.6321500020329267,0.3802555138747134,-0.0392983972500798,-0.807141198802147,0.2038148588251631,0.6147068901526828,0.9631236405024464,-0.2342942745003792,1.3699952453735282,0.8859929792749294,-1.809236798438743,-0.1506341302067753,-0.4377418345859317,-0.11215023964540119,-0.0009384242390919012,1.5863050714656952
0.8501766531325715,0.2713382592048572,1.2084635476006726,-1.5700118581771942,-0.5120793212603316,0.18160526191650286,-0.8515936800111044,-0.49851340824570856,-0.3590135906167086,-0.6305930454685845,-1.3019841755359771,0.8970970355149348,-0.4268419044434919,-1.2890725911435357,0.11664938120618903,-1.3128513317688948,-1.3860932799352235,-0.9570592569981686,-1.277818517251289,-0.3257730137445182
