X1,X2,X3,X4,X5,X6,X7,X8,X9,X10,X11,X12,X13,X14,X15,X16,X17,X18,X19,X20
-0.29736869363178986,-1.8322824002905318,-1.3825384597697636,-0.7271686171121292,-1.153472090871344,0.6040466546607413,0.4795698521909712,-1.3920079089003807,-1.7609866487152865,-0.7638645028132076,0.41243652799128505,1.2921895800742553,1.2185990361328332,-0.2003622920292045,-1.4997048197858953,2.4021510168863185,1.712658643264061,-0.39614181236258833,0.20341846034024916,-1.11465988077682
0.506923767786683,1.0032454352466864,-0.15907669120862056,1.3608599164914916,2.0249576267855005,-1.294213505787994,1.2883514809791576,1.1775061530000657,-1.219756439706895,-0.09074441225719097,1.2520897323639872,0.6703000843429139,0.747237981743382,-1.8418205461014985,-0.9465272643274687,0.8453380450601883,-1.837596192004095,0.2857443064407271,0.3777419789283377,-1.896779640250646
0.1409262923968877,-0.8724234757717786,1.3508345362827074,-0.32019452826009637,-1.5371083485231574,-1.0361093103285548,-0.7268976422406773,0.34574603843007296,-0.4446607429128608,0.18908943377463303,-1.0411318552706823,-0.7858695751807466,1.161135033026793,-0.3823900812822169,-0.4475052729065737,0.1290057479688391,1.0882217085413757,2.0049179804268147,0.35827484667721765,-0.32713584340225266
1.147704863992258,0.5501564532020629,-0.5844282809669423,-0.7865250596553507,0.6331564159339704,-0.7497306810116436,-0.08041113247182224,-0.31262651327385244,1.313617285422658,2.334950103392981,0.3450173501909011,1.3562483200233924,-0.6818399023837893,1.6344319492873867,-0.19409765276825017,-2.0643375489357663,-0.12306264872625178,-1.0055754350929538,0.4816058635493511,0.7221388889493278
0.1407961118163236,-1.8399705158619257,-0.14067468910758524,-0.3211401239830767,-0.05345763886991406,-0.11531863957696818,-0.599348605059259,-1.3125022753508582,-1.3937887263736808,-0.1226897517324611,-1.0598634177676602,-0.5330698725183621,0.9782372391268398,-1.474553847676923,-0.957074898554027,1.1082739271086937,-0.32134439860930203,0.8170584602309144,-1.7089807562033335,-1.094003963092343
-0.06929061420256523,0.904621676402094,-0.5195326096449242,-2.497173573235975,2.275142922502719,-0.5884734547792179,1.2323314913048795,-0.23636224179110527,1.8395452960430618,1.394009779355151,-2.733860852286106,0.467104753350965,-1.3715346190092845,-0.4176805485924888,-0.0025414023389321795,-1.9197983974434085,-2.082172533688749,-1.6759258485420447,0.10880771841209874,0.131799601127806
-1.056785807293007,-1.3169045032234625,-2.053291637682436,0.33422294603316666,-0.1481294819174138,1.2608221285539989,0.4755408617355288,-0.9950873758057711,-1.4021149906407655,-1.1567121207157822,1.1702135710902024,1.697258157597458,0.1685582908409405,-1.4025583393955994,-1.1600748614461551,1.6750525986439933,1.0495233211371688,-1.0827897282721335,0.10650915004969713,-0.9622368762211334
-0.2986143425301561,-1.0414393462376659,2.0369066990575293,0.6875109582637107,-0.7791172450574141,-0.5900317748327133,-2.816634469887857,-0.24246092233404692,-0.10496052783787098,-0.760616115722917,-0.5394011301415917,0.37702453935120467,-1.6574065602287569,-1.13306664107344,2.1493808696931405,0.6433315863504375,1.2839071746281354,0.6990181620958439,2.2112178268598566,0.5348422611924627
0.1706497751399991,0.20918126658547903,1.003653469782007,1.472600671803358,-1.4250815205875471,-0.21421948101687358,0.48260443223762284,-0.29465740162246334,-0.14035057681136368,-0.4178079290505967,-0.58216416713771,-0.34998867010195783,0.15019548939624514,0.10028686403030493,1.2711816176520683,0.4995603493586332,1.2475955965392143,0.38465938121254994,-1.1947025363616013,1.1682412750796871
1.511241898128565,-0.5434517368919969,0.1801309413514322,-1.0038533263002751,0.2490820984949209,1.2122161606242103,-1.0944402833607907,-0.30889959880404677,-0.7025349115907349,1.4641978769509771,-0.35944694917781395,0.6663114714038384,-0.42859801987552937,0.8539691537463676,-1.1680734226830074,-0.07690027415592729,0.37456873833363213,-0.3158938175146451,1.8800339931720573,0.7423808191860545
0.061870503443670774,1.4860667973841617,-0.916385664149127,-0.8862200996465232,-0.26153114152999096,-1.4876294115554205,1.0079914764665943,1.4588071303382433,1.9096906835336316,-0.6650262372360964,-0.6599651004798853,0.4121556677424712,-0.7562363079238787,-0.9879751324009993,-0.015494940159938414,0.026024649185053084,0.44552708860983414,-0.8155034104946427,-1.1840731269900469,1.1228069327332957
0.18674037232324656,-0.7518706199223586,1.060689444169864,-0.21596077021635224,0.15657524462230704,0.9176276823914103,-1.6514311714363492,0.28693326611476333,-1.175412777233717,0.5204126942076986,0.2375614213247448,-1.6532568940426065,1.0119418321976907,-0.10390473789926401,-0.5018348280999708,-1.1304777467721698,-0.6733946363225416,2.212502838477972,0.21534306641734005,-0.18962212446036888
-0.7880855509342964,0.18792514112506084,-1.7463511590851393,0.19458669283117266,0.1026865147553156,1.1224254858530882,1.9229062375736126,1.6336550366547047,-1.4749038712371987,-0.5614575320063662,2.00208930069355,1.1282269993426195,2.293152799060684,0.436625512799488,-1.8666120458963629,2.0496350360169098,0.077638964776228,0.011147221942044408,1.110669941530187,-1.8736851018553808
0.04623908301243277,0.17765133291082882,0.02486628641125597,0.19747570195927966,-0.2950282156872711,-0.24492574791377061,0.7839521541993381,-0.35273836975330103,-0.00033594607632376745,-0.20574710260776657,0.20179482897790021,2.048383757235699,-0.24571168800427412,-0.9354593002220337,0.1272761592551242,-0.006660057158932918,1.4134469373469851,-0.8586416078032522,1.9114396842744288,0.9384861676814984
-0.04048167776325533,-0.8506846856502401,-0.5387965965113874,0.9369612194592152,0.7534940167189417,1.6567244180893177,-0.44360603367719476,0.517226604590682,-3.1686476794153324,-0.398204238646256,-0.21979385193385806,-0.48645244323099635,0.1133427335287268,-0.6532763882863792,-0.08392512465183453,1.339720193375909,-0.6930805336567094,1.0362836768249568,-0.33792398293052756,-0.9915875109024171
0.2873534427056295,1.020929207121647,1.1367641295810906,1.0843486570840966,0.5953991420831096,-0.8179948101322839,0.6270248784150706,1.5004624923360665,-0.8451299198933538,-0.8340641535173874,1.5322159157572584,-1.237723594750334,1.849023145901378,-1.4197825072240453,-1.1678268238296756,1.134527851309583,-1.4453134260321125,1.6951040375361868,1.3966732969347861,-1.3776368007665423
1.2798474736933347,1.453920447835107,-0.7869498433018279,-0.7570833563110757,-0.3248901921020688,-1.1771944862676953,0.5759842582145953,0.8746498207281561,1.692989597393213,0.3800987931513165,0.25920420716560294,-0.3598913001322458,-0.38906914788511077,0.6460378719979769,0.0037758340363387086,0.027395196917572515,-0.060520018884417714,-1.8412468216368236,-0.597237823179009,1.1669873345685833
0.5243309724700723,1.5036901622952241,-0.48381835810371604,-0.5495117304775221,1.2570265355003987,-0.6127221749817909,2.8138652992099775,0.4373106158303917,0.04706238953055928,0.7848511464438488,-0.4073590151814211,1.1934997065002002,-0.09993832398566697,-0.16766051094065368,0.20302182704769395,-1.3724514913093218,-0.5863459806199618,-1.2893158780929923,-0.3146527881987973,0.43565448387322575
-1.127719094362753,-1.5001317954738707,0.5882152859089821,-0.7657408943283002,-1.2151746751126966,1.9298248759485206,0.6134165273216643,-0.22223017264529887,-0.44824995301592574,1.4698279072488964,-0.7835151878912618,-0.9533706355034013,0.9009664959616114,2.1777793794074083,-0.11738726777754885,-1.2034790591593496,0.6230536669764895,0.11095588217645631,0.27088148142110585,-0.5676898331500526
1.4899747152500444,2.395300636053413,0.08206378315575849,0.36046961621747337,0.2419090505620383,-0.5917650031788946,1.5111154869540933,2.31383523791687,1.4016751503823328,0.3798593052344375,0.3249419211732475,-0.5028077877694347,0.3095966248086383,0.18982040309112674,-0.4744284975361518,-0.6121303784555813,-0.7221300920043138,-0.3296749767921438,0.9557046703635858,1.3052836297429902
0.444716363771267,0.5921175479988451,-2.9776633808927286,-0.0975692253093318,0.3718643133266678,-0.027916622707922757,1.1170429178118289,-0.08471814386754288,-0.255358429692657,-0.13581553381576678,0.9252724279850166,1.6581158375974294,-0.84696201897434,-0.4814692431204335,-1.1371418266698372,0.5405539233617059,0.5070417728791653,-2.46011997604151,0.9589456192727885,0.5177586428994893
-0.42486681966386125,0.009544557764564499,0.6795472415094844,0.2972623537265353,0.7470755375493343,-0.4826006093366176,-1.5143158715477913,-0.156865914990745,0.5991006549124526,0.04957651099022832,-1.5404794199273728,-0.2516720096595829,-1.8640347448677876,-0.6979045877086985,1.2572446641911779,-0.7639152604242836,-0.5863997648494659,0.07506535785888412,0.3113723837654169,0.829462365157218
1.1906935187532024,1.202707149608243,0.25956323241124807,-0.6807594882670946,0.036364439056774084,-0.2811326004990576,1.015019951953699,0.9159374728556609,-1.124557915140136,-0.13648349218477493,0.5676521347564002,0.15859647667093776,-0.24977465911021537,-0.9831860159139727,0.5051350350184329,0.29928736416920887,0.3705082464145321,-0.4185117514152458,-0.26661272412947934,1.21218840483972
-0.6109373503193674,0.3611850551150885,1.273026053758623,-0.19354585629073323,1.091549140573085,-0.8092058459568068,-0.9413253429593598,-0.9675961263688648,0.522095139871198,-0.5161328609808727,0.27826907451393756,0.6363060358576222,-1.5019069669846516,-1.0544918976074382,1.000708062208676,-0.5279355236927677,-0.34729079110591315,-0.3415893872290262,1.7015266548605537,0.3892336183947203
1.0928370870090025,-0.4312851831861381,0.8754977637436213,-0.01693630461501954,0.3868624007571464,0.5084924395085574,-1.4912496823682435,1.0118648395207777,0.48882351836350035,2.057012753836195,-0.9336894023557939,-0.9054949048627583,-0.305079382135599,1.9287698221067684,0.13076367140550085,-0.9587941233999203,-0.8880237448009608,0.31554316492826506,1.064942403135211,-0.06212343613470008
0.03315413675575145,-0.26334555060075915,1.3377383625089356,0.32156718941476653,-1.316023397991632,-0.9016636470646857,-1.6297317639045925,0.5204967566820793,-0.1435882473238336,-0.10973481791853945,0.4989062930262525,-1.0595424797527804,1.0157312508387482,0.8471037365634775,0.1282729584604611,0.15303156851731023,0.4387684434846507,1.7875253880093227,-0.1683779180961642,-0.22012364556003616
-2.0459656789253717,1.303833434359996,0.7172749152970144,-0.47040570906587614,0.8486635755382949,-0.8426827487110193,0.0607292424383285,1.3389422585621005,1.6871183677094728,-1.5545243330741343,-1.7807048808114623,0.3930895808937279,-1.6140068326642394,-0.6873337636965788,2.715977606575,-0.8536456229678819,-0.09630166546329304,0.3146946037417036,-0.7251255720045515,0.8747511487219383
-0.9979264749642024,-0.6241958018196258,0.04128885140461694,2.439040509286142,-0.5144058095784241,1.272545411828721,1.0072744065895667,1.2164452140913793,-0.7811866701403485,-0.2739142778890178,1.7667359312844972,0.9422783265237332,0.4983067480696882,-1.6196288026981147,1.6659349009222957,0.37942486139830733,1.0255620937941492,0.398307694044506,-0.765959426964506,-0.3916586453693431
-1.42325306248646,0.643430181886936,0.45218427222204244,-1.1900615027975563,-0.41316674097472456,-0.38957730075694597,0.695948011482259,0.2390943448307942,0.6195864814673804,-0.9091390881892565,-0.7647639013692544,-0.9303204280289679,-0.20876854874921597,0.025780131412677595,0.797365897677622,0.11818406123040388,-0.17291593016875803,-0.05729204698803806,0.964022426509345,0.4744404955184967
-0.5565260839743255,0.08660790913285517,-1.1828792184628325,-1.4791319140527657,-0.27450529398740786,-0.8204084395707593,-0.6373447167642269,-1.5995812159263643,0.25210545830175585,-1.6071136683906053,-0.3948814228534712,0.3999701473935881,-0.22671288565881906,-0.5091499140471536,-0.08189911400180948,0.9179195158067252,0.6308157030871125,0.04866535517479558,0.41277008899020234,0.8553567961291031
-1.0998952982115946,1.5906766398625722,0.231521115868175,0.11608075200024111,0.5514991129771935,-1.0085908573688818,-0.04062042689862525,0.9905832387209619,1.1343079630688904,-0.8397442751893519,-0.17322355906637052,0.747389902086153,-1.128718610587648,-0.31755645152242457,2.044011054230921,-1.020420596772417,0.03772315006515745,-1.075189447120331,-1.4241270343852144,0.8640133195045376
0.14009455507157054,-1.7790621406070326,-0.6048283748412028,0.9851709352183571,-0.8512254272576529,0.8463185082543645,-0.4355436809380613,-1.8156222382157585,-0.7979850107391941,-0.0439298289413349,0.6679418386380933,0.869826119827244,0.8511300335130557,0.8434369401329104,-0.6068284301898786,1.0930613901152464,1.2400739049335665,0.580465404000196,-1.0307272965897092,-0.6151751805089827
0.5443944515068478,-0.8313461308640907,0.35849208668337473,0.1726492953607322,-0.2723769642235937,0.2171156759826685,0.9612892207324801,-0.5349204729714513,0.4060633283222264,-0.01870764888999732,-0.01616866079812682,0.9818123969183926,1.0646707784469804,-0.09903636344266652,-0.2779533519369067,1.0192147061373498,0.4607757226138881,0.7083673302885828,-1.6979798560291384,-0.9407599753000896
1.7417432620042548,1.0334314517300793,1.0748511256257829,0.5476857131366797,1.2048985357326116,-0.4970411911956327,0.6952802933286388,1.962668197599769,0.9145273907625668,2.38453780177871,1.1320307591566774,0.15241688137836595,0.9967356108682349,2.0877898594414903,-1.1566447204811827,-0.2439980793486842,-1.590339330491066,0.4465451642649137,0.8042312755567942,-1.231650665820256
-2.1358257261526887,-2.3111969915501827,0.19174930858426514,0.495080380845871,-0.3853836238784364,2.7031442802681385,-1.3195613796214134,1.1899239420379104,-1.6795951680934964,0.10104512894191783,0.3074741392975901,-0.5871335268259267,0.6733159468720386,0.636971597141727,-0.08328307362210792,1.381768576680902,0.014613812221690472,1.1811461878832084,1.6407495708769184,-2.1879597709121668
0.331262129478319,0.7823398525977795,-1.8246676879347181,-0.15662016612925794,-0.416332273888152,-0.6239452182865235,1.5409898249392349,-0.16382062426701002,0.41096753085342747,0.12478032390872829,0.0022271378211073008,1.5001481910939976,0.033746469883226944,0.9449018358773524,-1.02472877999219,0.2460292058024889,0.9461947592030213,-1.6024885370880615,0.7610023641146866,0.40555042039822853
-0.7315581052156147,0.2048203250725118,-0.24558208297286377,-0.5986295687239227,0.036481264531863594,0.1188899415797193,1.124528087566312,0.3438736575544887,-0.8697754012961728,-0.9559353969606701,-0.05497083727781334,0.8387331022549971,1.322239098055735,-0.17661344656871591,-0.6567896820058773,1.1041482818010893,0.4557262099782137,0.5207064197290266,-0.3019249536787435,-0.3224283974683415
-0.4327112862393249,0.6298404034446402,1.5124824298578474,0.46432082617363574,0.5911846409522372,-0.4984459602759938,-0.4222611082015753,-0.31388939149877876,1.978277810792522,0.0007141531319162995,-1.2011521116500419,0.40000803994274575,-1.1401935514193244,0.3718901698738148,0.7475759357276993,-1.5306996677732618,0.002597851267751115,0.24109790558089816,-1.3332853153491382,1.038023280820463
-0.2997367001685932,-0.25376911667226915,0.05610314225552159,0.3088350279585991,0.9079902879254117,0.5923220224560518,-1.182665615036437,-1.1204898184597119,-0.16424629566495358,-1.663174514421344,0.7100214263374613,-0.047220105264635985,-0.5694119870541804,-2.101157525987188,0.12626392652647644,0.5463123504050508,-0.4485770878717639,-0.14913039187615315,0.277472360825109,0.6193689006592575
1.678181704611241,1.9867688436923356,-0.010737928206358107,0.5115276885247607,0.16597897664410052,-0.7205930470886728,1.0397947269956183,0.6153794117809706,0.37441264218461684,0.26758030561025087,-1.148321394483375,-2.0080224598942458,-0.6881456859758782,-0.20991071670098438,0.7868002002913806,-1.0651613849935653,-1.0780445619976944,-1.1586066457659105,-2.8186081182193066,1.983629480162286
0.9916074856487107,2.1639961403035395,-0.3733566231023947,-1.7151122327891384,0.2024165162539853,-1.3469982436274883,1.0806007816779266,2.060897147644445,1.5401334502387523,0.07711783391961217,-1.577917363552196,-1.2984930652328404,-0.6643787413831659,0.37117770885716694,-0.4403548960647134,0.3835108049492689,-0.8121254368252534,-0.433358399562288,-0.5994024629755894,1.2043748892477562
-1.0971863586692718,0.5312065197903734,-0.936756801480374,-1.9783429999785331,-0.5936885860360657,-0.1634184158233747,1.0919832611729685,0.24576565014954663,0.5307465940969291,-0.09885025042498656,-1.7535087917192203,-0.10385729608756067,-0.6477926722892987,-0.051010798061032404,-0.10363927700063587,0.09138567553942134,0.4214175931398459,-1.514391065467462,1.022408440916527,1.2778644243510362
0.6247252016331286,0.9272985052491278,-0.5515271538858573,-1.2642791045587267,-0.13784325518283716,-0.7116401766894843,1.3473649930854807,0.19775538304381293,0.06514796224805593,0.38917061679120935,-0.7503666903716918,-0.6198132702444161,0.6830271827043772,1.0499712581008789,-0.6292492183074092,0.252559691039918,-0.4746474167363072,-0.03400118130873729,-0.6160406829515406,0.12180267584536199
-0.6666875241170536,-1.0944171215007692,-1.4532125319433837,0.21107610560399698,-2.791019637095959,1.91283505109134,0.43638747277284085,0.8720484673533869,0.4560687810826901,-0.36346875829425374,1.9482418827932773,0.17295556021103364,0.800435181753839,0.6908713623304278,-1.1344097466302154,1.5210642661588092,2.4023848169060873,-1.559443748388211,0.38036614960901083,0.30433608548657093
-0.17309556717489158,0.35571914599753235,0.013276704988758884,0.4464985406686679,1.4846921147795433,0.10925461958449777,-0.7437575962056799,-0.39755530879682216,-0.2774648335579443,-0.7013635438221613,0.9043993187636071,-0.393539186357256,-1.3267255163318024,-1.335046932877426,0.199272688146861,0.15933059503291105,-1.569263386989125,-0.5887336801903499,1.2468641353224565,0.010375089600346075
0.2980057625530636,-2.0868128205483605,-0.11072038843442522,0.812959192253791,-1.2710214565048885,1.755744268483616,-1.0819631989509757,-0.6447706960518743,-1.3195407739043308,1.0509620232210548,0.12954603186697117,-0.13974745208375514,1.3975865334657591,1.5199954053933298,-1.2485705323343705,0.3586319375911599,1.2610356474123379,1.7752044662639357,0.891646916644988,-0.5278412758979876
0.7031041493558474,0.9133944905074873,-0.3551424296097076,-0.9631155003944221,-0.19085821828940988,-1.0449447788443798,0.19835402025666224,0.10244886447927944,-1.131394273974218,-0.43050635435788703,-0.1912825594535988,-2.561105554889218,0.8364740315415387,-1.0215481198774314,-0.3803282791994934,0.48229984202784165,-1.0356448361784698,0.9485139459590604,-1.7366975935991642,0.39054956272243574
0.16584662604912176,-0.33251168745680504,0.9186325758119239,-0.3151490729822984,0.11536755161236263,-0.6171370031868527,-1.0981387854743867,0.5103712811284575,1.7107664062825019,0.6156391071597186,-0.5300119972028999,0.5123861433336458,-0.04196478627399204,-0.24269939121654105,-0.5656511722600843,-1.530816168113853,0.08731793516003997,1.6154155868181164,1.0987643889113938,-0.4047181274545553
2.507883167390555,-1.1360537069637437,1.7452104367769217,-0.47380860776257094,0.1745002635607226,-0.07741397815835326,-0.6320944796308049,-0.5016846424917565,-1.2511997847152063,3.3563257293073483,-0.11828551647397409,-1.716691402140541,1.9052632253535435,2.759713078150917,-1.7134247579351283,-1.4793043930140501,-1.460217774667056,2.3959108722414535,-0.4818197781057557,-1.8313244173288494
-0.9166913432723025,-1.3339916540872594,-2.3499446438170972,-0.4166297966655649,0.8756325915198714,2.29104588737577,0.4607992026287313,-0.09566128553622177,0.13781190927597037,0.21588449474867583,2.010820751661345,-0.1749861983190813,1.4460079879605363,0.003043973382762747,-1.522045077731733,1.3512438223671461,-1.6316973455061854,-0.8954182741102751,-0.3130502545813516,-2.4883562580308305
-0.6865553896486778,1.6747850495887893,-0.11669930081112573,1.6200178859278216,-0.15619037337930766,-1.0605669407288216,2.008258154672602,-0.0011686468933783589,-0.05386229757840545,-1.7830666824389803,0.34160609621110133,0.2557054054589517,0.2096247156100611,-0.44730143504742503,0.5488904340587909,1.1908074255503729,0.652324353289706,-0.8850271400367455,-1.4899726696443194,0.8321670789304607
-0.443136406926009,-0.8063593777334033,1.7861756292549442,2.1108717879076564,-0.14229851540851648,1.55667038504019,-1.6917734802085265,-0.05120822358759449,-1.3176836668813332,-0.5611821905820469,2.061968672981687,-0.6775249354522904,0.18799713894130607,-0.23924287239758707,1.4424334278141022,0.7234928730759151,-0.15633315195324723,0.09654140022280462,-1.4128188529807317,-0.35866577685170176
-0.28632205686504986,0.21973896669234438,0.457462030315335,-0.4674934378965391,-0.2454132197440062,0.0008853209233022693,-0.49792950716363,0.16149148243183875,0.1854973808255427,-0.5541122885770313,-0.3467472238595254,-1.6639766252624992,-0.0015363588591291763,-0.7164108278117779,0.5192293208976795,-0.34627127446443484,-0.5721802435781022,0.6210484867566226,-1.0563369206442659,0.30921067914498934
-1.5844864498269482,-0.6260318967680647,0.38598008016149216,1.95554535531049,0.3055180662821091,0.09076714246875886,-0.805184325160701,0.2270770618638109,-0.48119747647721334,-1.562479959480517,-0.023692788107578935,0.6705163654225561,-0.8678706831654651,-1.9918339776636305,1.6331154886907349,1.612379653805443,0.3693667800555648,0.8316165737569392,-1.5938449609440337,-0.6478611080530571
-0.2079988914190007,-0.00751440419864103,-0.4485905753016427,-1.5485820524948009,0.0947565961107095,-0.5641091071611565,-0.42861178890418783,-0.1620215090693112,-1.5711701892833527,-0.7625233303563608,-0.9365033376164299,-1.6900263138613258,-0.28584728728938974,-1.143831452343395,-0.42488230014676337,1.171749033408191,-0.8233263577237973,0.28443451021437177,0.036364812141637,-0.018171995975701218
1.3517720364342172,1.4460652980332398,-1.8446857636480087,-1.7128813616528489,0.958610858794589,-1.9284384044961305,1.1566874983219817,0.15507063984560565,1.2116746366291067,1.1657943767935837,-2.3090462853232596,0.6363645603197088,-1.6297028576317152,0.23743275968315633,-1.0077290553620109,-1.6331058339160993,-0.7406143971603364,-1.6532055038309803,0.9058320421183289,1.2414091449670934
0.07742670072427453,0.5178213676957156,-1.1570998283232856,-0.5557737771513074,-0.0350689815491245,-0.33287242142335177,1.610895927682565,0.46192833348552254,0.3570920476687408,1.016588174421529,-1.708195160373755,0.25830878486565384,0.6812134841611168,-0.15455962728153852,-1.0832230275379877,-0.5392895363869357,0.1256590940103595,-0.6158087417289794,1.7983289608212307,0.6063216402346411
1.3466482076957123,0.5198491950014819,1.2731838084253568,-0.06928418499838421,-0.5415624930617966,-0.0011061619649664854,-0.028512085203562663,0.5967519072710128,0.39619766629161757,0.6485669431078079,-0.640120153660302,-1.1897500420687352,0.6351015457783109,0.5073606479760764,-0.1361857486868974,-0.25852376603087607,0.09203774044878056,1.3275716788052352,0.4609043584939069,0.9665283712823001
0.00359234642047108,0.4467711006556145,1.2423540647068239,0.09050796139851632,0.05235783005257852,1.5780966007362287,0.9379630185672974,-0.3070520732853971,0.18518605713948855,0.3858584579745417,-0.26645524189308484,-0.02382661967004657,-0.7049392293758335,0.21611567005233254,1.045717887312934,-1.243072278077611,0.3808917869624091,-0.7636338068810781,-0.2896209814509367,1.8830897869464147
-0.45425541288719073,0.9003616824285405,-0.41914256172100794,-0.9913944174270848,-1.1566516495087489,0.7079374143712039,-0.3183446495655107,2.3045166594115654,0.878993843515641,-0.634447696912309,0.7944169060860541,-2.096987804057557,0.35557351626168554,1.0405340245248158,0.1346027427744775,0.716983655334063,0.04501715152777162,-0.28742186646571294,-1.1146087903687127,0.4937885120776425
-1.1279600726381511,0.4740606660834609,-1.7564098977104112,1.3034930561459037,0.7168359057445078,-0.6741670563895281,0.43952588527281283,-0.8244550877519251,-0.3856350580911934,-2.5404393029836796,-0.2081960529740392,0.23393180030710875,-0.4682152997924703,-1.167640493783232,-0.4221940770355439,1.6616038893321001,-0.4318695052830546,-0.3136439765101211,-0.7767420463446549,-0.5694403796951913
-0.07268352788785284,-0.9634251012225569,0.6908552051256726,0.37738914063885753,-2.18740081588983,0.5194473369669442,-0.6116732760981797,-1.3663460986644813,1.1702623504267884,1.1487719522842976,0.47731037128783804,-0.97653133189208,0.3579687342874465,0.47257215153226123,0.8754126495052698,-1.9544461865522629,1.5810049947048366,-0.20419779593612777,-0.5745276948578446,0.9890289210680465
-0.053969117770922434,-0.32497973204445013,-0.0884869200595406,-0.6270455479418078,0.461880557534702,0.8508184280959723,-0.21015746315954462,-0.17428591209358033,-0.09218125685339078,-0.2861404379966323,1.245522323892117,-0.0924833480446026,0.042838100052557816,-0.38908205042099425,0.20998761460242296,0.5320655442935008,-0.523669050112421,0.09836515932344195,0.3522124022200304,-0.8097402992143923
1.3629136040004994,0.855354235088228,0.35525842719720985,-0.6138329293505352,0.3744654513383595,-1.8298062662510346,-0.5588103085094542,-0.4624063437314266,1.0109701641836868,-0.12492320215511084,-0.49031992141383723,-0.40665475246001476,-0.9665127796559987,0.08699330175163653,-0.2953320965954898,-0.3522922934346177,-0.4896986058302964,-0.4010418014232869,-0.5569710007042102,0.6763244193348465
1.0919276885849867,1.0823276579749408,2.308925103177538,-0.14718305761965006,0.27438657695493485,-1.6759286516343628,-0.6637335621510103,0.0781578789305,-1.697671979728844,-0.2106887508167133,-2.5441218745878054,-1.7623421692919872,-0.20191215383000624,0.28105298665897677,1.586920396049833,-0.9262722949270582,-0.5386515942574854,2.9677416105363115,-0.98085590565162,1.2124008872287866
1.7153122947015378,-0.8971082765490387,-0.4900528454672913,-0.12337081613862932,-0.09287804125010989,0.519491783116422,-0.21381961769448263,0.6128684483829661,-1.048893802215906,1.9675274042505124,0.6408582885432562,0.11881629168620977,0.5986880799619194,0.9524953974149395,-1.5478771593837823,-0.07686805028500775,-0.23969170175742768,0.2654007729045846,1.2092704136569432,-0.9719907974830336
-0.6448324256791023,-0.650505114202709,-1.671932629469582,-0.889153558781557,0.7370159418925435,0.4830544264849696,-0.16610712241736958,0.02644409064368528,-0.005507775943192318,-0.06261359226045324,0.030287366027121954,-0.19224531451693402,0.15676610550272688,0.7135841053594287,-0.42329329592984993,0.895980609892824,-1.3719530364900094,-0.1626852599845016,-0.9131422471095441,-1.8928291538626365
1.4312074909915962,-1.3192784538853772,0.13777687720797216,0.21555009359610597,-0.4829385739316674,1.0990866321628066,1.5011401150195645,0.7546368246526258,-0.5455182035854178,1.2119567443884418,2.005104517275395,0.25350793173972097,2.9513910562424086,-0.2952157505224716,-2.042613454933065,0.7453476646608943,-0.07373549019484243,0.08850029352696397,0.030998567692646403,-2.1718128021138257
-1.0649682126543736,-0.23267026908665306,0.8868293718599155,1.452272632419066,-1.0044833870933745,0.03416181635236499,-0.5783091348479409,-0.24686129791586245,-0.4527499252257927,-0.7911929644112182,0.5067626048309652,-0.5449712657571119,0.5604820101632721,-0.6829934181267302,0.599630537651895,-0.13759754403794183,0.816942548201149,0.9352973454612727,0.044044576893880215,0.31995570430532205
0.4101009492359321,0.36309037619306544,1.036076703744979,0.4581623115124819,-1.162347629602853,-0.10232201821082623,-0.6638167222916564,0.16023705988533382,1.2334189497937065,0.7287849010189619,-0.28264473706342275,-0.5674998586531858,-0.6904131899481093,1.1649911852497628,0.9948214967563783,-1.4384858521004174,0.711659054011753,-0.4356602054942599,-0.42928015490312815,1.7272899855811292
-0.26300751991905397,0.7719492021379208,-0.7771813588976402,-0.23221251396171724,1.563986343597381,-1.7535202814518456,1.362177133377967,-0.8905677518423384,1.1008856932340896,-0.8357146220550218,-0.5416749201365122,2.703394874150858,-0.6571751591463759,-0.107757738387371,-0.276133849438477,-0.2930392522118514,-0.22163293327579825,-0.7689123590822978,0.21753272902868032,-0.6274900490848475
-0.6715726383075971,0.09066142835367867,0.2765580544575062,-0.19200617836492687,0.4363931334957983,-0.06974536111300855,-0.6074539851901121,-0.9317609622602909,0.6345640296888576,0.8122933446077606,-0.3809636804381516,-0.8542815800703019,-0.7928976466124023,0.3947117305993997,0.55360925410986,-1.859855747425518,-0.974216924263159,-0.22345023855570637,1.1309968227477813,0.20590680950524057
-0.03512849929829086,0.3577109886393649,-1.8271538981522546,-1.7182316208343547,-0.6651261187598579,-0.7267778173409372,1.018778588444464,1.4327992499990767,0.5352527885950256,1.1585088423162921,-0.8381064273095347,-0.7805958134517036,0.47944901227597697,1.1006115901667548,-1.172445541629122,-0.4253363581105733,-0.21100281378120977,-0.5132518970412405,0.22282464533217444,-0.6115232306096412
0.6263193729918611,0.7564896137095609,-0.38185453380822,0.034210799773468074,-0.44762851354335215,-1.2004163233985652,0.06305619180425302,-0.883636405953083,0.07752389712751992,-0.32521593355224077,-0.01711379658162925,0.3623826891001207,-0.9224647861124771,0.32006849376873286,0.029540743083599132,0.5594083941021067,0.7394762948753449,-0.26367213023055436,-0.49349187753944523,0.9292608918044297
0.4676745358750457,-0.48155780068416515,-0.38693784130181563,-0.6241164444697469,1.1617809676621804,-0.10486331038447788,0.5609714264803124,0.5055548269059141,-1.4281514775496793,1.2153404884797492,0.30888106586653846,1.1120363691975346,1.4283589713249267,0.13109868632679558,-1.807940063691098,-0.37000280404175395,-0.9731488816135608,0.4056387869666049,1.9247677127354943,-2.100829630659679
0.49671258572407895,-0.6979007768550846,0.9986988503662216,0.012287626042325181,0.4868342411807991,-0.06390283665061416,-1.5935439194898384,0.14290087225895226,-0.9729893205920791,0.5644026122500543,-0.9643670292065768,-0.24792446409732752,0.6230854007782869,-0.3822795874762052,-0.18062250702355429,-0.17953440921794867,-0.5613470067367375,1.3157902057679394,1.6516394321173868,-0.33457966934757943
-0.9963271653208607,0.043478984145570256,0.6340115287194372,-1.1581527384379116,-0.37126810840414587,-0.5555285880428971,-1.2349147587286127,-0.37367592213262146,0.9857403721363472,-1.176477217449744,-0.3978829249475054,-1.5898186284100246,-0.8833965117407192,-0.5068893764638075,1.5183278025560736,-0.19791484312999438,-0.5119639209175195,0.07058523125500435,-1.1465950457652037,0.3598392792404036
-0.4013134783335663,-0.25264495332256265,0.7946933210330568,-0.5575681892366381,-0.9923624816071925,-0.5917196767064243,-1.2187763964792937,-1.2820172795669131,1.6378341949091566,-0.29215358118339674,0.5460804277578062,-1.2869549874862602,-0.792468112857016,0.6393970606174213,0.8708598944754642,-0.4300709471908242,0.16537444860036996,0.006907235807742993,0.6365695780519471,0.8867785749253407
-0.4634910884708983,0.04970281812403964,0.6543582832342191,-1.3784454819006915,-0.9332021370752466,-1.0874182274418263,-1.2856481194888403,-1.275598782710813,2.5729238093928974,-0.47646438562606136,-2.205537182932141,-2.0208231508844006,-1.4718815452251868,-0.345434790451955,0.47636340624072615,-0.7792963300352401,-0.2637306146126311,-0.9094627906119436,-0.41495649905415755,1.7117714430899678
-2.00855198010357,-1.2789935746088514,-0.16754368260249883,2.0393792599585785,-0.10599995514027097,0.8525766603754591,-0.6100977540147786,-1.2893122086123394,0.7349500836660401,-1.6242195841875329,1.8176395385528874,2.1322459788729504,-1.0974300659886562,-1.747135388542552,2.1951719350093506,1.221777964794245,1.300341414497665,-1.529552939203874,-2.0701985854036895,-0.30384311631666727
-0.06366484089799375,0.1053252781168469,-1.4245712349971322,-1.0606709733326887,-0.2836419105414877,-0.4432067091918184,0.3833988304583384,0.05307004040271483,-0.30643892822715835,0.01501643888826845,-0.3074916633754895,0.5183941452441164,-0.4768038176865505,0.07962294175520436,-0.6289536144665122,0.2748294940830133,0.8121393331267963,-0.9585188898142366,-1.2544603936978524,0.6400063981328368
-0.4854246426257219,-1.3354292777444228,-0.40803156988622025,0.6307499415057953,-3.1982985166302464,1.1752109099101524,0.8689857561693181,-0.02247926548185938,0.4453647582587957,-0.4425014734202785,0.2770643006690561,-0.06702291079913329,2.101121412288427,0.7308351546617714,-0.8003306483380137,1.2377638163554514,2.845032211634449,1.0739418605448003,0.08552577166310751,0.14738735187320998
0.6791662671041813,0.4378113249458001,0.44122678520229075,1.4445861186119424,1.4353600420753203,-1.9885945017814972,0.1506408261629898,-0.9789930998969499,0.3670721103419585,0.2648889994056348,-0.51896160981784,1.679795565006117,-0.6482125302299035,0.05027598486829872,-0.787357291629294,-0.9162280953415474,-0.45244819752835347,0.9035351514390557,0.4535277838565452,-0.8304462494391136
0.004012290221887197,0.8551796929534096,0.482566825396577,0.1489447636835598,0.041287125674592445,0.9936313407908031,0.8314600063376795,1.4664513206289642,-2.1208619546916907,-0.38882429444354966,0.3352400522734843,-0.6611519060236859,0.4267595692724335,0.6392378415727559,0.7392233877986608,-0.3720542232390199,-0.05643440223919722,1.3451250477210042,-0.06339695916054346,0.03603365100432914
-2.1662235585012084,-0.39700031685815623,0.7491195674513467,-0.16134535534554478,0.8991599919625634,0.11510951177095471,-0.41213033226192003,-0.11198201098494567,0.5162036463930315,-0.7456803988696199,0.33326865535519623,1.6012256810554921,-0.7340279097886533,-1.2457831196561189,1.511630073212288,-0.7837627194936958,-0.18256944521171573,-0.3994997228877629,0.8943687251265778,-0.6374620227771673
-1.0795984930453262,0.20433017730374678,0.7634371129739471,1.8793398581780336,-0.5923841274891334,0.5051406477293718,0.8764197887141931,-0.18846411201515093,1.0401535820438934,-0.2893493145040438,0.647077762524853,0.21024677537657022,-0.23355279107072308,0.32842092668255857,0.7320889713464864,-1.0605265758226101,0.6013759832220941,-0.7436875728629867,0.5823393315761066,0.6516648561541813
0.3439259975469799,-2.6977526850935183,0.32227328162284796,0.945001805066042,-2.1441715665161096,-0.07536546540282087,-0.4791570412888224,-0.9570250362866373,0.6023498077317727,0.6066299223786353,-0.18976344247864316,0.7029121429432039,2.3030525780881685,-0.2552844248543895,-0.9602246773982093,1.892294320265019,1.9405122585441514,0.7132161180026382,1.2059851860206419,-1.2399988035377523
-0.8469550858561831,-0.8010999228431231,-0.5310900504647964,0.2810449148722926,-1.002208071463711,0.9100292994629852,0.8605558519009171,-0.3021322429283883,-0.7165952129412078,-0.5497593838135306,0.21118758983240202,-0.15715598929964658,2.0140429376650943,0.1664573457969845,-1.0377960638011485,1.4468870690080147,0.6873302376599579,0.3211376180277425,0.49409704707898355,-0.8027210252346391
0.01848714106225714,-0.5094804688705372,-0.8037303534321528,1.280722844369981,0.9018672018128651,-0.24069820463859692,-1.4036998307979576,0.7545810372607058,-0.27770742379476526,-1.1622098360041582,1.0510473258665063,0.10368561061128814,0.5093252048609075,-1.881932401580359,-0.4284778473674787,1.7728760983849892,-0.8675784107231892,0.782305980882647,-0.8747610012053906,-1.7744884413883777
1.2253883468638016,-0.5263900010871618,1.5840947647079309,1.048830056428672,-1.0611841960071249,-0.9630622198839529,0.6838961514112992,-0.2800522274933111,1.099046897105663,1.049773432506839,0.07305396685375636,1.7654209799940024,0.8713478433329142,-0.11686333991435471,-0.6984924374030451,-0.9286240734232912,1.9194944134691672,0.6587260212328901,0.22996789858420488,0.1860526902678582
2.207284062228101,-1.3228448283652428,-0.17463514166575386,2.22743461080907,-0.43535984470963046,-0.029658895040412463,-0.49748343219919355,-0.589335114762108,-1.3201951330937611,2.5101462348409163,1.7164209550017846,0.5957900186304574,1.8252196915563528,1.7122419071359238,-2.676006792406804,-0.26209634480934335,0.36703641491038214,1.2516201321028515,2.3664978844988434,-1.7320507319804699
-0.03990925167395727,0.750140603803715,-0.6171990335921165,0.4768944028453929,0.6506250734581774,0.3889484340793042,-0.45984577009221145,0.4720767216916315,0.8147719078121284,-0.2408368131324332,1.7437897836531688,-0.6852056481340982,-1.3421446391701422,-0.16373558602051652,0.8913408193699012,0.5249484131837413,-1.11345601297228,-1.0876031139211424,-0.3226261416038264,0.242517773875932
0.8462398239705522,0.019016490883896477,1.5715134243847904,-0.006696468901616826,1.2095618065568081,0.08074605131285624,-0.91362795964151,-0.11097148382763745,-0.9268323138901156,0.5456665721220854,1.085542849699982,-0.4299934377904241,-0.05168823065481323,-0.0018106406542722747,1.0080557531667258,-0.007473326909078895,-1.3591147443678222,0.3712769218856711,-2.135687597757793,-0.7283114471863492
0.5487570800960564,0.9046832440018189,0.7678314902282447,-0.4518509390705361,-0.004390387670957072,0.3967029467230812,-0.1595195218139023,3.1817382822045825,-1.4149339735943445,1.9381555707052411,-0.6070177300813343,0.7289417960116269,-0.8999702715546374,1.0102768077362605,0.3074072817800852,-1.5718370026210702,0.7265048923225621,-0.2153302650635148,0.10149976909039927,1.0612239220385962
0.02572711735998512,-1.1052395425934936,-0.029628825761246123,0.12346868290766534,0.06065900469768145,-0.3592306616459626,-1.8681622188808251,0.04488265242191685,-1.2130007513475827,-1.0596593408900614,-0.764855735913512,-0.056406857251748405,0.3311679944096551,-2.1531592513326085,-0.7282531762467056,0.9433181118585464,0.5710335587913516,0.8595077821987284,0.43934581809992745,-0.0023345573882396302
1.0692567240836166,1.4286850957918469,-0.6025355054733001,0.5284884749004893,1.6369900807538842,-0.2925379901598836,1.9471567271318522,1.888302781655722,-0.8271848231699432,1.393011422894625,-0.14118475184991328,-0.10825482935167297,0.6155675114951634,0.2707434741773668,-1.216318875892917,0.3810012240357726,-1.747190738433166,-0.5369161667529538,0.5443035813807606,-0.834579735149623
-0.42734652055937417,-0.6939206375890385,0.3605543175961463,-1.4839453816306871,-0.21151699802299243,-0.44102802067680397,-0.0006817326911733658,-0.6295718368202637,0.09040381595971875,0.2966417208138481,-1.7800907748178032,-0.44061969293922376,0.10149205207993134,-0.04263546744685006,0.02366876760019587,0.30958959235444866,-0.11973673598511439,0.8906519314570043,0.3592751602021892,-0.5768680807332334
-0.7300789256949722,0.5030414655424811,-0.11570069555776061,0.7390559650786647,-1.148079706954784,-1.2546914465542227,-0.6270733369831336,-0.5305418360132116,0.1989259511716863,-2.8360011819255373,-0.7983976782856483,-1.6345378132634842,0.11305078745985928,-2.1249830416368605,0.5432475594162149,1.4282172345802016,0.6239933817746717,0.6057922225720653,-0.8685356842619537,1.068608453258439
-2.190049775504452,-0.2117610669886789,0.3132080536350319,0.07880869963813676,0.7347001152490974,0.7145401576758035,0.0992749150837766,1.241332292287268,-0.6410496037142097,-0.6371233926217411,0.6534196628739221,-0.9391898660352272,0.2597515584465766,-0.9553455682112489,0.7900712403126476,0.1662995630481061,-1.4888860551655922,0.626470960234459,1.137469931315746,-1.4461997074185493
0.8004356718476157,0.6413918094530349,-1.4592996329438717,-1.6159576973526764,0.01906361531596843,-0.4317517979241235,1.7027968993083782,0.2251919003089862,1.2493139689339487,1.5464071218128246,-0.6736525147226503,0.9099357158444256,0.31572044288206574,2.308606978891513,-1.1643364365638187,-0.670854492105532,0.04511513499851044,-1.520120826256178,1.2896008302838597,-0.0023990248475521964
3.115215246489892,1.1221573395814728,-0.4204345107607693,-0.7188949089878659,0.8703635699485612,-1.3218777797179226,-0.03263271268210433,0.19628813610095086,1.807049740198749,1.0802547294909943,0.032034205241754196,1.2452665889496122,-0.13475747106120944,0.6439715068243987,-1.0939953044636292,-0.4569865043566241,-0.04335037588635191,0.12371749725502044,-0.5249669018944619,0.7022474445741346
-0.7356401606265337,-0.05046795110142954,-0.42141547827411474,0.41032858494263147,-0.6856896426195183,-0.9411546518495209,0.0254221603923882,-1.2053233849004497,0.5844836688590763,-0.8773598652889104,0.2787196512284073,0.949978787010087,-0.6773292947941076,0.01577161608757077,0.3233251691774924,-0.16130264758346444,1.210363403416629,-1.1065760637790547,0.8510927506321471,0.6241797790735335
-0.21061848884301523,-0.7430418153008538,1.6077148528621779,0.19368004332138908,0.34958302698162746,0.18351808942663522,-0.01876536367419741,-2.2514926966029933,0.16688458461467146,-0.13820650246172592,-0.03494556502773751,0.345178143365986,0.6942546654276623,-0.40664169191955185,0.7221848185417856,-0.886200567127221,0.11333725629057789,0.8413429646052117,-0.028712545724957263,-0.10814730984991294
0.47612962190621255,-0.028165443175548185,0.40560199026259414,2.5718997698882724,0.2936076340076689,0.47879981485210826,-0.6759695533536821,0.11669596833077624,-1.2584931520292815,-0.631362555084736,0.16554294917797607,0.3454356462707194,-0.8209121300349174,-0.9771318900886696,1.0173721923076795,0.30075452878065934,0.018867982286597182,-0.5394057358108327,0.8178301066033618,0.47372328304702277
1.5330734246798425,0.11273258318440332,1.5404783635972443,1.6868533761708522,-0.4856393353446711,-0.18098210223570213,-2.1714382294959456,-0.3694730148094593,-0.20837953992073313,0.8290606501685055,0.9448413585838855,-1.0813878999242343,-0.16156695599835727,1.017345051430539,0.9726293569192963,-1.4055074229124573,0.09802485416644,1.3807633497387068,-1.2997537409103819,0.9562366927242423
-0.05855276639662367,-0.6686318021123733,0.5658910028325314,-0.24733856677219285,-0.8262783490508704,0.5240791474248441,-0.3063160432744447,1.0458947967133776,0.4640013740105854,0.7472439070220118,0.09512450777391646,-0.549101725880886,1.096472612511259,0.5717219800310687,-1.0520749772711815,-0.05934264920839948,0.23498276959764092,0.5615782138892451,0.5098062213271426,-0.6960731097813629
-0.2955968302042568,0.2181404292140827,-2.204846410371204,-0.4548795717212134,-1.4121636586598851,0.8265338839443629,2.2320206291414104,-0.38995662217677524,0.18960662278299573,-0.8343025963851066,0.182796886635877,0.44088039488566216,0.3448699029372131,-0.8174537380634053,-0.8078736396895488,-0.2046393846576288,1.4855485643122779,-2.365405003492176,0.655366086499824,0.9597803793213591
0.5321374761907575,-0.5893631659797839,-0.6617925479193593,1.1244581025670877,-0.4982411670197859,0.25033733294308375,-0.8109578752528303,0.8474266827206403,-0.6630062927947301,-0.025545216230844554,2.0439366238585728,0.44893357182254073,0.4574239187633326,-1.467762184071793,-0.7007740420319193,1.0624400063520314,0.5524683103235508,-1.288171185392538,0.41151030197572175,-0.5319272031824203
0.7606614862537193,0.5875736977608117,0.559861744157374,0.08144339268706792,0.19684777176903182,-1.72476004053923,-0.855252088266061,0.836962744204951,0.5492173537263387,-0.8323356092322426,-0.6157413459906536,-0.48710963950635316,0.29820407794255854,-0.6801542615702988,-0.3541445271046145,-0.003255463313749953,-0.44099105263731375,0.6631957259365161,-0.2970642828604783,-0.09550828828734607
-0.48918445773994756,0.880763315958198,0.29501510677219195,-1.8418903476813968,-1.7333707587529081,-1.0941286079417885,0.47234830934950944,-0.22169161720349434,1.8316415173003908,0.27801133872352923,-1.9608237889492603,0.1334240836481085,-0.7161754416630381,0.08588962533954794,1.0329536085076674,-1.394687501697195,1.902512708226627,-1.2022582058408284,1.3610778086674695,2.77739188934725
-0.0815252712085726,0.5086921435203912,0.7020950433959262,-0.04421585507888332,1.68279987480049,-0.6839428846213753,-1.6821851970283082,-0.9247911042827427,0.10486224101506296,0.1594195378055908,0.3320084835490262,-0.3935002372713955,-2.5502414284307067,-0.012192189021344259,1.4010978471194246,-1.0907960619127623,-1.923619826535163,-0.5562329143226441,-0.27351461065120175,0.12358306322988816
-0.38229782577605526,-0.06480996947667673,-0.5206753623763463,0.6505178808863408,1.2013285067733939,0.39445457012192936,-0.23527335185482096,-0.27246573937733487,0.6208674373083121,-0.07572017313766415,-0.45609667807441645,1.021130691442858,-2.018021637056032,-1.6792451725649655,0.18329633358963335,-0.4463299449871295,-0.4987265700096533,-1.6644212838550694,1.8969050413566575,0.7614797674438102
1.0864512795616825,0.8070407847941933,1.0611184026210914,-0.9406826551643684,1.0056781455223711,1.3376778851382307,-0.5026048595400101,2.1209482869417924,-0.35330195360577477,1.7740185565044564,-0.6083625752166958,-0.10180123817692407,-0.3779451577220152,1.65822199146218,-0.5547432295813214,-1.943460776210095,-0.7245560526409441,1.146127942168269,-0.2508653119639015,0.8305405998713759
-1.2248514739280596,-0.1811427417448929,-0.5838883400944456,0.6001603057245164,0.06694538380404229,1.0474691980848914,-0.22760221649874837,-0.35109390058145545,0.07605676112896752,-1.6788422268500296,0.961252888992436,1.1202650158542087,-0.8504419820906667,-0.6361257107707547,0.06894035086351001,0.4226482035341214,0.7935370110690816,-1.0675468537124335,1.335496276752779,0.08680541882792371
-0.8217800339150876,-1.9003366452325452,0.2393604700413211,0.8736781216151585,-0.5041962301052706,-0.6601211201366984,-0.281395065050872,-4.343075040605989,-0.30286813908055377,-0.9249864772150543,-0.8035090299477288,1.5798361731907435,0.5655178021380209,-0.6978594704861318,-0.5358488569104128,0.2658757535992307,1.4305342374607575,-0.022804780814200648,-0.010221283727843826,-0.16575706430552786
-1.2263271530004232,-2.0069656037305004,0.3367691207576492,-0.0655353925203803,-2.2423053786320346,1.296786934617844,-0.7453744813084219,0.4379790271604529,-0.1495628509834547,0.22820213040708612,0.03503309963127427,0.07486473380853871,2.0361924743839404,0.3693308381484629,-0.9049885874688769,0.45244346513766437,2.053996228342592,1.0044415305020773,-0.025249273502555687,-0.4585340319316988
0.13796877603695407,-1.4370470521522056,-1.5091724657663736,0.6393090463170228,-0.7363601731536735,0.26980535937750166,-0.9321279476181208,-1.9452423700579191,0.3656519873101777,-0.09195393918713274,0.6809145373271392,0.7226324216501154,-0.14891054286200023,-0.015363573376989091,-0.5869417074424471,0.5794917354191972,0.9203659666102557,-1.8220031139826074,0.430419904376266,-0.23086500144298155
1.8400300445587316,1.3204292257433012,-0.1368780273744507,-1.7571952152280104,0.011582014979883747,-1.070446625047558,0.9593256064693452,-0.08864407326815406,-0.33139036746723455,0.7230727829679645,-1.453733442013146,0.057733173026570654,0.05477375817683506,0.6880776784869608,-0.3963249399258101,-1.5388189983976421,0.5359189728980629,0.8261214330907504,-1.0218737709730734,1.5153550042735873
0.4923126990255383,-0.09617395618781313,-0.3141736868599945,-0.15223323350613654,0.47702330379546676,1.1665013972378693,0.6381830658903122,1.1433280108993074,-0.7279471234099931,0.8281853393087376,0.21380573586740362,0.029315200075737107,0.6186180222122069,0.9498331016431664,-0.1585809056003501,0.15599307214310704,-0.4970180172612405,0.5672755308370958,-0.6375570474164016,-0.7317076623483999
0.4805647502104866,1.0160682360748154,0.7128404573790751,0.535345282489072,0.06999158890056835,-0.4679064729129633,-0.16966568909020394,-1.9518333136378383,1.373226845532312,0.12848221976532354,-0.9442754269026229,0.5923187343091441,-2.5951825205393555,0.7267338722936412,2.301994179509235,-2.017544196375389,1.0550156145527094,-1.232444375081353,0.454375356761848,2.767989495639379
-0.25634879987870024,-1.388400762793883,-1.7187669962776664,2.0566208274091333,-1.1623235232330384,1.6276591926899657,0.4132314666596528,-0.4734467852335137,-1.7555489476304904,-0.0884503896235178,1.9265431365567678,0.055047645899393316,0.9283228769339597,0.5644231782634792,-0.7070585596633684,1.0417092482344628,1.1977354674227518,-1.063245645817947,-0.19208025461654285,-0.9405937025793873
0.6656137176396489,0.5263811748639013,-0.34362765686405333,1.743312074804298,-1.121336714346673,-0.346722702045204,1.4571428327430833,-0.2507277302811312,-0.3639421787991047,-0.3098629387426621,1.5229678764368193,1.9994396156212508,0.2366221477156651,-0.01017152294608764,0.23645352479270856,0.07379578825609685,2.432547028351153,-0.4429943139182222,-1.0132448205290898,1.0133982229549556
-1.5325664760592306,-1.097976513657981,-0.6085770147790732,0.49543451090768836,0.05150833631705271,1.165898144155143,-0.13983911166094182,-0.6713271392892465,-0.3411523533853287,-0.9040754467606053,-0.41270994012066653,1.4919974193231396,-1.3355137273811464,-0.768338237724116,1.045837058645034,0.6536040692790471,0.753590849396908,-0.4281955463807258,0.8344786056782688,-0.4310511559638113
-0.9284832674670231,-0.5014408728917696,-0.8817732328659945,1.6758799079223201,0.7818189260830178,0.113062612363692,1.8643039743157168,-1.083994633609531,-0.2864432900627756,-0.18231849818129223,-0.42569374209503386,0.34702861032290094,0.7639304739415467,0.30341703802729364,-0.8163292182962391,0.01596440972412631,-0.6736723559636575,0.9226789319975033,-1.8404928447527917,-1.7891012655106264
0.4712607688212608,0.9515039910172526,-0.3451306186808183,-1.4442403210135382,0.14671525477598937,-0.8481010552009038,1.270986201018582,-0.23078659827769982,-0.30405676508776536,0.890277529593861,-1.0237140923998087,0.609843000728269,0.21097832118700416,0.9787406861738429,-0.8138051078285412,-0.5111066389638306,0.3355629438546482,-0.3483522192135479,-0.03115050866412126,0.8155971709492503
-1.451918544340832,0.05539945413988768,0.36477081349343654,1.2258194269296572,0.4700855329492715,1.2283104456751983,0.3753024901109832,1.3681672495738135,-0.5479745254251208,-0.43073019482482366,0.6798819485737082,-0.8501722413906958,0.779159862376082,-1.0164522149252586,0.4926845440169848,0.3641074633717725,-1.0159381773095175,0.7812676553719577,0.46277402206569324,-0.8035908466233523
-0.04165474318409019,0.6506175344352355,0.3031636847620755,-1.9049694955343268,1.31304064501351,-0.29451667027867384,0.34368061655747906,-0.05218400132860681,0.5606924634373034,0.36257258173145746,-1.0687306477798215,-1.2692239862971875,0.008937472011647456,-0.09676907586000237,-0.5950440884729077,-0.3717130085068029,-2.1394364731319984,-0.012635560413489637,2.524289968444934,-0.21107520211641576
1.2914336540578044,1.1175555699391135,1.5240447134456394,0.3742962467967584,0.9032105312665206,-0.7825584546979993,0.8379564431864639,-1.0280060192964897,-1.0033749307471076,0.4295803942631478,-0.08548316757045472,-0.26050539379075244,-0.04993955022216605,1.0421517469765647,0.658445716182658,-1.270364986749252,-0.4944361073884017,1.070506297885859,-0.058894518053990395,0.5715852208292155
-1.0569144747321813,0.3749551405653195,0.9712873092064456,-0.9590424742282351,1.8417903112823384,-0.25238259385596246,-0.7663143679816444,-0.21950093233616766,1.0437374124411727,0.7881259657582418,-0.6774780106870781,-1.7000550151311935,-0.09235338468201164,0.9534601807259666,0.20241310747485095,-1.459244571864581,-2.7218883172638426,0.48369507732822487,-0.7491024013148221,-0.8473752895423817
1.166857653077551,-1.4027981703735293,-1.1560707432519362,0.3188020389010035,-1.1596148331755636,-0.4511120049539385,-1.6631998740775007,0.07371994442235613,-0.9520811264018033,-0.11837360745003293,-0.8858449755603034,-0.23352751085088527,0.02006872890112184,-1.2526859627772302,-1.2966187531819842,1.305734746283231,0.8488364209983806,-0.5487575526184679,0.38035374786801646,0.06778773962858667
1.6847566827225717,1.039143641742323,-0.09473291070850386,-0.225522273122626,0.7008470839684849,-1.3971749352310676,0.04572728024064389,-0.6883856261083419,1.1133355317118374,0.08014481344543034,-0.045652361108945334,1.4556829807615557,-0.8328568847744824,0.5143314067569615,1.0416986574364908,-0.7584940556188566,0.43679694914500955,-0.36768376055398044,-0.7329319160177195,0.8429951459241635
-0.5897347376608438,-0.6060577442072902,-1.614500459347274,-0.7037927278987016,-0.5275307834416462,0.6715070197848928,1.545224299702868,0.0568854221370881,1.3882684948373725,0.7676194430951695,-0.924560280030483,1.5967626551349023,0.3601282224436633,1.0009020114812208,-1.3215807070366898,-0.4538664011977382,1.0283708230479847,-1.4897432841690654,0.6137177536304903,-0.17008064555369273
-1.9452428039827663,-2.1840617232310686,1.8592319168497582,2.013554720798224,-0.736607408646498,1.4632477957739205,-2.00694035697246,-0.046341122840762035,-1.0409348343469997,-0.9384969315211554,1.8248958703753624,-0.13011103880322253,0.13746124620757483,-2.0200348156308174,1.0403167482900841,1.095081852676561,0.5083139583959074,0.7417324104328403,0.16819653033220797,-1.1318206964904995
-2.1531117709692973,-1.1755907279389757,-0.3962783830986319,0.6653277587376955,-0.49513346345465165,1.147741593539344,0.9794515105374819,-0.05037041209176216,0.298542241879301,-0.9404349559971961,0.7034576581273633,-0.05341004894239787,1.4676975655840523,-0.49550023099381363,-0.017160180045872213,1.397582151626031,-0.10136491272007664,0.1951772623370811,-1.2268066358848968,-1.8190582103410007
-1.6587958306820427,0.6583576613003753,-0.4804412279437119,-0.3477258808039508,2.3276195977804504,1.1376738469226282,0.5868005675867184,-1.3021901112964143,1.6051588974189035,-0.6601763783494758,-0.6661467147275854,0.7525050501296724,-2.5257929745008356,0.9967296617111828,2.0603192224600706,-1.2817013172993426,-1.44416511789573,-0.03915988057771215,0.892503602839679,0.4768779855022538
1.598141084346114,1.0566895275919097,1.8619773997106206,0.9396889054208545,0.4623650308430445,0.015484542514668378,0.237617696821499,1.9672291615026927,0.3823135357017513,1.1103035654752285,0.12981933191852751,0.7497546425632245,-0.2995355550326079,-0.04781003710009789,0.13618887902028617,-0.6092719292019555,0.2732855728778164,0.5686603883094309,0.5924815035565263,0.772457328213703
-0.22653146569386706,0.3162708791468899,-0.5139885129976762,0.7278750520159667,1.0161357334685188,-1.3397122823924026,-0.3117747554405231,-1.4474661678143061,-1.2858541500032183,-1.3571756964516437,-0.14741169756877626,1.199317242347647,-0.9483240052385189,-1.7564550503261998,0.4878035667300696,0.10024518955781521,0.2939487843352833,0.6760040360742029,-0.7313223489244006,-0.08589172757638275
0.5519982465172308,-0.8457821874545389,-0.6739063629475049,-0.4051222749281648,1.5835218539814673,0.21948853564141194,0.059533215435060814,-0.5214590400704526,-2.187568885538558,0.24520986062362107,2.115854272634915,1.2748907442215578,0.48185413779366765,-0.8177542426078083,-1.1225996616295952,1.7495008844812459,-1.3962145940790316,-0.18275579636543254,0.6510109618218537,-2.59240661469462
2.2617453734377917,0.42695829152158,-0.128470254536296,0.3335667815140586,-0.43237744225092983,-2.0431102248421684,1.134826751739948,0.1845874985170634,0.05164589673096758,1.2007948966899207,1.5982885445260355,0.9047036320525548,2.0593337142495156,0.875633096175032,-1.3812179563604308,0.22099268046515155,0.4038409000890374,0.500173158925153,-0.3020418014004379,-1.3137566123586122
-1.3654831763572002,0.027297586289775348,-1.073469528477713,-1.4677257220203175,-1.0882894994649555,-0.4973122255622808,0.20910294933024703,0.10808301304032858,0.5774719583414557,-0.5129108481008281,-0.2153571494249628,-1.1011027157144957,-0.2812612434113482,0.20181164611616095,0.8894542025145039,0.4357735487876141,0.09080417265275986,-1.3713549696356528,-1.7365271032941407,-0.012831052128953935
0.18282450695292737,0.50226306755329,1.438312810268323,-0.18281050725122636,-0.5931934180808834,-0.2115701634326376,0.8807090160087686,0.8569813781946145,0.008621183121760186,-0.19363824166337354,-1.358053954895503,-0.7363190009410674,0.5284903311482538,0.29569983696585317,0.6675618258720135,0.28131642308797067,0.1699936172543013,1.4144049741963398,-0.19053495093004585,0.35450521152949577
0.8295853802031021,-1.002444552432496,0.13097826656554704,0.47881647341902783,-0.28171261134193326,0.07211486247140006,0.2728350346114099,-0.8417731441427407,-1.078433702997365,0.7313143623770874,-0.23395672854258204,0.8009506617420887,2.0824534602792752,1.5676350769379284,-1.9479165187491325,-0.06026448195304475,0.7166485528242125,1.811557226539,-0.6389570096893227,-0.8708418222464719
-0.031584818028355714,-0.7495321293101935,1.351611609751528,1.2639166716297383,1.0085175494534786,0.41704593928730566,-1.4221641443206814,-0.9946543889416672,-0.14841707649134633,-0.17174581475116246,1.2627004706900065,-0.7708346402522246,0.0007127303801537631,-0.578294584654342,0.6047275579614447,-0.3428567978184655,-1.4203908267463103,0.9651267903294163,-0.694899045973086,-1.1069110389270211
-1.30165267040923,-1.3827446361831486,-1.0213798505363665,-0.8261874149810888,-0.6375877746095061,1.115837018514692,0.30178692508034277,-0.37605873930946737,-1.138557876790294,-1.4134824304358353,0.6249081492871091,1.4333500949091131,1.1014636421161532,-0.7399736133193703,-0.7360842304205941,1.346152841405279,1.536098714035388,0.45033945201400377,-2.0417711343204985,-1.101537674568399
1.3990383688418593,1.7347088074658708,0.19192235676112504,-1.5513297625248772,-0.24298961459345264,-1.9455489032796003,0.3008931749889795,0.5290193206515421,-0.18783877636263485,0.6550534690172135,-0.875583821737204,-0.5485764113936453,-0.1732146809319145,0.8113095285423509,0.6863247970638386,-0.9137607020833816,0.1766835479192202,0.5619955637335466,0.12666400284028392,1.3361645735687355
0.2277418594316057,-0.4591862885890257,-0.6617390349592953,-0.19714877092912705,-1.9366027097385778,0.7508249945101422,-0.3880951715718283,1.7789661883132266,-0.3284435245605487,0.7510943923807172,0.16892051907501893,-1.5331563005423678,0.282656673504824,0.3599186405368051,-0.6409653183451528,0.8483996107038941,0.9217428120399438,-0.44737575375361316,0.11571695664351735,0.1745068004104078
-0.05010050875593053,-0.8121642531599224,-1.2112910987181194,1.3716738391479386,1.142655706053231,1.1781125867217448,-0.8867433709902535,-0.7054423466977023,-0.5578775125725319,-0.5470350193127466,1.117470149435913,1.3438027966702601,-0.6590680839929676,-0.6195834772227459,-0.5044354847216949,1.313122520637405,-0.32182817153617765,-0.8012372521826583,-0.37113885748722775,-0.7628114590433251
-1.2545646051263701,-0.6008448342755429,0.40294455812193947,-0.23093935324632442,-0.23214377202888659,0.04342077475105379,-1.0317393732245657,-1.719539878886307,-0.7436078382080046,-1.5069209136619837,1.306057534987003,-1.7855262332557937,-0.3883579817709653,-1.5471235311113236,1.1863989455300137,1.1802342100175494,-0.8052173939022453,-1.1455368435427324,-1.248736390331227,-0.38028280465379577
-0.11053409138646879,0.8699648956755607,-0.14715570904886177,-1.784437962016467,0.7170804871951182,-0.336648646541723,0.10681927821647397,0.9693103942243808,0.053899878998560774,-0.9130837700056953,0.8991906060208482,-0.8183325717494337,-0.3413573520132629,-0.38882082944021473,-0.02196145456593573,1.74770330681531,-1.2747264263305282,0.92662522239148,-0.3673616393814254,-0.7666717400234888
-2.3708117448825816,-1.1901782343530347,-0.42098315514555945,-0.44466523760852855,0.5355215847627974,3.03537717594354,0.54227731305602,0.35078507387417374,-0.7975779290245902,-0.764295196269434,-0.5725118768625683,0.4884054030529053,0.8147013569503903,-0.7857951850792978,-0.09330944589469367,0.7058787562669975,-0.17814649194966628,0.4687688449196333,0.7054952811202473,-0.8017329187243994
-0.3883741201122699,0.7250373030476454,-0.03472145045568081,-1.4950389049803618,0.9127520153594859,0.6318697053304065,0.0838995168625288,-0.9387660473450874,0.7975843441531929,0.6974678313785265,-2.1265232738196413,-2.0314910586559396,-1.2466031113129574,1.7594571965618662,0.9801133004196076,-1.0466740552085194,-1.8897636910840006,-1.4527042283982072,-1.3814076096574288,1.3740588007646775
0.018227016693911267,-1.4352589686615667,-0.9842747531504865,1.250598455084396,-1.260716465455933,1.3616010808344232,-1.3074008458471915,-0.1343185474443831,-0.7097037452785423,0.6147951513817062,1.857815825363373,0.12668980364106947,0.4905009861989382,1.0111713016477721,-0.4241847496251222,1.3828482954019385,1.0037785619983317,-0.8700177826901663,-0.4115509396660781,-0.6325144979306186
0.10291447436578184,-0.995815217218906,-1.0461126945048516,-2.0062227455895023,-1.4519914282503603,0.8860418295267397,1.3225535851682801,-0.8713253751633308,-0.010128972602497843,0.08645854149201329,1.1579655936625268,-0.015017710659282233,0.8855393222076922,0.5885244072121022,-1.4598957157643593,1.199006639178718,0.9378228700869572,-1.0824480464576218,0.6419135386936385,-0.6760936312581441
0.7949057167545315,-0.607945912762135,-0.46712343725180155,0.11532115550690641,0.7635007397229142,1.239905912630642,0.25035356455143637,1.3506002689412073,-1.6122355429317832,2.0381759387440224,0.40803184820136806,1.288828120400127,0.9056425507901328,1.464786027536088,-1.1838914616996696,-0.005918912428010791,-0.2906474644242555,0.11894229523498237,0.36609615437773,-1.5105998166585075
0.508585166471171,-0.3345703848814051,0.33488523878667237,0.19674586147994838,0.5014420255740057,0.9755245736618624,-0.6617372545714811,0.4263429651712096,0.12365934765108372,1.2208740595368608,0.9328060295224019,-0.6528391163765985,-0.20699905421746523,0.31174758801763924,-0.1295131957879069,-0.1252004583015982,-1.056931822419735,0.14831224328062464,0.7069086017982333,-0.41091140670029574
-1.884820996047902,0.41849200554978416,1.1416909590062576,0.6679387432471422,1.948869293644406,0.48016604485804104,-1.7290660238411195,-0.6160760904759869,-0.339965924103306,-2.295160966658235,0.6777323560812387,0.403376990750613,-2.2736010244332903,-3.0191277807807295,2.948247877417846,0.6918529317256829,-1.0144032340459423,-0.5552076740786854,-0.461906559878937,0.39712163965488645
-0.4815758769258103,0.06153606964831698,0.6747293554194307,0.05860040028086354,0.6738641828194023,-0.7023070449300927,-0.39399021610222384,0.4895789872841536,-0.39459256886907085,-1.007974901824234,-1.3975303595280604,-0.3894648553766462,-0.7983661642718783,-1.3595424224511783,0.8434084064481935,1.2294850722801127,-0.603275236880746,0.6932215145600706,-0.6927384751797787,-0.36272641221588264
-0.6873670127369383,-0.517321060574144,-1.4496565365953096,-0.5873073907650662,-0.9120505516510699,-0.10897001325756696,0.6002597518090156,1.21180723740172,-0.18246311323869724,-0.3188156311305417,-0.20701387394546797,-1.5559595678202016,1.2663041420624859,-0.3728227561619993,-1.1530687913531728,1.5700540851421159,-0.6008893421223337,-0.1725393079888488,-0.5513876600506926,-1.526294521513395
2.1781786964336396,0.8503778817237376,0.8275196586608212,0.5177413744428648,-1.7128481173893946,-1.7324121437321727,-0.084091936134081,0.6669095616200159,-0.7113150867349997,0.9938940055504631,-0.26187027537908997,-1.0510782813710486,0.009382137126681912,0.4389903923350785,-0.2648802563756348,-0.4576566870592413,1.0712136793078277,-0.008842825553991929,0.49999734656738437,1.3797825125347623
-0.6747120136468492,1.810941296705768,0.7279592916924159,0.5280437363898371,-0.9500776037466232,-1.2092764891789776,0.5705621903885089,2.0280394154102663,1.7158396302190888,-0.956320920233171,-0.13951920712458418,-0.2608463117396856,-0.9344715256320207,0.17349198006363198,1.5973599874327284,-0.0445042935653671,0.6555035492576282,-0.7091502624765667,-1.1313663316269342,1.1511852579046735
-0.2813276515440896,-0.6099408494472206,0.37224709728462113,-0.680088301554121,0.2627522779738366,0.5692074764499718,0.05459573489139166,-1.3936398517961774,-0.6499794460911819,1.579568439494752,-0.8160089092483923,0.3837184051997313,-0.4451114130376473,1.630244687238026,0.19654948488319207,-2.005007308430722,-0.08239287620704187,-0.3158423020796149,-0.3271597308791207,0.30991261155734146
-0.0749566032237754,0.7922751616996367,-1.794239387342304,-0.9465331486733485,0.45165336883935475,0.6770803359812644,0.5833335883581884,1.223106285796133,0.15978032613764803,1.1491503525523747,-1.1597732142006671,-0.9139016106754997,-0.2647149512241475,0.7852147466121278,-0.29655565979666104,-0.3716344629862347,-0.6568249410899537,-1.2970878860732056,-0.8210945908830913,1.0779822690015344
0.3627461203295707,0.8359985474797493,-0.3626959788272779,-1.0623681535371259,1.4713358666913021,0.6947355763916659,1.5019173748095664,-0.6986094546186288,0.3627643704845484,0.32755205414147837,-0.38969992247736074,0.5078285956876553,-0.2469161127203111,-0.10811988529918633,-0.817853311832735,-0.21892411013676163,-1.283462199385283,-0.041094303231483255,1.3930483194561105,0.38292323827940394
-1.0240809096355141,0.47779866399625287,-0.6848010862348299,-0.6029190214559857,1.0740564381615803,-0.0014674328656940653,0.21325521515215143,-1.1282089228013887,0.41533454309690315,-0.6368800506708393,-1.516152634256359,-0.1887054995616973,-1.3172883136259266,-0.18666307430446502,0.8707271920191962,-0.2025626443289394,-0.7628603864238636,-1.6884200373694034,1.3723591644162147,0.8215553654704619
0.39642852604662726,0.25738083631921777,0.35126839273157007,0.19534628890969846,0.4818383441791175,-0.5710224594045711,-1.8630544333333796,1.064723071909516,0.37998509684234477,-0.17391593561318486,-0.6632192871218032,-1.3684612177915527,-0.4480850246996604,-0.3182430594800204,0.07452552408460686,1.0511630959599163,-1.552663901124547,0.042694651061938566,0.22212826942174133,-0.39313972086056803
-1.1811122892957422,-0.45671186377675926,0.6823443129407394,1.9130999535080802,0.8253824431922763,-0.2746467908469761,-0.8698489012231265,-2.3654962586876462,1.5677915487075207,-2.3547834887722403,0.947417336880903,-1.0718262124889097,-0.7896113333745036,-2.218754724693326,1.0861323161584104,1.2782467948742713,-1.300396087869229,1.0991127358146908,0.07074963846020664,-0.9129411624369723
0.3555574055371175,-0.8781216506767419,2.366410840356628,0.6185016784388454,-0.9633335663184067,-0.8991363135579662,-2.739302227286457,-0.6558895144797584,0.49017571619693723,0.05327653243897064,0.5196565229682476,-1.3244338186738942,-0.3565626469889057,0.20763360828854321,1.5442313945860182,-0.2338241533523143,0.35316481077646517,1.0676046709331142,-1.0175621235890058,0.10432965150138393
0.11129405728698791,0.7373164419930288,-0.2608367607353779,-0.8682819779671608,1.0488445190969848,-0.6518208678245294,1.4640652474468046,0.2800447631431454,-0.4947629198804393,-0.7360433614607144,0.11040412426143005,-0.5383375753176133,1.1293100592708198,0.17481522092068616,-0.8053886456286082,0.5034041762346305,-1.5215350227735687,0.1429129409367428,-1.7229038949554256,-1.4014124625464193
-0.9130985886574591,0.09898135331394961,-0.9735112423424855,-0.03826951703595901,0.38032909566318557,0.35586467376740705,-0.18837561409171585,0.38982798654353085,0.1589484351280402,-0.19994218971508287,-0.5339694583447822,0.34468029322465443,-0.8843284160520618,0.06084644928093389,0.4351835222196421,-0.07999385216982853,-0.4188627076291923,-1.2027449918162378,0.6124170141456843,0.28657736355728525
-0.20101275951738298,-0.5815387416559377,0.5785034598219172,0.1477632626586687,0.20718583437112054,1.002566122742734,-0.6994777853521916,-0.8859349930639767,0.40032589707113875,0.22365087067948294,0.5619985717371492,1.020139445515123,-0.2692152437959371,0.43610123293980835,-1.184058145765152,-1.2678246071001644,0.3657823001184732,0.06400548341989738,1.8773635962250603,0.024923903707583395
0.14206393432520215,-0.9826590303956831,1.1971438429287211,-0.9742765804602666,-0.6525149806351044,1.5999657315353328,-1.0244156059130947,-1.0160410468716714,0.5747726062754702,1.6229657985892172,0.7747900781642049,1.554948572455418,-0.7718624548314983,3.4239656159586014,0.8539063355576377,-2.0857061593867416,1.5180004884332732,0.27611588921196784,1.0859869354630618,0.5504392077202217
0.10309549183036394,0.5351474935396947,0.9560658502814159,-0.8361368057683577,-0.732109790961703,0.08309287857338234,0.5051943146506873,0.7053796505762112,0.2707887158683714,0.18914241505384694,0.04485724156517859,-1.477965667329757,0.28355427245195414,-0.03878367330977121,-0.340124535656513,-0.12312034348127049,-0.1315438307418663,-0.4288073111558727,-1.0257281524322712,0.65869543134193
1.0844642283145678,3.3587729525377057,0.3365101979650867,-0.07116825597395048,1.6002045009366854,-1.7893462646029428,0.8244976183465372,0.4466282372404143,2.909256236661052,-0.30999450545945795,-0.2911036785641222,-0.03274837275566922,-2.155147416850096,0.18859629872791825,1.0318396425757699,-1.7637447473727312,-1.3131688537935782,-0.9155942683892737,-0.13618390039286943,2.2077068890068414
-0.22522950199201588,0.06333456519801504,-1.1660657236989762,-1.035661784280736,-1.6426259579511415,0.6485433092142348,0.7501796558934716,1.8605416051561705,0.33280879693783827,-0.8845549199631502,0.17020670691141598,-1.3823003704723777,1.1968641442524168,-0.4587937829161747,-1.023366463406619,1.1764778753352554,0.6551825262710799,-0.8166136632914488,-0.05327385640124001,0.1005542477666439
-0.6113317397952078,-1.1306605203020452,-1.0337273429490559,-1.7471841703946822,-1.7790154338900508,0.8281665511624277,0.14586011474662477,-0.132291842291119,-1.3000692835493621,0.29866774343384556,-0.5079609496997043,-1.524081093335003,1.1068406640402835,0.07015884384805483,-0.7884187487057929,0.4059542030469491,0.5617283682350532,-0.3628295350031909,0.23519154770784853,-0.15761193664164508
-0.115651366358875,0.5039841870651632,-0.5111357241768901,0.9881703087077075,0.5034097635767991,0.1650802322347745,0.03113476589044242,0.3013871308031475,-1.2607808360839374,-1.602339407188933,1.6831190122970763,0.5481657043486293,0.4609089988776792,0.21594281202786295,-0.1431856833727572,1.157415315993594,-0.2401472662988879,0.3270683514944019,-0.8344025437106928,-0.9771876198299205
-0.32960159938762784,-0.0010787186908501553,-0.2661447304896662,-0.3843306441096903,-1.547680535425839,-1.788491886273465,-1.0285719687906796,-0.32088354441722317,-0.16562186676763593,-1.377707003704995,-0.8927106512006497,0.4206132502156889,-0.8386252917505691,-0.3992849415805796,0.6144300662463553,1.0236333327332818,1.9456433653700436,-0.12087155469869978,0.5295497124238631,0.8951787254254435
0.644586842007924,-0.19728735219414045,-0.07714599055888086,-0.02505020539988146,-0.38630674304322565,2.090175080960928,0.7856011663216277,0.04721671164928832,-0.22663918883461467,1.3051943012462708,0.4084412700163834,0.1825117891010136,0.041248803377279104,0.9032649389897203,0.3098968318406104,-0.7464126205282674,0.678246805244739,-0.5316426919457147,-0.5366789741292408,1.0289458816312784
-0.302164775916801,-0.4066421841180205,-0.756097721705198,0.7208656056486167,1.1155833264492414,0.29843970073323306,0.4238075122317978,-0.3774791243865648,-0.8365801557196305,-0.7973463575177999,-0.38619698307300837,1.528574538388507,-0.05637333367992452,-1.1561317924333494,-0.25713075994205475,0.5535058671002245,-0.21452871399887732,-1.008901600829816,-0.10954022394406511,-0.9961409671185831
0.7846505872801872,-0.07718999683499443,-0.18863355436322674,-0.6927760101114447,1.0672796331440964,-0.342752061524632,0.13904784575749513,-0.6563739552987153,0.7024903602604983,1.8551591218730017,-0.40417027610096157,0.5400567529870915,0.4160731886970494,1.8066768025518374,-0.5618697196421424,-1.9190765699757775,-0.9384711557297768,1.071449792478313,0.6122733678498902,-0.7407885068800071
-0.0022979211029946255,-0.802183123307094,-1.2132297812148098,-0.9361451793226431,-1.3973958591349833,0.44475485481558036,0.7881915371862949,-0.4042036850224593,-0.5030351854354214,0.39579348844690854,-1.3505132965080195,-0.21742672822362388,1.2326941410011734,1.0213703556438731,-0.07463342403217703,0.2549826089990244,1.1045403430286878,0.7016981055049806,-0.49933526446874915,-0.015251577028665746
0.3478449985349456,1.2090040470378864,0.24497973712949844,-0.38987860114324413,1.603481694549805,0.8507038084014524,1.080297761831906,0.7017665498836739,-2.2150190254371034,0.5927574396992307,0.7640072136937206,0.12763296592655085,-0.0398901270168269,1.1630260552637226,-0.1702887195325823,-0.9415632118821691,-1.4515344841391205,0.653553212100775,0.5599593575018059,-0.20635503821465465
-0.7314218056851693,-0.06131685191914013,0.4748512077969616,-0.08207052436714779,0.9725243255545647,0.08398087114066531,-0.6314992879029439,-0.7092480697516723,-1.2495337513394384,-0.6639076352482178,-0.601854560465803,-0.7848607523111754,-0.6876141347375698,-0.07867310840707885,0.6161424235504163,-0.4977905154232148,-0.8829092745067098,2.070862987454634,1.298040874942727,-0.11769104000964722
0.2705756810872847,1.422370013776313,1.1459470767114892,1.0078871446076911,-0.23173261118904465,-2.3009368926046263,-0.773385463345537,0.929151944409421,2.632443267127341,0.31767669044868263,-0.29810448275711704,-0.3049154647599391,-1.3709505693852195,0.9583610219654888,0.6296858183133668,-1.4954032016754266,-0.07330186687397366,0.09250678504122685,-0.14663847558391277,1.0625697682225586
-0.9548921070753947,-1.1134736536955032,-0.6249944734580108,0.24269414327292826,-1.73314117619016,-0.789002931328557,-0.06309225229277743,-1.7526957951098399,1.562516256029998,-0.5096378545670868,-0.5260148014340126,0.8623084678793852,0.3933682257353555,-0.39330120808653607,-0.47066567438556195,-0.35368359729212284,1.9853576205646257,-0.541139254354459,0.5321286992566577,0.47866923444288334
1.150675669664926,1.255271825846153,-1.9204911723011564,-1.2019170791902338,1.2084479485087787,0.47719548789700306,1.3757410715461504,-0.8800846443399366,0.4904837787467364,-0.03752116914265163,-0.010330226553170408,1.236878334563062,-0.8679662987829598,0.41752168314501986,-0.6210544060489381,-0.5874839391409783,-0.24671437444604555,-1.8933475787926608,0.025128669978470314,1.1142493868342687
-0.3609476085903965,0.023228619687078778,-0.6122845608870169,0.05383409370446049,-0.7406777884977552,1.1114017801273433,0.2046632636118838,0.8954097517636755,-0.278347351015361,0.24949765503072896,-0.19461157136487772,-0.18726449678722865,0.13216838434213365,1.096245252766135,0.30702172924904325,-0.2767314001896201,0.5565699828774865,0.010862550784626406,-1.3301590862854493,0.49346365399863545
1.9234194123343653,-0.4674984860989652,0.8157728986645798,0.6271365339237649,2.2692233794582655,-1.018805522992183,0.26547663325589343,-0.6176861395985753,0.37215508183326423,1.0907212075945174,0.48548385206924866,1.2781223038249223,0.759073172364679,-1.5250919226524855,-1.9748568731113012,-0.2714940345163344,-1.552439910570154,2.0188646269058945,0.8406910640036911,-2.0256182237914584
0.9059759383550327,-1.679267297105259,1.3845867265995837,0.05399968240241957,-1.8606446175913804,-0.21710986438421986,-1.5362267243227017,-1.2528614632799506,1.009231284932648,1.1813122187094272,0.08265794149898108,-0.7855226458613886,0.9797235816616533,1.240516861120619,-0.04840702021878514,-1.501914452539967,1.0960068441153732,1.4161863675540154,0.37141719770615017,-0.2494632850770823
0.9328326203572207,0.9305669352244309,1.5999898844855962,1.1681612392967777,0.11468186663386032,-0.6832192844340423,1.2026653793114277,0.49621411631992207,0.9979205985685109,0.8952430067735283,0.6267736250176833,-0.8116893866579602,0.992149885126954,0.7276799716560515,-0.6423504859506665,-0.40553385684964866,-0.8555105831408805,0.8708221466828184,-0.23373108249967428,-0.43901425524364723
-0.021139617521778332,-0.0436709970312986,0.6060664952864325,-1.290088818628017,0.7186628694443788,1.9228724345167925,-0.4395684560600262,1.3922084599504665,-0.6200576350530799,0.4183891797291232,-1.5342045784133422,-1.2924249715609253,0.8278180301016962,0.08703680523497816,-0.9375040932522999,-0.8600811015665646,-0.9150033366329046,2.3485552988935408,0.9260102759536833,0.44370669290293957
2.5910523595391273,2.642482271945396,1.4526028897175172,-0.6439541468615957,0.052698195148561555,-1.758176387789618,0.3257719438716133,1.4583716166584662,0.3292385685530554,2.0318219862588722,-1.4357048508411834,-1.8506414266128455,-0.4617870093117823,0.92471012042875,0.9813627878543045,-2.219728389314512,-0.4708299829247833,0.10413804768892378,-1.0389322290700376,2.6815930390521996
-1.37255407131572,0.4156356512113768,-0.38406561763568275,0.46087989774281213,-0.20291015565395534,0.9163017042027514,-0.5954823244719143,0.06584359196992465,0.161463335786224,-1.6401596273323684,0.7621729526362959,-0.7362273648436323,-1.1978445040054508,-0.13305540357159495,2.471652347034306,0.6404144827800905,-0.17630190230598486,-1.1184618733172815,-2.2145689787100307,0.4899748815401484
-0.9462964310749701,0.7762451226970539,0.28091540317899955,0.7264461622343804,1.6283898446310376,-0.19513750989043327,-0.01577199219353508,-0.5540562615092604,0.5189329686560974,-0.9642862768740219,1.1135234228228836,1.2405346651133156,-1.8313470004749326,-0.643774108015101,1.7188283470407344,-0.19008649770610486,-0.7181470746034833,-1.1249621383816415,0.26003617989299127,0.035569329823709986
-0.06831106280666592,0.26608178359589,-0.50993587628144,-0.7264150462703174,-0.9044040453588957,-1.100410364230613,0.3041379756616129,0.635163386544788,-0.5837342645892987,-1.1236146854232363,-0.9427070479786666,0.9356744192748246,0.9587060041674492,-0.8090528409210795,-0.44361871591309743,0.6846971166151745,1.3773586272240428,0.19840848450750154,-0.21309385165722736,0.2980471117392269
-0.22853132566568188,0.9002544106624977,-1.0800093087587888,-1.7441230134195815,0.6863459724147277,-0.854343237205546,0.6290858124037991,-0.3462307879652502,1.22396025032707,-0.45056431971538174,-1.3222286076529481,-0.12046730864180304,-1.159020939186359,0.897530810479979,-0.05514224275083784,-1.0633030215347115,-0.5690571219887078,-0.2370309608319897,-0.3569044593732823,0.3132189042471588
0.4719740791350449,-1.210379670839736,-0.8374446368047388,1.6475925806426215,-0.2160357573624964,1.8800917704411244,-1.502187801386192,-0.10225519998240848,-0.1519952105227765,0.17431639432010246,2.5280326676814564,0.043900965535223414,-0.0051858687591339,0.17035366910019148,0.3385937776077529,0.907329121218679,0.046912327573163985,-0.38747516094660445,-2.806307645919137,-1.0999345697573852
-0.43292324692288675,-1.3370569878332528,2.9100513541601094,1.768633595333904,-0.9132144336185296,0.4361308031355564,-1.773304605418378,0.4524801991413984,-0.7870817970100082,-0.20333111570142043,-0.09717822165693871,-0.1510168777999053,0.88425383532853,-0.6769165387131182,1.703723585361643,-0.41241509386859937,1.001505473035303,2.6233626631453126,-0.46457849274367297,-0.20136241751727438
-0.533521130525569,-0.01884741689966011,-0.3753352634987559,-0.02646063676244491,1.042551948224997,0.585178256031479,-1.2146333768529023,-0.25620152782380906,-1.1174457867743675,-0.4775460524840076,1.4656014700784221,-0.17880702081040248,-1.7306422796934762,-0.2180989369639136,1.2951179424764798,0.4625781126302664,-0.9888135011164436,-1.0580614878598649,-0.374960365653413,-0.4097264726639222
-1.4320446202589605,-0.6027887658568455,-0.498290019049394,0.23094586272132925,-0.7240106227252978,-0.9705546004330439,-0.4809410586899465,-0.9604254104305486,0.09835817198641704,-1.112295690302336,0.2814692211549052,1.6971495046267706,-1.1550713964332604,-0.8120499961940615,0.19692135472273473,0.8139776609279168,1.5086933927803532,-1.3544276562867483,2.1201532139995845,-0.12787453767658882
