X1,X2,X3,X4,X5,X6,X7,X8,X9,X10,X11,X12,X13,X14,X15,X16,X17,X18,X19,X20
-0.3651875109852375,-0.9196604691165773,-0.10219292844044725,-1.1515808641448644,1.1270426513616252,-2.6977235567815625,1.2978456065720747,-0.30254201326888563,0.7205322684316389,-0.03255603330051122,2.4129485797578583,0.45236523720915567,-1.954633685162195,-0.49522698578712526,0.030345859457139326,1.0711907102878973,-1.1497558467227902,0.5480664541075663,-1.0613522171390355,-0.4265451052568831
2.290037032589782,-0.9242370145432688,-1.5371400724269495,0.701531081301109,-0.6806506436807204,-0.5554730535756881,-0.5193045483242983,-1.901500375006086,1.5342979780554322,-0.5597601346641703,-0.9025337753626768,1.1253459895556077,-0.561839531951215,-0.5274592633829506,-0.06801983350744115,0.5794518959900912,1.3278785766452685,-1.4360026110917872,0.3536187605164128,1.8124679670244384
0.635165160347671,0.29581887908949206,-0.3759386849145782,-0.8014687383991966,1.5193558902510897,-0.8365133878660231,0.8810482500187157,-0.823731489529307,0.7062979601343655,1.475968527879979,-0.5089157496338635,0.8260241177576522,0.575516027520218,0.5267322735244612,-0.827168071626331,0.07772530970303929,-1.1437221896363243,1.5356955588600438,0.0584580338214745,-0.05185544280526602
1.058783377784743,0.9711393138219043,0.6752411814470424,-0.024322270216013235,-0.44566179795393485,0.13822797574263365,-0.8208114772511388,-1.7890903409799706,0.17701559223140703,-1.1736489375536692,0.1296729820379629,-0.276471658832468,0.7163730090294647,0.5048997924783855,1.0070353465966961,0.49072285750529865,-0.8026087130562991,-0.9766184853838844,-0.8747904990342815,0.6690093985002425
-1.1200588124209687,0.751955966947851,0.4507834392941823,-0.26211168203559393,-0.10266328522762148,0.7469329755056744,0.4217067089654095,0.7787103069341568,0.538431236271122,-0.31146888895648794,-0.5697813172509728,-0.9020014893012953,0.5715636912254436,0.1799820569351324,-0.6212675460467479,-0.41051998409907575,-1.0365802788041396,0.22254009517483062,-0.9306574015755588,-1.0681730462602912
0.44960952426208717,-0.8095583271685455,0.36485361197336863,0.0722088312482527,0.1660647845173171,1.0003086179680551,0.6608436092846116,0.9567979910634894,0.12740316420051712,0.992784135081757,0.8068886311080404,-1.6184945587554729,-0.11078401009286953,2.1418706660294804,1.2064697403677587,0.08773092205425334,0.08135126333688686,0.4194584410992345,1.4471381802433805,-0.10357137098749421
0.2177314187016498,-0.6723351653374733,0.18724948759746118,-0.570325044821707,-1.4676619169139478,0.9305600050404855,1.301888069870017,0.9560678525503276,-1.1205907039936167,1.075157463421026,0.9332493975090894,-0.2958982219040307,-2.3586686367427827,0.15171245803576688,-1.3702384680393611,-1.4242887089666645,-0.6741741605553739,1.3595709211043834,3.155905032120038,-1.2180362872137012
0.6150443276314217,1.2392131505817434,2.3848929676107513,-0.1851533996794861,-0.26644980492165854,-0.22324254243670524,0.26553098887047766,-0.4781810619840188,0.2883046834240266,-2.496914277694204,0.14500346867993455,1.2631624298948938,-0.14000478913755113,0.5693319612037053,-0.9132096374154132,-1.2982072380103609,-1.235498260344146,-0.06691010861858655,-0.5044137474626854,0.9518905899242905
0.4324066950105313,0.8083111766297721,0.08706109597399782,-1.4091024151671978,1.4761315703471474,-1.8280082769179427,-0.04548861210719043,-1.5663139548335283,0.6013251463008101,-0.9155454394436896,-0.014795820818396102,0.9229234499631002,-2.4677689226551776,0.2985816058194595,-0.5702013606806595,0.29526307867807755,-1.6463774587594704,-1.0870258377339586,-0.8829120247436528,0.8399771452246352
1.343823894315675,0.2768367167170618,0.18075463570505496,0.14253572995908792,-0.0886932120708877,0.6732630016238391,-0.24159309637630727,0.5585157333957693,0.9707986328019226,0.12044574123172613,-1.3708051559883119,-0.5037888474481712,2.031474457525384,0.47134950778866413,-0.8716124393715261,-1.0864728871738019,1.779913552698327,-0.00045044253154149014,0.9058440146870561,0.9438393595541978
1.1058221101845316,-0.7789837287280732,-0.38739872299153666,-2.133992899273885,0.9281668317040072,-0.5541293128657754,0.6350166932791681,0.15435338278449523,-0.5106496767237898,1.258365092355305,1.8026834812998562,1.4069533606236424,-0.6895384460251955,-0.3281673648908189,-0.8063834060120444,-0.9105269099143546,-1.4789587502364676,0.1223704459888076,1.2717976996495264,0.013266641792759699
0.8315949345317153,1.5097543564954823,1.4054673020545896,-0.2809650303980206,-0.9611981077113562,1.8450210334915287,-1.3722088222517643,-0.3064139738096493,-1.2060219931447569,-1.2209499328437758,1.0764153821090976,1.8952549218606864,-1.0457560574365714,-0.24920807177821183,0.5330927426701264,0.38129093296403743,0.282525977162212,-1.5337223394474386,-2.5081600278706717,-0.014835545394642711
0.5493888726083048,-1.385233861240234,-0.6047571039042885,-0.15161149204398106,0.8002604423531133,0.14922194588788232,0.4637941814460116,1.0278094516078755,-1.1458408331010683,1.5660411100792022,0.5459286289057467,-0.14591024710053468,0.554003974248703,-0.8553879644696052,-0.1820557140776288,0.7742131922548164,-0.7402600343004562,1.6998502405953695,-0.6680063774445141,-0.5359266601646026
-0.2770567587944316,0.09724454829812812,1.4888388255116196,2.074951535387509,-1.5254106079234941,0.9383224717077197,0.6017830800624281,0.03899366953549025,0.2679662561629169,-1.095722530187084,-0.34882586638732677,-1.4715472917584833,0.9714249183477173,2.3514122429781943,-0.36557864987717,-1.1995208607764087,1.947951374864229,-1.390220817802729,1.2509122442567064,-1.3002625746989065
-0.683742471636413,-0.7646120865632432,-0.5075910825184157,-0.3602579598420517,-0.21642353553362792,0.31937402580100627,-0.21312574261212736,-1.3292272174535502,0.7313579943177286,0.12993730775399545,-0.8490246966629924,2.469145105191389,0.8868906264808366,1.0708170820025287,0.8925412077758922,0.5722422581222449,0.39834611039811496,-1.6838527058154658,-0.553200884308816,-1.5864561740873435
1.6891157406851338,-2.2355818003827452,-1.0191067343121707,0.7682184133387212,0.3533672725947203,0.09657309812614932,-0.27075104931698135,-0.041633997195815,-0.4776615527383214,-0.13896918945449455,0.19312926333503344,1.2082973267440935,-1.528955102852313,-0.6411884836167071,0.8210037540277486,1.9711497461993621,-2.652080390618737,-0.9757440081491319,-0.3494102776545793,0.5433719294512507
-0.3267395030387054,1.9206491011356959,1.0238461234892828,-0.9820970032530563,-1.183708304189411,0.9366514150367397,-1.7447341186205727,0.3477458152814837,-2.678921958126319,-0.6425853320844308,0.397248210378055,2.7390424696998794,-0.29171678252416394,-0.7852331951270597,1.128503801751848,0.24173781353092264,-0.7016518294263265,-0.5625308578104216,-0.941991167788726,0.7094468924784142
-1.0278398869526288,0.3475766548301764,-1.0081816480213586,-0.74564554646403,-0.20979544433307143,0.37182209115199694,0.20490324510491909,0.8585691124148602,0.3519546103017798,0.46701928441902374,-0.6828597358815292,-1.0944116994015816,0.2604332771814819,0.11671286145137122,0.4047337079301889,-0.13913993231929456,-0.3337680256766299,0.16126451836331623,0.461192983440477,-0.29160237637852987
1.0083634798396706,-0.5975042423122356,0.8222701627080062,1.1640365022694852,-0.6630434055306947,0.553627734036879,-1.0328316663418067,-1.4528873119151182,0.07704626772677498,-0.8232380550311758,-0.8570471741991271,-0.5565553254751725,-1.1308580620007829,0.07941224756643019,0.8093530480463164,-0.23987469451967874,-0.3084935344739661,0.47731752652744314,0.5594970779904125,0.9514675390696017
-0.16114590921321845,0.7258940964855652,1.7768991598120916,0.5645114463532613,-1.8961184969776665,-0.802263837370141,0.08881933838087015,-1.82821312397372,-1.9849667188944131,-2.2640614772117065,-1.1480463338145108,0.03645885398452801,0.07063681754531367,2.157688254140331,0.08433858616518825,0.039512560103309696,-0.9816756993820123,-1.8869802667089826,-0.5829783050185449,0.5649148745146716
-1.034156149115019,-0.7977617587102963,-0.29455639775638603,-0.09059637613389551,0.008420991223268335,0.2904305563480967,0.4619867381972917,-1.2639763377467188,0.0670743224553629,0.3540442230966466,-1.113819673142452,0.718562020001693,-0.8516749853106081,0.16746923868643016,-0.5392582576230146,-0.0371514014443656,-1.5007496727992309,0.45938189845171745,0.5453259650035419,-1.3462058356618896
-1.0977735615539228,1.8616924078442298,1.0141759527465115,-1.4573620438818973,1.2473226039673837,0.2718654727909608,-0.6522780643243576,0.6580063858550418,0.43343150966810184,0.43759564984731225,-0.7588705452744705,0.7438011803510107,-0.9125426938928678,0.2641539217299306,1.248157594362891,0.5962876874594356,-0.6381280122765349,1.5256670540992303,-1.5927531914679967,0.026838129347396086
-0.1763983424955858,0.6686718775007363,-1.0909633414916968,-0.8847532673724973,0.8230337214000654,-1.842940081167448,-0.48390926936474105,-1.5712388207187336,0.49616690259473833,-0.05436497175698949,0.5296383477308112,-0.06059373002317509,0.36335547782208955,-1.0526783611478734,-0.49829330615396106,0.38420361942628645,-1.2314641753847122,-0.725893284433338,0.4612676593956483,1.202090664875822
0.13847858314688877,-0.7342745928974369,-1.1997084573977026,-0.08947147726686382,-0.6922380492583637,0.1970808368593555,0.04946924101961546,-0.8838656496265032,0.4073467327176005,0.6778893945262279,-1.8344294820027505,-0.3973022533938002,1.624332910042786,0.020548982014485004,-0.7948257042939297,-1.6112441870017438,1.1603336683755479,0.5632195837255377,1.7309469695019641,0.7259495359494745
1.7463249989108804,-1.3998431596213319,-0.2687782389579633,-0.5504936615563509,0.6986564020544974,-0.023585843145508913,-0.5211244975512194,-0.36378410502399916,0.348954447487116,0.6730135558976489,0.81774766189518,0.8142453877038771,0.23263988489769302,-0.36931474492972616,-0.3684322238110722,-0.19130368397638461,0.11780976459006749,-0.7163512635662972,0.010784221559843906,0.6634879517972543
0.60488781467961,-0.5951756018229516,0.8415100351895187,0.6723049193842057,-1.1934758596546893,1.8510066056233256,0.30722891833582544,0.8297244858322358,0.5255493542498928,1.3973024950154707,-0.06643260200896274,0.17928738032852412,-1.2204938041366165,1.536972569115502,0.6483474203239863,-0.4461739510102174,-0.03739825297140679,1.1031547910099262,-0.4190975948050555,-1.170339112876076
0.035665139053330346,-0.49646213877557904,1.1792103305287123,-1.3594500251979198,-1.1502706844611232,0.4224457597773449,-0.5289519777395186,0.35045657842353173,-0.6105950645169317,-0.0366804661831687,0.9630689231971109,-0.04612862211786253,-0.5859343267108715,-0.2594171401736847,-1.1032260603611783,-1.8566543125254464,-0.4845504201085171,-0.46426288176222247,0.4483020010661628,0.18666267065336828
0.586868187017309,0.7625815169041938,-0.38488033065168564,0.22834744065102253,0.20029277969340692,-2.1000912256835655,-0.9752876371202865,-1.8637353793499438,0.07939505437704168,-0.25953446779804556,0.23703637889198187,-0.8791379460973742,-1.0975349572486235,-0.021228030879026534,1.1581012746825456,0.8553953800528541,-0.7321470683368877,0.35450862567152774,0.17946109576757743,2.48385538118599
-0.8080071387573412,-0.26310443809163864,-1.1906673359568074,1.9206041432023924,-0.9545911945607787,2.303214342909202,-1.1249711714185273,-0.028300294365319147,-1.995191095220289,-0.4005254261839623,-2.1410274826321207,0.45529976911792297,-0.7777192723791801,-0.33277210020509146,1.715368394968531,1.6901955707185432,-0.4804082522934381,-0.5763490626004929,-1.3233155504470338,-0.5517421068040219
0.6818193749090933,-0.36888001227804906,1.548719937966631,1.1497287340842164,-1.6585624143322375,1.0794768995753872,-1.3092319429265142,-0.2624873181822546,2.1027602900938933,-1.7616204838590508,0.3696635481487179,-0.7088522607877613,-0.2000359538766277,-0.015316753231193454,1.0362765610934075,-0.46544119818374763,1.618230753069269,-1.128766701965563,1.4962432663413805,0.7698312591395484
-0.3217529464721253,0.598209050609133,-1.9523126267898807,-0.7184124587654778,-0.11286394684408657,-0.12166655191752983,0.13168846186654662,-1.7423018840013973,0.7677872913937673,0.16932056676738277,-1.9407415614008021,0.9605330982913988,0.6275344986535941,-0.03323172460853525,-0.30499647896945614,0.6405191309909258,1.5998059860198062,-1.1753759644505894,-0.5136296898797145,-0.45719316674479543
-0.2411347717077919,-0.24384900491052422,1.9703989353161258,-0.07487640272718761,-1.0609348545635409,0.8749826710671837,-0.40121035684252365,-0.40207336161999824,-1.1002334129187519,-0.18344162982057746,-0.21243862853029058,0.8924751215115138,-1.4428541660533862,0.6138755808058689,0.449835759123451,-0.5063677015117153,0.007417522063714967,1.1541080380800512,-1.2954212790615098,-0.4696677215735903
-1.874243133305036,-0.8015965716220824,-0.7403428855030106,0.9107864884535656,-0.8267280281739711,0.5648285297831804,0.7789857147428245,0.4040656922194876,-0.9097097540193616,0.7351649293332027,0.0348370626029819,-1.0050941424414437,-1.289641651783382,0.17046202091483026,0.06621424197143334,0.28990589766096503,-0.5649556449016269,0.49919053585308415,0.12866452479984775,-1.6593235663842496
-1.301229049385386,1.8060743422075975,-1.4308296308248214,-0.7056291863688329,0.4515403723749256,-0.5539385481966823,1.739274671931638,1.252271957978011,0.1009907821164145,1.2453754927613871,-0.1962412620863391,-1.0673294609512334,1.1072470222387298,0.49932718646239455,0.22083205933887862,0.41073577940344885,0.18832858910742323,2.3699069984943835,-0.9152375754198894,-0.20470014611801765
-1.522843543359257,0.679722606867293,-0.23435062507942445,2.060093831315038,-0.23459104555361673,0.5333597783156521,0.048921160736546246,1.9533627337518928,-1.2955929557745889,-0.08733236984589751,-0.4683424533198028,-1.839007976195787,0.22935955108610767,-0.21095654583459839,0.6114370072676683,0.5086412348862224,0.6912158260374668,1.3148110746296735,-0.9296716948030096,0.44164658974079807
-0.6251805173617269,1.0742379712828127,1.3359112209471882,-0.11658053359573131,-0.08788250099131252,-0.332253238417917,-0.7411121785911282,-0.34571595756429135,0.32613886134508424,-1.5095626895086125,-0.9443014394163298,1.2543685026145004,-0.8770590549693958,-0.21752618749932684,-1.0824595309720009,-0.914303710331003,-0.5371469751554843,-1.026309556611885,0.4212735952335524,-0.08200694249606132
-1.5834543835159685,-0.9433855982137768,-1.3379342300459318,0.5991823792146241,0.6819871767700441,-0.1244941310187431,1.6846619497443833,0.4280130430506379,-0.31766872012297054,1.7043602028659217,-1.7122270726620228,-0.03425748567202855,2.677138898939091,0.3052410586888452,-2.1380030893555064,-0.9621169021363589,-0.44990552718812676,1.1181222612462227,1.8152300642521912,-1.8988439440048666
1.5674244234247143,-0.8026537119777318,0.41986641805857516,-0.19151872880712975,0.3044713340882313,0.17820180928992987,-0.7688185104113183,-1.1225261523091108,0.3085500638763452,-0.528196573256322,-0.06265866734779658,-0.7667502660059576,-0.10947505572922946,0.6845985180911159,1.0536056100662623,0.353214980413799,0.4274690654929061,-0.32555525822747944,-1.112363451594505,1.1785218671890278
1.1965665793713665,-0.7893828431283574,0.5309043951608344,-0.20260053299448832,0.21006943569169106,-0.441347419187928,0.6787598360947978,-1.1789218840655,-0.9688643395036056,0.17055659690462782,-1.853553107592028,0.2593840453890265,-0.05429497923790653,2.2040215710203195,-1.0730670559245576,-1.0594284012470532,-0.0900308100864357,-0.5250994920830433,0.41340737805720856,-0.060202368509475704
2.1782686264766884,0.43181359223456317,1.1734574714194126,-1.6531488977662538,0.9388869349204427,-0.6203394641832907,0.11071777077418914,-0.29033000682108046,0.2810120640646756,-0.9909088764224304,-0.7426407443507589,-0.2937580857509521,1.1142998810593232,1.1563515491138978,-2.718780174013581,-2.6726184590660926,-0.6515314936788739,-1.28094660751308,1.7636578614397924,1.7305279524438084
-1.0789215017818654,0.7486728529867852,-0.04241763354551546,-1.7803063791866085,-0.12379493841297995,-0.1607690821059642,-1.2504154752602834,0.7727008010000378,0.06899773651038725,0.44964474314481545,0.16389091516745818,1.525111374157327,0.13794869200068127,-2.3482489443918952,-0.34737908717642646,-0.5664796004808497,-0.8194707923641631,0.5854380434461365,0.20024523271395614,-0.7498830821733766
-1.2327889137780517,-0.7938319060707567,0.352337919966211,-1.432674136412109,0.18071614874542388,0.11837738748446598,-1.0414258272697408,1.4213196216059647,-1.1817620954628403,-0.26524920245290573,0.5892707851641241,1.681284058277307,0.9307126653872553,-1.7737884207472332,-0.6205081102860266,-0.568271613092133,-1.4400817252357463,-0.18610506020195502,0.8616762533860661,-0.5409580722775191
-0.5143190665036668,-0.25377735762842674,-0.12629267796470747,1.8548076084135323,-0.035820867440667634,-1.0860166395476984,-0.5341799589501339,-0.6410878677416306,0.6821616635816224,-2.055676682107516,0.20573971179624082,-1.4670310526962715,-0.08159907123991958,-0.7404502722982148,0.7986615052699734,1.3442868830569497,-1.6777493840001487,-0.7204331486279778,-0.9408654373634304,1.2773592271672365
0.8707193515961641,0.5813845777896375,0.5916991349169206,0.7671810787630656,-0.39616397452085594,-1.2815306340051436,-0.3632711329887077,0.13951475112630218,-1.501878233027435,-1.4389891677716289,1.3917554203148919,0.6111570184082834,-0.5586883662502304,-0.11349574179102291,0.1765124871425784,0.3976483079744123,-1.6777841735061276,-0.7865270586408964,-1.670500724766191,2.020272328039701
0.02818720639535222,1.8336941802900637,1.0834128635929061,-0.9766770857774001,0.22972231590466463,-0.11732782400082262,1.117730811186466,1.238994127059409,-1.7722394605508376,-0.7279641494055198,0.28592450116639245,2.899803295166356,0.27697731182045743,0.7320204873039782,-1.1913758868714184,-0.9146967717813329,-1.4294782105147505,1.047166230125626,0.015320561367405127,0.43411548899128327
-0.989366792513902,0.7487499134470439,2.184061464870043,1.1611544755382592,-0.7831572063967377,-0.14262468439254322,0.6131977860318112,2.751707067005946,-0.6556449657427854,-1.066793788790456,1.0677355320210729,-0.3297327426606946,-0.7071354792964968,1.8333879905017074,-0.07049722309853293,-1.278079141255323,-1.4005880252185265,-0.040827723238204154,0.9032816466165376,0.4857801643418001
0.1483966851905394,0.9273409973730052,-0.5444919278304847,0.6417727935247478,0.5887962173249313,1.4630813679535477,-0.33969769243032166,1.1879625446048574,-0.08133804963429032,0.13159502966295678,-0.8672940149439766,-0.2567113452465175,-0.39744486094522025,-0.9185947346131683,-0.18190303096167246,0.20909515564117315,-0.9018879082177657,1.5045471723257735,0.7213436659407474,0.4539052043426049
-2.6730701547968234,0.8984775158640665,0.1759890222735369,1.4346614379400149,0.15922778730234838,0.32153084135902044,-0.09238283805467572,2.1318604259142573,-1.5660732872989154,-0.7278736683678773,0.6732991746701154,-1.4206785091935463,-0.43414708009495895,-0.6277897043247609,1.0229442748248136,1.0665084987161944,0.20719868350024848,1.3245673865673806,-0.5579763521935993,0.004060947208705242
0.9533118156941397,-0.5792802685798861,-0.4759232914518908,-1.7087482293561587,0.42340072852697186,-0.20457023175380265,-1.0702779326354246,-0.7629738520910809,-0.9206423046931177,1.0560607496634842,0.5747643643481355,-0.9383389302501104,-1.1882206396144905,-1.546204944702623,-0.33304450396427654,-0.7854035414678278,-1.3248343827902367,0.25530067428585235,0.7852578099831888,0.5781569661708542
-0.03281241978124652,-0.5463286969686301,0.45744872324143177,-1.146756313168807,-0.46820379964299896,-0.20883994612121315,1.9031228951430308,-0.342710452720871,-0.6956497832908305,-0.013397735520310339,0.5928877573133795,0.4258133763218555,-0.4100279329525247,1.1723944637207575,-1.7608647802846633,-1.229254898797167,-1.1351543513426927,-0.38926185001864644,0.7887394643235486,-1.1388549152518892
-1.5299374698900778,-0.9845179826676009,-0.7702840750582404,1.4800656664456102,0.5003077426859522,-1.8030226531750424,1.182230593524647,-0.32427505329096395,0.1425363567244272,-0.868565713187702,0.5573981216621318,-0.8843268638774212,0.42371229708094027,0.17808985705114413,-0.4751030475498897,0.4213889318084654,-0.08537391978378314,-1.260221623571735,-0.4358270190888199,-0.6931501956460164
1.1458808385748696,0.32343555914777383,-0.14205592901245961,-1.72935112969881,1.5625165132753642,-1.494424260733832,0.8334915490334237,-0.03580010420030508,0.6725706425485473,0.21534258059507408,0.7760982883339365,0.5245704561340597,-0.21745685156235176,0.07511879666572165,-1.209515061226004,-0.17637168764860875,0.43080940107807203,0.7641172777851408,-0.1620717365567289,1.722637998386156
-1.9291470007948788,-0.26762963719595084,0.2563737431293794,0.08739168827782597,0.13120186861431166,-0.03467087817053442,0.21958768150909408,0.7662055561172948,-0.33245502885017814,-0.2668795380182431,-0.6263760614303375,3.149711662293249,0.7316171421756066,-0.7431217061356937,-1.0754830936396047,-0.17121813729522448,-1.9092446614317484,0.8546366218823227,-0.38939620057340496,-1.0703051063254818
-0.9811756648674621,0.8257284528028445,-0.5750464339678788,0.11823035799154134,0.22868200047031895,-2.0688216734689364,1.8585311005859981,-0.024055410304213962,-1.2967125794553558,1.1919073851104263,0.6857556375598688,0.8382649941429664,-1.7867984376205115,0.5961518663520223,-0.3506038912015938,-0.13085211666612798,-0.19407634658110667,1.9114761786445653,0.7642406089358472,0.4781219686590991
0.6457834269270617,2.163766310233176,1.8541965314968023,0.7596661740733387,-1.9468117545240493,-0.256415232537577,0.03350239128606531,-0.42424822709890553,-0.8243775001544285,-1.5857833747856582,-0.3825121299841441,-0.8815907629733633,-0.7479513649131271,0.8987795365210375,-0.32166519083753276,-0.9690726682427563,0.930845029111503,-0.06838671508753301,-1.5489887293628175,1.058924741670578
0.7816685501923145,1.3708614655718172,0.6020040522572956,-1.621738213639139,0.15556763044297486,-0.33656574050143423,-1.636987904308379,0.060836574370150796,2.188799372278261,-1.396607522842053,0.43515076230771127,0.27051087639284155,1.3186147006024154,-1.2392639773565999,-0.4628397384817079,-0.8724808518441363,-0.26642285782881087,-2.1375425925977054,-0.3086191859555441,1.316371763235388
-0.30251496669511757,-2.566403216728443,1.378686337716711,1.8528600402002755,1.6737764948951648,0.5082498400008306,0.9082479638423409,1.268952291216882,-1.5082298891164108,-0.9045602881752467,1.6740169348384992,1.2190198794112903,0.34652052330465205,0.5377480963353919,0.2620875463467273,1.0254116464078262,0.628769677760169,0.6340804474968617,-1.4839764318095165,-0.717025164633447
1.0421426745040714,1.1047341140805382,0.14887402378021003,0.6207974203401648,-1.904091878366181,1.109264922010134,-1.169137904846333,-0.71662632144944,-0.7359734661077488,-0.4687782909003927,-2.562206664761188,0.10924631349991673,0.9636716166564856,-0.030664428077611612,-0.17099445522275553,-0.9645647736799876,0.5266068281654804,0.19386561716116682,-1.0867081672127143,1.234700508982251
1.3389848020993529,-0.8496144049861776,-0.3863956013720871,-0.7797336026941811,0.3793715514652172,0.41612932424733845,-1.2565949739726483,-0.18576759341915683,1.5155730035385058,-0.09555728113983421,-0.7389609393663107,-1.1991513074643336,1.314132078265103,-1.1168668987389267,-0.61013006843511,0.36475959955425236,1.233858835859459,-0.8625118945306263,0.049901528807897534,0.8698540573695737
1.4600810216358042,0.28748575643980956,0.330236695385472,-0.9980697083949409,0.7339508523340689,-1.2863105613199,0.04016498591799226,0.2645440411619888,0.06868531381999826,-0.14585679873127697,1.3745192523410494,-0.5648381290351696,-0.6860245910347592,-1.7725951687612451,-0.8390215729001996,0.12239794857210543,-0.9421829518542083,2.055552899703718,0.4032765227249922,2.1492037285340704
1.659952720033991,-0.9850055142139089,-1.2029398121687962,0.12369128770951117,0.5673397909479865,-0.30651452321314243,0.6562067934308202,0.03747774107105553,2.343604552412668,0.3317468494489033,1.0334318076897167,-0.6584732808421506,-1.049628307632576,-0.3016440967720327,-0.385624080478972,0.6339466466342404,-0.48487986448320747,-0.5089163462346483,0.23875841378336096,0.6766556732825972
-1.693535194257457,0.32824388683690686,-0.8082641338726186,0.7767802689249972,0.6948914062042233,-1.1338864875188035,1.0253788063985494,-0.37286160352979814,-2.264111336274185,-0.1991807399127507,1.5420966693317975,-0.5191483244141947,1.6249733067252539,-0.16484992029291626,0.9373394591009183,1.380039800232462,-1.0698402138878929,0.07465594302926357,0.5154199864945528,-0.5933551160042669
-0.16224784075479487,0.9689279487988703,0.9139738100590789,0.07323554859552033,-0.17468216446894505,2.429530327780805,-1.493410501005308,1.5601159015350383,-1.4944611250714643,0.08473407545984137,-0.6723023802440551,-1.1338934802200828,-0.18472702892384107,-0.2052255185017456,0.43724638936592203,-0.23837512455531026,-0.19814871952056382,0.25499308171608587,0.6597492903017748,0.0006610264522303508
0.7783402173813482,-0.9904918142942686,1.6668021192432634,0.2965509304304665,-0.5028688646333193,-0.6961649106471854,0.1651515022921525,-1.6416928754020403,2.9098196057187935,-1.2292927269079736,-0.9029947894283845,0.03937382801074446,2.0019851776733066,0.3239272949374957,-0.49655002188242686,-0.9681899422306923,1.8091130889537255,0.0042457976334973405,0.6050509408994273,-0.6331476668795556
0.7630893556518714,-1.5995235832296242,-0.3407680617091183,0.4819089340216807,0.806768396883981,2.002994931770438,-0.048878455265171525,0.702442016470637,0.11733117108117487,1.2014491878920632,-0.04006465941865425,0.7599635213434643,-0.7915628260483096,0.6084158948208516,1.1638259385889465,1.4786539222097086,0.2993962060651695,0.9422763736784416,-0.001242911871593628,-0.14570105155887428
-1.3436067010259303,1.200461277405716,-1.6130904621191255,-2.3347530884592653,1.419814125423966,-0.14311273684207976,1.5818267628957412,1.3131921909099877,1.6530944562252472,1.136706383205488,0.045210189318084945,-0.721653520723246,-0.4014965853480638,-0.29171295555718674,-0.5682490305165265,0.4710560754679117,0.3050326359726431,1.3383567947854096,-0.1449699073358558,-0.6514255987159705
-1.3485571371968845,0.6446943680347287,0.21501407946777587,0.6631127925917524,-0.4456803199550647,-0.47531678333882327,0.5727643084854162,-0.8837411009422542,-0.5937822627575541,-2.5837294351601865,-1.2882688787970829,-0.32627371378730324,1.6796504072938605,1.7304455292528254,-0.47023435978076716,-0.32417132828584283,0.6080500422242264,-3.705397838272263,0.039370179151862826,-0.9403024471920524
-0.14315157896811187,1.647305718555359,0.2682725592132934,-2.008390439491477,1.0858175379525472,-0.8225418895141464,-0.7421221542787468,-1.448583200390438,-0.04113633911077206,-1.5098511803043393,-1.6732881167746967,1.621466149785292,0.8337455502784337,0.19547216707571521,-0.15069578783150922,-0.11138820787855588,0.8946914916522309,-1.066891649058611,-1.8640940806855109,1.0090156451556018
-0.25414253901674666,0.17707590394378625,1.150549186100675,0.3936262632726407,0.006404808555655331,-0.4947957267249529,-0.19431272327134289,-0.443883390311603,-1.3613152650997147,-1.0933755049584244,0.7785628722210299,-1.3580869404465097,-0.9273056278211506,-0.5357980634396907,0.15052724833223466,-0.6642640560487978,-0.18523998592687774,0.8699034012030947,2.0454117939924292,0.8439535963721793
-0.27024532387244843,2.400497008149933,0.15813155003637525,-0.3777624316760327,-2.6796327706509895,1.2741343721725775,0.17009234355055175,0.8074826113979766,1.0217589805018128,1.0592509396018144,-0.17573930815953281,-0.31975008524638965,1.057705391011393,1.4583314718633456,1.3941542635893114,-0.0626277870975969,2.322622512098712,1.644001790401827,-0.5691584896995913,0.02842921658391526
-0.8476561698002664,-1.8228911030547357,-0.6741906848885608,-0.49895308956348966,0.8256669592846919,0.07544504116730409,1.1512246720619197,0.8006398357237929,-1.2683643286474406,0.6233088505906237,1.323693725666429,1.0227616058680482,0.7241332811478218,-1.1730359114354068,-1.2941516849059205,-0.8535183808998525,-0.40824578423321267,-0.06887754725928502,2.2785175909545146,-2.3633415329403786
-0.2967772349288131,0.47369561393147536,-0.8772206697628028,-0.37120999102053853,1.3089719976796936,0.13256909809460957,-1.1547383470655648,0.8083305594483452,0.4881042717339813,1.2728310908805476,0.321846436233316,-0.7110371459985514,-1.6273388454379452,-0.6459081966980817,1.1208613150078672,1.0913071496275342,1.0535319086900168,0.14780711796290671,-0.5528092539730403,0.3683968790917495
-0.0749920079664179,-0.6945840469860022,-0.47776446471246425,0.5056568082717626,-0.3902788036945046,-0.3701055673925627,-0.4611507625960197,-1.3482394621886638,-0.11277780104528543,0.09363024339672238,-0.36448649938382566,-0.6156487075889752,-1.7561312362778148,0.0042085402666198184,0.841168507047223,1.1528836017395887,-0.49767055315573583,0.2725248731687427,0.13762894505967244,0.5468437161448932
0.6274337059802914,0.10736692191228306,1.0438863489248826,0.9999577722163262,-1.2823356841407385,1.426408303940177,-0.40293742896421064,0.6580384954422265,0.19864395950847638,-1.6489639988602305,0.02502158564752183,0.2124190126119758,-0.5737901014328529,0.18331850172032005,0.25437414317269663,-0.5742988594837797,1.3634651580956654,-1.754510657819816,0.3121092653697501,-0.33244917572976784
1.3431771503502554,0.34922544754960577,-0.07202720236117222,-0.08245342784081355,0.587398260516878,0.09665389122961823,-0.6558928400316592,0.3915870407533889,-0.5476732383085283,-0.08618311628459747,0.9578920132608917,-0.4887940429386668,-0.4767078640463826,-0.8245637131721956,0.6340665647358699,0.7567458370440581,-1.3278530796646675,0.5470561172924504,1.5049171751106913,1.542988969534908
-0.5045309122176929,0.6797547371273387,-0.1598976941027502,1.0192679540757987,-1.8303960631489262,0.7418310659726195,0.22287471115740942,0.41539344223647384,-1.0304710252649214,0.0728428526772071,-0.4932606999797098,-0.9380229169104983,1.4297270135483666,0.7556733013215431,0.8198088262401513,0.051449178562973555,1.8254372065178937,-0.040441890960015776,-1.3257784409746685,-0.39998370774081676
0.7314130245192052,-1.9997323772051512,1.4811851931766513,0.32678947679440296,-0.33104709603468485,-0.31778277951927053,-0.8906762183275685,-2.117492056932387,-0.8047619909207477,-0.683295994978833,2.792903550998578,0.20475772690742314,-1.0704473892376858,-0.790174669946128,1.47918835342859,0.417010055886271,-0.064818219168005,-1.0620661766822055,-0.388209932126177,-0.8637482766769642
0.2147439530967034,-0.4821219682389446,-0.7866609214143333,-0.5156685799263605,-0.06432201215205054,0.010414048313573034,0.3714090156239102,-0.7642126787991638,1.0703097168655746,1.6066627744305673,-0.39782991909140936,-0.11751783300088439,-0.23039916509621597,0.13864815316761184,-0.2065383860429189,-0.19567455966120942,0.5876904216250332,-0.11515973829280479,-0.4131385925946024,-1.550385469127359
0.8747378706622281,-1.7523315404693909,-1.242345014521695,-0.2512777846493267,0.867139076752864,-0.421719948010497,-0.4065639672185791,-0.9292038404481148,-0.4251130208250971,1.0487391025144046,0.8470626974858927,-0.4012264665314111,-0.9184817865503908,-2.6569479924844517,-0.05538603997833035,0.40597868504253165,-0.8500307678689446,0.8152042644967745,1.4034597585172741,-0.18512461443040606
-0.8151760241096432,0.09050864082970485,-0.5499047724062427,-1.295438890781437,-0.5643633131723236,1.7221088768612296,-0.7860358985948456,0.8659350852648516,-1.5976196782255907,1.3076282599489475,-0.5409763156710482,-0.492224700873906,-1.1529429849958601,-0.6894989574682794,-0.6486100746664958,-1.168463620297132,1.5730423290617876,0.7352943628367344,0.2757373811349498,-0.4967713928459573
-1.4067030141002221,1.1813176919412425,-0.9755584019377374,0.8583034989931267,0.5990809874527158,-1.070680101551788,0.14441905429361082,-0.4838855985938074,0.8216559776637495,-0.2868219869742923,-0.3366852260306535,-0.9390198141244286,0.5629579181066499,-0.580599375823048,-0.04389323084390779,0.9566874404879193,-0.1429173171758139,0.33583757713647383,-1.5411516640262222,0.5164865989955745
0.1436004363141788,0.1636880963681084,1.2396578005368752,-0.619505931832285,-0.8524359192266515,1.4638342902515564,-1.6798628743916928,0.17240051968226622,0.9328821450041076,-0.2805651242958955,0.3094431156715318,0.5917683803068382,-1.0860041924304096,-1.3077140298797378,0.7597323407899148,0.000799937659152726,0.45821365357385063,-1.2725553540143826,-0.8708480670618599,-1.609881549627134
-2.3348014807140864,-0.7419940207068494,-0.951167924219671,-0.07176157364725182,0.9265083104192513,-0.6323777290655832,-1.1882898095628078,-0.40291757955875107,0.3211519327155553,-0.05745964668876657,0.06288603648403526,0.06979709236772545,-0.010355267949366103,-2.419663971492836,-0.017061767767356385,0.7260126522972237,0.28244084902157224,0.0494612796816269,1.155439161140496,-0.46196945667959716
-1.7047460422258627,0.655931534074044,-1.7175807622332036,-0.20516301034248902,0.17593919121754295,-0.5806059480160559,1.4108201415042747,0.8151102902011054,-0.2806631222309291,0.361090088847614,-0.2663339092725697,-0.4608469363600799,-0.2755795970401415,1.5307839403664096,0.392191187726558,0.5163241180471465,-0.307061478907678,-0.26567946015157134,1.1666175019594163,0.14263200515660868
-0.9511511800359573,-0.51238467957996,0.8817418221804807,-0.0017644944300108203,-0.2844174840045125,-0.5829647222908663,0.14001855943227032,1.2906823096850446,-1.0485503762753599,-1.1318548503374626,1.3778090767058915,-0.8815771822762332,1.7627527669994787,0.12417041951654444,-0.5906929447078583,-0.46746076414826726,-1.2702010848934164,-0.7522688045385998,0.046622038296802844,0.5271102890078773
2.0943980900928585,-0.6389539567624688,2.042621550432071,0.031018000761642902,-0.3063438126403744,-0.3582262538227301,-1.1639811482508355,-0.7743644179859049,0.9291114071805051,-0.5774818843517155,-0.23700792469118903,0.9131964872543012,-0.16415188265605987,-0.5583235502768126,-0.7043198608003117,-1.1266568181332488,0.5194238411270673,0.47262259832852116,-0.31481268245229693,0.6512993312789437
0.8003343316685203,0.45682542096063006,0.4163834539784782,0.9961231160823126,-0.09627350492900427,1.4637290695902705,-2.4512633367929753,-0.5641322771610061,0.3387658992305633,-0.13920002777451754,0.22588848364796638,-0.4330175747543402,0.18726084718135122,-1.4866058221141722,1.8772170161955888,0.9488095620736081,0.9075333210491124,0.7150037907583883,-0.2042877336667447,0.8923618272343162
0.16382568229662517,-1.3099375035475842,-0.21024964470652505,0.8935109504895494,0.46363796353353315,-1.0768993067294994,0.7565953105143002,-0.7432782424928139,-1.3169388776662085,0.4330570148680763,0.919991117714186,-1.5215115650113455,-0.49393938728010744,0.18292972674765362,-0.45905059281598515,0.44028983818282486,0.07577907273334664,-0.6642351768217591,0.07136631268286052,-1.1186078522225296
-0.2716453367991968,0.38165585822086806,-1.0167393133678193,0.4076398681831726,-1.4005080987908738,0.927436263129089,0.4734362976671305,0.6384823750236,-0.2722675482179942,1.8758530056480214,-1.0579325496424437,0.4446875395114681,0.7232822314097183,-0.410776356220899,-0.212439899369653,0.4428747946505357,-0.0891930166816677,1.5313841104298571,-0.6140032351901407,-0.2989307278403429
1.8669855455400097,-0.7776489802531721,0.9444697716184847,-1.0456683915198313,-0.7429842898775032,0.7688099198348722,-0.28141342871738784,0.09984523328483813,1.7994808627705623,-0.7090416353379965,-0.027417108880073333,2.185164553434676,0.6823458294376513,0.8804331611962802,-0.8338101641456398,-2.0483246764393863,1.5135808956300048,-1.5058251865363668,0.6538024905778413,0.8382547187810264
-0.015310027653800268,-0.6720203405079106,0.9958343112521114,-0.24177455545523086,0.4107580916935799,1.2348655133333954,0.35170859552785544,1.3549937029797543,-0.3865845247146575,0.15710654663646612,3.035710433335403,1.560848882172428,-0.5640481060734606,-0.552384900570929,0.22178418490922297,-0.2492234737452407,-1.9010008860799164,0.20290683754227676,0.8389417408074307,-1.7649390981481956
-0.5763756787361993,1.235843563332294,0.36890216088073635,-0.7747581389044318,0.4458792932460194,1.0840080030065158,-2.4152527676396436,-0.34932579971827327,1.2353961001332903,0.7010196620195516,-1.3649159450216988,-0.3836437653954656,-1.5228542959679328,-0.6353278964113457,1.7066468348317003,0.7274090321604768,0.9009464611988838,-0.5567854033047027,-0.017021555355362095,-1.0345935155005808
0.48063346958306546,-1.319223604294363,-0.0011370748878246424,0.914837552183767,1.627162418011062,-1.0925248473541762,1.1127124616187742,-0.5950200799163919,-0.39114538141239913,0.3387871275898794,0.18603684024699432,0.35222680062540573,0.6863927132621728,1.1504854576035881,-0.4937382783483027,-0.04954259071987649,-0.0797292865924556,1.0215575204628922,-0.14387770297879596,0.4914691959503109
-0.42924287425374164,-1.8124260228904845,-1.1229302468571565,0.10583024102222806,1.4068990026360637,-1.2276011990711013,-0.008909574338933038,-0.8534385218092009,-0.5167360698584471,-0.4368878886553846,1.761562218636434,1.2527796709356938,-0.7379022415282203,-0.4632624331494172,1.2810048111373988,1.3959815403926166,-0.9992845411416525,-1.085410901157166,-0.3792164736082377,0.6676907527113002
-0.44543295288448387,0.44157553121371,-0.9176101403017518,0.5631381172439421,-0.09763600367624234,2.1680907471691357,-0.490767621609912,0.9264488318826928,-1.0005549635947573,0.37710587536604917,-0.7630468169095069,0.3689010167585906,0.687391673334358,0.429597816173163,0.5733807855904863,0.6731657262373651,0.43505707464473675,-0.8816567856218585,0.5999134246367159,-0.4888242941938661
-0.5000829075669135,0.6204958510206275,0.10567843515914119,1.4243146753396303,-2.363499903275359,-0.6801526938065443,0.25420588271973854,-0.9048086438035636,-0.6246367882758431,0.2142840116359129,0.7160967467330338,-2.107672031380661,0.38821314438505033,-0.7480430684880796,-0.2459829852444181,-0.9014749339557386,-0.37589723532579605,0.09427015925053005,0.30178907707300645,-0.6536710481676525
-0.324307192280571,1.3074464688913356,1.4464965751008225,1.5228544346266275,-0.23693665802745165,0.28355583829931824,0.2807812478060557,0.7562589128177116,0.8122689341739402,-0.32458069297572306,0.8121426399196391,-1.2009860142610385,0.06563997168853299,1.5010865488529939,0.8126646808716854,-0.2541571058711336,0.4171335203673865,0.08459203330097052,0.20288060444976563,0.18418489448142042
0.08865829227829816,-1.6605959857043513,2.301414690698808,1.4916459062711835,-1.1474806716102854,1.2681824201116505,0.13939219051426402,0.5129206169756699,0.05747137966559141,-0.780730377858258,0.5722165320474377,0.40480060348609354,0.8027749617743483,1.413848926245066,0.4517332768653035,-1.1278809914171977,-0.5107787461777263,0.41516256824028985,0.31323271776174166,-0.3729070114976934
0.020178191304304684,-0.27653865070289796,1.1427540546508888,-0.3017266287987238,0.9819605282009952,-2.0756633256265813,2.1845247042973126,1.3430766353345622,0.3322263364204794,-0.17633499418909923,1.1063747905630954,-0.7834952040769995,1.0387541734910946,1.1152852498168397,-1.9651039895833413,-1.6669355307005806,-0.17918525930209075,0.6083594400504879,1.1738905815910625,-0.04534206391494842
1.3612241222373598,-1.0859549982674965,1.0168423165710738,-0.34844882659216153,0.06117234462711642,0.7884075444780763,-0.5376163490447396,0.03758994750386138,-0.32052323016643874,-0.24088221537201618,-0.10953004992336088,0.4030650939079246,-0.7595307914622215,0.251167331911905,-0.11106192450437227,-0.07574417235774662,-0.5501657704664937,0.08160858784761003,0.40406854721416396,0.20284032365892946
-1.680363246957821,-0.21175955177986364,0.5147602980290755,-1.1286665193249603,0.7427358665515366,0.21901535824410764,1.6141014158180018,0.41080890385634783,0.5678230828534757,1.360652964892436,-0.646608913469553,-0.4833380555101362,-0.22587372928421176,1.3294479882942014,-2.3351941091557347,-2.7788510805100253,1.8868495408455044,0.2984123937337726,2.865591252686387,-2.5029749202393727
0.034577723941821084,0.12819142961873686,-0.3250369489139614,1.0387981943169637,-2.173053110169347,0.9530743212539526,1.1548859457807377,1.902249227994895,1.2645546244847343,1.489668803226782,-1.3509930724342178,-1.0616397293712283,1.5851385032962513,0.9904780989328147,-1.6593175673656966,-2.0789935057805518,0.6984400401164808,0.6611252098205448,0.7344048134478997,-1.1390001324070522
-1.0662919740380354,-1.3708575835016001,-0.4782330571743394,-0.7762299790022946,3.3521219537937363,-0.8626417836978884,0.4081763330409635,-0.3481128273005979,0.12314605308117535,1.2881801558120516,1.0316520393357473,0.6325680491167042,-1.5012317221702398,0.09479182276752106,1.0045064163836812,1.4114398048962733,0.9958482679387083,0.9776334450332674,-1.631255027578431,-0.6695461342348574
-0.10628582543624353,-0.7224674241346536,0.17150777751354573,-2.059644784555789,0.2402017728634447,-0.35173009114271797,1.1514194722356763,-0.405660997777583,0.8530807974740768,0.665396210933357,0.567609337893079,1.6636569608948304,0.35046810387001337,-0.2884371999127844,-1.7397435042761618,-1.5407198971739589,-1.2111014328477148,-0.47215720087798263,0.15178553308123527,-2.0075983907561494
-1.7323453216797176,1.7641746459437402,-2.9319620923581713,-0.05288511559512125,1.011802172389158,1.3120260175635226,-0.6650246693259746,0.9074645388112859,-0.6158808115558807,1.2358066706347963,-1.452769098377691,-0.8198371964741497,0.6291651782087534,-1.1381093117448202,1.5447718987574277,1.6130864327555396,1.3969407415921309,0.7961558914674663,0.9805778308813596,-0.15197068530462962
0.20673035227449102,1.2800131227054812,-0.7533608907921872,-0.357073993497704,0.8860582554813831,-0.8343739877578779,-1.0033685269407935,-0.7728611158296537,0.34241574318527146,-0.7671863787733958,0.22258385016309262,-0.8065457521752137,-0.9470298189375583,0.07587486707908801,1.9171364571793978,1.6814047206414684,0.3749323909759902,-1.0040974035699124,-2.33245613887007,2.045391761269002
-1.030492753291255,0.5515489319602156,1.0561591902514238,0.992524482637721,0.327178071233827,0.4929545493033139,-0.21093564990141728,1.2603509769107066,0.03663766987237783,-1.396229960439247,-0.8785480375337413,0.11714293528733812,-0.8784036517042689,0.8787539793766358,0.007199963870860972,-0.47432972425799996,0.5182679396737598,-0.7313009668445237,-0.1869529845289306,-0.23639666018351593
-0.32312455156979963,-0.4118410827744446,1.1088061462167704,-0.27167606540495953,-1.5528570787693867,1.465799054920115,2.203207342318614,1.5355569320860936,-0.4563432843643626,1.1441694754430998,-0.6103494637075374,-1.2195742738746689,1.740531388920396,1.572845589950582,-2.1520755522599835,-2.5608140886441593,0.8259333229147718,0.920721684354001,1.0874220011499982,-2.552944647908059
-1.474891766674619,0.5978633189799962,0.2723203301044515,0.8675357049572262,-1.6418954711817737,0.5730749919223345,-0.23419880172055305,-0.18642825385211606,0.5932915770805884,1.3420004220177246,-0.35775839978717716,-2.148108852028015,1.5308378042121389,0.39543938552567326,0.5586308502656239,-0.15903284544374333,2.0048493544570594,-0.007075349175788143,-0.0005346529862390496,-2.1098641922686037
-0.7099457115024296,0.44209842315356546,0.5190084448316297,-0.5549176233731313,0.6777647909652948,-0.717907167360753,0.04440265454075352,-0.32716984400175686,-0.929369642669741,0.041548167274891384,1.6124808581759331,-0.24865113955975265,1.1706762140934055,0.5317450660495914,1.128142610763566,0.387532407231158,0.29615878279301106,-1.104845858773819,0.19317201388754193,-1.241264147934374
1.5543933845385798,-0.8144025129681253,0.7098792538498708,0.07996054527873599,-0.26388046833983353,0.795015690805142,-0.13991047909091942,2.235540545602151,-1.179952038314942,0.8452843540073856,0.9265353356619644,-0.8934178079300343,-1.232535724396427,0.05601553176571544,-0.2691306512610793,-0.4114241592977162,-1.3480796042895775,1.7677748006050622,1.037003182997562,1.7511699186407552
-1.4052203706583692,-0.7038029243443912,0.4381211243091298,-0.4214944657280611,1.0071410206583111,-1.3556397696542908,1.065923099566274,-0.8556658782049035,-0.4121378014145606,-0.8654248759336554,-0.7760223641152142,-1.2346314007126518,2.4425930543675554,0.9972943917359199,-0.9497804266375666,-1.189721537115633,0.6966120313732659,-1.5594603161685578,-0.0852639662050077,-1.8424186359501193
1.7491243205379656,-0.1968361934584136,0.7981433080654964,-0.3206126068254051,0.6053764141542908,0.8144055694345482,-0.569127042619202,-0.5138123671981826,0.3892888438010601,0.3736906583687265,1.7042278864048388,-0.021047802820053987,-0.9940191060982562,0.26982394731584936,1.2110465920923847,0.21809667506910405,-0.6199441161606027,0.6211377940782725,0.9746631406686982,0.5101643682579596
0.41013802744676703,0.37679726919044393,-0.3665171295594405,-1.4420316426879678,-0.7631005258266343,0.30952343003150123,0.6809719650782143,-0.20353507620021988,0.3541778862410449,0.9435625431960818,1.378113524857163,0.3178749635468595,-0.15567846624756906,0.19453945700918718,-0.5624852399961932,-1.5638559462911854,3.088156518708703,-0.5795668602144999,1.1787766098827166,-0.5057361085119042
-0.6354474116822479,0.14355419029937647,-1.7162107067011743,-0.6601497175214665,-1.4416017447247411,1.2965895920657888,-0.15991743088553712,1.5033074034677991,-0.3127100477760686,1.23575684340043,-1.7049691641276468,-0.1935698864481706,1.7731772760930224,-0.6913212513399134,-0.31759909321387325,0.0754276910933116,0.3081496976684676,0.4052072498238199,-0.3170816551895286,-0.38813284275998655
0.15186502087254006,-1.2200073201842183,-1.253569368578779,-0.8468218566388741,1.2669162029735916,-0.5795033225773762,0.9719853193027054,1.140903598172195,0.4903744017117391,0.22811156761818227,-0.03186486243866875,0.7663461238375086,0.4884276607657845,-0.5003129526946494,-2.6756466246902066,-1.3228439357973714,-0.5910182936287383,-0.6995449708650762,1.829886190381252,0.6466523000244725
-0.17725669176083697,1.669046674797319,1.1208953438732843,2.094745984133765,1.4214928901279882,-0.7626890309985733,-0.535026533918977,-0.6904074496138349,1.476108824482009,-2.468325601277989,1.0849109412079976,-1.2164390724690923,-1.685337533503381,-0.27219860376082333,0.8738254784358893,1.871193793100906,0.4396551171425807,-0.11074015393148301,-1.6655998044422102,2.051407801955723
-0.5214905891997345,0.06478771579834847,-1.5762299692925703,1.009870934623762,0.9693052027591772,0.06225781662449798,1.3496170008166772,0.3498062788229173,1.2449734639297296,0.8534773474049479,0.6431514366655967,-0.6609563128257708,-0.491875077904419,0.15740421455575157,0.10807113763458791,1.214410425083458,-0.26599773759817485,0.6259254281887141,-0.6219748127230258,-0.5787314183974042
-0.9331835975738214,1.4238820549792985,1.3104148631409949,1.6576514679891776,-1.1800535079775556,0.7596434502710893,-1.3749570155927733,0.03176606940742407,1.4792050456193262,-1.6948109536788731,-0.9385713298048333,-0.9986075509143599,-0.1221986681174721,-0.19324792184361547,2.4313928489243564,2.000335239311393,-0.14559072247252422,0.39923596703066705,-1.1433374894417065,0.19255514693671266
-0.3266441138935227,0.980901738432293,-0.39617027513720704,1.0368527690480176,-0.13467503182212529,-0.048952955009858426,0.2509344262558939,0.04570933934440602,-0.010598641281819041,-0.9397102994565394,1.1598196033732233,1.0690443131050817,-0.16882258042578563,0.1322541786642897,1.198865675183724,1.7399663765940587,-0.2779558513742611,-0.7570038963386312,-1.4667336051964186,0.24714266026455511
0.6923841193565337,-1.559585020407888,0.13945586739233287,-0.021585070325411647,1.41502580311925,-1.857548915679991,1.0403644652190092,-1.5112005799382573,-0.02496843784213613,-0.4859498515488176,-0.025325651157856184,-0.28385458179873624,0.2603576014833404,1.0128138220899985,-0.9327720236406211,0.25901818604022825,-0.2289588741999818,-0.3536508909826304,-1.513621860882572,0.5560426773142807
2.2271439453937,0.9384118790887334,0.07259408036432594,-1.2828127621287875,0.04190283424310037,-0.8634363371394879,0.05529789054791955,-0.687671244171684,0.673499426140194,-1.1208399147645132,0.06088910723926141,-0.7196040539916309,-0.9412413939126416,0.6939569027224292,-0.9454875845283138,-0.8962759461578806,-1.2005593442548992,-0.22493249689530145,0.5215553237366931,3.066068247536107
-1.619936070569953,0.8222830342883714,-0.21226084743242438,0.9587012542721215,-0.5406409704291989,-1.138899311188272,2.08141867468543,-0.44212966199179643,-1.878827451298331,-0.831870442845481,-0.3153247244685091,0.8221531967934748,1.5435522175322316,1.778976513439519,-0.8554313979190904,-0.25935357221244953,-1.1896042841114043,0.09374600855784339,-0.5321753351448425,-0.7826254752105664
-0.5016247473836499,-0.2948932831137557,-1.1148662642391634,1.167425939142215,1.3559308243471726,-0.6474460360106633,0.22944771363616398,-0.6037178392137355,0.6773983639632298,-0.01617645105487129,0.04454664730673912,-0.9215470533059567,-0.18948953315013164,-1.2748712159878095,0.5711423926798878,1.441593950318534,-0.6307185455424259,0.008167174412727672,1.4043078630632184,-1.4495412312268257
-0.7827926409547289,1.021171877202928,0.4773508388993981,-1.0158816910871813,-1.0808445042248702,1.022501609334363,-2.261318819958332,-0.4992756589208502,-0.9142843208605994,-1.0508005473770328,-0.6273962757858109,0.1925869263184299,0.430551934357095,-1.1362766409283007,0.6225330364296591,0.5526249235971002,-0.6305259466969217,-1.8691559248129817,-2.1813753840097974,-0.2923078678493577
0.6573454247615023,-0.3598563502176306,-0.16868348171743827,0.5431543071884556,-1.5339389051954422,0.9343841332315848,1.3211337982063056,1.4913324961232248,0.9575091714693162,0.3013925589756153,-0.01157770908391408,-1.1113702347495529,0.4293628455808207,0.18210854379389319,-1.2823493229610439,-1.5442678219621617,0.9324438199907316,0.4119044344072562,1.1824433066123483,-0.6356966981244029
0.522223825265159,0.3529811640530261,0.16230537345216714,1.6977840041545158,0.28271443158276544,-1.4487761290869312,0.8471933593094991,-2.21966523126318,0.8173204596751884,-0.7188773418108273,-0.6497165546630013,-1.4048226434217976,0.7915301549277974,0.05422830647655081,-0.9371256183809445,-0.3509574449412211,0.5950681206248057,0.5699148765574571,0.1755561272085448,0.40329396369835385
-0.2067241097354811,1.0008827183971942,0.17564763344278497,-1.1844134182497827,0.6673867033083095,-0.23198313987706057,1.6182934584717197,0.17303927185335097,-0.40254712722744507,1.6056572191681031,-0.028981032736986063,0.039139854630309376,-0.4077683247821944,1.4662469061168664,-0.5208191987334782,-0.3780642260110417,0.8382135240238238,1.7851907994020773,-0.19929479419603194,0.09012283444802228
-1.080421753106549,1.7912890963577939,-0.8248286921762316,1.2855109070523596,1.6464145596693156,-1.2123537812825065,0.5282611630542697,1.3231830018986181,-1.813398086453634,-0.16064150238722785,-0.14226053217467463,0.535478756081031,0.26775187499107783,-0.0619734990965235,0.8712716780994683,1.9126209466510717,-2.415481237904426,0.8725692992676507,0.4050333436031998,1.1772150119745564
-1.5603103777063778,0.4064474365186285,-2.4509959673317443,1.5422672077855315,1.8482142916840048,0.16146603714900104,0.533436380261273,2.0620748995875653,0.45041384378434124,0.4945335326673787,-1.1239090594155394,-0.37784352562469703,0.23911618552892808,-0.2938171793682882,1.053032358996903,1.8532367276159205,0.051973414539510876,1.0230896041334843,1.5778495425341188,0.49547185757625767
-0.23760437174209526,0.2007646105696526,0.004501918544186017,0.3328635306147307,-0.30423329338797334,-0.8400936006054094,0.8201469827589535,-0.7401241925305821,-1.0485789822318567,-1.0685928318631515,-0.2493165609168175,0.6007888394979533,0.4966193351985585,0.5682897393544827,-0.5528313205827761,0.4296611891644115,-1.621690923831195,-0.9804587742702325,0.23816233064422435,0.010927426431736578
0.16113127859843296,1.1738458479638745,-0.330455968136415,-0.5392065642662602,0.9139395291555809,1.087698322696406,-0.31972249269307956,0.92185069251626,0.22484953955676903,0.8811857407024791,-0.15077382103198908,0.9004673430475921,-0.013965065492973603,-0.2747374514020627,-0.22818643611085582,1.8579161655429863e-05,-1.4222787642112857,1.1928904767650619,-0.7784907386193535,0.9433064674167085
1.0804929834919916,0.24035081381947587,-0.8150472743076341,0.2742853753632044,1.170684288740077,0.41635174702798666,-0.9298063808113664,-0.5352339046212407,0.1849357644778782,0.5200672679337898,-0.06344832465863823,1.154883518436495,-0.6551364757119289,-2.015949495858491,0.5404016469917134,1.8495726439144038,-0.6529288456471857,1.4204980212582499,-0.576136111584123,0.9491925572665931
-0.06524780884693698,0.21968776149367764,0.6477159535533882,-1.52773220618271,-0.49758114514033275,0.7282587001927422,-0.7906096126327848,-0.022818843736315743,-1.0227385885108489,0.7598403110648069,-1.7052607671840687,0.28196326159288543,-0.9195790042783224,-0.2521678267116499,-0.20651945608479946,-1.3741404486804731,-0.012995253161832674,1.4373220410910656,1.1430694779094714,-0.30018114385967176
1.5725540293734916,-1.3752842891273744,-0.4227742325584376,-1.970163874306439,1.3338983279213625,-0.31654491140657653,-1.653943392626131,-1.6789398528081276,0.20038320269347168,1.023030236556536,0.7534533294695912,0.8887070281086875,-1.0541498630781878,-0.8084539589425789,1.4875630044260342,0.8055156221607643,1.5787297823087074,0.23280597457364,-1.2249898551615457,0.6698161803374056
-0.7879380485833171,-1.0840696781751464,1.3425442967311931,0.6453131110668063,-1.7077457996310665,1.6954913650781567,0.3101440483067268,0.37810120612265063,0.007130640503280932,-0.6471891708395096,-1.7369823820924222,-1.07809348347028,0.10626355981701045,2.2173152502923275,0.3357183741182597,-1.0850070016220321,1.1933242306116698,-1.02621262428395,-0.17716920684407572,-1.6567215916598623
0.21103915552800656,-1.2272890623710473,-0.3085292494427423,-0.17013375898255698,0.6407246874120256,-0.6799882677082846,0.016509133710753583,0.6539017017414689,1.7695791546860844,0.8381662727648098,0.6366621108007062,0.16859768877617734,-1.4422299726304892,-0.11329012693940844,0.42313674168676607,0.3334956681486166,1.3649886683892165,0.08491824499181029,0.49253045901697523,0.08586171540315672
1.3736611980409625,-0.0857260531199396,0.13900759674822047,0.8088302499954554,-1.3901718231666145,0.44235066086068037,-1.6619952566824934,-0.13472346334072355,0.5079794565829692,-0.8983938317475464,-0.2811287648230703,0.0017361189380499192,-0.9871816788631467,-2.003316398093177,-0.07808860905128863,0.168047117538425,-0.5010515400657292,-0.6059018686284662,-0.3006233413743599,0.9814256801209174
0.0992739972791491,-1.5490033876045224,-0.19558114202785618,-1.0469904444750058,0.8031301421304186,0.5002528870856647,-1.5386563709558743,-0.4869402396350715,-1.4170984654717698,1.1185581732303376,0.4881954855848291,-0.681504856899592,-0.6887921565425622,-0.8991829305023055,0.620448016369309,1.2242276334393263,-1.5845968609178904,-0.26530295626886213,-0.8581716491629179,-0.2137759719185029
-0.7029618162094307,-1.5498449742941713,-0.09321422193476941,0.49927439316540356,0.5942968756074519,-1.2035847120701966,-0.5372231309295102,-1.7117945326667263,0.025480943026149942,0.480374666703591,-0.2182698731316659,0.6672044336217102,-0.8084871766781904,-0.7646943952402874,0.7256942518613131,0.9664905428547159,0.3444751569909647,0.012003601283334966,-0.25342718871076303,-1.0981265860793172
-0.27460851133231706,0.25062254540528506,-0.008158643448816658,0.2855575429397307,-0.13264341447151906,1.200349390490865,-0.726498034619268,1.27247120364364,0.6301286358594449,-0.7802671128944912,-0.1227625655973565,0.0885103630004102,0.36433985484725406,-0.7933850114148637,-0.3079080391661846,-0.2771451811853181,0.9450102871906163,-0.38677956338140446,0.9841212595917296,0.7020615272142798
-0.04258733930290466,0.25443798168872134,-0.8059072804968426,0.10003961491523543,0.31902813455141155,-2.486835663346111,-0.19943418439050414,-0.8733326959881993,-0.02711652581811171,-1.3964547027991179,1.2812469894213812,0.8721168018554744,1.8447647997142151,-1.4186051015491221,-0.6725540895878783,0.6857487954938054,-0.5612304620252104,-1.546259460848515,-1.236795236701677,1.1577246529831762
-0.4703855177012936,1.20190169102767,-1.214164365751636,-1.2603104680222574,0.2042700140699539,-1.215001959614741,0.3711702746741895,-0.2530229390430544,-0.2821529111858699,0.42840089826825445,0.2506300148142467,1.3619870441854003,-0.9734690393765937,0.10752061357297152,-0.46098277937994453,0.26873455926808304,-0.3822004011461885,-0.34562185365359993,0.07600606096286096,0.4588477087371232
0.3907614347170485,1.433422499707443,0.6581526938998491,-0.18361062340805126,0.41616752329725687,-1.1086497630355323,0.02291547333358011,-0.13066278087163763,1.1990528591082552,-2.2257505940960103,0.5599864410541592,0.37211786395224505,0.9578242470323084,0.6611529676294715,0.5770710211952048,0.8585183945411565,1.2573990909130865,-0.6503799058975211,-1.34385774785205,2.5145829826441948
-0.37782923291668735,0.07964153291585814,-0.8953955226961119,-0.19193459225612347,-0.44139419215512843,-0.002615414862459915,-1.375540966072128,-0.9461300529001185,-0.46612206941173484,1.0567328852899531,-0.3319457019178253,0.1437656749995872,0.676088511293183,-1.2209649806400091,0.5800423135738028,0.5350736696781687,0.45288583867827653,-0.3411359576017516,-0.935304300687787,-0.6459796989699679
-0.8808061829193145,1.1692030823916164,-0.45820044059924186,1.1070695348874353,-0.43222864727641264,0.14349062139797247,-0.6164174557569964,0.23421821973172585,0.9334106654987117,-0.5366388848332979,-1.408382354783724,-0.1958926509295634,-0.849818803052158,0.45175863547110706,2.4425928853459653,1.9255527337622171,-0.49214011262742224,0.36474250731042557,0.4651032487699795,0.7058616739144095
0.887476436947772,-2.523689338374884,-0.5743861326381299,-0.5417247716529943,-0.6181615431418395,0.8220362081686144,0.9817162084625347,0.006634985601108368,-0.07843716748961739,1.563833435520751,-0.49781657993591744,-0.8221496229217631,1.4004787890571178,-0.9380600216468777,-2.261883677780061,-1.4534967300574224,0.1498706326658848,0.7533813016646922,2.378404437031402,-1.6613889443184657
1.0025814968049052,-0.05877004340356836,3.1808700510774917,1.150795836117404,-1.656371105527616,1.3924848923937228,-1.0394381470718237,1.0787922790626865,-0.6398802705364852,-2.0353360602132193,-0.327306626566426,-0.10673256597510056,0.09326035010051542,0.7830278837838006,-0.08957969226694375,-0.42266122994359295,0.5607020428481185,-0.7640592840289053,-1.320673307175017,0.4616325976646431
0.35281949408849184,-0.11570399337747037,-1.2556949465066471,-1.2090356153420232,0.8303089574619712,-0.5343558394571855,0.34012963459008216,-0.5385211397378299,1.3880534192290046,1.6942993577535759,-0.05337421767004367,0.8112953821316331,-0.32941765723944993,-0.4645787993902768,-0.28998961510724,0.17158974233855945,0.2582028989457662,0.4394726689088134,0.3096271540422731,-0.5350072918335571
2.037311277272724,-0.18173329634888627,0.6656342706517863,-1.1993368828053579,-0.817992525053157,-2.1238405499022215,-0.4029602683391142,-2.639598538167387,1.7639497636648522,-0.4936441737748475,2.1293199145850514,-0.8611918866171336,-0.15884075246990406,0.18680074448415276,0.22379207874262552,-0.0332123016645286,0.3641641065093652,-1.1958448753336182,-0.4003566923151006,1.6900458229169493
0.5982669951157195,-0.6562791379239765,0.45842741935811837,1.4779470833566661,0.961300000337494,-1.5543790219417144,-0.9479187781736447,-1.0356997142943327,0.1500283906984979,-0.8041486496129022,-0.32561892175549145,0.03203235547055918,-0.3779950221052423,-0.46577086008751123,0.493624769993348,0.45125427959071585,-1.4351224503891455,-0.0018641085292306295,0.39149408379178063,1.6748289281924722
-0.02597132211407412,1.1740651189184115,0.6278570929634554,-0.6695194158228144,0.49088648531378265,-0.14008097429243882,-1.0950229154240367,-1.4882304817598428,0.05244940342276652,0.06808530015158741,-0.7388608980693269,0.525424803361799,-0.3483484152612152,-1.6479129431959532,-0.45270833941822264,-0.2264352109190511,-0.5412896438545767,0.8852982761591259,0.9597578937793807,-0.12058808164168247
-0.19920183405575914,0.004224458539788627,-2.0162863809731957,-1.3876084820892285,0.9293273324992218,0.5025832770656694,0.2785667649222441,0.3833599647008587,1.024897596660049,2.227065128499429,-0.12456815894539033,-0.36050231142101274,1.8929971858685817,0.271326069503187,0.8274513995448236,0.3435708813891144,0.1592348156280094,0.7601555629978354,0.7702919269906006,-0.19126911275922362
-1.325941542476842,-0.7188820100383454,-0.5175605582084327,1.366047020520087,0.6347210028562866,-0.4666870053155972,2.6592894795021853,1.4087027983725362,0.44406831045204936,0.27927877317078775,1.2493024303490687,1.1055623801719294,0.9242485547765542,-0.22220528873540588,-0.6909246046161072,0.494864989559058,-0.798530840605111,1.6991044169360145,0.12435099642360829,-1.4586427825821693
-0.4587688560106033,-0.6259832914072613,-1.1856887741310025,-1.274918825038712,2.318331730380083,-0.8590150856073306,1.3144808053600168,-0.0307224995988655,0.26555384085174016,0.3682560455768648,0.19050140701308543,3.1206128188192395,0.8589325554169114,0.05735383271307293,-1.2539382954371654,0.026620604663270663,0.43398490375989185,-0.14594711538821833,-0.2809015225011918,-0.36881464877405584
0.8640251622563124,0.7078425239076667,0.48342113275469817,0.8897061592492018,-1.6302993087398479,0.14719330209415205,1.033419522299069,-0.8700868076344559,-0.2848753033578471,0.05445358479865237,-0.5020020154484698,0.37573574999028564,-1.331268179570245,1.7818224745989835,-0.26055671790312934,-0.5447771341867355,-0.67324940828985,0.24254546953208983,-0.665337180323843,0.3940307060179562
1.2252550772489494,-0.26547253332410214,1.7221738397693427,0.06645372518261844,-0.22543169718254957,-0.8755265175480321,-0.1557822256619178,-1.0980908990588376,0.266017197653222,-1.288051349643734,1.0986364355310871,-0.6963644600354439,-0.8449426061945305,0.19425614659349164,0.247675391435985,-0.7308413098853633,-0.3041641660913079,-0.7716343868620568,0.8193597946856441,-0.08876359116659586
-1.2100534210885971,1.6280287363761305,-0.016525647934513693,-0.2994180851160004,-0.25551402981181526,-0.30754141478785246,0.5274506701374723,-0.4098518089572507,-0.8950337113422095,-0.4748278776601615,0.19348937659400922,2.0912531250890067,-1.8836855554585792,-0.3528417719068306,-1.514179254221829,-1.163555249171624,-0.3289581231371271,-0.32213938940734627,0.7295259620341615,-0.761217695494929
-0.28694552902615134,-0.36114838375610037,-1.1895720449766634,1.2402854100829077,0.5903064127542551,-1.3665825025549931,1.4050661104533708,-2.3863032528199017,-0.8465362239736758,0.9956326885811659,0.3279764286077,0.8797021043176636,-0.6417724381871538,1.4285741241385554,0.858948089722109,1.3952666832595058,0.07835118435536896,0.9286755587447311,-0.031220440737798078,-0.05488673098487368
0.9256046522422168,-1.7336191248841917,-0.2692487446108795,1.005841724100786,-0.32794763454244436,-1.0244434971449923,1.6349772698828455,-0.7636476074370767,0.6329174693489955,-0.7778497917326953,0.6096307064057905,-1.364067769845472,-0.6820435610014144,-0.043600581909057835,-1.9880695661124965,-1.1979999654682607,-0.5159454250745321,-0.2813930969148168,1.0141601518611414,0.46350870978994146
-2.183514834659582,1.0093126716713319,-0.5443882346100191,0.9794162386069132,0.48080210381353045,0.5507137693720441,0.48105199009663085,1.0687362577330568,1.0674026419135316,-0.5812239890550117,-0.6303574940899898,0.6636469792090193,-0.36866192247879936,0.3661587875316009,0.7601565122942433,1.002358846460993,0.03239515460353539,-0.2974472645121892,-1.5611387879884506,-1.2120381509472489
0.19263464525445512,-0.8516195994125376,-2.0467644454382037,1.0154781000106679,-0.12542175038371223,0.5686304380309924,1.9808841356144078,1.6493804209346252,0.27821937570520544,0.604278724224208,-1.2331488733067366,-0.20529837093361572,1.297930845503472,1.7163815469309331,-0.33172998557242434,0.2306890517656386,0.15253812095164926,-1.26370749910169,0.42505794116581136,-0.5253044555496998
-0.0938967768279279,-0.11167860004142507,0.23700574209489764,-0.6991449594839642,-0.4812580784315392,1.584569525541461,-0.5479775027617072,1.6247007354554044,1.1337797789161215,-0.12630897552984052,0.20748424692549358,-0.9659367088030735,1.5900403690393643,-0.2839615650633884,0.8881240744505686,0.14805102974293907,1.740836335500801,-0.05156026817531414,0.6566626711011591,-0.620575838061668
-0.2506173195478746,0.1768539579842567,-1.0328494365094754,-1.6777763591993733,0.4234215883331623,-0.5256704684743021,-0.7013178729193826,0.2265629558929753,-0.8253109859423188,1.019171571442951,-0.21074766219175178,-0.5590718225452276,-0.3565679483132699,-1.5146675177705626,-0.33001503760614326,-0.4203840695803532,0.9506883093791203,0.6500988215953419,-0.023395730583008027,-0.22687741787723512
2.3319466319575843,0.9300819074273581,1.3768826749361263,-0.07252192651905782,-1.2326982682121521,-0.2393234050075006,0.3308928137043821,-1.4339423929412627,0.5985592100341792,0.8823842335726887,-0.6107377194209612,-0.6860768130616357,1.2157876449286515,0.7830591598302572,-1.234953889700088,-1.7809896883884255,0.9212947921916592,0.7376872034332286,-0.3960099819419345,-0.2770212637151916
1.2914856881524512,0.38627120714157387,0.0613543160119607,2.245376730119018,-0.301365944648026,-0.3916160597268628,1.1671152608662652,-0.46235032045499075,0.9253929688814678,-0.2850101203347031,1.7476095573059571,-2.39966858636037,0.6341135868979865,0.09894337383872549,0.4571064040427708,0.4807898553866426,1.5300734525653874,0.4562802547361045,-0.22053888931725182,0.05555674814960336
-0.28200355117257403,0.7167482716952011,0.6230506176512377,-1.4385549236039892,0.014047044844292802,1.1489789224573455,-0.352150486415302,1.408059869895712,1.5851839456553682,0.6493873757792599,-1.4234521266599227,0.051470084736108396,0.13470574917632153,0.15436618559364607,-1.0060973759729042,-1.7086901285882903,-0.13821202879089842,-0.16903165343093535,0.38253058332534695,-1.4455301361948771
0.012328068762760332,-0.06377776527784822,-1.66819541630619,-0.05374921188507193,0.41332551550348234,-0.21609226094927153,0.1845248305293773,0.584846225195998,0.43740708072258777,0.202813845584161,-0.06315484957348934,-0.3627174951720501,-0.1477042536617405,0.14718595711060373,1.1463207790291043,1.4607279838658276,0.4329122349341683,-0.5256539634237998,-0.9909170188769025,1.0256092302929074
-0.030479469548199054,0.10392000746978783,-0.06346704769669487,0.8732297490309345,-1.6884945306181458,0.5458149089339379,-1.2469321348840736,-1.2355297891159196,1.08056868535674,-1.0024612367847139,-1.4527376530194303,1.1370533722608425,0.3449621823582822,-0.3968882555182342,0.875548421601762,0.49609293411640926,0.3552818377750402,-0.2976852783772943,-0.13400993897374472,0.674794729942546
1.185779029644587,-1.2069751549898895,-1.0443397831435663,0.04672703144765773,-0.4009644425455723,0.484530901472202,-0.541950727499674,-0.6632395627463312,0.3833276328593572,-0.40507099211129094,-1.4175785064913764,-0.12005292123975438,0.23983803652155974,-1.01960872082611,0.32137418005238183,1.2640770102417835,0.07369877396593086,-0.3077942985523206,-0.7864693138783014,0.48145163426837606
-0.4482115017017836,-0.19070637294646142,-0.9668426300492642,-1.3869506155479039,-0.6058177619355343,1.0438037183909707,-0.03470427166498312,0.9901237776809761,-0.39004153042126966,0.9391423593430713,-1.1576488884418425,1.4034576298873052,-0.46376442926503003,0.1486979464511979,0.11151378147510403,-0.3134911492396964,0.29479882623808734,-0.12527989979691828,-0.07145746482287493,-0.6988339576670631
0.5639095028421136,-0.9040743229430087,0.594806081304864,-0.09582711496255669,-1.5599178821775792,1.6263779965286516,-0.9992362671403988,1.0247817140600948,-1.3413605302393516,-0.3066167981868448,1.9007134450680887,-0.7325505329952053,-0.5578491066348304,-0.9368882609166933,1.3150371686156237,0.31702688591454453,0.36514775556665613,-1.3443885335961452,-1.036766547865791,-0.7917033693696038
-1.2713752352731642,1.9640459461866582,0.26675050294146463,-0.22894734418762722,0.8083971770678722,-0.4610029213706446,-0.7975163986191359,-0.5875408874702587,-0.29510613741204883,-0.15710692642933133,-0.14934845811235478,0.6824817239193861,0.3879341823431465,-0.7161464420176354,0.8193175129535762,1.0792291718173042,-1.456635515663711,0.03395003512603369,-0.4383674337713332,0.010188681062506089
0.11920744406710486,0.6049139567648127,1.0508277137821138,1.0113278639519776,0.4346680094389212,0.3897213071227136,0.6918817374044043,0.6996987883768719,-0.5600950737215035,1.2206958379169284,-0.6635317385274289,-1.0656139191707281,-0.5710416613173807,1.5393127844043841,-0.078325544474596,0.3458315286755955,-0.45360138835734565,2.2769498620329003,-1.1373616075993553,0.09424647082954701
-0.35497247886214495,0.025418423686310254,-1.2911510076670811,0.6674018676559812,1.678210430847512,1.6960042095187768,-1.783583399997937,1.5571219062178188,-0.20451552106229645,-0.11784954092059974,-1.5203073026178477,1.072850542365065,-0.18224302579325968,-0.31729661257357106,0.9914770492474952,1.3513858644973558,0.5827541196276796,-1.1874768487929845,-1.0541542106133723,0.49245002806306176
2.087445865255016,-0.4984865108886059,0.5578938377590499,-0.8477121679159991,-0.6273039985102121,2.1773530776072776,-1.184590461414295,0.10050243576148492,1.5500287606538274,0.47412682968896813,-1.2485133352574034,-0.27601000541313303,-0.2528988857058516,-0.29258244251825444,-0.5276956102406564,-1.2170746058934465,1.454699363123953,-0.07367583582292889,0.2635951225961941,-0.2055312083760473
0.8399400877384217,-1.5490897563708725,-1.293528926101699,0.6013508128667078,0.7462953622466376,0.9309559400652891,0.1989609175127408,-0.5423052209255438,-0.47251336354226714,2.3035821022643086,1.419501301537829,-0.8008922475377559,-1.9504880417656365,-0.41592108182585563,1.676644564494562,2.0312403320587467,0.025845155177650445,1.050461751555082,0.37717347265758155,-1.101732324688477
-0.025892244129753012,-0.45971086992902793,0.021074479677592167,0.5780976367568719,-1.9002965687822604,0.5373834200553121,-0.9778409006971871,0.21004820130768453,-0.7807053197945809,-0.03231923093501144,0.420562389849018,1.3642181053368367,-0.5642230980035119,0.15565638083560543,2.0585689024802485,0.9338413628402168,0.46512133923360993,-0.4659904276346874,-0.33047431677409084,0.1789174504687015
0.7207564633628454,1.324405361114676,1.1257915642216552,0.4162610002556562,-1.8665748581223418,0.9241564574125853,-2.232202695710635,0.032653103196974106,-0.11777245486115763,-2.001996409717465,-0.5690069217557585,0.9106909725528453,0.2464307658398052,-0.7544964206771482,0.705391644693834,0.2311241322123876,-0.4729987355590026,-3.0482624741252633,-1.2644499705952372,-0.2151480176799928
-1.5298579539251407,0.9665144050395326,0.44199797371948,1.3772747085198591,-0.6624509327810286,-0.007414019870469762,1.5132415890568736,1.1759580881164038,-0.7648679250889919,-0.4472095455025754,-1.6531853414420254,0.5883835086089285,-0.3217204575866344,0.04186564776589712,-1.8786510156638898,-0.9090093353764035,-1.1545773302966973,1.273618357898183,-0.02362979914043421,-1.147168261786141
-0.6205329409957223,-0.6975811054424664,-0.6205835700189758,0.062443674213964344,-0.25076255259658603,-1.1709972042084464,-0.04413958532981051,-0.217834281531803,1.5831770804096668,0.06959780212750669,0.7923819129382552,1.0805655906406417,-0.8762648310598128,-0.20625078186893786,1.060020384118186,0.49357549060197176,-0.004707967728600172,-0.6223129961637152,0.061213938807272474,-0.15043386899422193
0.8230639606758182,0.6745130926871538,0.9466731264104956,-1.5159080156971976,-0.9116557228127766,-0.12252805323349644,-0.3786682782785768,-0.5366209970433782,-0.1021434018299419,-0.866139356884642,0.4862293054538396,0.7370753860217061,-0.1102237449227959,0.491908838463846,-1.1311336500339764,-2.139232233355666,-0.7292116233863485,-2.569845116507932,1.528947906091036,-0.12845009399733667
-0.5087833343631059,0.5430064201406359,-0.1694434062158397,-1.795959909655509,1.0714305741091676,0.12007456275088883,-1.8870804460904986,-0.14439987672840895,-0.9986812366596756,1.9709348009139227,1.1412146413407849,-1.5151584184992264,-0.42988208261133265,-1.3115880334002152,1.6420125085494555,-0.21107866626445873,0.8143272000556309,0.9161418241455465,-0.5536566703907085,-0.10966261234766374
0.2693203297671911,0.7351329050613171,-0.6802952494655504,-0.4489613906331785,-0.22338156361454645,-0.40002939824141037,-0.6091136548348913,0.8833709174178743,0.7272862975593698,1.574305334277847,0.9835426440925422,0.08525194246293545,-0.04766395312340569,-1.8005588861383641,0.9228387348627799,1.040153045903527,2.005705387592458,1.8062251623753216,-2.1130478575714227,0.5853580530510646
0.9341980889046716,-1.4765856166093931,0.24191930744714807,0.13290803036535517,0.8796889655478698,-0.9329364876010102,0.33572751924055455,-1.8842189649805277,1.3196020905107682,-0.07324961680562332,0.4232487480221109,-1.7508242569219667,0.25916397190728113,0.7763295579520407,0.8519708985999903,0.06798465750017559,2.147357146916679,-0.6591422564317866,-1.1999292980198224,-0.11051956462366981
-0.6114616387142376,-1.13121664351938,-0.22122674048330482,0.04906728713365573,-0.4020784168709945,-0.4592875557226804,-0.1021940385273285,0.017011633299457853,1.2072365862824,0.920237181450452,-0.6346332806215212,0.0009386274622589619,1.7070391166850511,0.8515945552197599,0.5756643411012626,0.8199727821459047,0.404032009274777,0.04657972427092439,-1.3766008407963777,0.45081555456016936
-1.355474507065096,0.21332673602601834,0.25788334010912295,-0.2251836273834674,-1.116803225580201,0.6305127128337542,-0.055192381775245644,0.5149234297831582,-0.499663737675058,0.5274521524555273,-1.4839421194265237,-1.2164777333508845,1.4809330269082879,0.2851321132914897,-1.0141948692784644,-0.6607830476477741,1.0428826969292646,0.11853514121217183,0.6977358810336725,-1.4184333053004778
-0.7932712395480263,-1.3542039835533741,0.11208598058527645,0.1780693377840569,1.1400974499790582,-1.5441098664914283,0.3767606430753216,-0.4755169934023197,-1.8018420910753377,-1.400919851904626,0.7472065434661198,-0.16326485195061682,-0.9382787382375533,0.8907931815922199,-0.5060849243900329,-0.3579034483148498,-0.19532978674655174,-1.8859308049514356,-0.6057757754188178,-0.025201674905719656
0.08125097906940888,-0.35070531835030117,0.8793274622332069,-0.08993231686564988,-1.3079685809472676,0.1117646706476335,-0.980094645094999,-1.0604119395554532,-2.654381598053525,-0.2695386960281456,1.7360060420485572,-0.2556339497319072,0.9013644559374865,-1.029286488627978,0.7346332321810619,-0.2791295506832074,1.2878895666381158,0.24821630551670146,-0.8601065434726205,0.6099859754796163
1.217082198338411,-1.3591188191401498,-1.2138182957224062,-2.0330723724114548,0.9261980636047676,-0.04420692690189556,-0.6915142662528563,0.012290472615435448,-0.7627651572086485,2.5391358382809734,0.4419943914265125,-0.6844836979454096,2.7496049967270353,-2.921980186694762,-1.539454985675531,-1.1132649853388301,-0.1809636424925787,1.2848227468867568,1.6898003881287675,-0.04428111532480465
0.13960606290463798,0.24029276793622392,-1.687831450720728,0.271751787926785,1.1963518946142824,-0.374041119713147,-1.8503002769279773,-0.2846249004090561,-1.3372229069881016,0.4160740422184066,0.25165622142892274,-0.03288499502193106,-0.14519435838725006,-2.871418245403548,0.6127641597060276,0.8926580494201142,-0.7329951875317416,-0.9183879018951419,0.60604415772693,0.3177094859549009
0.5146741591984,-0.2096225705255887,1.7071842916077746,-0.16502913455695986,-0.5593417177488605,0.7262608152755337,-0.2589658515819655,0.3524781153655714,0.29494252246253466,0.7521348282073468,0.014233066788457115,-0.02144439646980249,-1.0256678866784688,1.804283478766427,0.765697846586826,-0.900450492431436,1.5659487059907409,0.6299512733350712,-0.4205809473921028,-0.4407690676344037
-0.2396874265348115,0.4450588267797512,-1.2288494036399369,0.9865857301273447,1.5200852986599647,-2.224854713796687,0.6216993369846321,0.4950438293889444,2.1376698291153597,-0.5250260687378261,1.2898244715281226,-0.11352652215366531,0.4981914384961357,0.0802898656820792,0.9305057049152535,0.41833369218883554,1.0112722588227316,-0.6242363723605802,0.9085011997152009,1.14113194072975
-0.669267449885005,-0.2557104360233963,-0.5416932893928287,1.9163287444065364,-0.7608670534786651,0.7454073575218444,0.9990481079084447,0.5699330903469121,-0.8396586275067804,-0.12047533636325179,0.3710824916259319,-0.22761379351602687,-0.5832903893591737,0.20888988916653656,0.8004803883428387,1.3831768967102882,-1.8894449438386727,0.3011493344776995,-0.16270406723875033,-1.0933293102632853
1.1812180124348537,-0.6456581653279783,-0.20311084870686183,-1.3218337825436979,1.0468897203557328,-1.0200371389807001,0.22974477501043364,-0.3692078120761377,0.13039207644071088,0.08886722916654785,0.03922637605441118,1.0280097968084936,0.49317064453348997,0.5145527625204066,-0.5334793897039798,-0.03870455579273015,0.057652674884378294,-1.6842299921444803,-1.2181000034310603,-0.01018886554509572
0.47711785368583515,-0.5139078898812501,-0.4068675910694337,-0.008791315462914373,0.2568278975130689,-0.9275480998235438,0.890195079351317,0.4846578463821861,-0.30927533400712665,0.485759342949584,-0.08301108026651031,-1.403819428616909,0.5744735846596722,0.056435927407424764,-0.6105210288445402,0.38813954767176995,-0.6609821275974802,1.3403869970131532,-0.8218836585594519,1.3629829486711913
0.5110763940080045,0.27766977643959945,-0.8714590446072296,-0.2817387910086524,-0.15094554719820327,-0.00012039703107225456,0.9675566316794194,0.7089466785331698,-0.11254275309002898,0.6320529923542015,0.4595627171710408,-0.28947147919172067,0.4212402711395329,-0.11430748841489982,-1.1587161860153,-0.7609639220930476,-0.5376697532485782,0.9051932879749487,0.017585649294572177,0.3468713954762736
-0.17901940207388478,1.9481526046563777,-0.765352208181825,0.6849057395433262,-0.8517081642394412,-0.7390308228101506,0.40437991631988873,0.656421511026934,-1.6760423143558503,-0.11789095179336266,-0.0804814552237316,-0.46153057282556403,-1.011875360358083,0.0018314841286040883,-0.5923399773901096,-0.52284116721413,0.08830774576859361,0.12098100734534174,0.5079513225177161,1.1210524114103988
-1.0141135859868131,-0.3237917448888628,0.3831143309824742,0.375977385353322,-1.2987778671886872,0.9426001530838264,2.8430163028051263,1.1825494680177235,1.8630183160048828,-0.4649346112450722,-3.064235943643976,-0.8769655324903343,1.537042077626212,3.4715159167150227,-2.590456462369805,-1.8718769787091225,0.15382966584107222,-0.2751030238948593,2.3833280413803895,-1.8125536789806185
0.33719843665307553,-1.5014223043525166,0.21041686358741382,0.5597011266828379,1.0576357646749766,0.2177226078910145,-0.39514748446070563,0.34871817919044057,1.0761979699582545,-1.1338380701368775,-1.2257620532644267,-0.09384403252144133,1.5278970452957588,-0.14327866010697302,0.4952949610650861,0.43859346324796594,1.3857771515306363,0.5180800502278079,-0.06747605962272539,0.7971896013142323
