X1,X2,X3,X4,X5,X6,X7,X8,X9,X10,X11,X12,X13,X14,X15,X16,X17,X18,X19,X20
-0.2910749831504438,-0.7282763069158982,0.6851849610933981,-0.44469256102138127,-0.27630439190930656,-0.00825889611511043,0.16976748036383443,0.891471651049327,0.3238931425842702,-1.0320159541678582,-1.164718045517138,0.08391338539899451,1.4710063900460788,-0.449524342053281,-0.3975171232622994,0.3554106668647668,-0.23773342486489035,1.6757337432203496,0.1814785743674966,2.0607612031650744
0.39877236568450053,-0.816964360485243,1.1673675628586384,-0.2892710873346305,-0.08851577552947612,0.6647589325213792,-0.0768953704821636,0.4431688825591096,0.546191203478162,-0.8780394635917227,0.478188974932177,0.7232714288433819,0.19198910151676282,-0.17729631556791836,0.2768364851550048,-0.26086261641498326,0.20490338634057575,-0.5644540534912849,-0.20048043506469732,0.055409062632659024
0.5656398492099155,-0.46385005248084243,0.21220351496598874,0.25101671784935875,-0.6768733823620302,-0.5837892221987933,-0.2656516568926096,0.5863669468913414,0.1534692155220695,1.3318458373391546,-2.1832383502966453,0.7332486696490509,0.013316902221973905,-1.315592396133285,-0.08210020159413313,0.8309620164172841,-0.21944508945519217,0.9645292370954954,0.2963521908712335,3.5891517365973535
0.34633426770382086,-1.0944914640072587,1.7130568303187779,-0.08519181916866948,-1.1518085088815422,0.5169988942395713,0.9373008046053733,0.17673570468940697,1.4656148716962616,-1.227729094415731,1.1468141358314208,-1.18981390322617,2.269380294778277,0.18479356453195228,0.3697598710087222,0.21424681584834165,-0.011604710591558752,-0.5460243307305965,-0.4160124000684323,-0.2517076477884686
0.7271618213584102,-0.48781819471551263,0.08083585345386354,0.952942193921796,0.1309287278484888,0.14326712292325378,0.6195683039870338,0.3830657752386578,0.3620888511777753,-0.1049089679761291,0.018784124681847054,-1.5869206967783058,0.9424503689117713,-0.23760569539001425,1.058619550869479,0.5405706478807473,0.8333996625978292,0.7039592439806801,-0.3664833704232177,0.7053198357375047
-0.8706544925490739,0.014750774110675175,-0.2895468134824301,-0.7201479610416196,0.2922756295779038,-0.5283836273193839,1.1160788289096726,-0.23167875519724407,0.7177245025597864,0.27052756404219824,-1.8486375876186139,0.5518599613065975,0.9535058497937414,-0.2014050723429075,-0.5158695844432054,1.7198070312451348,-1.2132875907801242,-0.5552399053516698,0.8153127668616306,0.06367574815260563
0.09112232223243129,0.41725696423819353,1.6464205980104258,-0.7804249780957451,-0.17011390355281775,-0.5560560072642233,0.9735955917163873,0.8959280877482644,1.2052273719991184,0.05378468933006993,1.7656604952828583,1.4907757564684727,-0.41013089834510275,-1.6211148873602053,-0.16149678933287143,1.5091080550174971,-0.37665017295141473,0.28851614298950046,1.0999684544462163,-0.4783846120733932
-0.36744394142411824,0.2627378382960409,1.8260024789797196,-0.6143837891857551,1.6189688183158368,0.3846391299897767,0.5222301155095496,0.8598896966143571,-1.3326439078813184,-1.8309125418574987,0.6587246108937334,1.6992237023552177,-0.3610992022854483,1.0384850261438026,-1.2902926591116382,1.1654628813598467,1.0613572411028638,1.956585831733085,1.1057355608899737,-1.3465366862799488
-0.7632363910035254,-0.5228283089573313,0.3359194499636389,0.7492707718253472,2.5269924456133843,-0.25745943861799764,-2.0468748566404376,0.34537974024158513,-2.666660223227006,-0.1351073263849838,0.7563147536272494,0.9478429933664146,-1.4235940959442368,1.1592294723963448,-0.07648178485626662,0.14634183042866247,1.5891511028158538,-0.5283110929271186,0.25758066955289183,0.3213698451352969
-0.3113860695218998,-0.5925796172543457,-1.0123400841667438,0.6647032078544487,-0.8348508837592216,-1.243359817466303,0.19205897256720303,-0.8268628222805642,0.08570753316105012,-0.6831180713861741,-0.5575396562006028,0.2001333389017409,1.1103129630862185,1.706544747745522,1.329611017290759,0.6220618154608775,0.15473687028919897,-1.2656177676330045,-0.8265421329008193,0.11626062048829373
1.1116176037041987,-0.5520881795140189,-0.7953296043186603,0.8162113939130157,-0.8522971975463324,0.9195113878585398,-0.9000096697436794,0.04033994555730382,0.7544012507999945,-0.28367918801716824,-0.7448324493528122,-1.4801851040743994,-0.008053304064424466,-0.25570423409355925,1.025685937771981,-1.0467958721653219,0.0628953340574309,0.73283616231911,-0.03715213161867677,0.2628763523451216
0.5030350555297207,-0.15638245729518957,-0.29608892589697633,1.7675021006675844,-0.6792934518153767,0.20562973340053445,-0.5650371220127498,1.1222775611413938,-0.27548376707847355,0.9261260935042818,1.322639320754104,-0.28212120348832187,-0.653155057712219,0.8558528646842448,-1.129252161543434,-1.0646625013012432,1.704157607381091,2.065996302874767,-1.0834703022105374,0.40870803599120337
-0.5396669466131697,1.9796083981669739,0.4490822295156042,-1.0074276483597062,1.4414901364069563,-1.0821853953323115,-1.1166875650482309,2.2811456479469614,-0.7079306826638445,0.301661650749133,0.5887287499297214,0.9957669662356337,-2.542654150215541,-0.02556983053274827,-2.2543210965854157,-0.947549705171903,-0.7307035411887024,-0.4344118884358126,-0.3035921942047117,-1.109671211586169
-1.1780844206136392,0.5513040464208222,0.059910700568852344,-0.7758987775263498,-0.6417200744748985,0.5989808049435438,-0.3783947682602573,2.3196805286817237,1.8890715651745034,-1.2256311995885865,0.9070723105935377,0.41690187947821794,-0.39443425697985146,0.707835991102645,-1.1356307249016084,-0.8942605476593954,-0.45211426179575964,1.1319681687761172,-1.6431613910476695,-0.6062276361252916
-0.6286174216191719,-1.2168198616456964,0.025485637475193876,0.8333984623573754,1.1959681157757183,-1.1270093312315421,0.29909084845774125,-0.7507571835163553,-1.1240187447823489,-0.5782382132568114,-0.7898799592728186,0.309398382576533,0.5590982551084094,0.9471008053024327,-0.24647580122709095,1.7260662967050906,0.9707122857211365,-1.5544581674576714,-0.23126698587224712,0.9833750876409482
0.9675465143865064,-0.53275324560576,-1.0360575432510086,-0.07341685638946707,0.3822510003637027,-0.34407335153572266,-0.1532812012300381,-0.5473728793045307,-0.9014022775103699,-0.0028981041955619554,-0.8293055845758439,1.1539052916707453,0.35352668704223006,-0.5400491113816536,-0.2397161781353065,0.6042074339657116,-0.4180492329795111,-1.5434326829184186,1.4507574991041507,-0.35834778197542166
-0.34266458301457664,1.8417419553415624,-0.406419350673005,-0.6620791767576543,0.5248479770123899,-0.7436253445939568,-0.25334005468483073,-0.1256429105851212,-1.6939111949798014,0.3692494565092834,1.801297490058443,-0.7435467279331749,-1.2159966458505536,0.7942899668999844,0.9978751723712371,0.16928209572049638,0.23089481757246377,-0.592963890313059,0.30825629830879725,-1.3667329752305815
-0.11042001076029943,-0.38250669427304296,-1.5804367899727254,0.22925465159894173,-0.9866887034334839,1.5209308921682712,-1.0278663011344709,-0.3997319600768467,0.13844818518736687,1.9402912488689892,-1.5428331889355267,-0.008824595227088769,-1.9466019893722075,-1.8495031026445765,-1.3345723687837308,-1.759207656473562,0.032037984741473104,-0.6844535757789375,0.23699086534039437,1.4190914190202568
0.9203020946251367,0.22356647328998883,-0.04418703634113075,1.5363021484050023,-0.01922433212092181,0.007861431361341029,0.8363526321161867,1.8942578415174482,0.967301801500219,0.10563839487932825,2.0714452063352806,-0.8455858736772444,1.6831180834571735,0.2549073329240651,0.5630979574865704,-0.4961231453478949,1.252601465663767,1.5162546347901307,-1.2060959824390363,0.8739695590536827
-0.5962405646476272,0.42100804634247846,0.5290422563521249,0.3680015843553823,1.8855105592240924,-1.0045498090057643,-0.5489927600280523,-0.2154816267031728,-1.612049836746179,-0.5858763000426314,0.20959465665822435,0.4356569392805056,0.28181455302209063,1.0138243708016317,0.21363704419485416,0.6879073469485916,1.1638413275245776,-0.09514719630022747,-0.9592068962799166,0.5982749216504945
-0.542750712106216,-0.9529138248885853,-0.8163844597076304,0.25427118351089034,-0.4620736298957093,-0.028350291006921116,0.8373451539529754,0.08290791255917053,-0.18090496878566578,0.7751546433451131,-1.342013575596429,0.8974060884333708,1.4298521427801192,-0.1548801616274417,0.5526207389535623,-0.24652945888344693,-0.3694844126427173,-0.016536082046449043,0.4251332512407145,1.3999475515776234
-2.2229245780398506,0.10672963569651114,1.2863970461079717,-1.0561630538919655,1.828363718328888,-1.8347657151528118,2.5549700322503592,0.5009924151886722,-0.49425815801131,-0.366613447843877,-0.4430645423046578,1.001459279909751,0.698608686521052,0.13315578069065656,0.37988522711721723,2.1283561873543095,-1.2764646785360254,-0.6306991914695415,0.35262439267098356,0.27353402316536035
-0.23731618329353682,0.611723333127561,-0.14076236294885894,1.3441212380082945,1.252179169375556,-1.5229896416978304,-0.3470453231066439,1.6241845197724305,-1.095078092841142,1.261923188974644,-0.036921334267456876,-0.4079860451080903,-0.19900623650180985,0.4085630603470068,-0.6628999783236906,-1.169663476702291,0.9870208055238955,0.006047754490349993,-1.6094883062758945,-1.2253570645967666
-0.10389468219338713,1.6598350390792813,-0.3801294039349471,-0.3317832013379881,-0.10525443835050197,-0.9871712526836283,-0.17250445452959393,0.6700022963537363,1.0901602106353812,1.1868945572017702,0.44835998733641746,-0.25567527205021734,0.1626382254378926,-0.21498404262409881,1.1597956206998443,0.5623853832850024,-0.0006155880298929641,-0.8163981185906164,-1.0200206741005977,-0.9787838590580075
-1.3370670321234617,0.5177566296161862,-2.2390812414162555,-0.8748235687567746,-0.4141439333417113,-0.43564256050730005,-0.22110072433167358,0.2784340336473129,1.1792228835257978,1.5117198877948106,-1.3131653701176726,-0.918845225639089,1.018587948429265,-1.6598194874886216,-0.019035646916132805,0.8591843362817889,-1.509406869656276,-1.934937850820566,0.4268329086875691,0.05522927829646531
0.7203627301499697,1.2582260013275604,0.7762657216639096,-0.31084429295637334,1.2486284832894299,0.3306956968734332,-0.3964376484082257,1.0523641218962594,-1.013607437137489,0.24079194297015338,0.46030102002556644,-0.35085071152598185,-0.945704497995498,-0.23185728701119113,-0.48914999005573967,0.4486312885709797,0.44985592157212906,2.0207169649500636,1.7179709160605101,1.927974000465817
-0.5159444214131226,-0.9454980919822318,-0.8247286111818452,0.09432304464177232,-0.37826008141733813,-0.018116839044914932,-1.5987531943867066,1.5789868441674375,0.9665409072306882,-0.3316686897255849,-1.162709597276295,1.0333736755612242,-0.7473588356165572,0.41484782851423596,0.0884355933760195,-1.1795309877192586,-1.1307995625770901,0.3660941372503176,-0.3685584035584187,0.8966966069985597
0.32107429586993086,0.5660888027828316,0.6524830505988181,-0.18939703769838415,1.016197837681901,-0.28379983774335765,0.577691223584626,0.194660155407435,-1.8760653011275605,-1.3641849131751114,1.0300958139202514,0.2925159566745695,-0.7116485831172705,1.6608055551103849,-1.699159277623208,0.4708909575313911,1.0893235788959468,0.30986523016876344,0.2789277796777581,-0.5225330304772474
-0.3875494778907199,0.14506833779759887,0.37888026527898444,-0.8205261654776512,-0.6372872135377499,0.6526214980526664,-0.0025034033650631793,-1.5122753450630992,-0.08020858740590221,-0.24647399535620504,-0.05286775509506919,1.8988382695753803,-1.3104047276481923,-0.2798536996391751,-1.1840048997459245,-0.7573437685010636,0.08629649885279188,0.2088896608852948,-0.4956153612777189,-1.2614223437077976
0.1674337233757302,-0.04237112223029758,0.9437624237014879,-0.35945984810074033,-0.37175935946273453,2.0597517936616327,0.37002734162983314,-1.2916595915912543,-1.1507870263745363,-0.584616231644819,1.9599622996903345,-0.31903995623903103,-1.118617093256552,0.007997456820341232,-1.1680959467268632,-0.3887517227740044,1.685662674199729,1.3602509863579388,0.5582727193199932,0.1311190430822028
-1.098934523261634,0.4518956076525955,-0.12612905342061453,0.9978785998447796,-0.14773703554342668,-1.7119914273787074,0.898586223223808,2.0342526433703085,0.17831823264242225,0.6297697397106365,0.8982805342746386,0.2396513475437235,-0.4852449803475481,2.1927618866638463,0.23118004117274668,-0.978461167291953,0.09357807751637394,0.6586492007787852,-2.1319084364272696,-0.0328344753096547
1.6520657241014618,-0.5957951685461605,0.8045899960172969,-1.1779555960052313,-2.0794327618990516,1.0690061712749028,0.5525391149428849,-1.1709618479411188,1.6643200019433086,-1.2620548242854261,-0.8884629076847662,-0.8196205505284393,1.192214796357853,-0.42918320633648777,-1.385398717939193,-0.29929798117962086,-2.231840054745692,-0.4089115151712635,1.4481610615167397,-1.634466697302459
-0.15504872394805325,-0.4191688619188933,0.23821751655485854,1.6812461004022003,-1.20837510747859,-1.7557542240296826,0.3698120940513573,-0.7611611990085926,-0.2641625307485467,0.22133347032004994,-0.3618668755566714,-0.7010166458039264,0.0476115081444444,0.6423917759171477,0.4235010759595216,1.2005298068632748,1.336415772280976,0.9495445977475551,-1.7809080413310225,-0.013717600446709681
-0.3781882807966768,-0.573035801884666,-0.4063400328870294,-0.28824981730018995,-0.9856738971582695,1.3884057611893474,-1.2516420443053091,-0.5663615089596864,0.2438360722446305,-0.22776279295570054,0.5944509493710712,-0.7789462143182988,-0.0598232176691681,0.06386049470858245,-0.5694708101164099,-0.9634185451252524,0.1564321271490602,-0.898682093322135,0.16923687179520902,-0.9162748337218798
-0.4553210440921697,1.196664723770731,1.1517963752465914,-0.4085232959398781,0.08698524221373906,-2.026711010658223,1.8779744914168113,-0.6421726254131778,-0.3768933496145315,1.0141679367406784,0.29944428891119856,0.21981128135656067,0.0037566484610195724,-0.974968573209368,1.1330786286251378,1.6567991078143633,-0.5365368015571397,-0.5084061478707307,-0.09257043299410549,-0.8210896087550346
-1.4864950527987673,-2.036064619588348,-1.0225478984169734,-0.3187595635339343,0.0023404698799149087,-0.8246357201167346,1.4299995081713832,-1.192065731796823,1.7144158000648477,0.8509921441740594,-1.9546490663589573,0.4052457343764838,1.4231862181774184,-2.0425706139501485,0.848852060128638,0.8455189125125124,-1.3031822244054871,-2.0131512363221704,0.41032175868347853,-1.276574354635698
-1.3617288093450275,1.089889381395138,0.31096247237220515,-1.6688391489460113,0.7809413402247776,0.5887682766095795,0.4018351369210395,-0.04162019563644637,0.8944681552222816,0.35781767312206203,0.8304492781984613,0.14348354605638905,1.7796667805795028,-1.8258015523245361,-0.691057542266023,0.5481145439547817,-1.4572763665220065,-0.1242467842575372,0.7804969937030733,-0.5930574307047856
-0.3518665770004617,0.6409012597899916,-1.2139454539583203,-0.8525111812047551,0.5518997808698037,0.9132777073924757,0.7802445879502466,-0.8326742778113407,-0.7678534350836856,-0.33806048262291716,-0.1679899367571111,1.1292129900556294,-0.5439389882446587,0.5196031993240937,0.3019180335356874,0.6062282818233306,0.07368947780479278,-1.3438072550056224,0.5462548781741764,0.4336341278376302
0.8633346249057805,-0.6748778621692417,-1.2857902740329348,1.7861006464505167,1.1221378037735106,0.4312945533279853,-1.4137937595714019,-1.4041594078723225,-1.4260562402707053,-1.8576096489676241,0.193177257309808,1.6256168835023272,-0.5254338284720168,2.15762194529989,-0.23611613874592602,-0.1393868616379932,2.0818727772458896,0.6959544285261786,-0.713796634340517,-0.2180445337536741
-0.23193561157679488,1.1014042551998595,-0.02850869030796404,-0.7118259691091773,0.10659067011410048,0.04949292140653483,-0.8910726127299639,1.786099092831773,0.9451804588282668,-0.029524989436847577,0.5619976291410942,-0.9217152843764583,1.0002356785197113,-0.7531119284709088,-1.5314768284872349,-1.687268154954811,-0.25085635155876174,-0.9668794709550359,-1.4124338159590868,-0.18657937586963427
0.9916352871852838,-1.4360193397377006,0.2754718842836407,1.4301291292863882,0.6397942487490373,0.1971424464820178,-0.7727177529547385,0.014102520957611307,-1.021469978766652,-0.34830735721192785,-1.2207401927664705,1.5288545339699477,0.32305207698146077,0.26421327956794766,0.2634030713786908,-0.15857367809734,1.6597763155094205,1.0852739030396437,0.08234283447882274,1.1888009879627335
-0.4452212227721907,-2.1439119478386104,1.7570036208615198,-0.3074977274836799,-2.147002418062557,0.35227131708908227,-0.15095468810104554,-0.2690536899196868,1.8955357320342892,-0.8571033033983122,-1.6208370981162503,-0.13110148845102781,0.6070486881312959,0.6816846525799495,-0.6807553759988672,-1.3843365672091086,-1.3739757407966977,-0.5914402132330138,-1.397196171075801,0.3950865684466609
-0.10082090213607872,-1.0840492975513485,0.0596768623926393,0.21051695227090564,-1.3025860737515382,0.9212123508970431,0.0957647857768308,-0.17371651945752759,0.750436471055683,0.7140501623723724,-1.3184240044897868,0.5637098969115006,0.3800527541735262,-0.8029439123092565,-1.331947719506641,-1.891078524964452,-0.3887858906664494,0.852418072458729,-0.5716619951204963,0.31140260159309036
0.1374942379555787,-0.18407532587107514,-0.14832557321362672,0.11848196716375112,0.2306185284963859,-1.2533100421482037,-0.19725348470219237,0.3758259638753146,-0.28587359485910113,-0.9912637353282344,0.15831744300360925,1.2553761812846664,1.3770561376467998,1.1734562381948281,-0.04787160397478238,0.6357891893386475,-0.5141556714041696,-0.2984598001009689,0.13620922346388847,0.46248624979277375
-0.5588107277873277,-0.7588702099194908,-1.479319044527998,1.3548821530366302,2.084914464096805,-1.1203165848616596,-1.903474315906198,0.5678322631500982,-1.8048641772734968,1.025914847669344,-2.3468468296363105,0.2774462571050052,-0.40347149508729013,0.8432419692674409,0.17166860008444296,-1.1943565282047421,0.4046267093918369,-0.43811700468075704,-0.8468387982334544,-0.23885840432711786
0.8165620628962131,-1.3057218391586272,1.1204826694687235,-0.058136303622404926,-1.5423632437106385,1.4564267758279517,-0.7629636427282281,0.542923473394594,1.3700786745184559,-0.3327639111351294,0.4092930563475592,-0.589346345928232,0.14085572912710975,-1.1784090526292037,0.5429173197789836,-0.4283567296613693,0.014058078712427273,-0.5485885231759031,-0.3237519368475517,0.06676872727308895
-0.9480296287408264,-1.2952599217039562,-0.0011849714947032273,-1.3037107312368819,1.0098472532739102,1.0456803629137388,-0.7247707508363181,0.6730547798056518,0.16502318855514395,0.56335694726778,-1.5169101247199217,1.5399710628488148,-0.6971922040646132,-1.0183087209228316,-1.287146190341572,-0.08888359337688323,-1.4775128070832244,-0.8906980899075705,2.5435229482766553,0.5629416482288156
-0.859307068829326,-1.5262353441737075,0.3942449000534918,0.5073949322501692,0.28966670923755694,-0.11753111564324163,-0.703221460653271,0.08830992600467968,0.006922758991083657,-0.03693501356753305,-1.4096559389159782,0.7100896925295785,0.9492010016499535,-0.0006337955407384302,0.16304120023777138,0.5612424769040435,-0.03838801587240845,-0.12332072363997378,0.007887374114554084,-0.006139017084680604
0.006240836349603716,0.31771597733764384,-0.7916305063329812,-1.2094454011222922,0.33576517706513104,1.9257245008633457,-1.5762085213546941,0.6747984525633278,-0.30140225831181516,-0.9097067668912532,-0.08463293951008248,0.799492639813494,-1.8031217746002863,-0.0787283714622322,-1.4739493843500606,-1.0332782976229684,-1.4048014754596165,-0.22974216928680047,1.6996506313410906,0.5084179939291353
1.6604961988476161,0.574531173190688,0.8218371312268442,-0.849836735194379,2.440220626830032,0.7880573245672531,-0.027733476047910276,-0.04672847957283689,-0.6593567985973889,-2.4677369025404383,-1.101388796270666,-1.125613092704926,-0.28339513133432925,2.1511295559273496,-1.1255308952698595,0.09236088651471652,-0.2856665796835178,-1.6529373402208796,-0.4759743866953278,0.695968710450065
-0.2637480920969945,-0.08402390674276497,1.7668220301332984,1.5713899464450298,1.4832782396282354,-0.2833102746902087,-1.1321989566214936,0.7670665339200105,-1.357988645438274,-1.2731229076074444,2.818638776453557,-0.9841401361037518,0.9612852801245901,2.108457604828796,-0.273470361526513,-0.3069853364211843,2.409112573114722,1.6290188226502111,-1.1391832643149113,0.10651009314172069
-0.30565861034205566,-0.006918399338711775,0.7377085894125368,0.06950227221313145,0.21685490642170452,-0.7274375137009553,0.5796374277589618,1.6540596823112281,0.19014604333587504,0.29659487642484733,0.1787004469834592,-0.9212738249643386,-0.9224172643288242,0.04631389820516659,0.20044396458122887,-0.4753431117139531,-0.06436712952768962,-0.012955408381381109,-1.148906485543089,-0.026780021681585168
0.6965099734683898,0.2709209318583474,2.20046057306601,0.04449460022265462,0.8462897430588758,0.4272048607958375,-1.2146756952362687,2.6613162858456283,0.32643056580398067,-1.6630060674410239,0.7280566738525974,-1.308634640594244,0.8263725690300686,0.49219152945935113,-1.0125609954086265,0.6657469949308749,0.8015058836032097,1.4901353971535547,-0.2198657773368881,0.57628010199496
1.02946219582764,0.18690077872167787,0.3954156266726225,0.23801925185830616,-0.20474846723888251,-0.1369016831264133,0.7855536421370206,0.1239425407794598,0.34215542806414995,0.1377658619697136,-0.07233581496514016,-0.7103613298137159,0.041831572445277534,-1.3312336622343408,0.8828823991782179,0.2917019899620858,0.21285700039180866,0.01649347459276899,-0.058545553886331744,-0.10091700338499929
-0.7495749466335225,0.6365652016033131,-1.271665750084274,1.0580143449109922,1.2418084323782927,-0.4888709648104928,-0.9740463589249393,1.8645339506263465,0.3083171783275869,2.1589758978623137,-0.35729289638260786,0.055529386183045204,-2.035090888635658,-0.6860433293046792,-0.684631361282101,-1.4767294023282853,-0.1998041235164145,1.1572351742153921,-0.8311032346996454,0.54090625483304
-0.7404147422454009,1.0050149568354942,1.446656656050745,-1.4050320803658236,0.032212343173719106,-0.9594380634597068,0.2809232979234546,0.9002038651865806,0.2274083862348713,-1.4830223913289977,0.16242921876788957,0.5769056317221171,-0.06941000858651102,0.11232016994078538,-0.8928762051462469,0.4983456014059396,-1.405702858714889,0.5362798514746467,0.6857278924456787,0.2027581818187426
-0.5957277830757436,-0.1953399852793761,-2.8936285774863393,1.1554346821370591,-0.09427222222482551,0.8341461297200218,-0.24315917158884098,0.333263762924317,1.026226399277486,1.7629255872613714,0.9498520470085954,-0.15450636429659792,0.3785994396538802,-0.6215734881296181,-0.996799169183006,-0.6974625824271956,0.675284484041688,-0.2144510046448148,-0.1243263574887816,-0.01655512541041761
0.02821190786040864,-0.05661648060611176,-0.4309765538433327,-0.7994370613038905,0.9925835674244557,-1.1295112943450107,0.637198410042799,-1.4824069080981297,0.11163625876433564,-1.0393928421091922,-1.1621135062476093,0.7448076763841258,1.2108924146534372,-0.8285251796581814,1.240743304784169,1.8021823375763717,-1.2099596174933673,-2.427417665245957,1.2946092639791231,-0.8727841218380773
1.40017731951856,0.1587610764202743,0.8611687177893249,-0.4430411999620647,-1.1352153584799058,0.4110979353609626,-0.3787918948746222,0.259046019231455,0.8484202014362247,-0.9763083057341855,-0.8910722373816631,-1.3293371103234133,-0.3243763221265743,-0.19501877803987064,-0.8262854689267963,-0.5173994370395907,-0.3692246233004433,-0.22237797346054355,-0.4207089385756525,0.6369232533565481
-1.418823063637651,0.19169924712738598,0.15127979609944026,-0.94400718926488,2.138596241315394,0.5599587024534018,1.0259142234184195,-0.8018790118724644,-0.7095321131559741,1.6820252728015384,0.3027449417474758,1.3432913139932725,0.34905385633914204,-1.1676186164778746,0.13907043069045086,1.1310339280630852,-0.5675746895672874,-1.3797013190167096,1.4566637919402052,-1.7448626325029384
-0.20245059946026403,-0.5900616551196314,-0.47714825446607584,0.2909732023958475,1.3648627137838023,1.2706736132836798,-2.07325651203292,0.29087153120468284,-1.2749666522832666,-0.47226086740039036,-0.6248206545805712,0.04307131014608836,-1.0354879973480413,0.7124414438244301,-2.0792098481351795,-1.1231405490961675,0.52774714452328,1.3482231579220672,0.8380640180610645,1.521587568597585
0.8094627766689474,0.9232455195119088,0.2967527798439716,0.7212503777306127,0.40437619844778455,-0.8495120072917763,-1.1924516269261982,0.7872114208054467,0.40443208513694995,1.862024674020221,0.22228479480205984,-0.25246575909343233,-0.09080189579286038,0.4307564017243661,-0.38393964573687783,-0.8692369569680801,-0.042542070353950294,0.573450359528597,-0.5927900012227398,-0.8626711650814853
0.20038707562344762,-0.6356795708499655,1.1120394525158133,1.1209965283066492,0.8111299186434148,-1.0183782035537354,-1.5821951833188208,1.1062614071186194,-1.1881168840049654,-1.1419701441729766,0.5250289776683319,-0.6527095935008576,-0.26505450658008467,1.1187858659368402,-0.23398777582378902,-0.13396518187749884,1.186899865295658,0.9044397181592257,-0.5284438111302484,0.1794282743416428
-0.32183889465452853,0.013047201022192803,-0.2710215514556556,-0.14082636560107295,-1.286723814822287,-1.1708538211712782,1.0791305732513854,-1.0246760491912874,-0.093466797923846,-0.5737954779309474,-0.16234008648743906,-0.96520307810302,-0.1966028466723523,0.013935613196805691,1.180150949928812,1.9331490253200927,0.23867672830012085,-0.2920047253474888,0.19053169287125837,0.6159398276549656
0.6410781295510731,-0.09411832025963239,0.32645219617287324,0.6113918616410442,0.17497715599648792,-0.08043809909528947,0.06287344553084677,1.7755502483573835,0.8913106671307874,0.4211514780530538,-0.785208757020086,-0.21505769293858124,0.2251805492432011,-1.0878913728598374,-0.24948392670289507,-0.6489615632604855,0.04923544674699059,0.20755016036524326,-1.3718357902125071,0.3012639203297632
-0.6214579424722007,-1.3330492541570824,0.4318911429938231,-0.18639503802815646,-0.5148107694409307,1.1335870550095966,-0.30176929522006707,0.6227517030785754,1.21784102783529,0.9890415089540597,1.829203708999725,0.705247092276492,-1.5376487056424453,-1.8287518033967545,0.673327391338065,-1.7269722327380146,-0.509723895404578,-0.48050506599020026,1.2061718887633932,-0.2480128589150415
0.5489592538583743,-0.5157259652044855,1.5317399769800888,0.04747680409636678,-1.0016861383608324,0.47423556899866964,-0.4364199006170367,-0.2911463586709307,-0.3440815279478176,-0.6575471383606275,0.8651469640544975,-0.12867807866599493,-0.7939224154966802,0.1722025062717847,-0.35770800851564294,-0.18962017988521843,0.9360444141225319,1.9789637063722225,0.13763107576909042,0.9973327824030832
-0.19627789937935655,-2.093456414220455,-0.07608267131144851,-0.5760076572991213,-0.244360089733538,0.29037410443331496,-0.12279156951126927,-0.9568174552378277,-1.1778734462429106,-1.4037508464414563,-1.641713263898624,0.9300230375410344,-0.14503231223266574,1.8627713261065977,-0.3705713442826531,0.38362772756248126,-0.779259887564646,-1.7390142799626123,1.321988499631396,-0.27648902359533545
-0.700899770717232,-0.3824147052491363,-0.6530002535661759,-0.6138236950393513,-1.6363544239034242,-0.28388608035422025,0.624481469772276,-0.3106025694682832,1.6034862166201274,0.38329598779589585,-0.0078035298521436725,-0.647480952401191,0.9076050053954537,-0.16487249105354354,1.0785099654282508,-0.7906574969571124,-1.7238333784074507,-0.8554993505455084,-0.10866653992057596,-0.49142302681351885
0.37760737580267767,1.0746555594510623,-0.8959818593409155,0.31210383002931635,0.0017802509639675008,0.28706558013463424,0.5152577013153832,0.361035379150755,0.5837094361330402,0.9084279609788056,-0.09444152840161492,0.2587806980237299,-0.3239147080233246,-0.4208355403315679,-0.9591271303351625,-0.22891432519936442,0.4056356170712192,1.9828323251844842,-0.3978384804494128,0.08810198805215236
-0.353093214388978,0.6385164876077059,0.6807702295569666,-0.6177806377359651,0.4743193611823396,-1.4917689239696699,1.9639303519071964,0.507327463253645,-0.2370419235747804,-0.2671697480578393,0.5482722779472401,1.1809212721857805,-0.23427203244164477,0.688945424873643,0.20435714360050172,2.3022021537601214,-0.3404988873689561,1.0367641128375633,1.336104088792458,-0.993340240679448
0.7167862091839926,-0.9563095329551964,-0.2817178853323413,2.1224962270264554,0.8108141585163687,-0.4479337898468033,0.6632605151820237,-1.223506342184332,-1.0199549195643298,-0.5201536650563382,-0.2937426544473167,-0.3575342744926406,0.5894281399882837,1.196467228009089,3.448762694773819,1.4897938620531672,1.5165675980107438,0.9401508432715089,-0.7257534808716092,2.0146491211736413
0.6162801338435497,-2.112310331068592,-0.35933170456742397,1.2363771433988795,-0.41921867057851436,0.29137172324834104,0.9600736617175009,0.38804748312813175,0.3155971542643469,-0.8524276754894313,-1.2071299261109214,-0.5188114560977333,0.23083047657069272,0.309637776907776,0.09514687707405456,0.6535580679952863,0.679704065534855,-1.0508697452964675,-0.08583430062952158,0.8926296698494434
0.8957254633651845,-0.21194198515906063,-0.30383401243331387,0.06618745124040318,-0.6153480282895639,0.6403756846769969,-0.5904084376567286,-1.18129215556968,0.03960870812403234,0.5732174635633152,-0.2371640803420127,0.793596584125792,-0.16739059480337676,-0.8600942533845182,-0.34106582640290883,-0.5324165930658165,-0.07044515626369864,0.15349557540642741,0.5957793268715278,-0.05512140644149321
1.4885435626173054,-0.3135271925010818,-1.1062726453439098,1.549692065580421,-1.0849473951863704,-0.03984103514929774,-1.989534569778347,0.5492491055081885,0.4939988638510304,0.1716580589362694,-1.5559605033453432,-0.89266490922798,-0.04037430285348668,0.20360822696256056,-0.6437667182491673,-1.591633822452668,0.8816401480882887,-0.17677191726810185,-2.2866596210861507,-0.9082257612156679
-0.6271530044925588,1.2656445104430794,-2.909886504696605,1.0914332306056331,-0.017247896575465074,0.22550969818718491,-2.123590631578283,-0.8695614285560508,-0.8203753101391765,2.9825671706199803,-0.24905611556392881,-1.154595764962946,0.4050507967653268,-0.8435833157137581,0.06854286365637559,-0.6350590490036341,1.2796826605614848,0.5064085332142411,-0.8139638577778849,0.5099814886162016
0.7023039252813509,1.7278824816910476,-0.24570240759284498,-1.0505584843733624,-1.829515859533857,-0.2890619087757757,0.16713120134222434,-0.6779802188021461,0.037422613214029246,0.3295056778790336,-0.39878263697876976,0.3583432866044652,-0.4420788855410435,-0.19071709692363004,-0.7509557153639725,-0.34177531970080655,-0.5278449962351928,1.8517021047463897,0.06827707241754169,0.26923879164285386
2.351200370254529,0.22009038584541032,0.22958543496819406,-0.35691698128576027,1.1308121176552626,0.8933682438629298,1.3750681050040356,0.7029776389034378,0.00818956074201297,-0.28379670810653224,-0.478179359500072,-0.9483370936724904,0.2530790319770641,-0.6048815278899555,-0.7138745081423032,-0.40289164567945207,-0.5520863429710857,-2.9130494531233375,0.565777729038742,-0.37312792369787995
-1.4252971515087518,0.5725530725133914,1.7886984495123532,-1.5470467216048092,-0.07836202967047745,-2.087964142306132,2.1262860832967805,1.4446655798216697,1.3951790249978258,-0.11134322451223516,-1.5899719545202802,0.4317138721239636,0.6434467118214843,0.2031486043699499,-1.23011751153285,0.9392785676591471,-2.76411467874023,-0.7315692401568171,-1.0377464482216494,-0.7790325203124003
0.5897379066171218,-0.22692715035746427,-0.5079112380259063,-0.06432634400619804,-1.8127945120687021,-0.21838046228577981,-0.1648850175888873,-2.267269973194915,0.4811183431868567,-0.016888426183263253,-1.5013981235190985,-1.1677143355166888,1.503472103030637,0.3807403457356897,2.187026730116629,-0.30645157651775645,-0.7620384205879278,-0.28190285527560227,-0.09106961662052787,1.8168015869468241
-0.7952128972251539,-0.3438117358977993,-0.8613594929290291,1.0536658577717894,0.8746536577701781,0.3813464611844379,-0.49157482335583114,1.26394343571243,-0.8589053382745355,-0.9421980394591876,0.24827120697658273,-2.014058479596739,0.20675899053273808,0.5962570692349892,0.2574228805017343,-0.4827080028103918,1.2195094763096577,0.26986202651196933,-1.3907649180447341,0.698995316916909
2.285610606377326,-1.4478011237565924,1.8060083399843612,0.6053252757068167,-2.6494196896115345,0.10537025856382928,0.24803869576487667,2.4212478314526806,4.102951964547243,-0.06588680193912684,-0.934384996505317,-2.394158713118064,3.1816085106863485,-1.859901188020249,-0.8694509481897856,-1.0976892185392657,-1.3077028084114706,0.5420698956157096,-1.755564641375932,-0.028740405781887125
0.7707060422376155,-0.0957227441151154,-0.8135737982657074,-0.49654325395631044,-0.422839562065336,0.5845258258659457,-1.0104963466777885,0.6281940113888069,0.18628468845905002,-1.0954940781171858,-0.3487495601136272,0.19406313127957164,0.07863670085333163,0.7918835392136097,-0.13396149959801643,-0.7040651726234645,-0.3573172235568479,-0.3969553848012605,-0.05588334383700576,-1.3441882992889405
0.7620012673691092,-1.290895407547956,0.5055902242726371,0.9906712442974068,-0.8524062247168263,0.14995531802399753,0.6430181970069636,-0.10674907080509169,-0.1946190842453806,0.37827978457614914,0.18752447664052893,0.4641040320095988,0.906543546512724,-1.2062088644723417,-0.7389481005749804,0.8591089448832466,0.49146861648055506,0.5979129552843278,0.9956884145076624,-0.2595278385073129
-0.013317015604362534,0.6546965981292403,0.8012101025701676,-0.26182491165042016,0.0348851077741235,-0.3025149537166235,0.6701713639806038,-0.9348920240646598,-1.057173330607098,-1.3095060967756358,1.6688714997902854,-0.3318877170031716,-0.6391153917513093,1.2813823859765068,0.8218986975384448,1.3529008594890164,0.5888171602233605,0.7646350321408244,0.4363868307127602,0.5221251896857853
-0.3512183457431971,-0.9645004376143285,-0.6583968464202089,1.5269736944938985,1.1536029238406489,-0.1089278096379507,-1.0863732329983458,0.25451565844694546,-1.0178092958701614,-1.9134319726807443,0.1282048222849557,-0.02877460425993156,-0.43288556515780774,2.945786277767748,0.6321224200288903,-0.6001206982737022,1.4002907736734302,1.5021077019576383,-1.4130655238717384,1.5922883361720668
-0.23305735686219178,0.615840149661807,0.8924720715270056,-0.9377201689298564,-0.18731930269555855,-0.6722654690329672,0.5003572510860875,-0.13622444953302473,0.215892120735932,-0.8034133966475597,-1.0049152381241564,-0.1616405605409498,0.7729267838373952,0.938205326404276,0.4478275546377858,0.3882649332210016,-1.642618015828722,0.43610622315041303,-0.9708677414858521,-0.01931967737981376
-0.40765463549141967,0.6923692742275431,0.5099090125000645,-1.090127478039701,-0.8438976877803197,-1.6476712916360088,1.7218519024416465,-0.19831465427558648,1.238071481005381,0.6963238719170182,-0.16725642095600485,1.149663059628112,2.009225102167716,-0.2998089022641384,-0.8424377706444608,1.97279889568086,-1.6050200645058699,-0.08274303255587875,0.5383928877680211,-0.592034043056856
0.7683491551033321,0.6279838848167739,-0.8857618394132661,0.7299320348893257,-1.0676594888228756,-0.3875038340181318,-1.5432692805574941,0.16412510436155184,-0.4706504208600691,1.4553476052456789,-0.36253362486917945,-1.1764986925843743,0.04001964317460814,-0.03549389275261295,0.6628319724759577,-1.400259887421633,0.1385767744516932,1.8439511656472063,-0.6408428962922071,-0.36576315522376646
0.23986425259144464,-1.2864105712099556,0.2572281319408821,1.1933749421363251,-0.9775084264350626,0.8897614889831373,-1.1000176649851827,-1.4138604672126827,-0.5350923352586086,-0.39995876252462986,0.7046860942433192,0.011030600534967735,-0.28380096300137464,0.2686488723352522,-0.6802872212850898,-0.8238455858376921,1.0702639156775866,0.9438442327348695,0.10856506882073923,1.0845885550596943
-2.639994897573569,0.19089425906922358,-0.10547488713782484,-0.757698498835894,-1.0252296538494126,-0.9571115889158068,1.1349073628940198,-0.03619918115064621,0.08321284854358335,0.6705311105312729,-0.02147878405905608,2.197946359600513,-1.33728798668942,-0.532610628324072,-0.06887056452691342,-0.13880463326624742,-1.0411991450349745,-0.1370675128871768,-0.5414682370742423,-0.8100072700999958
-1.3454854342869558,-0.3265618924274191,0.6798873573437091,0.18831340422261023,-0.5022897759613139,-0.7228788716553223,0.5917087631314241,-0.4587752996245664,-0.7519680425623588,1.159458847261695,1.7605371518532973,0.3633151331181007,-0.29942464792000023,-0.902338287820976,1.5090409262847269,0.5084392333143545,0.6281373514033587,1.3518204136380934,0.6422600310365515,1.467445845470584
0.6936220704563715,1.2149239657262696,1.1671307968352682,-1.1758710269688666,-0.6783935946780643,0.3312146575204774,1.5565330297514586,0.6218945437927139,0.710980680986474,0.20057113014321296,1.142381527758195,-1.2951357460140271,-0.29505518226645283,-1.069531532512495,-0.510477173734957,0.8251180946076299,0.24222564824759768,-0.2940637335992013,0.8322489970735109,-0.1893949123150101
-0.6790298397594485,0.5387643943253867,-0.502024431789499,0.13915159393490578,-0.6224457406539192,0.7155270638813122,-0.06323867790493244,-0.3365203043396567,0.9433019032744067,0.7030448784729985,1.333497887559061,-0.9141792051897135,-0.4460814533553802,-0.7261898412172353,0.6005520792665634,-0.9619947821616351,0.07868516273022624,2.2029792575951674,-0.5542727937986391,-0.3506646328392662
1.581989807341559,-0.009621222046811352,-1.7934916093020512,2.2792163979594724,0.010651296690447941,1.8144607972758535,-0.029944441536990187,0.284058816780948,-1.102089115706035,0.7636487849367537,1.5762132330008247,-1.9684955211391033,-1.3432611327942428,-0.1952798862193406,0.053970738295395046,-2.3331654397469173,2.8439945124723454,1.3990348683541973,-0.5293515799358567,-0.2884516644678032
-0.7058490087950543,1.1584908435214456,-0.046280281386094545,-0.08478545723526164,-0.1574946986441003,-1.2007764888640091,0.5581531734880205,0.7955826296964003,1.6785232831369494,1.1198833671169182,-0.8631037319240155,-0.9086779429019601,0.08824560648444608,-1.0481073347177474,-0.20457941845856484,0.2533612512689338,-0.5171619718903628,-1.1011731115007566,-2.137997408692467,-0.48721570245454715
-0.8817394699146801,0.40512570106954054,-1.8872471945726124,0.5068040919473421,1.253430907426692,-0.7779619084601205,0.38766138429381075,0.3623342795809941,-0.6479244499099386,0.23058510812507738,0.15768688518411175,1.8196720365582286,0.09535262307825021,0.45174003984326366,-0.11335476884552313,0.5157640116533659,0.3394132406744041,0.5817717441354944,-0.10952396868709297,-0.0037577735040524077
-1.3914926919261001,-1.1204261908115327,1.5205925673170817,-1.4680053031889502,-1.773230805635854,-0.40712176029181163,0.07809176962296008,-0.7147454383298908,0.11145591974388694,-1.7386148579286969,-0.9544212043528784,2.622709977196538,-1.400832619310678,1.5416463768362911,-0.825432678561234,0.10617406263188363,-1.2801454509928272,0.025580276982660608,-0.1696420382138417,1.4729720189105164
0.318167664802919,-0.2759832752160223,-0.6678451629423828,1.0695976366110305,0.501004410870588,-0.44674244682576575,-0.29903199766281674,-0.27591833700984564,-0.26444751782786174,0.13114718938577574,-0.8369542440536587,-0.4998803891087792,0.7557772916547009,0.2801706677004895,1.2910941216216933,0.3526796253551172,0.05943668695198466,0.31599246298928013,-0.6714589623767352,-0.3883208502719861
0.043741211608616874,-0.5734354662872557,-0.880366991650516,0.7890965875973056,-1.102138988505737,0.8109101523791361,0.012107813503930528,-0.6723999728108617,0.11918373188332146,1.4853603037508987,-1.3142632429550538,-0.5968056295358383,-0.19401290536920443,-0.1874892845980274,-0.5495510650296127,-1.4223455821107645,0.4325023142201804,-0.1899572269792016,-0.3972767766572681,-0.8125196731799789
-2.2696410292667966,-2.670270540754751,-2.4686757075746937,1.3888864556254752,-0.33422821526810714,1.0731094259246448,0.4498235599523825,-2.705674153715842,0.5395088729283564,1.2044995017428537,-1.298528015138117,0.5059343180310093,1.8546420895244844,-1.4493418395867346,0.5163790544690223,0.4940952395549551,0.37945122725343655,-1.0901292642861609,-0.46093618240384243,1.4942835500871452
-1.0057863835105398,-1.0325951631798849,-1.2908521552748213,0.9666378949998465,-0.8914408204564763,-0.016776926225204256,-0.9129456680548351,-0.6419935269635886,0.17795393347106556,0.19156423869264447,0.79243999831069,-0.6387804932894187,0.39961740144297586,0.4735727474345802,0.72675015252508,-0.6223079262067195,0.41248001778387167,-0.17579483773929933,-0.7383854316860017,0.38876437780045237
1.3406542624654827,1.7262563588824404,-0.38955683125439833,-0.5584282520138057,-0.3550947689463865,-0.11159985151091795,0.6338564552810152,-0.636599419062287,-0.34350811404523574,0.8665738893714392,1.2503407444455577,-1.1482771046830769,1.1564710151134776,0.3625421678171621,-0.5802681034125051,0.223181819242793,-0.01675090690728634,-1.3434291236114029,-0.08088114078100762,-1.5378260961806574
-1.221107115818001,0.21962883828349755,-0.9923283730090722,-0.964479622037332,0.5212924604859064,1.2358811586789038,-0.9256033531821172,0.484942733804866,-1.3660631862250348,-0.032416212889895775,0.257376984357488,0.21948518704640463,-0.7216797250542848,0.5865607588649285,1.0012060525039885,-1.5994461376906894,0.28471792854802686,-0.932513685889576,0.29597085332681344,0.35985664639655907
0.1353732820342477,-0.5202858319374929,0.6023488239747816,0.01804911563493524,-0.8250448331869229,0.04708965440969012,-0.4129283499643436,0.3252897046449239,0.4812965194565614,-1.738171097062156,0.324118076589282,-2.1351409379967925,-0.15038530827173532,1.5025876908506055,0.6163872157224859,-1.3145248500810045,-0.6956171480686649,0.35797695627476883,-1.0992477580088251,1.3342650040225472
-0.07697908019984968,-1.6915653725964062,-0.2598012416633511,1.5236110302812165,-0.12193939373986538,1.72394002048308,-1.727589328899445,0.36641634295815356,-0.24586362726771455,-1.5635973196917958,0.2769356924246214,-1.472999414727767,1.2257811773717326,1.5197506731496093,-0.5309228588173008,-2.9808873035755825,1.4898695716543053,-0.04511421838186673,-1.8173328386745735,0.22665327799988813
0.4602168310571786,1.1767230397521524,-0.09564150259570668,-0.30945824863672294,0.42445595937805314,0.4027882811906793,0.1689604778739248,-0.3772364932706104,-0.4653705599037,-0.31719006160817736,2.194823981044335,0.6486443080845411,-0.533149206980013,0.033825320599251946,0.21538378681713263,0.22283201264926367,0.6917993617323497,-0.2716835773629134,0.5043949975228655,-1.0500293945734553
0.2619775658765868,0.13562019441745896,0.24965475242327698,0.7406859617474233,-0.5676679241404103,-1.1779786017896476,0.03830174945608187,-0.44415488365007,0.05350647568234662,1.0085075789995779,-0.28726161799349226,-0.17534965274795183,0.5329672980216414,0.3229854471801696,0.25550732136677634,0.163019207986246,0.6400510172595286,-2.5109081923617524,-2.258097957128306,-1.3148466916703727
-2.734132534325931,0.5870297131586207,1.9147341989985684,-3.6111014457977917,-0.785185224331464,2.2976837826970002,-0.16829149080226322,-0.3391782713844927,1.21277386888244,-0.8239356854379243,1.8813702203223248,2.5424456933297224,-2.166662386772307,-0.8455003597038931,-1.3929965618841658,-0.20993929864191246,-1.4075190964311415,-0.6509438279059089,0.9347930148710959,-2.4180706881096383
-1.5736632067665184,0.19909894936464784,0.6744562374712192,0.06120125064459765,-0.057988401166608305,-1.9545630123355993,1.311902584637365,0.20678743416004208,0.6987497590865521,-0.7591153940546171,-1.0975496146782222,0.504320360822628,0.5740438288669275,0.7694263152960945,1.1022609963260992,1.1896921504922553,-0.619784338525103,0.9819787398823558,-1.8030491168886333,1.0842852288807914
-0.3849043116641719,-0.11611295649474701,-0.1300722747157955,0.12233083704264928,-0.054022682960021225,1.393359995278237,0.5750462773849732,-1.3931423984370115,-0.14338943669522936,1.464674582985076,0.32257569607975056,-0.2639303686185373,0.8185510928436447,-1.5140448450793498,0.26553555351259345,0.02683923719054464,0.5447322557403946,1.0226271108209544,0.7712207710539253,0.8363255210542314
-0.9726192393439176,-0.2058128606504674,-0.8541163421351367,-1.192708929049479,-0.4939897412610189,0.5476705205025744,-0.2836978013941361,-1.5361823478719505,-1.630025167262366,-1.6358947293969006,-0.07067690622381397,0.35184231703391144,0.19487363972233168,0.40865066823235013,1.2692725947121049,0.533062985801084,-0.6747946427669251,0.3216339682834564,2.3280241041715386,2.0205337946146624
-0.6062713449284328,-0.40486113473173274,0.6627397389648157,0.4365858371197606,-0.6286013398016191,-0.3418616658133469,1.103979771086388,-1.8342582120984419,-0.054177235987352496,-1.3963350059012314,1.1011993431966167,-1.2950390119941797,1.5578970303931603,0.273438029700137,1.2241479550793772,0.9227727340052705,0.8593852796492764,0.9929743543535042,0.2551906581161234,0.021208144450027163
-0.7398065239400184,-0.11135441127564832,3.704057370605731,-0.8082651569848279,-0.32846707596340896,-1.836253907485361,1.2284327278991567,0.8969593266755511,0.9459247119280084,-1.3932882597546237,0.3472871941895873,1.0918800260724706,0.8527742758796512,0.08842919594958298,-0.33826212186228455,1.0201267324590348,-0.41359873017763776,-0.1904176657640051,-1.3967913664108293,-0.6263941573775272
0.8463563086972186,-1.2135387617770428,-2.5520755616635147,1.8744089517622744,-0.5833903159482002,0.9392531808270173,-2.2861183330842096,-0.788479492798137,0.06495547702919285,-0.505566594517266,0.1407328425545595,-0.304693447915803,1.0299691796522712,1.0609961516866777,0.8070780257400021,-0.952291446107452,1.2894750094614873,1.3971296490699916,0.19888006126606192,0.9147263038561733
0.8447608118323113,-2.2099421129677967,-0.0372950933757872,1.5647135096924707,0.05416392833723521,-0.0999842340670451,-0.3615899899950514,-0.37043812561785,-0.5134554594139542,0.3170293425010214,0.4057299994817324,0.7245927481852449,1.5360834627958728,-0.21608309343713542,-1.9321905752950896,1.1049705565767471,0.8509381482238575,-0.7464951544728037,1.1330549980960773,0.13811919668017242
-1.5554731563482442,0.5352055393760122,-0.75568942584252,-1.1114973483562716,0.3866940176505199,-1.2965556186451077,1.3478526261814967,-0.6949002292244871,-0.021454822906579213,0.881419093841581,-0.30609151384151245,1.7139183755423346,0.21355982766268772,-0.17466922964481987,0.7394408757590532,1.6492601406830152,-1.1681907034913135,-1.610365045592506,0.29894487130950975,-1.505807731336839
-1.0432760711850324,-1.1543988529241962,0.36967777559405685,0.7423446063846041,2.375503607254457,1.7945020160912222,-1.2948254223463371,0.24056110878938508,-1.5389082037361073,0.3618416981531062,2.2670183203182357,2.373756943585186,-1.5569871363088825,-0.9419106763521415,-2.8626431797734737,-0.35750242396141135,1.7827614621781498,0.19666774904728226,1.3533283256750224,0.6060418865970398
-0.027641966819683922,-0.6038225802156865,0.06217821670352697,0.9330870154945174,0.28807437991992063,-0.1695161622023031,0.14025692776073598,-0.3608691435020169,-0.8405401163632977,0.1192969506093348,-0.42964030136792497,1.6041070692552428,-2.1228468511216656,1.1450039664785079,-2.1205032921041735,-0.7753112868154519,0.13310415751524268,0.21225628229869267,-1.4744213439934613,-0.49052325647792233
-0.43545861556477466,-0.6487052355698373,0.3090946068864028,-0.4111347523418249,-0.06056744406780988,1.0382137365650346,-1.9629563372100223,0.5136838781060956,0.25003275117661106,0.2102324047998184,-1.4144463755227437,-1.3991893669537605,-0.991607909713453,-0.12105604391444015,-2.2990378279783146,-2.967728337962497,-1.5728596998971975,-0.4519551909849753,0.05445472308700749,0.05808597406697336
-0.788939250176499,1.3524822351958503,-0.25874256910914056,-0.5356264087709051,0.017213887069086387,0.5462511941879271,-0.6999625132482493,-0.252402534337201,-0.6202722767665715,0.35445050440094095,-0.6631065275490444,-0.6842838099427287,-0.7476205238642749,0.11453746622699534,-0.27718017332609596,-1.1053800425172027,-0.8907702948769527,0.9667660888511154,-0.07033504397315693,0.12484980088534925
0.5428937429403053,0.0713767999140393,1.0865741752676257,1.8792401048163827,1.148526988978749,-3.3111510682477365,1.5140056472480665,0.5625322255651277,-0.05125523707108965,0.2658685813361366,-0.28310491713278824,0.14496385282297602,1.498032722130286,-0.546809616097915,0.8526423333205702,2.474617022093262,0.44531417791757855,0.22916149124169014,-1.4834555962032123,0.6416165489477766
0.35225955590902763,-0.6243651231501541,1.376496784636422,-0.7730734043544765,-0.3274524108052737,0.13341158933892874,0.1596327331809943,0.1454042234852539,1.3605177288397008,0.23178469550994824,-0.5838095014633516,-1.1876637401830406,1.7702561543546242,-1.7818792118442712,0.7888026960950643,0.2569610579644533,-1.745557268107603,-1.6212925893599424,0.5192167779048201,-0.34839863964507106
1.1941567362421783,-1.3483677618611258,-0.03223290526202547,1.6756163400500341,-0.9014762651716627,0.07952503895712763,-0.3889351879779961,-1.7877377299659507,-0.026921918636056055,0.12385927244787964,0.0048445477317806355,-0.8424162557024703,0.2731793613829157,0.16575343757595212,0.6884927414533976,-0.7717414071574789,1.2003897123916227,0.2231771560942078,-1.0662921755031003,0.8415230904980946
0.799744930097282,-0.9094004108328916,0.39324408423283674,1.2052294892401985,0.6086901855787955,0.7916368406469811,0.15591286119467998,0.6846222634683942,-0.5501999111600807,0.007021462768148888,-0.5271574985083721,-1.2678539113174305,-0.21239731831990027,0.08462360705310361,0.3155030451022034,-0.3476537100516459,1.0354911326797342,0.8219106519064951,0.026156286741392674,1.0585976681230227
0.9761455710047264,0.6792928877777108,-0.5300743502262134,0.029473511193216725,-2.533344568995383,-1.124233811813445,1.4643674948528336,-1.1180377926795317,2.213912496780491,0.8090459675111753,-1.029486740899547,-0.0036836406434873287,0.41694904155813023,-0.2877275527141191,1.4109525600926716,-0.3116365088508946,-1.211734734142153,-0.05746167830689266,-1.0154266892352177,-1.8237675775088913
2.501235878646282,-0.3517460250630631,0.8524389767473292,-0.8143499517221907,-1.410421043770345,0.7790833321105672,1.3304057880237439,-0.7905189920258374,0.33002723190342204,-2.31352865465532,0.2918116838115485,0.2603162342272876,-0.6881022136656473,0.7515181168876519,0.7176876597099757,0.031008904455786718,-0.3314835637023143,-2.2073254862652507,-0.110357033808755,-0.3940550247957591
0.2517385588731258,1.4272322879614125,-0.7240982685896385,-0.6757125859228702,-0.3738260116911789,-0.045338769721162686,0.7834799703161718,0.7070338032999939,0.39951464299599687,1.8019828810611047,0.12667651899121107,0.6217741081342617,-0.7013541087191061,-1.3686724273754978,1.8280783679020245,0.17427243766545292,-0.7608149059460996,-1.0647958789274448,0.11948597246649297,-1.9941149540387246
0.22658860557510052,0.28057113244120896,-1.2663741191002367,2.171648681461047,2.1707869324580567,0.1996503097312368,-1.2636965740760895,-0.34766867982290683,-2.4333486174730967,1.2197042210211695,2.6206155573289798,0.5170800703080812,-2.1477119760796564,0.759281288837284,1.2593494176007172,-0.44488618734323715,3.271838173839486,0.5692394292548293,-0.32265510267671055,-0.9694374992457071
-1.2572408732356786,0.7500950722889077,-0.3317141958185294,0.10310852714346777,0.41919806654900765,0.3500390010704208,1.3127845532751068,-0.44330844717589674,-1.2346286893502836,-0.20893467649847638,1.1416999097714369,-0.46146115299813406,-1.6959215434783035,1.6064605631554587,-0.21665938441218976,0.5593874601783987,1.6211309629789346,-0.02742863532028489,-0.6443302539861846,-0.607940581205259
-0.32505899384843406,-1.2149554256594624,-1.8960629792063008,1.8156954839016548,0.19983117041397894,0.20447768985484413,0.03209280798374733,0.7283847707685485,0.5256072911232813,0.8411119256083562,-0.388348867503825,-0.4903487364473277,0.5590424104070852,-0.21940571653399424,-1.5173168461220274,-1.2606599361574649,0.8712606802221666,-0.009629639770369944,-1.4246803983091558,1.0664786172574692
-1.9208145210728997,0.6468038992879565,-1.8815340471710122,-0.4983783521574993,0.10836474232678717,-1.6600869787640131,-1.604367160006328,-0.23433228457672484,-0.018155253624095383,1.3187773417155582,-0.043796599575363124,1.659442613634741,-1.4732390740025627,0.24892956971163177,1.1792116676946949,-0.09015558113151236,-0.9839600886722013,-0.5190202453326402,0.4246507408357042,-1.1926651576030631
0.6137964080079088,-0.4015927106777832,-0.6912266749681856,0.15310359265886686,-1.8585729973054215,-0.1713048673965635,-0.39775627013158465,-0.39033020815911107,0.5715347926528792,-1.3104974910747733,-0.5768091765821944,0.23926637414443813,-0.5055404975903778,0.519578001929492,-0.24688633347317337,-0.648239830996979,-0.23421110672439918,0.41518319853189534,-0.8743317224691558,1.2160128370583874
-0.028426882322710994,0.9881768862166767,0.8706414282029158,-0.8490606216131089,1.625781839371548,1.0781266484315795,-0.750090251921103,-1.2454108449146308,-1.68399216499798,-2.006875409392196,0.84518639749633,-0.5072044022723158,-0.9164130871116147,1.3133321712284736,-0.6989750133049789,0.16609818560005907,1.4875643726139205,0.961330639445413,0.2966606344213915,0.6414286409077168
-2.2373372380984433,-0.10771672867938552,1.139920182051873,-1.9804646416743539,-0.7915554441682475,0.041932219543783136,1.1097124218438013,-0.9957930436206119,-0.6487625798363912,-0.021260991628667257,0.25506991616291763,0.4743398428080087,0.3189643462435971,-0.7792766731893559,-0.16005499003375886,2.4596294677951893,-0.6045023701847101,0.46604738439363197,2.623025729469178,0.6763945914046191
1.4953345183579527,-0.4361246834824173,-1.0724093350864723,1.0713659145412455,-0.475148598730692,0.6249658472072513,-1.08114561997132,-0.48573216015243387,1.023522540873456,2.5394698014452772,-0.6185771564727602,-1.0946705683654179,-0.5642704128537692,-2.340002343284627,-0.7804572556908583,-0.9657036064811022,0.25558652810590216,-0.9356127650936931,-0.04982657157848976,0.8004918624261453
1.1378156215107722,1.1788749589270744,1.0586959279366248,-1.2487031833323645,0.15456094711381402,-1.2202918767093078,2.275727897444828,0.9556331871468009,1.4421517197208407,-0.4069089668605738,0.4409498533866647,-0.5816211790748547,0.795648397391229,-0.02057194329851292,0.3104701865198725,1.4153067519712192,-1.2482658436399385,-1.9026817224898929,0.41925201377995147,-1.5755262928195686
2.127149174589971,0.6307429910189075,-0.24590142487920422,-1.1585639032850121,-1.536605327151509,0.1385733325195822,0.34905512903371017,-0.42914080627713463,1.0860444722939735,-0.18964420640489157,0.5220073759985095,0.48947060866988545,-0.18449051126601923,-0.865150163889298,1.2969650040332383,0.3001107516659641,-1.129015925631866,-0.6306521403801628,1.2931611499467761,-0.6175747967520371
-1.4922420279590385,-0.02566962597350091,-0.6935299064353636,0.3298312024790792,1.1646825421653024,0.7061026405554457,0.31726720607889314,0.10017128793779458,-1.063125225141347,-0.4404626043716022,1.8741917535221115,0.3152164283770661,1.268803415813588,0.34617601645498924,-0.3294106734440071,0.718601667257623,1.5320869128182795,0.8518453725276232,0.5907943275895245,1.8996329028774557
0.48858107884534047,-0.10306581316442816,-0.09170723156462039,0.41558861324375407,1.0759391828138396,1.6758978884107862,-1.1427617306279565,0.6628830476232933,-0.34030190265262267,0.9289899633909563,0.16612470832544887,-0.2946845102782619,0.2677983957361127,-1.2127718391269158,1.1682260268049778,-1.3896902511387292,0.8002411555983423,0.9210935315472416,0.6231922291223658,1.0728125288576118
0.22331062284154105,-0.3411462256855181,0.9842255378539287,0.15328926053180258,1.3732421594123103,1.3390042478918047,-1.0983467536832012,0.18921367333585784,-0.4260241062251674,-0.1838744336740653,0.8444575331815268,-0.4444285540272558,-0.47908879656122744,-0.31901410321958695,0.8971712952426404,-1.1388792173291173,1.0631513747226284,0.1385806235401076,0.2797630682267037,0.5674051200725709
-0.3947668264217705,1.0402036542100144,0.3899249008310511,-0.08370452316872068,-0.3208544557219311,-0.4186926436129897,-0.008753461951440342,0.8813040667200125,0.24248874840793516,-1.0885022252705998,-0.18945452455777478,-0.6145793062158516,-0.8018872292403109,1.2902567552900515,0.6341750072314234,-0.35326379474475156,0.39744555777135293,1.6274295839014756,-2.021617633060849,1.133596596137114
-1.6520134674302698,1.7075376963696438,-0.8485949356484795,-0.7869835209896755,1.018514746754635,-1.3258517224013147,-0.7023009523159867,0.06499292022703262,-0.7032747271915795,1.6546429705074575,-0.4111890823366723,0.1967551438897314,-0.4511312760173761,-0.46357008456409243,1.2711366415388143,-0.09064778493716644,-1.1019936473720184,0.19533426187846104,-0.33051513189826587,-0.870785682468887
1.5790001994887084,0.44378297392809724,-0.09940098155700597,0.7424323804577329,0.9779155274246308,-2.8611133410159413,0.1806070662210938,-0.13092137238019153,-1.7400537633295987,-1.5507653590665393,-0.5376464783620934,-0.42212574265857367,1.0633847551838016,2.8383919514659524,2.057583117749351,0.9557533501425118,0.1259207138045584,-1.2330429306449322,-0.15485885102825242,-1.3588799244922012
-2.2078661726528312,1.4897645926520584,0.013146926818319122,-2.2791193942006114,-0.7754520455933677,-1.7539847654211291,1.3793299297067987,0.5524164695685777,0.8749879356767845,0.49215268645119126,-0.6258609413400458,2.50917159117065,-1.2329283177536787,-0.1590866249845635,-0.010811135866423545,0.4074747690503609,-2.5281159567980844,-1.7466598638358044,-0.5786499596468732,-1.6340956713212376
0.11564274305857002,0.44264418714196935,0.7667266115275166,0.21574693450276722,0.09911620544480984,-1.397532753789684,0.9175810701612479,0.8543523566768909,0.08391802186104771,-1.082691278681407,0.6082128490367935,0.5223668957725008,0.8314990446521962,0.7010035861207463,0.693712374277648,0.46045975735431216,-0.32010193237722817,-0.010046943984431768,-0.4798954933342995,-0.49524459022412953
1.4614975341280756,0.49650318597141085,0.4050908432811113,0.39281073551456025,0.7032064128200234,0.5271569550483594,0.3615905022041409,-1.1484196263355435,-0.5762858205440932,-1.2491883638631551,0.5477585377975708,-1.4130791186904128,0.4325778531283806,-0.5860997349507131,1.1457038712904848,0.6721412928594975,0.5728808137971364,1.4669102825777716,0.6482059183909349,1.7495416254841647
-0.37748582433285627,0.19240458968425064,-0.5827363763829367,0.6903660903240152,1.1059763847652349,-0.02853044859956486,0.5089947137427051,-0.004924531133899643,-0.5061331829336584,1.114485293802682,0.7781501659245262,0.4260372477917008,-1.1004074651026117,0.3420580927046337,-0.8087253443393659,0.3637499078179755,0.9785192864087585,0.7962827884705385,0.660988196793295,-1.3080488919341748
-0.3854694907646547,1.6051437038014076,1.508452779572084,-1.0595098825901046,0.5478935705590341,-1.8855701536471945,1.407977779578532,0.7470735316583663,-0.7725555863356064,-0.5145791838084032,0.4693757789050612,0.013222752515777614,-0.25818382333911394,0.18870914589001156,1.169869547382273,1.4663139101101936,-0.7175198731961696,0.9943817358642669,0.6355701225074383,0.6902722513410174
2.2171777421230385,1.2895324350801838,-1.1190514498278854,0.11278537498722963,-1.3597766039450554,-0.012222126831666834,0.2951084649612997,0.5915929384605562,1.3624462712930712,1.1848553464893798,0.49053003044286375,-2.4685837700773887,1.1662313178963841,-0.7311101615996156,1.0225971368459923,-0.6558344346295212,-0.6893479328918695,-0.6514475221092959,-0.042863525841850915,-0.5171089813189641
1.6289062425514707,-0.02622594532719706,1.439606891945059,-0.054033904122009216,-0.7498486289046571,0.02843455695913641,0.9029510629938458,0.7441874788537154,1.8634683088632522,1.1382547351530978,-1.228972012052435,-0.41522643773796053,1.1295695601436953,-2.5671195754851235,-0.4739484609787616,0.3736279585440918,-1.3726948086608783,-1.2931862768634337,-0.16349663431828954,-0.3087295892693045
-0.031252900885424394,2.2796363964234305,-1.3904568551253988,-1.1071922145448612,1.5065747226111896,-1.4733057688847273,1.1696589900899141,0.41257633092220547,-0.03138426994358238,-0.3910733364697203,-0.07916491694367177,1.1331366194267156,0.17810810567542484,0.06885769729931451,0.8748782538748179,1.4448853650625124,-0.48221995996589956,-0.9672492798559125,0.1234971228640571,-0.8091502190801139
0.22357081225734712,3.156435077952478,0.24143527600028017,-2.4035908594460786,-0.02410662883118549,-1.8825869568509366,2.797802288697249,1.1465779561147373,0.7848677689427418,0.998090729828158,0.5245044064287993,0.8494888092249235,-0.12176467644672048,-0.30069196250121377,1.3522470127036894,1.680461103940531,-2.0349721942633154,-0.8245498583048158,0.8814859126723211,-1.9649269810831624
1.0658197618689278,1.0922637847194547,0.5681452746101686,-1.1398755195205703,0.7885492130286188,0.6050018782789904,1.3644184719571426,-0.04773041977545295,-0.019415465248083724,-2.5839097478314663,1.5370987609805156,0.502432358805042,-1.1617600192096618,2.1279734367671153,-0.3924776207618632,0.462610442632341,0.1963203395692359,-0.5715946517475915,0.43300515448106147,-0.9365544121845669
-0.9241317678932325,0.08681457190733924,-0.14748389742780446,-1.122508368480028,-0.43861254416099105,0.21781636508387667,0.3444482320359164,0.22696733699103325,-0.24956045362048693,-0.06738103786003309,-0.6901190555380248,0.39188373919721653,-0.6311460003564802,0.6743374911595015,-1.485686221989791,0.6715589463571284,-0.8152340075170592,-0.3229540618980056,1.040845390315432,-0.31796350468235
-0.13055935697977236,1.073588118288266,-1.4373540919359267,-1.0110032246156544,0.15045204480464638,0.9335301492847815,0.0336419201208616,-0.5334933245389839,-0.7340482127583865,0.28402622568401165,0.24628680049729174,-1.2053584268446773,-0.34527686365327426,0.17272810543884232,0.27843115493794024,0.3269451627700598,-0.41220475834602316,-0.397139873263526,2.032690103871419,-1.0565669603119534
0.628059038644219,-0.995371945272117,0.2731660992913712,1.0698355332551037,-0.14752506407855098,0.27469042194066623,-0.8000045429566494,-0.27163522203476914,-0.995902822437511,-0.21992910064504273,0.5189518611329489,0.8043092728020792,0.287503306382571,0.7350814766673042,-1.6809325335394982,-1.1732801730346507,1.4691870417042108,0.23950997616278055,-0.2879850712061002,-0.003981431522757574
0.269344859179001,-1.0375469973184077,-0.8023489010574032,-0.22935154922081044,-0.37595056510752595,1.599819943535567,-0.3975265326700094,-0.7460607554149454,-0.4125639819599752,-0.2673970977661883,-1.1833635763398669,0.7854360745870218,0.13388001108589143,-0.3443916271371881,-1.9927581829726688,0.06980041184857605,-0.42899928007276467,1.1210587524633988,2.341195496050643,1.7506239084087787
0.38678039359496685,-1.393606755016697,-0.8504955672062565,0.9664958730999456,0.788392231619901,0.9783807963257701,-2.796925860440604,0.1529536437626102,-0.5907233175479868,0.035779285829393555,-0.18495602152648763,-0.5952177652047085,1.059149987576202,0.6656110345212302,1.6708293939627503,-0.742153294471943,0.34349129252337696,-0.8715706015074174,0.2735866289533236,-0.17684198803907658
0.405971735990141,0.4708961730707147,0.725510674370952,-0.731641202476592,-0.9002052164970247,0.044621870077363415,-1.5335447247182528,1.5689073855193754,1.368318523206,1.1085532501385043,-1.6539677966358028,-0.3745873311838076,1.0464730217166907,-1.952309725785145,0.04139336330905708,0.5682530487995091,-0.7761385505727747,1.146434480643252,-0.20702768383878997,0.685366124283437
-1.0757109475194169,1.4348195384579934,-0.8975340527099,-1.0750253489885289,0.4505217943966047,0.8355365989602357,-1.104600919497612,-1.7158387420661558,-1.0964012414533746,-0.03316842726948168,0.40847902213697085,-0.23398554086645057,-0.1375662158714068,0.1947365399784803,-0.1462471122721722,-0.24311644184995504,-0.036761895058721114,0.9328017713997292,1.3358728221180063,-0.9401396998680503
0.4355836822560454,-0.00338810161408827,0.43510330401739433,-0.855112216384925,-0.6494244016864156,1.6855159633835013,-0.7877071670142963,0.7614722390822615,1.5696902688602496,-1.1624896798570081,0.2285482005280519,-3.0029663256824355,1.4413790606032744,-0.47112561315368817,0.3995944189785442,-0.1935090063518931,-0.5810223517897752,0.5078109194314747,0.6764744846892596,0.707505773432777
-0.9388001723890799,-0.3503629455917384,-1.8259385039437683,0.3741062177426653,1.2292346012767235,0.5877228801480614,-1.20326772827022,0.4066862974021545,-1.1266717769776982,0.5042792954041635,-0.9852217326299507,-0.29467487347876775,-0.1871041468013718,0.5978351105129696,1.405021999935892,-0.07214689321244008,0.7271613636657381,-0.7977874886753572,-0.18260968798192084,1.6627346489101855
0.6506270233652425,-1.1938963770141542,-0.2265972598700513,0.23770553873105757,-0.30632241604476323,0.9221419430940434,-0.7663022281463114,1.630582419049805,1.1356508669226162,0.4143348706344904,-0.16559264447396996,0.5812429013048078,-0.34825846066117505,0.13663575400459185,-0.5030561317248953,-1.620458871444789,-0.22759315853959255,-0.9857496108275162,-0.6130316946146496,-0.7588580350736968
0.47717183258676266,-0.764380635715428,-0.5051765167329997,-0.05602650244475007,0.8269284369119696,0.5221445155336367,1.3866796005797928,-1.6405995747011834,-0.8899423120468162,-0.9728782386911082,0.4202435559301864,-0.5099419155043985,1.8138347450446235,0.027318891681563318,1.388940937325742,1.543509722055106,-0.026210852507280363,-1.5772619873414053,2.0471093148069865,0.901121676397988
0.6845900268836753,-0.6224423832013127,-0.5733126719341098,1.245368993341792,-0.38599487685390155,-1.1532736502294492,0.01704800163390125,-0.08173479943673301,-0.3759618923681627,1.5271651199799645,-1.1873559454017615,-0.1258328327922702,-0.08388874927868023,-1.1326561975873874,0.3595733276405561,0.3604413039445145,0.4236225774663544,-1.0120795220977181,-0.41822832945328403,0.046928214309013
0.25638403432257123,-1.1861036248520376,-1.2795859378121432,0.6844159680732784,-0.3401312654919711,1.1843685213905717,-1.3011005814378835,-1.4349181368565367,-1.020479834336328,-0.057057886970587106,-1.0647545912329437,-1.1518595805709735,0.1340372177492953,-0.2827649195229887,-2.0001509681577603,-0.8463884056075136,0.3621374121198166,-0.6268557541970967,0.5523742000085579,1.8653358952533416
-1.6134719148514653,-2.018282799763582,0.10202014561394168,-0.11789673006412564,0.28836777460291496,1.0771734042855279,1.4593322027260804,-0.3886088501584566,0.3966148433883402,-0.3121390755198598,0.4470605303641427,1.1049501031522708,1.4640646620602968,-0.7287261504488528,-0.32116105320654403,1.3222312238669296,-0.29135342865699765,-0.82499566935592,1.3863984867087826,-0.5364996175829629
1.5655615861262082,1.3259292047131532,-0.18182967584903922,-0.6570181758020057,1.107324545066588,-1.0033677826480414,0.951315148412904,1.6112261685659433,1.0157510743296967,0.9807756915569975,-0.9459854910035587,1.0006796352712026,-0.841587177648909,-0.5594279969677681,-0.20973591407128675,0.8153128629646772,-1.0007060516364317,0.0060847083986638175,1.1032766653072756,1.6561478396893183
0.5490965050818168,0.8677573692214768,0.5107258612812811,-1.896764215446444,-2.3673596090026243,-0.19232856694204417,0.6971938140583925,-2.587589918545266,1.6387914881228633,0.2122141070392713,0.028772007645479384,0.7659563769552206,-1.5185883085613372,-1.0825586058568426,0.0792472532542362,-0.06532530671413056,-1.7768127681629025,-1.0876140898121385,0.33486293338174217,-1.9842855292400357
0.3237048792564662,-1.2465785234085378,0.05257750656846561,0.0037973649713146265,-1.7701138202380036,0.8888707220057016,0.41438108842889476,-3.272556623928277,0.48552659449910546,-0.1249456536380407,-1.446674777016189,-0.1827754069984735,-0.9113752705786281,-0.8234662038067296,-0.9237272800821744,-0.20038046891051167,-0.08934862562755648,-0.5095476726858944,-0.18333803254022207,1.1992173430133393
-0.09003425571012041,1.0070635579007208,0.09361399849516755,-0.9022106592187696,-1.7411233526532535,-0.516661816294986,0.33500653629060134,-1.6292940513630405,0.6874388368474965,0.11119022593853062,-0.7637263705254184,0.8426840354262103,-1.58621941592198,0.9467338516342848,0.47778624170610007,0.7525006844754145,-0.6386113102951327,-0.1280573984318678,-0.5045238124839198,-0.8982511295728337
0.24093262567110918,1.0477766826676154,0.7977649737109013,-0.6278013124220199,-0.1691315003446285,0.3176964853416635,-0.6707828437656046,-0.06093011657829812,-0.4172182422913236,-1.1647740828754274,0.17026781445394368,-0.8302027946035359,-1.7384792418169497,0.5832697550352359,-0.13352285632798708,0.14555806659061601,-0.11347396851239823,0.27532820905447825,-0.47046094537497896,-1.497984300719439
0.3041175943426742,1.4427253400887754,0.592111120577204,-0.910976148364438,1.2185418815642173,-0.8384094433587654,1.5884055871056464,0.48566100964274384,-0.3141395669550917,-0.5799108037295351,2.162172503535492,0.30485497431277725,-0.38362794695277014,0.20164744031522117,-0.9547075090366495,1.7172305773096206,-0.7269145773029947,-0.6777709421029348,1.1671338203734833,-2.9923337353959005
1.7047212791259123,-0.9311983229319774,1.0322751004031963,1.470448821729745,0.7619611075306606,-0.8436209900353134,0.3155876865812919,-0.22137786776995852,0.33422439391906195,-0.4674875402580028,-1.3059710662250938,0.04111236338275686,1.6848817473633835,1.359717218098718,1.527912342927302,0.6441831768241549,0.5852682798277116,-0.4747388203697067,-1.7908631829432544,-0.8913874732020477
1.0134748239110163,0.47199377056280084,0.2708676551960057,-0.038168730888589554,1.3626604203819335,0.878519580220677,-0.47377356083576805,1.1571285296547251,0.20717269026132906,0.009466709269576455,-0.6484777065399157,-1.5661331897973225,0.4114219316119975,-0.5407739560413531,1.149507178359919,-0.08040152579969138,-0.2941847435964698,0.4943171641295654,0.6046364749961112,1.0713235821057123
0.19921934941667258,0.6274327871644024,0.24596563645784975,0.08321411056199098,0.9960358096879414,-0.7650187730669197,-0.776320489788082,0.8414419646037453,-1.2193608730259442,-1.7479666408402459,0.1327109147956221,0.6834123672454743,-1.7636153974586815,2.1267307875501604,-2.004392073556996,-1.469896333641055,0.46151159150292803,0.052482107088903496,-1.3426142755977846,0.7707106669126871
-1.9124491247760347,0.44245555883568716,0.34673136712053776,-1.1026987403119786,1.0929845256254378,0.1536160623286571,0.6824502906918779,0.4489303228420649,-1.0865724259608749,-0.28500117331550234,0.3492120076473768,1.0815319336052323,0.3031693412185648,-0.036970142810002556,0.42516588729222704,0.4971092368331485,0.3156598920212335,0.5371037887315778,1.104790779482878,-0.060433346676020815
-0.49346711226089396,0.7732917463910934,-0.7025058686341423,-0.7070786005818351,0.40183174787026843,0.1565634651404495,-0.2366353877868463,0.7176501341692979,-0.38118129996461914,-0.13436797204687878,-0.40576796572971524,1.2655533697533194,-0.9406198852409401,-0.41864458935956533,-0.8579208603968139,-0.565596126381263,-1.0155999556048405,-0.5073435522420786,0.32123651386386703,-1.0439199302074729
-0.4372524155533952,0.3906114004128208,0.2557679642024794,-0.6614662407200298,0.39270802220145723,-0.6586852805159019,-0.28868981620501727,-1.6200513461785064,-1.357064145741839,1.5437537253381053,-0.8135061976680574,0.8599986002109499,0.0503420625036493,-1.0742139257641758,-1.6544146166058942,0.05313792510906792,-0.3892807529643314,-1.0951395177980923,1.1813953646085107,-0.013173206250039515
1.141088268006804,-0.8162871503722301,-1.3754085936457403,1.5013130394698002,0.7213796064125069,1.0261425838481948,-0.8008602288248811,0.5748013410447136,-0.9565732784902534,0.032558084061695046,-0.5805994928132658,-0.024388159778830548,-0.5235583400760361,0.1560419136894515,0.739095420316893,-0.7714186841551379,1.4044347145524831,0.18195379107877171,-0.2646880839304327,1.1354569884757773
-0.816684871006361,-0.8749272981026849,0.37759398017884405,0.33218928626849464,0.4205312982819101,-0.9319573637884037,-0.8487825434893848,0.3412187175214406,-0.6648993147955381,-1.1078610216858633,-0.7981906877243979,0.16543933751855014,1.443776607893168,1.141042192104457,-0.7730022827736488,0.8312153213426312,0.06089178433322527,0.14982084905548326,-0.02255254683393874,0.33353129788939034
1.2451126689429926,1.7858893810797216,-1.133073092463149,0.5376502106088709,1.2686610979351507,2.5687554489662485,-1.8196631266660819,0.5827806167994091,-1.1223046040182372,0.2040993580462692,1.0176780395235805,-2.208071061291881,-0.7842126716536111,0.3930505905421837,1.452654887952639,-1.6928484588258956,1.6327231233907447,1.0265211535148546,0.06415664265992459,-0.1533485254736412
-0.8321436494133864,-1.0558649695046112,0.2533000430841292,-0.2099035108629424,-0.23503411136802668,-0.7186973293282231,0.9896645942069743,-0.9333538075727803,0.4675894191843439,-0.15645345115467918,-0.042536097193317385,1.7216088180915767,0.4966947733345364,0.1672551486850643,-0.916166745248179,0.2921805627414231,-1.1051281590728241,0.588530322520954,0.9784143349508241,-0.7612892330228113
0.6850200972654232,-0.6535782100148531,0.2732345040931626,1.3068412483316543,0.16994314779986408,-0.8360418635684969,0.16338675779871892,0.5291157647198711,-0.3761428883911513,1.0337112848921826,0.486633863291197,-0.8800718948183798,0.038701165065720515,-0.1269228150120036,0.31947149942349995,-0.9120226126413788,1.0522648870817988,-1.1473750668539797,-1.070166862090995,0.45663779063502985
0.9481381620694296,-0.4350957406334914,0.37822617557786575,0.9463175290431471,1.1146672079842659,0.28102035008090037,1.0553469640393935,-1.6524548563607153,-1.528946635105943,-1.1420283603038541,1.35376681105126,1.0754057978910427,-1.4358610406915635,1.5290614112875336,-0.9012110011783164,1.1990520348962004,2.0146812611278557,1.2598547331613055,0.8263021427992863,-0.9866836929173926
-0.6281339412247002,-0.5234539257100234,1.0272903382756995,0.1980812247062173,-0.2708160425925638,-1.058807670176744,0.40262596193452327,-1.2505670736040237,-1.0673112748946771,0.6999177652741385,-0.918507539536886,-0.02765429089362328,0.24342641021400635,-0.25882544513186934,-0.19640281136638624,0.8163406846192299,0.15031590972490458,-0.06928031457621456,-0.1082665443426242,0.06541798451925081
-1.9849898286410093,-0.24731005370466105,-0.6271536409807609,-0.4453223293019156,1.9539530676506691,0.874986473959616,-0.11528695234328265,0.06429701845014806,-2.4544423045782486,1.0085701743140374,-0.7809547865672971,0.4291473267497815,-0.10209594804165736,-0.3300696448230472,-0.016344498600986843,0.16388031521166316,-0.05234009614012751,1.1991940619256998,2.5969638306926845,0.030721562618275914
-0.530827742690482,1.3133617985770987,-0.27749767726645647,-0.9223991393347537,-1.1704946658430775,-0.22803546343148554,-0.6193032108856219,-1.1620785528796893,0.48338352238126775,-0.08580538226676501,0.6900384961019806,-1.4219939427224844,-1.6364752982136201,0.3816552422801544,1.7617347015719262,-0.5323833404444303,-1.012843630888217,0.3852783826640228,-0.1415328797123993,-0.20980646518344673
0.15816595556557525,0.9465821001238263,1.9729832086075034,-0.3503945275592984,0.10414847536001083,-0.39145543154035567,-1.1763010952729809,1.8868200451592463,1.051597073084412,0.7982991082593838,0.6739391775136565,-0.6096055533685735,-0.3477405075159391,-0.8073189303649428,1.4773405413803304,-0.5121491250587177,-0.6633797170580394,-0.5651445415442429,-0.9445277484113467,-1.0346422611688504
2.4278589883907644,-0.7089049207656518,-0.7713535814113177,0.9700808755414454,-0.9030937133500717,-0.024064844454185923,-0.07546902587176017,-0.5600455955630408,0.7875272998892805,1.5898130209425658,-1.4846365565404542,-0.3612421400397803,-0.5165257568142421,-0.8781007668772314,-0.23447175406389864,-1.2390283257788435,0.07560460555910123,-1.4794075380130922,-0.3395230545085001,-0.4312705580922026
-0.6071810051173884,1.268152559254064,0.023100319809245377,-0.5526924547704904,0.10641575745063905,0.4332478888368848,-0.18809314996375448,1.2272796181666126,0.29456608574462423,0.07663454918515128,0.5928968164352574,-0.6253800060537564,-1.126419606475143,0.027545835463775422,0.5781591586991857,-1.4968074106217635,-0.3148236136058658,1.7334522033882453,-0.028835833852101717,0.889413245048025
1.004241630352782,0.6033652710975387,1.7026244857580706,-0.6664062356367293,0.3881612126209093,1.4001227308837827,-0.4220438772892504,-0.5077174765023618,-0.03543123811411147,0.26686979359899576,1.2252369845824402,-0.7531649303474187,1.052734734068585,-0.8839018152560932,-0.40388290604781957,-0.09686463312166439,0.5708037595720687,0.7941657332087503,0.9460720692823387,1.139026077362977
0.38416268459543396,1.1833639211357814,-0.8610561338276487,0.02860476147248818,-1.1104850994560451,0.3602153104644979,-0.22842110801692164,-1.3486082218364248,1.4631103793209137,1.0787109018691363,0.8467600657234422,0.098571504246595,-1.2621050937231664,-1.2520183622888201,-0.12104503660738777,-0.06529798751099693,0.1485454018419162,0.7430440715325365,-0.5917364026265021,-0.3731266308441228
-0.9660539774509705,0.7511187779155013,1.154834794464351,-2.4913485029665208,-0.6780622972983676,0.6560756624943518,0.6895062530460497,0.5218637721271147,1.0614811443744034,-0.08309115814603987,0.9619659711518723,1.1332728551667905,-0.5750187103561899,-0.2213182317779111,1.3227860875412076,1.1655120167150228,-1.014134019733473,-0.8529629987322747,1.1059249890071756,-1.880126276280738
1.6564277928724083,0.5980414115341103,-0.6698103432259314,0.6612339914192052,-1.2094195000729842,0.14657338732707578,-0.2360142373048188,-1.1054934935122673,1.769049359839544,0.3907581926853684,-0.09536613446475804,-1.1032768762224707,0.39604073501145526,-0.6590495446843166,0.09162481608258559,-0.3827274121976489,0.20403369919914266,-0.08014250327601494,-1.318250769650299,-0.8330222222964658
0.24327638328800152,-0.4280680906148364,0.560034435471584,0.351269639435287,-0.5827842900382385,0.43092083224055744,-0.3440668929019429,-1.2518675392244276,-0.3561726657328233,-0.7646120878082233,0.26653751636825773,0.47332322980579855,-0.6240926922053206,0.7797856938154439,-0.7851062999671082,-0.15488948368923247,0.8492095301833116,0.157978639768286,-0.7994700550986589,-0.3254523479669834
0.7142849607794054,1.7589394601781465,-0.698323094942106,-2.1340283828949835,-0.47355261747739136,2.058483443579432,1.0427889246231847,-1.271961164190804,0.9358903697323282,-0.29005393589910183,2.444274305036497,-0.26746502069786016,-0.17034035445209306,-2.4088512669550153,0.5382615421331419,1.678039264249824,-0.5105709732683106,1.285374533437133,3.33391779881773,-0.3510468010120554
0.558003451868947,-3.1510947755236174,1.0741559858589014,1.235605833413118,-0.6042700832240258,0.8040422703869909,1.1882502533790176,-0.6503116589958289,1.2434854453262512,1.6365723273767154,-1.0432892918989027,-0.5404649419777179,2.686736536124013,-2.6289713371110315,1.5147990790630363,0.12039871187949604,0.014643703340201195,-0.5059632926452752,0.5747088036511637,0.31974789667262493
-0.4248651622241293,-0.2518206183560814,-0.3983519178868555,0.3975019991529856,0.19369119773891874,-0.8244122687184033,-0.1306376601306835,0.8704464250154105,0.7732191050771529,0.5553967064538639,1.0716445512690174,-0.33388904952313175,-0.8348462484279215,0.7892882628285912,-0.2749325828069771,-0.37841702367328334,-0.6737208543711137,0.08391951756519198,0.1845176350833823,-0.9122435223298415
