X1,X2,X3,X4,X5,X6,X7,X8,X9,X10,X11,X12,X13,X14,X15,X16,X17,X18,X19,X20
0.8862931208817211,-0.8083803470109925,-1.6764229974514617,-0.36193790589023633,0.6665869251013904,0.40062677530012386,-0.10117990840761261,-0.1280075497515911,0.8337352168610553,0.7232208659285102,-1.3535451834461307,2.1170026393666124,1.3743842693392145,-1.078692143860137,0.5348384107625258,-0.8788157271009033,1.229644573573848,0.4898337055392556,-0.5648729430916212,0.9976104524002706
-1.7428180374103417,0.502407306616639,1.8076359544387601,-0.9040842216941851,-1.6368553788231286,1.6407079186793925,1.3164668636005161,-0.6012282937481764,-0.5123956588402797,-1.022022369650126,-1.4214178246987348,-0.046826881302084324,0.36406415111598245,2.2618836327329768,-1.5305109502447303,-0.8222350454775427,-0.24029408285991077,0.15513062124678612,0.011891000529653575,-0.09629387506985525
-1.0507940472523685,1.1135690165624073,0.2002000547629291,0.096651900996966,-0.5808846711782925,0.475934656802684,-0.57452445369072,-1.7461992636544916,-0.7403233099197744,-0.015235253796190685,-0.8813250507897702,0.7746718144094095,1.4213181893265388,0.1925966937887937,0.6735401487191811,-1.3407614947504214,0.787967687643066,0.6567942003504313,0.15078431560976976,-0.6503330540418109
-0.49267054702856317,1.1461457070279384,-1.2467919695757275,0.641428128413219,-0.4916621103100153,0.12415516894824725,-2.2324419960141566,-0.5896379846690015,-0.050850111582959844,1.5937546079578881,1.4079321624584582,-0.6228374075588161,-0.6339014832859118,0.05667696818014629,1.0021256663340499,0.6743450042251972,-0.71215737905965,-0.420692342522211,-1.2167737624570953,0.24699373482430192
1.0556827007459977,-1.1288273123800256,-0.06465081373711026,-0.6759928441539236,1.1616964523519895,0.9605386434478395,1.005705489227219,-1.5506725193299788,-1.5414242325073593,-0.8813310847367076,1.3929561130693422,1.2397115911245542,-0.8441399620644099,-0.604576447585184,-0.19209300358915612,-0.11721875587029197,-1.5691771890750523,1.8259818382161186,2.3006773306650508,-1.2105278221897764
-1.7127223601346842,0.8696982797741428,1.5769481471645754,0.03687876514465071,-1.2878498932865694,0.4488739520127006,-0.49544248168936966,-0.7303776653720303,0.045449577362525286,0.2597431656265752,-0.4171720684132109,-0.2715298164019525,-0.4120843233039799,-0.6665022510323741,-0.6697166466322722,-1.5495319077119332,0.09329552371423452,0.7453734221571994,-0.3138631666729337,-1.1097933519489591
-0.6578762960535852,1.0503269776820772,0.32052913449888076,1.233341898141469,-0.11683829616693486,0.8999961400158712,1.7800707239213078,-0.6036286538215972,0.04511806426677941,-1.0640705334278109,0.8579752457466818,-0.763118552883823,-0.005168200896213111,0.17835315371364582,-0.45285576272929934,-0.1987363253548439,-0.8607635213281896,0.25984598844537243,-0.1898048317591192,-0.5433519427720706
-0.18334900542374724,0.0479904653934563,-0.376949826755433,-2.3358102075690974,-1.594533309107382,-0.6955834944524373,-0.1310256972556946,1.5430817950318745,1.6592429777234396,-1.6592599510370893,-0.3018103269369194,-1.3685023389309219,-1.6358463015926994,-0.614298502887101,-0.6702831477583977,1.6638702526241569,0.18567215005493012,0.5956788241010635,-0.1453732426622585,0.6903020607481988
-1.0578735402000432,0.8926791436780971,-0.05166880285111879,-0.45154021252747917,0.11798457043535314,-0.7369822544834976,0.15904518269790774,2.24584693045226,1.9743571855146287,-1.100796042554739,-1.3041539509792295,-1.4126520580356905,0.619378860544261,1.7939290493305278,0.4724903229217246,1.1753330227420171,0.9213128478146834,-1.9058835102567144,-1.3180001046735352,1.337699337539598
-1.0647128262529848,-0.7368505759273034,1.361038542322383,0.09965323530259966,-0.1404989565504952,1.0733788516345726,-0.09613704724815618,0.01232443929097086,-0.8538965158618912,-0.30785730950577767,-0.863970168130551,0.44759175583147814,0.6018567106780851,0.306652107404347,-0.0005453102283084719,-0.209804247766312,-0.5459337864568193,0.015998936488173493,0.34720397844390005,-0.43793455002259785
-0.2194052605940379,0.8522175995718675,-0.04346575315483131,1.2607306223406902,-0.7442006796229726,0.05687146375448795,-1.0645401411638715,0.36552641524227414,0.7420049868395606,1.688497659302078,-2.012589285096969,-0.2638599994470656,0.3698884668673175,0.9454606070227227,-1.5472794743560576,0.05147298824068842,0.313156255194113,-1.3017611974854832,-2.3801842437183782,0.7483175643296192
0.2681206261634339,-2.2722295899655305,0.4597008548055124,-1.130432037294939,-0.037163879212532176,-0.7744527332318549,-0.3070662858324384,-0.11519970949890924,-0.17666127216709937,0.5019503866834484,-1.1227454868052438,-0.7512163798404241,-0.9925193055686564,-1.5935220037391276,-1.5800782486431553,0.18406359682655546,0.7033224774531794,0.00020829714572665058,-1.5461655028977472,-0.7332079755468819
0.981054871478677,-0.216176445191694,-0.6354592198766758,-0.580534306636924,-1.4831618590927071,-1.8922516530190463,-1.0693030595994115,0.6244406870039929,2.6174502693140527,-0.04951826016160583,-3.042621590281282,0.033638628393983544,1.1955840127808628,0.10439080198068831,-0.17506577132637652,-1.4846959613296091,2.5116342113394845,-0.19494915973204308,-1.7643152672806932,1.0794320310227985
-1.0979190527136737,-0.15884679684519307,1.809634714859044,-0.13978500774608713,-1.3166827004137438,0.33131065672301,-0.5980478303628646,-0.013557922828455856,-0.2968781256776065,-0.478618657529981,0.9688905108288711,-0.06620345509639512,-1.0385954516264162,-0.23326002495393194,-0.34627171790270433,0.45645628950320927,-0.6191213033803834,0.290610743500479,0.07817944484996066,-0.6311930426046062
1.1291628868418795,0.47723103155110397,0.4096977723621992,-0.17520231710704728,0.6037016769095362,0.23680424768783068,-0.38221576631785026,-0.7990436701745066,-1.1938237255496487,1.9769288515717052,0.250812772925549,1.4154626410500373,-0.2193769413717359,-2.0440395146699024,-0.5322022038094751,-1.5938358079847463,0.05564891373480029,1.5706895767084754,1.1246979185520114,-1.2357102597697587
-0.1940140540639722,-0.5530835326705993,0.9906293065631625,-1.0395044674953,1.8132475957178336,1.0174825494690602,0.7013632694764506,1.6332995458431259,0.23001011203899976,-0.016662558422294457,0.4268860080939567,0.6854450138272186,0.32358318934449276,0.4092114943007681,0.3197119907349684,-0.14015365533747082,-0.28402301766136734,0.06992290067997257,1.089020342257048,-0.4796585525605833
0.4248272588102948,-0.7527844525953885,-0.4860747198728033,-1.3393203714476762,0.3323893608439596,0.8537643796176623,1.1914818486557444,0.33169363230875054,0.4395027955598077,0.10974215052172284,0.4987511602089723,0.09390633758938244,-1.000003650714617,1.3630776051979157,-1.2615705588173416,2.418164468734392,-0.6591921708956582,0.8622208754316582,0.16666143545391973,0.26898471242204985
-0.28364405353458744,1.043678533392803,0.34245064388006535,1.037370981968106,-0.00963243236622381,0.23041038117037582,-0.5839307107566775,-0.06631111105222429,0.8199822428036843,0.47203573984547964,0.6092666414304049,0.41917822894988815,0.6847692113569875,1.9714643348067054,1.1049454371040945,0.6451303553745797,-0.14504845739752123,-1.117702994603983,-0.7152551877544419,0.4439536579863126
0.788708279388111,-0.447021215026445,-0.012010808666572193,1.4782834616802372,0.8899127504667289,-0.5886006548997825,0.27648692522772395,1.597095707008225,0.02144194859472249,-1.2204753551076406,-0.1320330677502346,-0.15536558897528197,-0.7227631808224906,0.4931202069638274,-1.4117346291932182,0.9712280850279057,-1.3793833053518916,-1.3883402613608073,0.5674425940590778,0.6953863843158127
-1.4149458329456517,1.2061005277663388,0.38672790571540167,1.841471407942255,-1.620432517849576,1.8037677738606426,1.8438691207764228,-1.578064298446632,-1.5430926878063922,-0.87768995073513,0.5216209497083608,0.5987569545456203,-1.6367922607136196,-0.25799445504103696,-1.0561463760846699,-0.7065965496575078,-1.1783033813887696,1.4240363356038517,1.304001653325481,0.10760125468049857
-0.03150947333850029,-1.177884200240568,-1.8542636974043964,0.05536228143492463,0.49391421471662156,-1.3200844338124624,-0.48365039593827963,0.5516432251744804,0.643028700616591,-0.32066373044946483,1.8985828489642842,-1.0834114956238907,-0.10083577135149599,0.1425814544002241,-0.03098137169689036,0.8700302712940211,0.4329539341054701,-0.7689363867679947,-1.3674744690854672,0.9375405790345489
-0.797775788338323,-0.4967735220198264,0.4098124201633802,0.06315003160142159,0.3143929911853974,0.2723804307302693,0.8761627438792546,-1.8631817018189862,-0.08599537175507006,-0.7875704474644653,-1.0424071455582569,0.15923428266247106,1.1937982148207953,0.7705387791808922,0.514656676333479,-0.6892209154903456,0.8094695088037741,-0.1024795606206255,-0.7171352303477557,-0.5976897577354618
-0.8198162594820979,-0.773228355365396,0.41537283765786587,0.391467942333385,-0.6201246065288519,1.241838568266608,-1.3228142628857003,-0.47303349836362635,-0.5279793639730734,1.1655578775091915,0.5856286473174771,-0.088479996622961,-0.35574630143820574,1.701915725938142,0.7470668150538584,-0.5365414158659523,-0.4447550082871205,0.17343092708052665,-0.07408900084510592,-0.43348120436845805
0.6849265745670566,0.587624746578271,0.8429804248238221,0.39640390013729,-0.2541045264865601,0.5056549956849403,-0.09933329188963881,1.426503553357265,0.6140241485315391,2.3267595642526038,-1.6877217009601158,1.1913357853482793,1.5428811335822843,1.1722492909738453,0.7850232955710027,-0.4185607194718769,1.1795036297319705,-0.6419225746054579,-0.5324770818398908,0.6440129619821163
-0.5601679651415544,-1.3359116579840198,0.4242022889584076,-0.5121583189832949,0.4322147370373883,-0.8385205715547531,0.48693784765516596,0.7638400460812044,1.638611784271956,-1.230753561482189,-0.2968896600982591,-0.7436228250457284,0.42699093255175463,1.1227325296047606,-1.2935730294132937,0.3215094813297874,-0.4349401726821826,-1.561302148877137,-2.0080712774218408,0.47663840252558387
-1.2163760728625734,1.4670491110082435,1.7037607298742674,-0.2702994880964873,-0.7600644562275771,1.1320028618125078,-0.4322925462140371,-0.11299118260550797,-1.0406613629916657,0.7985077685401337,-0.6391804286287333,0.13854857767208528,-0.6447034535467739,0.6793201267208553,1.1729244724211036,0.00012877311551911835,-0.3332948230345676,0.6303234024169587,0.8481320114435512,-0.9803094035655937
0.4579504957295689,-0.24132426430656495,-0.6000382700550222,-0.06825931077038828,0.06881372209818318,1.1912822577774074,-0.4190634163494451,-0.2446554986228587,-0.6956568452673759,1.7611833341403336,0.3818499128947783,2.648810301767924,-0.8688971106658199,-1.7047865100353963,0.024529183899135675,-1.328967392956731,0.7948212785067732,1.639250342975038,1.573220120665708,0.2589813518822556
0.13856448434440746,0.46665446624020673,1.1232744502790573,-0.43633202104763896,0.9305231946992145,0.5257932511996534,0.0758490554436133,0.6983709145913345,1.2275025952997511,1.2405548611255781,-0.6005828195740717,0.28648173411517047,1.7852341072388445,0.37390212682932605,0.4161182761371192,-0.3087416483484162,-0.11308722255795066,0.014445874927045502,1.028014520226308,-0.8759110486374416
-1.2274075502312591,0.39193503230821913,-0.3927521345237872,-0.9551397795779187,0.6641135062528516,-0.7531020623283657,2.0129372047837877,-0.025476053408996936,1.2355433149683046,-2.336335803212408,-2.218945775188969,-2.117546490826258,-0.7499586856594169,0.8011544246604388,-0.8216688806005963,1.1304541796053762,-2.2023757061563485,0.3632138984608957,-0.045351608140059445,-0.8568326353824312
-0.6094732640373873,0.6774419215306844,0.8385183040462091,1.1949291326866687,-1.0948996489700407,-0.406411811829145,0.2692005224695529,0.14685925054329554,0.26246835496914417,-0.7668991972121831,-2.3921879970720124,-1.4125289588472683,-0.1609242410778544,0.9568975757187349,-0.7631292607246011,-0.5983814494884145,0.36694517469462423,-0.16085509093551262,-0.1642329740442185,-0.5665096702862522
-0.7468498659894469,0.5930073968507533,1.234822865009133,0.8068784198248627,1.4735224056697163,0.6957125005167681,0.13183228122681037,-1.1522912837243742,-0.8137985764682558,-0.049663407129569036,0.904364069182254,-0.2959476792325206,0.9869626248609741,-1.0796188150274852,1.295757354773032,-0.911353090079794,0.2314460902766446,0.5670895444848745,2.5747641720714336,-2.3606423205229827
0.23888711797684536,-0.1596441126043245,0.5350807655911184,-0.7098781908969449,-0.7090075584366676,0.7290675847395497,-0.30344643450689035,-0.5235228630878515,-1.3076817211104856,0.3008756458042838,0.31864595260057227,0.3256152918819166,-1.089910615118049,0.38773084234248756,-1.6479197691317993,-0.49727514588040556,-1.175485476931403,1.2813557925695416,-0.3135952283471694,-0.5930059448401704
0.8872488992099169,0.1579053353152,-0.17298193036070864,0.016754564402826185,-0.6884414035778584,-1.2724636761736987,-0.5414403055819081,1.9924894288595831,1.3722643891760322,0.7629818925676456,0.49968525086683496,0.07236386735590955,-0.05080431583236926,-1.1555243002728819,-0.45078605576014613,1.869071425519289,0.7004687145191688,-2.041924398292607,-0.06118789908484612,2.2069077304968157
-1.5520832522775352,-0.3134006130282363,0.46793921371549774,-1.4713227410419139,0.15386766734513774,0.3002775249108433,0.06245530082887231,0.3439865037208846,0.3182884146120182,-0.44218797974187213,1.0571880417631339,-1.4826213516022748,0.17117119525449132,0.3009603025165878,0.0006307589191945963,1.213968040594428,-1.2291912751475766,-0.9343975142436951,-0.9097643715446554,-0.017047967991754683
2.2406395945201267,-1.4193512379127629,-2.4481740963908365,1.2998008733538944,-1.5076679640803898,-3.289036623081092,-1.242460675988067,2.662887382398333,3.346050431143839,1.101852157712768,-1.1394800717294742,-0.900092395131027,0.8675610112345624,1.5568498942178535,-0.5470157122542919,-0.6231295140001057,2.994066490752442,-1.3607409367551166,-2.442922076385348,2.920539125801652
-0.6573646743443168,-0.5025792852153181,0.8330244166763915,0.7533696792221829,0.7014069676884673,-0.39011011830875386,-2.4717872363558504,-2.185153373835298,-0.20942981495139718,2.5124823686909386,-0.5845841955144501,-0.5002342076332446,0.23287058999273721,0.2427430663407951,1.7419191572490784,-0.8680240200944254,0.20843100918896312,-0.4139053397056592,1.389765364792606,-2.172724751060212
0.12363845713862194,1.0664373080701497,-0.18843079783890446,-0.4096344498937822,0.2958011359978853,-0.7845357628364958,0.12888260463510987,1.2684947168283478,1.2411544045860894,-0.5380994067310404,0.3023327205776353,-1.3051968977370567,-0.4037528706336639,2.1106016122593196,-0.7797611989398477,0.7187395940399219,-0.883099981491667,-0.3005309728720605,-0.016789327274223997,-0.0828608560696855
-1.855503994885277,0.44398197222732766,0.29331356262278185,-0.35938828784977883,-0.03546201172544387,-0.4659470824872178,-0.7341569658316294,-0.05309962161027457,-0.542099950586362,-0.45461715042571704,-0.849521515428986,-1.4167834705404414,1.1448912221411864,0.5445693561909846,-0.5200234904707719,0.10728824737136389,0.1788263302983637,-1.5484692915539289,-1.2087726637134126,-0.03478250288967963
-0.24572697049465517,2.733893235517378,0.3941887801604418,1.0228249105458471,-1.235178208720447,0.8356620825359958,0.20384544115196385,0.5201623084777115,0.9006970595395891,-0.6905651728330833,-0.7015960279854625,0.9126145873302538,1.8710325105299186,2.5954717272715246,2.160969955869962,0.39836392623218203,1.1087442052242384,-1.3813864240795337,-0.3202751746883792,1.840013617593991
-0.5211802050655705,-0.24001915696351167,-0.02038415689231071,1.2146855977996733,-0.7029629203902225,0.03438844650712599,-2.4659452427202795,-0.027912176134712974,1.2308119468105378,1.1112268030799273,0.18431477624568327,0.13309231173021976,-0.8465297441223717,0.39792870749559067,1.7177109840958658,0.5528660451911548,-0.3278018753237079,-0.4739087388246013,-0.31539913629250105,0.18678284332091669
-1.7590292600387647,0.22442430024290724,2.085142837047411,0.1897058732541703,0.044383012275828464,1.3250406731936506,0.35588976212180923,-0.6434073308465978,-1.0390364789782862,-0.4614993589622529,1.2647266934838304,-0.3756496124941382,-0.18558012754748496,1.0041507764715236,0.679229573866175,0.54327987453525,-0.8267323495212209,-0.41100042291692757,0.06387010458543722,-0.9364151219617638
0.23715683836759083,-0.09337709178935348,0.4809248188443031,0.14861032344946107,-0.2534677931814621,1.7822261665757013,-0.6423216410524878,0.6333391015810954,-0.0018325343424236895,0.843745339360546,-0.7958527373904377,1.2107116614487459,0.9213244666928757,0.2620141556189415,0.7948731750503395,-0.846637007367912,1.631595856975291,0.14478913261906043,0.8679274303528203,0.2814524545733042
-0.027933033372930904,1.9405358830963109,-1.1459187720075144,1.3569442958794282,0.2366023650922316,0.2275808601081898,0.9569974600827448,-1.1141517636617935,-1.37760327457833,-0.9385262569535561,-0.2766714525053173,-0.2730362943220874,0.3229687215005043,0.41004163229083496,-0.47442857488869095,-0.8612727456225797,-1.0032422484510424,0.18841029957652622,0.08041358581116397,0.12451024120079755
1.4050501716959578,0.21514458852531115,-2.4516361048217834,-0.17958688006621693,1.3125266456685363,-1.7398612272709282,1.9661761305214633,0.978062580863079,0.4155862586807231,-0.8664460160887022,0.7305044852684451,-1.4170052717450814,0.4184378085260093,-1.0198014356622627,-0.8891117335823301,1.6976469876780325,-0.18955310843656228,-1.4552584465140164,-1.5554263961397152,1.7618197906190327
1.191548678860695,-0.5227869207768828,-1.173234975025781,0.603751184882744,1.1335864297836182,1.227746887393066,-1.4241307461169856,-0.8876046059244359,0.028706765384574714,1.7346453120268772,0.935171387193554,1.4462443472034658,-0.21004722183585361,-1.7068768282067157,-0.5502594082351426,-0.9859204499480702,-0.014006770747945969,1.425317754266132,-0.07306825302380615,-0.7977457920351022
0.43636316830776156,-1.6813455653637945,0.5663429867493436,-1.539054160796114,-0.37275206273685657,-0.38249964746250603,-0.5208492488559054,1.191486679073173,0.5656749550357869,-0.6820455691175044,-0.8248628567367764,-0.3268978432749109,-1.3952554218856519,1.6951218865475515,-1.9140515661877158,0.25218803121882355,-0.5216753648644165,-0.1883017688894623,-0.8423590356630943,0.11701192370688572
1.3767884791309355,-0.8037961884541052,-1.3890840060248288,0.7946109886016101,2.58029476865178,-1.3151256831823626,-1.2232741633115711,1.445793565976154,0.7424705093604701,-0.5143361321419536,0.047953371905022975,0.30579282110690276,0.9759648527555403,-2.0540924760909207,-0.26249970287766794,-0.13645025385822804,-0.1756180651181121,-1.4448019870852116,-0.14382492330021804,0.3284647240467181
-1.7722486696102522,0.30637030345511007,0.7507222593760005,1.4475046093346409,0.020987585692235987,0.20554282435980184,-0.09430223182209507,-0.9592094292356805,-0.20441342305386725,-0.5885973199673555,-1.0390541732859244,-0.5742082349331584,-0.046328714292424564,-0.3490905907824303,0.833575943624048,0.2983141071706158,-0.29896542015571664,-1.353004228613956,-0.7850387039541624,-0.36433896653353626
0.020197250778179195,1.74274353988231,-0.2699882493949073,1.0943411925717714,-1.086574212223865,-0.12202385738889057,0.40317475625146815,1.5809358797235618,0.6934561919689664,-1.3363923163657925,0.023231783165826834,-0.6495452853236248,0.4242932430007227,2.2630202669614974,1.4095591646928816,-0.01743260528888166,-0.08370356446633576,0.11824278812822162,-0.02612903735716906,0.8265311970834702
0.6678511289345197,-0.7841570198454398,-0.6888046511147488,-0.5130995500551305,-0.16777201191258664,0.4745080252146164,-0.27742480613132836,0.8197316560605067,0.029381522552838622,0.0773528904955445,-0.062261508828913396,0.7797335888766063,-0.9884452855062784,-1.9720561690802607,-0.897126645939958,0.032701962102117205,-0.000277675344934508,0.3953355546813542,-0.46318728051891545,0.7272253520694077
0.17487901482309703,0.2487838707318312,-1.7557887272832733,0.5404838615316697,0.09402746406678292,-1.1405449503418952,0.5338972343787534,0.5454079466116226,0.363568503464002,-1.5553824972252708,0.2677569284103443,-1.1856679601392726,0.035451366383732086,0.2036440002810946,-0.9088832345430949,-0.130841070623614,-1.4325736389911103,-0.7535116244187329,-1.7601423635333122,1.183245615186101
0.7869893518088922,1.164323050987474,0.5304505548079138,-0.29106539835771567,-0.6367959530714915,1.3390374499634121,0.5450172206629288,0.7021896857119955,-0.9143203650909278,1.6452740588389205,-0.3258469870085589,2.11416462736754,-1.1209576756653685,0.4563951829313529,-0.7617090298725261,-0.49665643084934724,-0.7571185711323416,1.8418732547416863,0.5320863705348211,0.39208120051294193
0.20018372760149403,0.5861983258538167,-0.28793940875270096,1.3549755836178954,-0.2822455388475669,0.7785192559769003,0.24518760339461962,-0.4760190942999484,0.03212311370942278,-0.4795016988874408,0.11973288845388885,0.15230752793438834,-0.6860452291377453,0.005465256304810701,-0.10002993916403179,-0.9518418009717933,-0.5965369915244018,0.8127162669012585,0.9462958913798569,-0.08156061956650891
1.4282826160230284,-1.0318449673987498,-1.6820238211795993,1.8412262224656437,0.8773835746934475,-1.1623701487232563,-2.6090679725949153,1.1369386670296975,0.7269116549511471,1.2887791883187592,-2.15981364996367,1.0529112712607935,0.438521740110996,-0.42154447542396245,0.2900268379093099,-1.6133720513006058,1.6793517330927512,-1.0086025007081736,-1.1500340250326841,0.8596775238134303
2.5836617849183257,-1.3453211276050867,-0.7317052596247605,-0.4862115024178348,0.021550864758207416,-1.8285590630906525,0.31366078132418235,0.08435253824225251,2.735890589936711,-0.44778168571703053,-1.5292359715516473,1.1407997882933028,0.33640003472084035,-0.5316732617706448,-0.932622452577415,-2.0809113383998645,2.6583427102427786,1.5439714532617679,1.053001647538468,0.15160027077202368
0.8680770484759114,0.5421776524180326,0.161195468367283,-0.33838132219686967,-0.02497799122459746,-0.5331362065326788,0.6299647786872329,0.8300040784729174,1.0005012950481071,0.5882675382174961,-2.3815744885248438,0.17040625518355623,-0.11794455983930456,0.5667393845258591,-1.1230286749638303,0.7514979810147391,0.24919210864248253,-0.4937093659325216,-0.33019519216528803,0.47649271345044775
-0.4654258615113067,0.4096340282665833,-0.11987041972130488,0.9180092669734137,-1.5078610819593246,-0.43536204298421727,-0.6756677904701014,-0.18130483382493534,0.9849226744690761,0.16317505438000468,-0.5672258430570668,0.72410859779908,-1.2663822259895596,0.8461397978139951,0.5203965121001908,0.3386885523264694,0.8530958098572776,0.015827478592045627,-0.7923820558827516,1.082530007399807
0.6821840409440559,-1.519871191177795,-0.46856223454326656,-1.8122547559598885,0.6773718637049784,-0.06735327644253679,-0.358157008022713,0.7120963101230315,0.2817664111738622,0.6954238837741734,0.4709114079763096,-0.10484699883182821,-0.08141909805468928,-0.9781355217815249,-0.8762648487620762,0.7962176752423112,0.5362723722617249,-0.7008732616855359,-0.232207800463036,0.48774055607665145
0.6793591587186147,1.212918247898307,0.24057778317023945,1.3064749219071161,0.8047536705603413,-0.5361534811613293,-1.8065538230402625,-0.039143913540466244,-0.18600478230784814,2.1787659730006834,0.8387869380161153,1.0630420956416822,2.874793131899339,0.9559142678143425,2.9541915624496156,-0.4731278894375362,1.8831962039270493,-1.9748448757216943,-0.8468440843988968,0.3584904832189083
1.635713286260741,0.7885049192368487,0.8353858739650594,1.5192131254937413,0.5821790623691343,-1.3174012903681211,-0.6706863837920126,0.30444381867257286,0.4149944124366628,1.2245913564447166,-0.3979826874743755,0.5069903181962218,1.7254163060563028,-0.7082199432128912,0.5870285832410486,-1.5369183732136218,0.833783134802576,-0.21967218258130677,-0.41583385863850447,-0.6390178449308838
0.5379911715360459,-2.293214446162613,-0.5433500252644894,-0.6097118917879888,0.35309087254641525,-2.46416731928757,0.05446413721576262,2.1046008469094475,1.8556720775837947,-0.2698360160153503,0.10310478442867614,-2.044565445943321,0.3381354292427821,0.8974159534796979,0.0020613487377467124,-0.11542866709234892,0.3526911177305767,-0.9853543967747387,-0.8200468931165648,0.8565778047043278
-2.207616376118162,-0.953069437051408,1.0026348102196272,-0.23927327524453726,0.13204059293561476,0.44020880328888384,1.2470997069471943,-0.7921115660619205,-0.9699996955883833,-2.2649226709280295,0.4108847194915927,-0.8979843592926845,-1.2010456834592722,-0.345650437055932,-0.9359920041090498,1.6445161161047699,-1.9604950978888336,-0.14294653264953308,0.19707097544410107,-0.7524619644347996
-0.40784844477799154,-2.010820424355273,1.2928049444623118,-1.2722571946497818,1.2971196229082498,-0.2778057102552261,0.8637139511074374,-0.4679602416432564,-1.0955110510285027,-0.18992878502670796,-0.46051549212335646,-0.539152443813744,-0.15259772682155476,-1.7185471716703777,0.12873722605163795,0.16211681273921155,-0.9971627565288155,-0.05677162593109338,0.9387662943715305,-1.5674579783082054
-0.0777924647729541,0.8768345167267696,0.06156022406674583,0.6845868398416823,0.4211108274376016,0.5115770220280629,-0.5868455658149379,1.3654531661782388,0.7479328549417593,0.39928097051004163,-0.4719364958307236,0.46641489255003404,1.477466398333636,1.9219655781582876,2.076252430020307,0.17064825952716356,0.535016692579575,-0.2019831238062593,0.8505023592021937,0.09706634365934542
-0.485248036287345,1.1015816448669826,-0.8989817391662612,-0.043095158424876205,-0.3048229288503918,-0.965767720415031,-0.14969583287836508,-0.8883667092949974,0.9460503567824241,-1.8247660808582375,-0.5286758007824851,0.3460422865583108,1.9075267531752518,0.8805174541216494,0.7336867817063009,-0.2867760714911503,0.30506204729553504,-1.4296288178387306,-1.1443406877008127,1.137869054208582
-1.8072441693977008,-0.1036896457186556,0.8029335045561182,1.124709450094094,-0.04065096897423068,-0.3065829324751618,-1.7569786264495324,-1.1576478515690893,-0.4655260123680846,0.8312290415246402,0.64005420365301,-1.2605263257054715,-0.5310541242290113,-0.9920915758975385,0.42612137238740827,-0.8756107642393595,0.07283215854541537,-0.7113329359818581,0.6648342746120539,-1.4760591187232255
1.8785424121881982,-1.7136493633162535,-0.7580555804487951,-0.3686227938488886,1.5456817647242533,-0.554962799118565,1.275838336221143,0.34761360074926595,0.42697512147808664,-0.21260220581338624,0.19530260710004835,0.1371240354503034,0.09657151297051166,-0.970268672948692,-1.7053268089552525,-0.5040576134070563,0.6489966953725614,0.838423538002736,0.3766792344768436,-0.6632440178233348
-0.6218766711101805,-0.4409570388301953,2.4786394086552272,0.28618525904839787,-1.6868164022526606,0.4877847074216319,0.21717453235214712,-0.8203347618068091,-0.8091102193908374,-0.1554008187543956,1.3925973579908184,-0.31211542117184266,-2.071126563469432,0.4727278626045881,-0.18800819810099587,0.8106570781827113,-0.45118065174250416,0.6910046806172229,1.2081889798131311,-1.041976943952041
1.0263794205745416,-0.839827099231734,-0.3554548736195857,-0.0049804576529367825,2.175196578939222,-0.12318919701376012,0.05283733606309319,-1.3116699732554664,-0.7001939846916517,-0.6934748702689808,-0.176114869775044,0.6917006351721637,0.25995996926417,-1.3801742872228653,0.7283854539580493,-0.7173165751186253,-1.519640559549527,0.3292012348219333,0.7310442017046933,-1.170846713088982
0.49444648710731137,0.09726588325752364,-0.26957805224101195,1.1273193913615067,-0.19594994201893515,-0.8611789833544276,-2.1130198441751844,-0.05359159570204278,0.26927703961335575,0.9020368870256275,-1.5135448095276893,0.024255361654922657,0.5618098030890075,-0.4931085890052662,0.44097992563234834,-0.8923284221781305,0.7778560047278582,-0.29543749452697077,0.16788688696684143,-0.374220047257125
0.7859242789188423,-0.25839766321425284,-0.5030915325850562,-1.4323612325750845,-0.4812038193394704,-0.6272159554230041,1.1623693720589723,0.5192418582537696,-0.7642567205723464,-1.5465307791483252,-1.3596320766816288,0.49036996670361754,-0.7152657945664103,-1.4097489301809367,0.304237949043245,0.8814303336699976,0.8959267045420624,0.4098894828775282,-0.23855051553467319,1.023840948568201
1.534934816981857,0.6665877819256061,0.05438214264794696,0.46888211504299343,-0.44212206905050944,-0.7877467011638857,-0.14667140234701453,0.5390540134481895,0.4291843778649454,0.0957748501243945,0.30200944986191375,0.8651952420333091,-0.0024285220505600807,0.42581439181995256,0.06313482337534772,-0.4462098396561641,0.5768379672689391,-0.4833244881594061,0.18019052227348883,0.9826268927134361
-1.012201425338708,0.7865916450397191,0.47361769095161266,-0.7352668550547786,-0.5643828948812724,0.5582632549058824,0.14331782649324878,-1.454679698423435,-0.8537214973493009,-0.8676574088735862,0.022483246594505336,-0.06548664697508753,0.11087039188422614,-1.7483488480766967,1.6277921972561316,-0.9742111386632619,0.15512204755211212,1.0878250938519047,1.1723818262567993,-1.1237731262163109
0.2095752624476541,0.6088145830030255,-0.2791387184577971,0.5868202444580375,0.06906776607329028,0.9185510836463172,0.29803946759585687,-0.3734411471688663,-1.0687843837226054,-0.5041395297474839,-0.2116345276898587,0.9123348328421028,0.20858392781377,-0.24632124882281312,0.8159076415156977,-0.665759988775356,-0.7198011935643955,1.5223064636795025,1.5046107833000772,-0.540373320860624
-1.8399155041116049,-0.6956183270606464,1.1723227801698959,-0.580056065318207,0.786105736479663,0.8721337102115945,1.5963578881423541,-0.1697273001438487,-0.07918976609292654,-1.354789338146192,-1.3426592630091143,-0.29651058642044964,0.15803694034889493,1.4245762502463424,-0.7562651559905623,0.6293169866821091,-1.0584956373975978,-0.6270646877728434,-0.06358557370927567,-0.6715226624024709
-0.7141085783670582,-1.3853617628288117,0.48154594051792765,-0.9962577995865024,0.1787288594678534,0.4896933359015252,0.5338581698144795,0.24572532675892234,0.2979897543440075,-1.0907768057565461,-0.8796428536500511,-0.17049347433952045,-1.6769124285992607,0.6961723586266094,-0.8526678793134002,-0.17417677396236292,-1.4613443099849193,0.884449649002622,0.3114280396159738,-0.627072356127305
0.9055752346289819,-0.8748019645091846,-1.4286472996120159,0.559521742099521,0.5181623585804999,-2.1070681553248223,-1.8632566236279307,-0.7278863539252394,1.0791466717156846,0.6639784819875235,-0.9591191785322845,-0.23151024758625002,2.0442698659730567,-0.1844888066078308,1.0647804658021314,-0.8528157672383186,1.0946248887179622,-1.8396426183787586,-1.571820430906499,0.7286660720825476
0.3924835878609261,0.8293415325379873,-0.8265153981072214,0.5722631016053321,-0.409813648273192,-0.04445330456624015,0.10834634739942715,-0.3002699582986196,0.22981348740908825,-0.8215946847515788,-0.5507398820681564,0.3226710089416135,-0.10373756785277342,0.6164556036836677,-0.5351994590326841,-0.24857149941210652,-0.5543804520940341,-0.028292542745812634,-0.1011782106472545,0.7045676917149158
1.2603501600415459,-0.9977058743401471,0.07591924610185112,-0.6002177983921223,0.2755121172169042,-1.6664293233345175,0.932459228496325,0.7427687157299981,0.26521733899501115,-0.6866820657794657,-2.0295837910407735,-0.5295647927550877,0.23956906334577088,-1.02215259315329,0.48299321722726823,-0.2436190837787991,0.38511848876114196,0.746815431594872,0.9654651704290784,-0.595929694778802
-0.14370901542872133,-0.19419922527443031,0.11510268837530833,0.9077429355840464,0.3300342752673553,-0.9956770683246874,-0.2038300519000359,-0.32477313504750593,1.1352197576914798,-1.2452593587613778,-1.7271520760669177,-1.1483500504009712,0.8632776201846515,0.6877754809749473,-0.3985898555757061,-1.2584821811276647,1.6994842602482692,-0.9809378110634409,0.4988441803886656,-0.4565055153446569
1.6295229985519866,-0.3254775408371259,-0.3632683071422999,0.48053635505282805,-0.5626887007697451,0.09927187960704262,0.3877067414809941,0.637000321651257,0.6133856229339926,0.13509096397478526,-0.06549758350975021,0.8034769438724563,-0.9843214969151738,1.3407206213072338,-0.789151565570235,-0.5401393768662393,-0.35979377440300025,1.2850242609543245,0.23964980117489987,0.41055530925476913
-0.8080032458445598,0.5029956793106879,1.1912037841459473,-1.4558650569775011,-0.07171237362680938,0.9569703825506373,0.1649015701175961,-0.34861263128686354,-0.8470072668988179,0.1588040870801324,1.722910003102361,0.24569087158435438,0.22483010211961799,-1.2881177878760908,1.125022619767158,0.8577198060920989,-0.9988949350292567,-0.7615889716922234,0.048602790277079505,0.14593438312491827
1.4617865513341746,0.45487365809348007,-2.1003080843467288,-0.7154802302596551,-1.5523482004770588,-1.2239366384757338,-1.219190168872971,0.35698600069458813,0.7969063052527239,0.8868742050467229,-0.6470324586355838,1.450691529750117,-0.41942930551923774,0.02278279068533192,-0.9303807510239381,-0.5044709366101419,1.1336703555173961,0.9986509118789811,-1.0347636795214614,1.9484329582519995
-1.2855663135114723,1.2666119263729816,0.061727939031570714,-0.18342671221980889,-1.8586031108119885,0.006098649761030295,1.051840886885672,0.2550963511740106,0.2143478566748431,-1.4285904627380595,-0.40366854843003225,-1.159743103311497,-2.283634788855208,-0.09658292736390785,-2.1244849490582056,1.8401716230814338,-1.2935482454284422,-0.4729787995412803,-1.798081720036945,1.1112673656161967
0.4011028545549527,2.0261875514549037,-0.8708608085476144,1.0991896598534447,-1.2753642911422154,1.669124293057439,0.9214687887698092,-1.3654498745129717,-1.2192219167231946,0.055562295680683584,-0.5501711063868331,1.599695745354239,-1.389473387209343,-1.4277398756138986,0.7000089359941885,-0.05241650694846563,0.058556943179300644,0.8458026096812057,-0.7542450175501019,1.1094725089278976
1.6616355492646238,0.2405628551164266,-1.5653849363100125,-0.6422749764228124,0.14023366267029316,-1.2886333009567508,-0.466701235866723,1.6186786051716073,-0.08414524064623344,-0.02800584935328222,-0.4575258462127876,-0.4561385039627848,1.1147445776030545,-1.7964279787850757,-0.5252712684957769,-0.49438058901565957,1.5877184623184113,-1.2931530038593269,-1.5880206895998557,1.9390252243490227
-0.042034369495682455,-0.9367237096319766,-0.15978040681085554,-0.6751178831662721,0.9948471366681692,1.090975581577755,0.5988767152860727,-0.337159710915778,-0.5657302451756029,-0.6408607810212854,1.4336565432385575,-0.3619418207411021,-0.28094756016407996,-0.39588097858822485,-0.7745001820946976,-0.24208435665530906,-0.8976510892294359,-0.013586936333922146,0.13879829488727055,-0.4504271865566126
0.18615310415473565,-1.1898307258718523,0.24816524232209541,-1.7308957132893918,1.9891807095525516,-0.6470548892950919,0.337751638980951,0.8610563530551534,0.7865299966957275,-0.6471248246252421,1.8459131544382263,-0.3001273604119328,1.3541788361677727,-1.2471482020089897,-1.316145152289859,1.1134777497386719,1.5605820801676062,-1.179750285149831,0.017824357600422478,-0.18736602020588267
0.7484983674506023,0.04434683096886407,-1.1823056268448193,0.08473966090473645,1.3349265298932411,-1.272814073631488,-1.1520858293086214,-0.5056090588830481,1.2214434987709555,0.04562260867684628,0.18735157566453006,-0.634164943290428,1.81705885322123,0.04767104619519728,0.7694476919696963,-1.3998158961941958,0.8081089504051995,-0.8026743036358867,0.07187432890563081,-0.3506408209495517
0.07699558642093629,0.10147052719955371,-0.2066014288256912,0.036343944853516975,-0.043979426842555326,-0.753058206407001,-1.3808624642049716,1.159972727665141,-0.005743165260959102,0.6229739140469865,-0.9786325760674565,-0.9091217576364605,0.3345277234407554,0.5273262758546434,-0.22024267123792488,-0.38061900608557997,0.6939021529259477,0.5954407518252891,-0.0343392876361553,-0.5573482740556074
1.0443207313145497,-0.43916812751627904,-1.626668257818663,-0.37162806560369316,-0.13721527704405262,-1.4477429406676157,0.9927614441284708,-0.262068552581502,0.6327468257827683,-0.9668100484023712,-0.1413178374198844,0.002823515114143258,0.5472540028125455,0.913668050887945,-0.2625401526132807,2.160263732725361,1.0602911797929941,-1.9136745312626442,-1.7555765352453294,2.367518834677511
-0.7552351335381621,-0.42878444533525795,-0.06409469366312537,-0.5550087905466021,0.5544992942240091,1.3166658716009259,0.7088032196180211,-0.4760177084808348,-1.0148632244730804,-0.34869817956935173,-0.5263265452595706,-0.14556397665627918,1.5783470618927025,-0.37578109400457055,1.4083959794381158,-0.7841213949777932,1.0219435027235195,-0.5988790256518622,-0.37657038588625646,0.08773819813880335
0.5202750694542783,1.1830939829285012,1.1657798557184578,1.0888699753458846,-0.392148586781645,0.12107075416047897,-0.8984859891138446,0.5863450433909683,-0.3974593536148014,2.194250486950107,-1.000352417590608,0.4074530403956512,0.012398279440767107,-0.047145868452056906,1.389533224070198,-0.691253316137737,0.271163931739737,1.3933898861539604,1.7022613665849549,-1.2545880055419636
0.615956357946717,-0.18376396330741857,-0.7932883400780404,-0.3176886138255475,1.8609563863840481,0.04265650525307285,-0.9646822379645765,-0.2532260660592804,-0.28224509975725215,0.5901608462443289,-0.33235024630636634,-0.34153640686552617,0.4365815575174461,-1.790427360968469,1.4398797835080073,0.08576384273697812,-0.28826888317469473,0.2715565198127978,0.39926641847981675,-1.192521082801389
-0.0577871465015838,-1.718891124037025,0.6826331771847247,-1.4588535972155563,0.30254137107285795,-0.9424454309162817,0.7641091871700088,1.1049346815901642,-0.04421894277238242,-2.3615994960513356,0.42802140082887336,-1.8305096254155073,-0.4229190625042267,0.40795941404401564,-0.9974082656333354,1.499688799104308,-0.7959554629910087,0.3245818319674625,0.12026976617697539,-0.7175998035522256
-1.0256092094713256,1.0169918961556517,0.4598072002926129,-0.2870492303843124,-0.5553721974459865,0.34731059704288425,1.0003218594008143,0.5875396203181985,0.043022476137199506,-0.6768041178700701,0.5614503780019182,-0.8004703981979626,-0.5390772041511973,0.8985817349616868,-1.0648764896015026,1.1577407109594564,-1.9445678396394417,-1.6342645005679672,-1.1480458359676742,1.23252744904432
-0.062143984790583036,-1.961846293755319,-0.6184893781276771,-1.6522726923440545,0.23262726660737285,-1.4570756093091275,0.47008781229159285,0.30523981607517126,0.5549548700270165,-0.40449252193431473,0.9846539884385195,-0.952521726440503,-1.264295753761865,-0.09558179809029056,-0.1280708287412958,1.4170781787122475,-0.4047340530801845,0.3909238362859545,-0.18993194415109574,-0.4772052485254269
-0.38277816368494877,0.7354399923326702,-0.14708529006155957,0.7475305111786545,-2.8158175477557243,2.544326367625829,-1.095699982287527,0.12049084611082997,-0.4928715573879685,1.0936296287718779,0.5090051825028578,3.378402950309435,-1.3254866751324306,0.46691683362118536,-0.5327418580606568,-0.007476677209073571,1.0032601460526052,1.77286220670576,-0.0511500602224249,1.6948205330875417
0.8046179201298053,-0.7295508945303311,0.5934018635913656,-0.7404821010661564,-0.28956129633236444,-0.0447092036275325,0.8606169828402164,0.9971511117637181,-0.6265737793341553,0.20207067285063374,-1.1250335632209791,-1.361144378235083,-2.017632923122337,-0.5494134565730401,-1.6419196328148784,0.6524860415223743,-1.1615805206256544,0.7861023516670934,0.7961992409721455,-0.58460410607407
-0.40104405908399493,0.007704113297069676,-0.9495119756973188,-0.32974826575885324,2.610465186113263,0.8186817749567779,0.7135229889074272,-0.8011783364797592,-1.02729038242236,0.5178962979071637,-0.01157668830851525,-0.09607830130200479,1.0964758099416374,-0.8925016011026295,0.10796413188107493,0.4826979949156921,-0.8578063309549855,-1.2623669855633912,0.8197404540135481,-0.4472770244594864
-0.6110722757310545,1.4914166975027545,-0.0812104352992111,0.4140311060832326,-0.015029350357325765,-0.08422220690853933,-0.9806665408865815,0.5724514681770431,0.5507368599249908,0.2466349860534817,1.0001419029609615,0.06504449228581057,1.812105489075255,0.9887588116170912,0.7028243619483503,-1.9146892871877972,0.643834009830105,-0.01198287925956391,-0.6793984371028663,-0.051289327627687925
-0.6187795244887129,0.5518665850318164,0.8250841494342295,0.6923012052766769,-1.2887373146473897,-0.03759520889028993,-1.4201703722311703,2.2780824394398875,0.6070056551247434,0.916214703470875,-0.23932643013661245,-0.46267081710699354,0.7455027643173466,0.4331988216214774,0.1518999911537413,1.7303813211022596,0.7434541211957071,-1.8994671093931275,-0.8332531450311302,1.3718996490739477
1.1799051264925486,-1.3422024734135523,-0.9055327380852737,0.04494890511529744,1.6664344477498918,0.16160010212567086,1.2049491264410612,-0.2567824972859053,-0.2560674937664992,-1.0753938152357687,-0.8141079860908375,1.0256725754334315,-0.7991540728449649,-0.050757186803364246,-0.6604543653697986,-1.987490819047298,-1.0189235235961192,2.1809933175330394,2.86736518531379,-1.1265951632456588
-0.5364665057862474,-0.5392215510540067,0.20747430294741348,-0.2605171080162028,0.5717707064214811,0.044080858597663954,0.41640606043332234,-0.815962367663086,-1.388888688974461,-0.8966562154092261,0.7924410305373443,-0.3838992787948935,-0.595763905939269,-0.9026143281481456,-0.9746520656720765,-0.1705579428976552,-1.1517384323047066,-0.09555394246390998,0.11825762243696154,-0.6163009856282001
1.1379439784235803,1.5102822101699551,-0.15319967764569084,0.7941485350389086,-0.5513993628189515,0.781225397102335,-0.5110771011978803,-2.4369621594729507,-1.330775573186789,0.8259279991237326,-0.036890596381416195,0.10338561025517334,-0.2992645075377052,0.1041124903239577,0.8437989187549348,-1.3954035460089171,0.35384015553965725,0.9481825420822134,0.34904650089546346,-1.1124884857728952
-0.8024115866769095,0.24774585662152418,1.0830345075496735,-0.5957585571853058,-0.9273103630701307,0.8776697356275421,-0.360669308557919,0.0295234986252113,-1.9945922262141607,0.37147054824633435,1.0752086382217847,-0.906135664605823,-1.3438319961955536,-1.288429774792006,-0.5915091999093908,-0.5008110216101931,-1.5187730394972454,1.824474218401027,1.8577319084875916,-1.3213115185025366
-1.1547861697978299,1.3892757985066782,1.3129928862305995,-0.3118188630809966,0.00303169713540153,0.6311300244050544,0.9013335168428596,-0.593220195994355,-0.44364735347791534,-1.2792249096437536,1.504635790276414,-0.005205450202694573,-0.5304320120351524,0.1653960620097667,-0.13580552195316742,1.2927119701351668,-2.258077301015753,0.8110647475769881,1.7936536705654038,-1.1680240078872632
0.2245336466348525,-0.4481590239090083,0.19452106874033603,-0.6519456168385256,-0.4799351863695595,0.39435334191561167,-0.8018345226316886,-0.18985935831669376,0.3896660067521026,-1.3207265540233866,0.44590229798863545,0.7001200573392401,-1.2165634150621072,-0.4419533587073044,-0.4610084610998606,0.2769972663701209,0.7677972830074107,0.8121861330213654,-0.32014365045964166,-0.19118106236029228
0.6819212039510392,0.27681538297223146,0.40168432336917104,-0.29190091121713774,-1.0663079974800813,0.6389700051814536,2.083788952921635,-0.6812709114673983,-1.6175462227719017,0.17047830495308416,1.842091126588059,0.9104471955839889,-0.36855513668400675,-0.8468255970953337,-0.21347325143475526,1.5154903081993976,-0.4789406376122383,-0.3272578730218923,-0.7742629280522488,1.48827554223931
0.5605073291429,0.542109261080475,-1.1055138157596711,-0.17365140911486499,-1.0100890400989986,-1.3569291322311767,0.503300557859715,-0.029403988656986596,0.259901357427758,-0.031160443471742606,-0.9965792952011481,-1.3495122235280723,-0.8346850272824866,0.03623376372653408,-0.6764644626378084,0.5761757236656387,0.4126499723994912,0.21928523063537986,-1.2882375850858003,0.40580600417162926
-0.7523892697620729,1.1717579196361816,0.10239206501400622,1.5066023541987916,-1.1605200881134816,-0.7532962900748915,-0.4444265509057756,-0.7222323528590259,-0.029392839454649187,-0.9983488354441842,1.7806488980394162,-0.1474483144209053,-0.26997250622664914,-0.41996884743610097,1.4996999518300158,-0.1173626055416775,0.05115741684957486,0.3161475008950762,0.27496686627760675,-0.0485000929753562
0.23965813910732753,0.03050303169679021,-0.8318795896609471,0.7569090076675059,0.21045333714659809,0.2033360026862622,-2.0491086850899336,-0.6951339518310464,-0.4719947074861029,0.8007068820895733,-1.0718004987064977,1.0624553791873397,0.5461490041215163,0.7181153497157062,1.942864992709995,-0.40582697921925404,2.0396218039524596,-0.6063410423265765,-0.8095883088969684,0.14493982285350854
0.15283556181858604,-0.4758150162307412,0.5361349210042385,0.6358690543634946,1.009862500270798,-0.5690578132701317,-0.03667928405526761,0.7322653234155743,0.12272634544665424,-0.3364097730586652,-0.30218018624552345,-0.10936797536225813,0.9157606184932272,-0.4956622642785231,2.1772942309751726,-2.0277957125343065,0.1176552561689622,-0.5784601123339894,0.6557767978071486,-0.46344667506463577
0.08775908922691127,1.3098937820510437,0.33736485113793724,0.11860268401255006,-0.14862763521046246,-0.4625802735958235,-0.08436675113783064,-1.188639817691646,-0.6063414237452645,-0.7185855310088927,-0.05328255564090535,1.0339131831358057,1.4200170922230937,0.08752881442633724,0.4360040341684801,0.3765454645499294,0.9376239153212016,-0.494718184613255,-0.02309935223281996,0.25854469001492714
-1.0064811201767723,-0.05616999309844169,0.9846629257514751,-0.7149947916382563,-0.030314663027828235,1.83824613743569,-1.2196253243364588,-1.220405568415339,-0.9949352223981702,0.7830175723775381,0.12399720741202314,0.7795274157380141,-0.7033821465719726,0.6685220533129308,1.077603089139948,0.18822349670340072,-0.09921296062982404,0.787587627438234,1.0632378717127628,-1.237981987068322
1.0374536723133088,0.624766185575241,-0.15813615861334332,1.4067805072238078,1.2120500390244269,1.003393890892,0.7857588927669932,0.24715170129287056,-0.5520553083384877,0.6794768348462898,0.8662925820616543,1.7187018377046017,1.2804987005320652,0.14701355256403434,2.207633053629929,-0.32396112838753877,0.2175523199371553,0.5215414556074229,0.4397828928348056,-0.028409140262619124
0.8249057830483192,-1.0482826218445707,-0.3571571560372783,0.02125250921402415,-0.13318230376459375,-1.435075650380661,-0.42031197621823,0.3314213242295265,-0.6506943362790363,-1.0141301099824613,1.0530183571808107,-0.37605734814122893,-0.444637586207407,-0.017800069901961205,-1.1693388622149004,-1.1061699516438188,0.7633045228614882,1.308999530164619,-0.5962070715536192,-0.6178531998023714
-1.1106477157183878,0.17374453982256052,2.2576081672350163,0.7706516162342432,-1.5385936260470756,1.5084727518020795,1.583753963283547,0.05075913188266775,-2.000986826203204,-1.5833933386770573,0.37895291492811695,-0.2231877606567458,-1.7099070081503551,0.016481840880643587,0.021857100880331642,0.2776441383588739,-0.23176351414812063,1.2258874499712291,0.7783228547239461,-0.7247674042706465
-1.5599790348144922,1.8831234547747695,-0.129586929527736,0.7447180000117135,-1.098273380063854,0.28010307938747137,-0.8699543093789891,-0.1915696752081396,-0.40160112718846225,0.2158678071376207,-0.24322001317930947,-0.28121603942656803,0.09322394811642364,1.3148777559699958,0.9943765645838838,-0.007896936503841559,-0.15799649067323432,-0.5235185846999423,0.10187338166441672,0.7722197275982214
0.18514304967260334,0.4652841145737716,0.211266655566505,-0.16444217368744496,0.23230554568382353,-0.5321370151405017,-0.5814997177780785,0.6374583667599075,0.664895270825943,0.08717303212212513,-0.47093203660151406,0.4727291949735443,0.5760305730251477,-0.736722159835643,1.2270130402835557,-1.231557325474452,0.7524393409200327,0.6272415350688912,1.3181270917013286,-0.4351236641357223
-1.0356816252793868,-0.8820156318444734,0.28409089311589913,-4.383969437779882,-0.3649061265367678,-0.8045333509248271,0.9724482570386594,0.8058188396886163,2.241282476361345,-1.9715839625247236,-0.7256028084390158,-3.100058097851342,-1.989853828890673,-0.7155972974611268,-1.384626488114616,2.026122280579439,-1.0496343662432632,1.3461206081286219,-0.7791538340916365,-1.2487118607674885
0.8950221763896176,-2.809822770659515,-0.34995856944529385,-3.3863456952507835,1.3353405579359683,-1.09870033572593,0.5001401999940265,0.5180860057519299,-0.6623242903108716,-0.03149551566324908,1.0659070370910935,-1.3495316226722707,-0.6956857153166263,-0.5801709387945846,0.6353287837665115,1.0897738046045107,0.06284980407026587,1.4813135636528258,1.4137263335751664,-1.4348127283221235
-0.9947607803026799,1.3023604462371123,1.3951343579042672,-0.9813926362607825,-1.1482776450161185,0.5347421049957464,0.8379437844708915,-0.8337453718090937,-1.4110451885234125,-1.0411010594719392,0.613282298315162,0.4167755032100603,1.4405675183307638,0.8039437096023846,0.951244251162754,1.462683238786951,0.4635827050360162,-1.4122207203075892,0.0375525026343952,0.9219160825798547
-0.4392116531061331,-0.18980206297722219,-0.27583528439389315,-0.12485482942392544,0.12523321290887185,0.034625072211455804,-0.02413021077657043,-0.3864824068664664,-0.4186490691458865,0.09706099510764513,-0.811023446608688,-1.4012412872328008,-0.9226030997279578,1.493054927051537,0.6408205310216188,-1.9099893904289584,-1.9508973354869654,0.9070892217338774,0.38285593961549375,-1.2874951313120317
-0.013340837412632742,1.5983381457820678,-1.9170583602417226,0.6209817182623739,-1.4456170041217171,-0.21635051285473586,0.35956451483864244,-0.15252811996443677,-0.06054603539500418,-0.3246259829277474,-0.3264997428961592,0.5602433297151901,0.506442235661535,0.250040523454293,-0.485664373007119,-0.6352034022860382,0.5396463918789842,-0.29589590145851613,-1.3125308961610258,2.2952815077816955
1.6258931446011269,-2.162347305459802,-0.34487912044122765,-0.15486851836373064,0.7275348333065118,-0.3938942216844083,0.2686672410876429,0.6614725159378938,-0.3848937889381177,0.11315795147226432,1.3935858548183353,0.8555345256181182,-0.3345084206027859,-0.4958200248228936,0.32908905583012954,0.21326727973918894,-0.23937929420746204,0.20631301047908784,0.2934762641362277,0.24321917640393295
-1.1892682766008944,-0.6829597904288419,0.270326907771206,-1.3942115348174877,1.2626316149471999,-0.40308157118271537,-0.14104506517429916,-0.3494044302943135,-0.19686799399016167,0.08430124035645022,0.6040112622336508,-1.4094316462143004,1.228984025101781,-0.02160524633035826,-0.11703310553990667,0.28863241333991596,-0.04515781546119645,-1.34809065067083,0.12413255330473251,-0.6738937089358852
-0.02206428133811729,-0.16794166740306532,0.5089589668243129,0.07888393875731288,1.7773133006309247,0.7626140260529061,0.6617705066800157,-0.15281425084707978,0.23905642170854505,1.4558312798226154,1.9612574186284548,0.6421352696595702,0.41208935112453127,-1.2534781506458341,0.04545617837908008,2.1217891494317116,-0.742715094153066,-2.0297341496848027,0.19014409720780512,0.4550464856138586
0.6723980566991613,0.5319835823094803,-0.3594617854912113,0.8811365502538618,0.803523019486763,-0.818367708745083,-1.6973025165814264,-0.4084050357877352,1.0926619148518977,2.029125775457408,-2.0001096778873677,0.9838822371626001,2.521331551841003,-0.2583737746115744,1.452131461732212,-1.6471157080125094,1.4315965380231255,0.19701811517624454,0.4461572091353799,-0.8439061935537164
-1.0330454067117891,-0.05218301699592728,1.2902347332160735,-1.1745140823852982,-0.6406994932638632,1.2392072918639332,0.715723102029583,-1.3363427685488638,-0.35201062592043514,0.35109974138030214,0.8036894950955262,0.7970825811854118,-0.8684655618613016,0.28030519054503744,-0.09095934262444363,0.24151728762618282,-0.23942089876297745,0.6067582939119774,0.8626445835833301,-0.3148891823502057
-0.22746564011023124,-0.6187352788366814,-1.9780314365727476,0.9544180967212877,0.2318622621136106,-0.7782294778711217,-1.3765712219085968,1.0017443119254215,1.3221867371249727,-0.35862342315794854,-0.536813366436929,-1.697325279965339,-0.8554872860564661,0.9069979702255122,0.03926568926442813,-1.48358221343049,-1.2731831561344145,0.9099400842635268,-0.22490044632055908,-0.5360004446943276
1.4203944298760376,1.5547135687903444,-2.1335882350771147,0.8067293715169077,0.866292711728183,0.4695373797254388,-0.9947535032329193,1.3711478491600317,0.7824533105503009,1.5797947697209274,0.32606278136424455,0.6183184876766318,0.7001262098343208,-1.533428798474262,0.5655463387304811,-0.5673678346581295,0.7690361996653295,1.3354443299270307,1.6335178398288726,0.2434355210206825
-0.6304593160417344,0.4438510327136158,0.6043582450650936,0.12139786483901256,-1.2733303043960875,-0.7055823974495424,0.31902512267856775,0.672698614120584,0.15156166710253777,-0.5562105892353557,0.16375294412601885,-0.977117104000479,0.6027802411728179,-0.06024561354960943,-1.2149167690816993,0.8761069694610029,1.2232158013267833,-1.6591797740128873,-1.7638958850079318,0.989168454757755
-1.1673944460461048,0.10343102243523965,-0.5684886189776486,0.4463070086804387,-0.03892182011008233,-0.5686123535778517,-2.2490889721925535,0.08028232985095819,0.8392348049392497,1.5559131219679978,0.9671654660851458,-0.8236941041434507,1.0497191577910383,2.061906997450281,0.0004110331479880925,0.3478417104291686,0.6878545655662834,-1.3225640904271458,-1.05172603794831,0.19623166399204728
0.3421316530392588,-0.5755761666526948,0.46437899441684666,0.535865642318696,-0.26161367549578624,-0.07931510341384837,0.24855178119103422,1.1335110917174425,-0.2257706337850587,0.6521319685472028,0.3502109126297579,0.896422669532156,0.39297818256841854,-0.19020132907873993,1.0771498543259117,1.562870064817565,-0.0694031532333491,0.16432338928043216,-0.0102557720272584,0.4963234989395999
-0.46260175588273067,0.962202083786677,0.12283215745894524,1.426203811580199,-2.426067948300434,1.1080340965182212,-0.15289585760583307,0.7234000674757041,0.9479781353212751,-0.011740427486334278,1.7902377173359612,0.27132081447542683,-1.3259774793603287,1.9478582466506638,0.3488135243375106,2.1223212531085704,-0.765064567162887,-1.4528741631958244,-0.9508141121795013,2.4975902951589664
0.5448567909944673,-1.4967898417552659,-0.7910345293872229,1.032975756290068,1.2329637126721333,-1.8189742793918577,0.5618991541946835,-0.5055494842885607,-0.04654711495677445,-0.35304060740362514,-0.6785906884380685,-1.5701866188155023,0.5281613823433509,-0.26583955710363677,1.5435022602957362,-2.5376488979698233,0.2379828048403007,0.12098257606226452,0.48188078851395366,-1.3213160826772532
-1.160296478177014,0.36430728764396936,1.3573034041661676,0.8253110439777964,-1.187442064392105,0.7378153281838584,0.3070431046302548,0.12841076050949074,-1.5952421442656621,-0.4900630463821309,1.0150877340096454,-0.24677269386208198,-0.01826746801740182,0.376962029351329,-1.2536446878097727,-0.875536465465914,0.8767362242591085,0.139841571585996,1.0979778581717898,-0.05427737326436682
0.5880486931097499,0.35780582100027064,-1.2052908108223666,-1.0396286351873498,0.09737976324526249,-0.6980276290188908,0.7369138561615773,-0.12811307870637245,0.6929329301498566,-1.588844210751566,0.3069974984066494,-0.24325853254241359,-0.7020869182086836,-0.31904101195476625,-1.8805967775898729,1.7527268016082507,0.22919281083978085,-0.5885901289638774,-1.4768350153197494,1.2231147821361494
-0.8291861296645134,1.471437281786075,0.8877677525642074,0.5453788305001981,-2.092719757441191,-0.18661539459489818,-0.5350304726283943,1.1955689232492885,1.1709164394152416,0.706462330718688,0.29902406850719604,-0.08076015574098024,0.33095972186165323,0.5769879712577907,1.5811585546896834,-0.23943966100097805,0.96328069635853,0.8093351806932585,0.12667504088708503,0.33062095918895856
-0.023964688004244457,-0.556045374054162,-0.02320577185597703,-0.6736669922760249,-1.2694273466550026,-1.2330156733498525,0.6454777758975572,0.46364375605786295,0.2951499810328841,-1.115637273576493,1.1528809319822746,-0.5357023596373975,0.4632073120141549,-0.23547279087191478,-0.08184455702169724,0.7244292711725085,1.3544299183878705,0.024530139623031237,0.3544503141237647,0.8339838500839581
1.2769230995981862,-2.0472465811896887,-1.6401815732169627,-0.8474084157136618,-1.3335710918590182,-1.5834208774080605,-0.7576623175103637,2.1959746282444654,2.6343486383578028,0.10368964905554313,0.20323706465355987,0.2204689620873555,-0.6879512804798292,0.3667066509199185,-1.7658686312119083,-1.6121912257767959,3.0532533433314946,1.8868176676227992,-1.2101635212459536,1.3009494958374332
1.578585016127283,0.413210116761513,-0.76795766885277,-0.0015335154524072684,0.5190965589687268,-1.1305818481934617,0.8065642567231329,-0.233677386132023,-0.7209031254356739,-1.1943062739136914,-0.01138888911702026,0.8278936793993299,0.36166342441362165,-1.1126924916124563,-0.4065975261465469,1.126060235651049,0.1564554396089896,-0.46628588130002047,-1.0111640066859469,0.9678191840097015
0.3393106719511778,-1.7226717303661185,-0.6596092841034578,-0.9636340399622224,2.3116105088433625,-0.16411513508951536,2.6454962349083035,-0.4705285037351963,0.10259104734737151,-1.1230787802554858,-0.16412215196547086,-0.48367156879793805,0.35840963551344773,0.5293946376754367,-0.17874814269454828,-0.3658803043849739,-0.8269061807006968,0.07981793881640407,0.2657889392150637,-0.5050843948158729
0.25758812504550727,0.5538847618668482,-1.4220956210564974,1.5511540850558398,-0.5241550412380795,-2.1403971123853003,1.216087730593026,0.8962951711006986,1.2549425291468108,-1.0344185879873145,-1.1674517687088477,-1.437879281998149,-0.1997125078085591,1.4551029423365343,0.20645326500101197,0.23037149599422005,0.1993932732176652,0.06608091774666618,-0.3377611903250253,0.9937902388674108
-1.427372538965498,-1.5104191930117854,-1.1009489653642102,-2.085373283328724,-1.2012072580822057,-0.7607718675021986,-0.36306275888729994,-0.12281030364508708,-0.05258593855381949,0.6693174558586946,0.9594707490398525,-1.6963571586957413,-1.1541174001738312,-0.7479976174178659,-1.068572475497908,2.160037047260702,0.35361621319558595,-1.1562405413218093,-2.1263447006723766,1.3601245914494549
0.8812070681959306,-0.24396542516158695,-1.2224664515094066,0.3188134498246056,1.0708891609905236,-0.8783872614987178,-0.3011651503982672,0.8820281085809013,-0.4095863189881881,-0.5821542555781509,0.5908030066859883,-1.0763201029820781,-0.1531690560260228,-1.4316378294814744,0.314296497227226,0.46452306091886497,-0.798932949027759,-0.6549027150380584,0.5468208019352795,0.17348192247719646
-0.827215299373989,0.9385738777634874,-0.9509665608467154,1.0435718367782374,-0.260592608076028,-0.3913916180552592,1.656601419423806,0.9812323191118534,0.18795105983999752,-0.6441499096677609,0.5959744340930644,-0.9200277039820767,1.2505279437992607,-0.5300486666031756,0.0441226470745634,-0.27270046941825415,0.08539248372881962,-1.5690058207132735,-2.036306274500455,1.9844165780432546
-0.8303636199452393,1.2880249633125334,1.1179943305821094,0.39026304740151185,-1.7740121874983457,1.843651964522454,0.14534455987255956,-1.2205377672960498,-1.665072270399452,1.251367261544049,1.6701721302859154,0.7928957792182102,-1.035977150039125,-1.9976077852079033,0.7375527440970465,0.021209245270268122,-0.9736264432760121,0.9501765274506996,0.16232050865483125,-0.005939421405201002
0.10407007401555865,0.08630272549198147,-0.08273131621708467,1.1498873540139272,0.7835403998253618,-0.12869530091370868,-1.503908498287362,0.7523890214629992,-0.023108250317403645,1.564402009414766,-0.24306318743566827,-0.2209986478323112,-0.2523475951327735,-0.16051418436748816,1.2437991780162017,0.6768320993592082,-0.36744519177909196,-0.5136677611752911,-0.12632621967226865,-0.35316819159857227
-1.554948951156321,-0.21019487337405787,-0.049113225613891656,-1.4684025170265005,-0.7950659954437208,0.29987343588907406,1.612455195308961,-1.8090192902636775,-1.0638311433142227,-1.5703814106611258,-0.627606004064132,-1.5606484072202573,-1.9363139749328189,-1.0192007448072484,-1.9007800905386736,-0.21768114636317074,-1.8518372175559397,0.8960918856533607,-0.1710226397387265,-0.6790619521375532
0.12642451039440278,-1.130265148629351,0.8719282402380165,2.027867454502572,-0.3851027329655931,0.12922622509793652,-1.0544281332480738,-0.004437854340539344,-0.1800021021509397,-0.007580496219889811,-0.7785649250997775,-0.04795617255501912,-0.2554815620385012,-1.5061161111468346,0.08898990804411404,-2.210363633532306,0.03470989328608316,0.41972838199275536,-0.14594563803932456,-0.9902730979347679
-0.5714089250091118,0.41487876654375855,-0.46079582112005213,-1.106307697474036,0.6588220342542384,-0.22417631450641692,-0.0829171515582643,-0.6858181445242189,0.02066612174898985,0.7087558001669109,1.2010799859990162,0.4338608256393246,-0.007326591659310439,-0.4411873743579929,1.9368882940782723,0.8501698694479672,-0.34717873549761,1.348108062724133,0.9514508205297199,-0.7692404020106233
0.16450757314918957,0.4811464377862262,-0.7352791805646893,-0.8437316995783077,-0.5583616905166162,-0.4430870756673992,-0.8324997323528417,0.5152571724915929,0.0045141805502226,0.9287511080780189,-0.048558521061449436,-0.9680136097181342,0.08732094883942641,-0.5016800069940345,-0.7603503795963672,1.3695596324843011,0.37270553761074987,-0.22713987804448568,-1.1521179241712505,0.4248615028762855
0.24741176243076024,-0.5524375823036686,-0.3845609394677717,0.787513572076567,1.2594711694974217,0.5153300615682498,2.7754149643153228,-2.682080671258047,-0.3580220359613441,-1.696307374751202,-1.5597699804597767,1.044879450554813,0.7128660624762917,0.851866426950072,-0.06521048977891931,-0.9622976248333801,-0.7719250507387593,0.459309746973493,1.2918729454996318,-0.574810410679584
-0.5500221924164879,-0.09935449655959631,0.7900329470993626,-0.0300721856285484,-1.0043274663377575,0.8375178261898377,0.9646738170267762,0.0863529724274972,-0.16002128551172035,-0.3688001051025232,1.0733595394239008,0.5143465052827281,-0.7858134327807548,-0.6736088606463129,0.3492129476237792,0.6710915414490167,-0.6076778629456332,-0.4025750799224754,-1.4021223028615282,0.982088923451771
0.2906914871004163,-0.6651107467275185,0.524413327856576,-0.2763229742858857,1.8847085351016915,2.064208727414385,0.41885195203647957,-0.5958186649754508,-0.9646123209926927,0.7794711357418025,0.7698761154443089,1.3288029135245547,-2.2490227907458196,-0.4240845367547877,-0.7083640036608679,1.9079766096056219,-3.284343457843532,0.837074278654684,1.5587179901840238,-1.4139074238131295
-1.9692524588949678,0.04521945036792568,1.8017836893029295,0.08767271670273896,-0.5399601850996768,0.5033139539086229,0.7308198425378307,-1.4384037290771308,-0.22515244657472525,-0.4882822098217341,0.2391753641118025,-1.6242521311406402,-1.1844376401479746,0.3427717474333488,-1.3268713785234159,0.06931270904599501,-1.42225435389042,-0.40702444429507045,-0.027077400129505873,-1.3373853862179381
0.6795453288053056,0.05629311552960608,0.4537789955131949,-0.3532270389508009,-0.8643612831869906,-0.906920864286807,0.3471513952926417,-0.20482942909311572,0.0718189458710165,-0.033445909367337316,-0.8634008108839193,-0.20402393167202373,1.119985700309308,0.08242994378787141,1.0291206291569128,0.02909385378478204,1.7827888698066474,0.4641206096954679,-0.038165190577060595,-0.19964617448661884
-0.4900308954898062,0.7965692390036179,0.1950777713678408,0.9719985633823933,0.05702040489929471,0.4161237338878979,-0.742625504712837,0.4290618733380259,-1.0758004921477302,1.0102468634863697,1.1790036679216402,0.19136914775592012,1.5562309295679644,-1.1371085788107895,2.4995988812112993,0.9542353172067723,1.2678721873742407,-2.002670788619026,-0.3830564812784183,1.1144123740088634
0.7420579737439499,2.074202945927398,-0.7233514568742065,1.9847477763841392,0.3565420608260173,0.6283755139409695,-0.06741933689465722,-0.233848040980496,-0.3079448401589497,-0.9970169836790865,-1.4629490004219328,1.4727979480872115,0.060033741725952834,-1.1553900788408236,-0.569066001324301,-1.0071332416764356,0.652479504413603,0.9817314562422943,1.1885318273230479,-0.014341684686019925
-1.1333596819700067,-0.8178728775091496,1.1942765541289497,-0.35147541218430145,0.6173918440881825,0.16826934422791698,0.006743581204336296,1.8544511068999083,0.48215102155395784,0.6402956741296558,1.050559078593362,-0.9977825819381972,1.0364640353562065,1.7991336831205762,1.2511192986004929,1.2178045149509327,0.6719390517718777,-0.9107585509237541,0.7121227624212748,-0.24182179855938504
-0.5503676024640851,0.04779786045847098,1.3910269773095798,-1.391421212306562,-1.7703102578659697,-0.2997547342045559,0.2723493924138364,0.14262816976550424,1.2498802186696487,0.9972066919568677,-0.4268883311909703,-0.517418505038826,-1.288225985911593,1.134968795923874,-0.1434945779152491,1.155737971641187,0.8128163186104208,0.9918661215330057,0.9701757973203844,-0.40869813488555745
1.2589771939362215,-0.13847119788588372,-1.4490745595965622,0.4679499787632315,0.8423447041179954,0.3487568584879066,1.3748310060234579,-0.7894671642813452,-0.6756940372259307,0.3274294932799461,-1.2292039468048634,0.7151722307888466,0.2355167338145552,-1.3331534298659147,-0.40495372942376223,-1.2239350046361919,0.05157229904206054,1.7499582035355254,1.7926570014708438,-0.24213005441606725
-0.6316518546923913,0.2424233123564159,0.5559367581190034,-1.3739246046764695,0.7870253489488555,-0.2159642888115367,-0.5090604177056558,0.08659260495073107,0.5471581741047765,-0.2656961113074977,0.04319105797076513,-1.017891367336362,2.076973949949999,-0.39014773449847706,0.7253410036287777,-1.0430365756773552,-0.21267609484266012,-0.17592254851632663,-0.2855710908187351,-1.33019289526038
0.5893685874665024,1.3830423186911738,0.10776804214254895,1.4252678696976202,-0.2576888716900217,-1.0555507585190673,-0.7886177723196987,0.31764706039696344,0.7841962901936113,0.21117922785264076,0.12227701052823102,-0.3266703248555747,-0.17028946814263463,0.11144958332990854,-1.171125023663475,0.028631639938975096,0.005630956803534666,-1.1396443871264343,-0.7809409782341934,0.22077032859122717
-0.7279131779211863,0.8497017547601162,0.7494790445411356,0.5457264227289551,-0.5309664598774997,1.789242970294464,-0.46838260147244404,-1.8528732808614539,-1.4048189250158496,0.8561599486739884,-1.2655169136518092,1.2729721435045962,-0.35424905700364545,-0.973616516829343,0.49298434168370353,-0.6969223861463917,0.3667322394231009,0.4933427774166165,0.32497484421888606,-0.7549137023303523
0.5097682138075509,-0.7053857315429702,-0.299120477240878,0.1602988190899454,0.200203636928686,0.12673211537104365,0.6367067238320425,-0.8845574571258003,0.05885907872690375,-0.19855931964481158,0.45128070756562494,0.36519107977300463,-1.305488081499415,-0.05060832323870076,-1.2447976755676928,0.7990527858142005,-0.5026548354323769,-0.001274489775516876,-0.3479568675564523,0.34476489949629313
0.6401356414438856,-1.0122318329051971,1.1741448532040493,-0.4480421967963561,-1.2698218322401287,1.289623569420048,-0.38219672547053785,-1.6705262348539065,-0.7716094200402643,1.8782390792374346,-0.803250859648627,2.714469476361057,-1.3529726324642413,-0.5698380846177069,-0.44383599596863227,0.13212459550093372,0.7459905976420361,0.9932939906031083,0.24140501235649062,0.11777062200459429
0.07090299552034843,1.5624713957266165,-0.5520729416383972,1.1738832698038653,-0.9115370030032066,-0.5850044572383225,1.028842800653929,0.9087275192410449,-0.2331498554273693,0.24407371774097694,1.5429119512701162,0.35520679535360083,0.4794065282521519,-0.36458678918202564,-1.242292295217471,0.2552985630756641,-0.5561674586172666,-0.8397111052707453,-1.1509840961361573,1.9970709306052237
-1.401532919155912,0.616886569852501,1.7459457966996523,0.2552816883224733,-0.41020945320375585,1.4227014105942297,-0.20576240164732798,-1.0999392702632018,-0.8773199577879798,0.08684200843395974,0.2119042088917,1.1636178191245992,-0.22404696213261843,1.3922334052231329,0.31748332349537783,-0.7821180929797839,-1.0019475237407822,0.45057606323510246,1.5346049398291224,-0.875020474250739
1.9943993320243625,0.036138102715220895,-0.2937475955110563,0.8177550790802421,1.4979359791230982,-0.8639631501940308,-0.9091299312916621,-0.3809252794181831,0.4351507328383304,1.7141698899974789,-0.3228513744834928,0.6586798619083228,1.2243620725770372,-0.5602511166337977,0.1453526741346377,0.27207246487229575,0.9139735971279782,-1.0936686997587546,-0.357003855776856,-0.2272927253121558
1.8287919464770317,-1.5232058467563292,-1.9273834921558757,0.0035154304997711398,1.8475178530092216,-1.0705502793405723,-0.5362082118413783,-0.014980315748806573,0.7616876397928657,0.9849072244763096,-1.9574761716314504,-0.027418587406641517,0.33766056618130647,-1.9815134067177171,-0.6085222690826853,-0.8061621405065827,0.30797430575875223,-0.4407303547395397,-0.1828921982253386,-0.09924230750405862
1.134865813868775,0.712336077267338,-0.24226749752296983,0.748000230641158,-1.8229554177126268,0.7177060303245989,-0.1144583550855855,2.284200158522208,1.3525810908294558,1.4580936216987455,-0.6204260682657682,1.448200102277832,-1.2548657645540053,2.108354286167801,-0.6800738898643222,-0.9428321762694658,1.3894922100418494,1.2617662608366673,-0.14237080858121717,1.6950298623829125
-1.2677072037783066,0.7283567767458942,0.6892742828939464,-0.22585702320794127,-0.1645698733321483,0.727608289808969,0.08112724788043428,-1.6233545683172246,-1.8352277194969457,-0.05874237205726308,1.6943480196009657,0.24460418204043619,0.7359160969041619,0.3463993808159908,-0.8779648737716457,-0.38242419234344743,-1.0083575071462012,-0.5376150866713053,0.014840105656641196,-0.3062115640631349
0.12769332118629315,-0.8005819343541702,0.6854070652728793,-0.029185791382805196,-0.38720475683880995,-0.09135042733038648,-0.6423932845277588,-0.06649169987380377,0.11080649821277402,0.21117878843916335,-0.05886336998001208,0.3224247880669834,-0.2148087751474598,0.9971682430147146,-0.6339592339031638,0.6057407999391693,-0.3825542864270373,-0.1777556816666941,-0.03834745685888493,-0.0869731850516996
1.9367933302458151,-1.1954247084214091,-0.8501091673354165,-1.8632360452568524,-1.028238271179366,-1.03843697627017,1.0464312617094402,0.8713215345622916,1.563448742880174,-0.07561506037768706,1.1379917356119627,0.8358586892488645,0.4820597689995476,0.05445037647779692,-1.2461368032257027,0.548164656781545,1.4005756066998793,0.4820516661401633,-1.4271895950531277,2.058282572763658
-0.5095555067847799,0.18114548104119824,-0.9110274650162052,-0.5192584705059258,0.05518886541755479,-1.0110732671273042,-0.018614424284775576,-0.055236859598213756,0.32751745801697313,0.12110337814341587,0.6256960153473272,-2.2200597106435827,-0.5468716349637665,0.07369163355444346,0.5709997695004704,0.42754487573311134,-0.9128331304306864,0.828132110235726,0.8984586457521837,-0.9587625951475843
-2.032032387922254,1.6456799113730018,2.950802532159532,-0.49273766566801247,0.14680372180165505,1.8756062986220328,0.8094426652911532,-2.2580868058984827,-2.843330034044827,-0.5692251262737668,1.7831933963228597,-0.11628387187570229,0.5828970875309579,0.08320937912711311,0.7877528676979076,0.3819962910219186,-1.3517698188178944,0.8124969346880904,2.4595810649697376,-2.9021729595881034
-1.5755913569000055,0.993288418256327,1.853644867171579,-0.12047557077295303,-0.5221457412347145,2.973775630030678,0.021325541227819114,-2.027307747956005,-1.92174831162665,1.3344820917661002,-0.7999752505029274,1.1761165746898747,-1.455112474421183,-0.27327485895210657,-1.1544698439568035,0.17591933193828552,-0.8685325831115797,1.5732122597216607,1.2133906090734556,-2.043661249562972
0.8460859368317115,0.02738759397000183,0.5930449429349326,0.7570571353843291,-0.7735050921690997,1.067938944387743,-0.030634584659147302,-1.460440313559667,0.01049077488791512,-0.09743920607347535,-0.4569530220885379,1.5882699531636069,-0.9405813691048726,-0.47990540034419504,-0.056083947524269366,-0.9592993439118092,-0.25251282030338634,0.21404481969628947,-0.17808808376601132,0.3871272606514025
0.7964475096206797,-1.7526773553101371,-1.1478591267665645,-0.8120492383621054,-0.016802470567618112,0.4737964412158057,-0.12743596503875254,-1.122773320029796,-0.11649948003977056,1.6544150391312908,1.3511756968518132,2.089387849547732,-0.2317273554093345,-0.2672766934179474,-0.9387804428986403,-0.7779494470325923,0.8679490637469963,0.2165980684843107,-0.9637317229669603,1.1316065758156169
0.22600753835504273,0.23033492785462215,0.12223572374542191,-0.8158352092871727,-0.09530934616685176,1.3058195281039155,0.20129570908086225,-1.5668866505522383,-1.2349072760799735,-0.11185456863491856,-1.7231524618929488,0.42540634180546705,-0.3313095378238858,0.4762564881621683,0.1454799192190497,-0.5835282784639755,-1.0064199987070481,2.410420729488381,2.349369480026176,-1.700024654241272
1.9754705268114574,-1.356656819401956,-2.4234669934301434,-0.9106634192050259,2.0085687672934354,-1.168857415486214,-0.18626923239171536,0.29157362631778255,1.2160205813156606,-0.39652485201235155,-0.02509926348005542,0.18527562422494143,1.5372271850194676,-0.9991793151976254,0.650900442381042,-1.7936799725021626,0.9939326339885702,0.4154261557634755,0.46911686416910064,0.04184862883178029
0.41448344825894107,-0.7660297119089704,-0.9258828556789939,0.19771756484006245,1.0815403568142534,-0.6133531889094109,-0.01904615290745982,-0.8275193766155886,-0.5317338200339943,-0.013908762862307735,-0.3859306494883705,0.2373556954647745,-1.1862597735200684,-0.7101544669140731,-1.7303038747307196,-0.63832668885019,-0.6788322400217076,0.867080773136374,0.011366660860236171,-0.6577317521477927
-0.17433509060789498,-1.4092719437034176,-0.7433312894287419,1.2887071588462382,0.2971893244291264,-0.19163693766261553,-0.8667870594882111,-1.1796832595481137,-0.2340649094746959,1.4786043551413988,0.526181895077155,-1.596369355885057,-1.2857735247950273,1.4581853090096666,1.2130370267148436,0.7000712032345404,-1.0686431517326145,-0.2104225608821999,-0.6313786362456205,-1.0601815042961846
-0.17315938076799278,-1.1106260615191728,0.28208972958526735,-0.12594302282548567,0.520745783299943,-1.148889347069603,-0.6459121298662376,0.9526647607657607,0.6606659983757774,-0.6235423775783396,0.23025058568276777,-1.3353297146177137,0.9110264928507816,-0.5057352663558334,0.8370716196964925,0.9128941081113343,0.45946874716840763,-1.121874915963585,-0.818877574661801,-0.11528184649579762
0.26844624676034096,-0.003341183295390386,-1.52999256220577,0.9151050290122581,1.0142795766945807,0.8293722706557115,0.38646218977484303,-1.3930263182500537,-1.989809949465089,0.8469078561459223,1.0921751739251815,0.39916424583209903,0.7785428606614809,-0.8688782398764285,0.07472015849095626,-0.35637492835963097,-0.24046656605292863,-1.005860904161442,-0.8215633943560707,0.663422467992127
-1.8064417887089546,-0.5568736920433267,1.4226336049328203,-1.3499753960140124,0.6820221495196477,1.1766079685571298,2.6867672158109865,0.3302026634080529,-1.6977953787844293,-1.2163418767613547,1.1938603455904102,-0.4980580426456936,-1.0948230076766858,0.30890624870647754,-1.189082698278321,0.009786242932633532,-1.5413840642263064,1.338785698607937,1.35067202859107,-1.2469673961824899
-0.7174560345360428,1.6440316320315125,1.660502168447055,1.1060191622761997,0.47288611874121805,0.550267463906227,0.6246149603988737,0.42929120368699597,-0.20085405790735344,-0.4338394298595407,1.7690437579964178,0.48977882504122533,1.1144182546456565,1.056901561039936,0.45848923390064106,1.4903761713874653,-0.6483416390742399,-2.379684392441743,-0.41383867451520817,0.6215062869322601
2.057863710418591,1.3491430076229742,-1.486603006518948,2.5643614196058344,0.4042138677638275,0.2273633627744012,0.2826286317400329,0.08141164714104565,-0.5835989524935263,1.2159199214799339,0.059624922570088404,2.030295266628622,0.4959224035479457,-0.5864374739640942,0.5405391853791344,-0.7592169557328434,1.2735648223827274,-0.2637751785303466,0.8818251244902533,1.5488310908179932
-1.2964460343313502,0.3253329000049471,1.3300124373348834,-0.3493044751495005,1.1597050259825046,2.5254431467755984,1.6201559931515217,-0.5661908496336371,-2.1835324381826458,-0.8045567917351626,1.1973372593056506,0.872526537246223,0.6999347982981249,-1.0764211655832492,-0.4680041730473585,0.15143745853914675,-0.14022573481398057,0.15276617287965447,0.7759397388679125,-0.7048129634271567
1.388452042125293,-1.5011082951950039,-0.6604242676156588,-1.4661447958859744,0.6787179639752258,0.016183978353721363,-1.4331212144184684,0.011521420434118268,-0.2195912869250156,1.2096764491481564,0.4878936451672211,0.40470194862840003,-1.0041188978110689,-1.446631001519097,-0.22126972847950904,-0.002959309184844066,0.6673136547984359,1.0830758073193087,1.6216303737672992,-0.5865642608191808
-2.036992495080579,-0.3518954447688193,0.520784126024537,0.21182852122193305,-0.25227144573733595,0.7644926587365707,-0.7323813690253568,1.2345968090602142,-0.6945688077815206,-1.1571962058929064,0.2256385484512705,-0.6593343175725,-0.20182199433763084,-0.3588102091549818,1.0172140997410837,0.9747911067734453,-0.26407585501891817,-0.5965375547920002,-0.0310268379592498,0.17590698173835406
1.1623796095014358,-0.5157853411606268,-0.4307832694885732,-1.3077832828801066,1.7987838907848406,-0.317301576027402,0.3828869005439394,-1.780347068210951,-0.6448782968807019,0.49347850169497515,1.0444314769366871,0.17419714670380054,-0.8988494061171127,-0.7364299739057375,-1.2151574259913942,0.5641302021135814,-1.6894316837778989,0.6422157648763124,-0.3006545775440505,-1.215809886326891
0.30792334300024604,-0.026674318671645596,1.093582693124018,0.9503066786522134,-0.20512753113710858,0.2584439079938945,-2.265454666125387,-0.5113121795494356,-0.21262493627630766,0.8335238902563675,0.06146909484004699,0.5598160648219163,-0.23943762704704835,1.0914650716510672,2.0438344070854706,-0.6735598571482707,-1.0354686520647893,0.9432838728296064,1.6922334998142945,-1.5770787380322937
0.5430852970778913,-0.3298087224885741,0.23975967815915206,0.8524132714918742,-0.45622062577029815,-0.03246256269551369,-1.5512670861379854,1.9436538191819759,2.57110735873434,0.877180336900136,0.12797798974467006,0.00920432921637057,-0.3304380233174432,1.0850637625819923,0.873632784734452,-0.3193692408520381,0.6015977803069644,0.02033153556267376,0.29073408005458645,0.15345321936386286
-0.0034358347037618487,1.0919802331919741,-0.09795336933046607,-0.308543054209307,1.090283074331681,0.573529636804628,0.15767208639885796,0.5594572340610567,-0.6420313341694892,0.07782185857076356,0.9886115329547767,-0.3240107279499448,1.4204526863016027,1.111945639937547,0.34969306792035515,0.8586145911331402,-0.13252809797951606,-0.6954563133349492,0.28366184078859635,0.10600963264629316
0.039102033370843635,0.04643765394551659,-0.2299647592251177,-1.8242536285318505,1.460872406150638,-0.3196794417345414,1.9714632313235665,0.5436018642671953,-0.09246526449437731,-2.15518741030781,1.3652226677018016,0.22857322890449527,1.7591720506829256,-0.8444197996349694,-0.516886485394608,1.6243070482156943,0.4753190388471044,-2.0554791595879958,-1.6297601862074895,1.5371177161794591
-0.24740973404770725,-0.5864436214033251,0.01233162986365593,-0.8249128915597372,-0.13949464864549588,-0.90815372056916,0.08584598987631767,1.4191219101445016,2.6120236991903516,-0.30595357884531976,-0.9220197803363875,-1.8351984308052922,-0.8800200592696112,1.6850974297116472,-1.0470026132778554,-0.7985595246589229,-0.43480449811492067,-0.023117376297991914,-0.8349112056966653,-0.2522785550913855
