X1,X2,X3,X4,X5,X6,X7,X8,X9,X10,X11,X12,X13,X14,X15,X16,X17,X18,X19,X20
1.2893853200487895,-1.832804332225126,-0.7120748829411323,-1.7799045913096498,1.9087140346513543,-1.0228388722032669,0.04666311924055533,2.5440049420782067,-0.7755770238690898,3.0207599013269997,-1.2513697148191216,1.069467696179382,-2.031963527871478,1.4568763192067726,-1.8832072127224233,-1.0754182729150379,0.2608207126518658,1.2654423276745623,0.46176423922178644,1.2340033633668688
4.639884483507663,3.162292252110208,-0.41818475914257275,-0.3567854666339203,0.5429299301375995,-6.746723151554131,-2.263762116543125,-3.294944357692958,1.2161367897538056,-1.0033826382717597,-5.420536426965597,2.591485179316294,-8.304084689755722,-9.650468961805363,-2.1068066829504586,-1.915509837541336,2.9413655798995824,0.39365478739061455,-1.019553066148318,4.36265059059578
1.9363572498171369,0.2612747319707932,-0.02285261984273218,-0.30010933039949106,0.2235677634178495,-5.063695850170761,-0.3497540829938319,-0.2773640336603369,1.7270457640486683,-1.1137259283277907,0.7079053485510591,2.394173510565013,0.24450816186459612,-1.405230866351953,1.3281282104822978,0.3896387101255832,-2.0742231264625164,1.0996632530682293,2.446141161391637,-0.8696952925629517
-1.1869922720983603,-0.9277997730044891,1.3427407794121353,5.465324117208734,1.5615943411189264,0.40037345739828645,0.6845459428336436,2.8261119807973873,-0.860437414506944,-1.8686703476477993,6.615399456271712,-3.1166554805265285,5.003636785984383,4.865310740369733,-1.1822270900093514,1.2557560410572932,-6.525700131695298,-2.673657793219852,5.694631159097431,-4.457694077268554
2.959398857142919,-0.8487706296220177,2.9724852547361964,7.976447122397973,0.21506366272878977,-0.862649228470561,-3.126449068131122,1.4570204539614238,1.2069336171212424,-8.168519672687141,8.723472542935387,-4.644584372329292,2.2271940751482937,-1.5601158144416032,-5.434432419406378,-0.19083864458190392,0.8755851859513217,-3.1503432572125503,5.404917450650202,-1.4816388383764914
-1.024997826121718,-1.5281704629037816,-2.607487482143251,-6.401103257686419,-0.02112915345172256,5.867205101976232,1.7385901825419845,1.5669828748159265,-1.4118544267386992,3.532721095999028,-0.47623000569137647,1.171203436533783,-1.1162433507445826,6.404835343152788,0.8294128755011828,1.0987382237500103,3.0763363107406914,1.9681652391881694,-3.4564471042960143,2.4638990048666183
0.66692344835408,0.7056010629572596,0.3820166238509936,-2.041305207329792,0.713783937992845,1.0435006681741037,0.2288471959610148,-1.1724313842344658,1.5168880174776715,-0.9922358615951886,-0.10822068904274218,1.67592832742686,0.647640793837007,-3.2149337439158954,-0.6075451368155664,-0.4820110106584865,2.7918419151327964,1.071678359323656,-1.537053760057036,0.7157243440938574
1.7347016827423443,-0.082655471231944,1.7376334161332072,8.181724013873868,0.4867443051717238,-7.914416968581106,-0.07424091922260359,0.7072073696110315,1.1650526211652883,-2.1037878541041883,5.900511937165379,-0.07845072067490522,1.7761901314961854,0.8911520138978664,-0.8403775694127342,-0.3601884534418875,-7.711883238032201,-1.2668668283330968,5.414668634760114,-3.414515993953123
0.5994162323706362,-0.3661971341293169,0.3318528247656527,-0.7174088821546329,0.44713975486694996,-0.02444223235653653,0.10900285232450241,2.2136664851851684,-1.7908852589799145,0.2986123998912863,-4.201749613570356,-0.061509963354250186,-1.0439766175360568,-1.311725200120069,0.6323193297690803,0.47057151451203877,-2.718204815831634,-0.46886541723990105,1.3626076828962368,-0.1115854759485937
1.418619976884947,1.499565056689978,0.8889387209404872,-0.8079178222495246,0.011669970626309877,-3.027993803470951,-0.9488606377255263,-1.3335022063413442,0.11557971068334663,-2.4868915738120143,-2.769456026213094,0.39775883342096874,-0.6624962078213338,-5.775781970643733,-1.8066381576492265,-1.5704243496947465,1.3347869407795767,1.1268198796754092,-1.6694685395603603,0.2879078939681583
1.4182357270978945,2.957641507189674,1.8180578810169927,4.906804930785556,-1.6761465055101858,-3.07334450419396,2.0043256150750013,0.29176572065632234,-1.1516626597914812,-0.2781249358020026,1.830860335329676,-3.5709984906875833,-1.1343552044303844,-2.9299649824764153,0.9153283696913121,-1.001909982941277,-6.703587157499586,-0.2504828882347234,1.8094744850812454,-0.405564748182743
0.3425055396815496,-2.0846706838394296,-0.4514543706543233,-1.4879729484165227,-0.9669658134355263,6.3599778054412095,-0.22014556641248312,0.24380151363823366,-0.0669156124500269,-1.5576573814452168,2.1734243116044025,-2.7239466386261078,2.5170740124946214,3.912380498671462,0.14604835271089556,1.0127682714471151,2.272793071438673,1.6031633363314288,-2.2637559469814668,1.1828856151056375
-0.6390652655099813,2.263073515185239,-2.1744054964101953,-8.440302578713293,-0.6811246766790068,0.7770344599325927,0.45035087953261244,-4.312416675318685,0.17551699323747452,-2.2143524269677073,-3.014376850383552,2.760798420682706,-1.6391534170185331,-5.09853991688477,-1.2089609313465302,-0.3864371598093645,8.083354181849716,2.987890752438861,-8.237955692136394,4.295401162272531
1.0544012516365266,0.670335189974995,0.5324995338116367,0.7250795718785397,-0.9420603835446718,-2.9698668955157492,-0.6444611825974813,-1.1539282278494656,0.7694739770257465,-1.1011431081033989,-0.00447265482964998,-1.2976416553987977,-2.5340189755491016,-2.8808713138625284,0.6472404861327182,-0.5009221775953417,-2.0580748606790076,-2.371887272683814,2.6781855785425885,1.0246201408717115
-0.3346077198694891,0.21813033334440335,1.1993913210978229,0.18601881820277666,-0.3935348950785709,1.9660669475209036,0.8069669294774836,-1.3433834504493802,2.049874979373539,-0.786974888255174,5.829294873035059,-1.4264192570499596,2.8444569597638245,1.5389509726792283,-0.6413184043600482,0.12612231282717346,0.20163624910783517,0.06153379630640987,0.01761839147697153,-1.8052366953006065
0.5628655642254129,2.5268914006257317,-0.24809576192895674,5.497511678735,0.07985015924103012,-11.573945924787363,-0.3594599979386904,-4.786302259721593,1.4031687377423818,-2.6693965304493035,1.593830894374775,6.580094599261548,-1.0857411592907167,-5.79719124113441,-0.10103407112002871,-1.897120556081118,-1.271624581134901,-2.425146341469675,-0.24479033676136674,-2.446922935507028
-2.4173037805626714,0.875882927902065,1.034046662486958,2.5150273152354745,-0.9211879337204638,-0.5006683611878556,0.8034224040391945,-1.912010282587716,-0.19980700460201845,0.7054517727469134,3.951418974451602,-1.6199587821967636,4.450776708074367,1.7778401500903305,1.9501182080124364,1.2064111601954377,-5.474414873599973,-2.177683760325369,2.0878843661891473,-3.354185108360545
-1.5410230533630873,-1.6478564279417731,2.179252196023492,4.302980393922218,0.22721836354104202,2.1410407107110645,0.222422263036556,2.9326218050162307,0.15226922938074336,-3.1647790913261202,7.487476892330118,-4.2101686352012795,7.741168152778162,4.701773346023838,-0.3943509321158149,1.0049876716952126,-2.5411532109357906,-0.35009208813945847,2.8432970565696483,-5.201154457011505
-0.48988147520608527,-1.922629564325013,1.3063278811907508,-1.5148559781294297,0.2598446058303251,1.8310537852454982,-0.8686010793745511,3.5081261138921978,-0.46783003392901257,-1.7766937384461772,-0.21817584487539288,-4.679070690993057,-1.3470756605176122,0.7152521667884528,-3.95707052846726,1.0557624076859171,-1.8446529846508093,-1.176996765559975,2.007444693295839,0.4400882449691479
-0.8969520470149086,-0.30668162819647826,-0.3111553908297258,1.1595426863715836,0.49238168351757167,0.06570116687089778,0.9101694296430027,-0.013258607882742884,0.4339282337887962,-0.3803074703044782,1.9449634576638057,-0.7843941495271554,3.0151895879207244,1.1178926709854595,0.2893857017394531,0.053982784664193234,0.27834705383930103,-0.5304933630020772,0.46733401829784815,-1.221192137741897
1.6478170774951113,0.3089595712127149,0.6381606349266605,-1.1707254570819128,0.008614627841995468,1.8586720843624291,-0.9442902448655566,1.506774017088728,0.3614166936585432,-6.847639032153248,2.040151118206364,-0.9352027489892802,0.7578116407216965,-3.0238321681866998,-2.3934176725306546,-1.3067300998519913,5.0738433891292,1.7867403571335756,-3.612399743492972,0.9448161901057123
1.042282949395032,-0.9179376935773973,-1.1576241373652219,-2.298411999534812,-1.6677615981508391,6.641927627043828,-1.1927741222573518,-0.36115529976668004,-1.5024791987418096,1.4734311881576323,-0.3416803456655773,-3.182956873705264,-0.989742856504628,2.35461264812759,0.5579620000202391,0.9556386213005711,2.8148553842923505,0.7693415099993566,-2.47607323054742,3.3392303537537416
-1.3191267350103026,0.029088079357131758,1.609412125067666,4.491810013771809,2.3827907396029984,-1.3057123024804653,0.9224137231906586,3.9156375124572977,-1.0609121049366788,-3.121417015662353,0.9482653881893601,-0.7209409066467852,-0.3829165431914159,0.2403407777828972,-3.5394766316579354,-1.5442799421119198,-0.9221801579481687,-1.3269160211146578,1.4253687629505036,-0.8176798903331217
-2.3061871289055924,1.938902995219116,-1.578310470814172,-3.4388209417594116,-1.2237833427969318,-2.725831536103585,1.5548322868565538,-3.20657816338628,1.6494185685545941,0.9530533404706651,4.204971543379614,2.797160552382533,1.670907082096349,0.550070797542938,-1.1390084344661444,-0.5461017876607049,0.3936940232648055,1.2416606631223934,-3.5663101007475446,-0.4729063725139179
4.329743716839113,2.8117205098032363,1.074176010418026,6.602723570474242,0.6631302470028356,-11.676336489664092,-1.5368915193962163,-3.975270473073915,0.7722072812038373,0.2007811326057284,-4.8290408167989805,3.403801827610745,-5.744920342693474,-8.860632703464562,2.072110172152721,-1.7085886325942297,-4.339391979645761,-2.6508855538026226,4.156870690288654,-0.4288531288759396
0.2129929834757046,-0.8552954660606017,0.21162519823140113,-1.6508609830422838,-1.2364546119557873,-2.5767822602821973,-1.2999592236873867,-1.4857189815302587,1.9522457733384586,-1.0172793156121804,1.702760001605949,-1.2079152827998012,0.9721767024335838,-1.4482351240839062,-1.6178186990244052,1.317895096466011,-1.0933791017464438,0.4687314289371322,-0.032098519999103625,-0.7411141944183344
2.423905197879668,2.746507229715194,-0.48817322672788027,-1.4919953116498892,-1.590416619386481,-5.756554645346072,-0.5027960956739334,-4.042230783181764,1.590949099970439,0.34200614802165397,-6.76123852946758,2.080931097642563,-3.5604032396351606,-6.836936684026259,0.569653225949001,-0.8816261903983115,1.766026920363569,1.5479816694484914,-3.6543414655947726,1.332291007168359
-1.120537763605567,3.3832823999327326,-0.5231396694333744,-4.292249676107857,1.5144769620424117,-1.9292599059652715,2.996434496094924,-1.7914454690000916,0.5358850449592721,4.877760458543937,-5.439754538687018,4.370001753434709,-2.2635148067017328,-2.4046139975467016,0.6581653296910628,-2.6738661988249848,4.699813399957259,2.367944403524696,-4.57909129559011,3.062702629643301
-1.2186913305040197,-0.6527979938993558,1.4094055292411702,1.8744236485160501,-1.3531118471516737,5.7932206508267114,0.16251004694905974,0.3826066183447847,-0.11341522698546266,-1.6172121059732996,2.867175901628654,-5.1641794091204485,2.025736570854071,2.603086818226057,-0.08498618548388726,0.5499979572743148,-2.0317491512386656,-0.6554136348522214,2.2097301706156127,-0.9511464053672765
0.08033883420161186,0.3315646249121754,1.8363470716185593,5.856113013206509,0.35843659794888405,-0.8777302239916782,-0.28314898105978725,2.0097348403184827,-0.7033761698151373,-1.9921369390435368,2.58526916172433,0.15008945760273562,2.4257050707535144,1.7257529834087482,0.9151078317060066,-0.6736037578174514,-1.2197384029367981,-2.1802501992762324,4.793265610327771,-1.5997135823093278
1.0110674979123773,-1.8983524440247657,0.8609434162691937,-0.1773708375933678,0.5979890785632119,5.494867697514284,-1.896591160016098,0.94285659044693,0.9449699337531743,-1.7565816734509168,0.7528632612455085,-4.853675786443588,1.1873202575393853,1.6777968438926867,-1.554442065399087,3.8335627923615574,-4.350516389163861,-0.8231401450719639,4.571873150921452,-2.616263022522852
0.4391825566683877,-1.0146840591467763,-0.4569577744555861,-1.773501883192174,-0.3954973265625885,5.258827130452504,0.4953903808068225,2.602339788145745,-1.018689997631677,-0.5920746661568168,0.5941055774332112,-1.1792840646132778,0.6320475750792234,3.432961337557484,0.3134933592927243,0.7117456444576078,1.20257984603091,1.047958172813707,-1.8143378332118067,0.06152836516073079
-1.1726055491673755,-0.6880460738570031,0.7129204303299103,3.254934371557762,2.4448105544586047,-4.321155580072464,1.1022533074733565,3.5355940536580484,-1.7932113910767589,3.6878326517068727,-2.164178464206122,2.6334824913423063,0.8780059762394455,2.8097937154289814,0.0003457576867738621,-0.06747223737410575,-2.7480910756157626,-2.034915529910431,4.334793066939806,-1.5002627880875359
0.47275722652407937,0.040216113137966775,-0.3696842288257423,-2.1735423027837437,0.8601090971269965,3.5138239230773003,-1.152219870532898,-0.598231701270034,-1.6851132116182637,-4.589050452897436,1.7856786677548848,-0.37827634767895635,-0.6003206004034858,-2.3982991760530585,-4.246080546407123,-0.4087248653344621,8.463869061673664,0.17549568482333242,-5.30402958356297,3.081107122785982
1.7014891902769158,-1.0617510548260327,0.5159895570996867,5.5236788834563715,-1.3189110291448085,-1.964664132500724,-0.8435132173099475,4.57374353409438,-2.3874973892219984,-2.9310254966350415,0.8534954210625485,-2.9986238505293104,-1.755255585769859,-0.005041564240804375,-0.43321189787365144,-0.288156371553748,-2.189814234106686,-2.1728109639021733,3.458000679187628,1.4229631243604188
1.9138118196133558,-1.610839745534315,-0.6311434225740934,1.0944401843842957,-1.6074161820149173,0.45004885590140314,-0.5821634960857426,1.026224544310618,-1.4809220580682805,-1.5958407482196346,1.700503359382676,-0.9314214731705277,-0.2683211950040385,1.4278709647197225,-0.0341934056150609,0.8121880128861266,0.9254669750649063,-0.7142942232554675,-0.11948159540481129,2.218229485299716
-1.7472749018374851,2.034479837823916,-0.30851150177047687,-2.521282972553269,1.3240627207643787,-2.7815036745170705,1.7247504331518284,0.8547169696784429,-1.5203293664835693,3.1961887502815056,-5.496000439005254,2.182439222368073,-1.5314947990132128,0.43167090409290376,1.5479010039748293,-1.2736314559041713,1.223196313255118,1.783337975137897,-0.9662239208309216,1.4838445927120334
-1.171063523571509,0.9185540045699319,-0.7900508563490235,0.06698735640917275,1.852307933350522,-4.317283373342199,1.1490784638202363,-0.49314310948289086,1.5537451895287793,-4.789456784618432,3.8326336947446196,4.578433809589963,1.6667464228556592,-1.8453971843791126,-0.8944026477825144,-2.1670798680787096,-2.7657830859222488,-1.1048952042820954,1.0667728788704065,-3.0737591117961234
-3.2992381506015285,0.7494883426926919,-0.0452783209999784,-3.375547433965076,-1.2374915757532354,2.964142516457297,1.1951308376805778,-0.7299063336167428,-0.4934933434035266,2.526256289182493,-1.194727574216843,2.5729383933167287,3.3698151351453958,2.0537774248886165,0.35806175047316935,0.4245242001590234,5.160530257622966,2.300616975606458,-4.443252958558159,0.36273949675372275
-3.311472046801611,-0.09084822248539559,-2.4461920003716546,-10.179304144158964,0.721086565369656,8.335506135218207,1.3121485197020475,-3.289273242536791,1.1045648920523963,4.657591997656301,-3.9980764064639476,2.693495815225974,1.2739570466181098,2.1161907923014507,0.004374081267489283,1.4173157612439649,7.001621820245074,3.9971238467095778,-6.718803930402545,0.9972848782900018
0.20833104636336386,-0.78493309562557,1.0002809804258623,2.935037427352762,-1.3696227083940233,0.9135129409923091,-2.1128907634228997,1.2775249801451425,-1.4400944460033136,-2.8779977508999144,-0.5528893329702314,-5.448393838374053,-1.354654877579708,-1.8255538143270178,-1.3058656204856698,0.9228549824580129,-1.740008915905765,-1.5705218974699169,1.498301764566952,0.5077358722511801
0.520279057318642,0.27635734576283055,1.2178486013574432,2.5024891971477707,-0.43149051610996336,-0.7418971563161322,0.45998800325442507,1.1930585676467569,0.20504970535483666,-2.0111005977364638,2.784227951283819,-2.416468367553952,2.42010176508154,0.5240435321588732,0.6353720042194189,2.4044688353556256,-7.9134092584200415,-0.8591571463231503,4.077097635985932,-3.7463086938543926
0.20602718992881078,-0.17075101061825698,-0.22416294594822148,0.27621481004540627,1.085469396689676,-0.5841613153129095,-0.18561193249585622,-1.1112050500420465,1.023963400285279,2.9153688346951108,-2.7505573726150843,2.524932924782899,-2.454492073254367,-0.7575720915523226,-0.06863927011953785,0.15290882877675932,-1.8508218164630783,-0.09864102054323776,-0.17114363111499548,-0.2963390314736667
0.6679758982871672,-2.9998087535916778,1.3316708325663815,8.262078015807758,1.407236474715341,3.1038897382350066,-2.3743114375586893,3.2447882449557457,-0.5009905613961669,1.0586015609645905,6.524351388254711,-6.891965425592868,1.6136272530809976,7.070689901874786,-0.11258580504379789,3.485592475923849,-5.976464292999247,-5.0206817726903905,11.044255874135677,-1.66045790322144
-0.826444032900429,-0.19225045518709183,0.010375304690355648,-2.1624011080962457,0.47108385140477865,4.249922684985251,2.231675368457347,4.028816886285593,-2.4359250685326463,1.797812630819083,-0.7548775408177633,1.354744781615591,1.9078152583115378,3.6706912893346186,1.6189795344082918,-1.021237364095216,3.75196907913221,1.890868025198816,-2.709025566968572,0.9107814844331722
0.9054764963135755,-0.2880952451013372,-0.030353325200488775,0.3040941612412158,0.528129919284499,0.28333913302155633,-1.669181286660384,-1.4988775539495964,1.3072638218008252,-0.8745629204317272,-0.15854957863567665,-0.1456129845835359,0.5252159533547955,0.376848016334965,-0.8244602086386974,1.8426131235921082,-3.4241991797391744,0.5046111208359798,2.4336228348187126,-2.8190849835016456
-1.2413504176793149,-1.642342605393797,-1.4565156541106064,-3.4610938702691705,-0.10548467511703194,3.6714880713673796,0.07675041960283735,-1.8512045844636424,1.4168803443824052,1.5259636369051472,0.9985561462338615,2.2069272849587422,1.9843266879055166,2.287547134428322,0.939205226889596,-0.6548233893039068,7.735638595611841,2.3843763507559506,-6.282687673328054,2.2052959485735424
-0.9369645508262325,-0.03191749591422405,2.5312792166975355,5.4890756502038505,-0.332914339416977,-0.012585811799899482,-0.5099937215128709,-0.11911811029040309,1.3520237717196213,-3.120367312832477,5.765401668616269,-2.406007249783214,8.546415631299158,0.025710797942968544,0.9927222052957032,0.4521117622932006,-5.081444916906833,-0.5750319836991609,3.834716467032427,-6.776546429437156
-1.9027923475536745,-0.39728769457516255,1.85345902315138,3.695723496037788,-0.8843174158975575,2.494766138559654,0.44806851677195525,1.1867972661084496,-1.0827145680861459,-0.3012841551544141,-1.869075978157087,-4.289472933193466,2.8135971279909517,-0.6449638331725458,1.6736765823530506,0.7387514580012409,-2.4949234355427414,-0.7189902873124644,1.301287804842641,-2.7184127627206927
0.8707041404364473,3.0292436947326706,-1.8933293653912822,-3.8501909219851536,-1.2946236273062017,-3.767360551475178,-0.5922017297009122,-5.726864546501617,-0.1841250066898728,0.2617583744829818,-4.991454048667189,4.5445031429317595,-3.981617848122956,-6.559287671693226,-0.13200286263251643,-2.199138511473609,6.109831875051931,1.335627693246528,-7.368203638905516,3.6466349338470234
1.2059808700991512,0.918135111550495,4.39588082158204,5.38188385596386,0.867643928962035,-1.4542346423934303,-1.0570264052530387,4.661296614174049,0.32039207349510046,-1.689969992838981,-1.2139346179535195,-6.464766488152474,-0.14529612720269403,-1.068263035717171,-0.5575074646913862,1.1999550335560756,-9.659876027419738,-1.8077653363981734,11.14914638815502,-4.4817993618559235
-0.6586104387204912,1.013322654231481,-0.5061138304010985,1.9163659560957171,0.9362694997635788,-5.228967921523597,0.8871682862792704,-2.2265437775129735,-0.14956192927964895,-0.906877557876317,0.5259680584863456,5.081727540322667,-1.397807856855275,-1.5106226191238994,0.12680154082049164,-0.12030544062735055,0.13132142167339178,-1.672122617187629,0.29938508221530113,0.2104121991255099
-2.1808451690996167,0.5368106768992325,0.9709135525583037,-0.4510687106181396,0.34406667733224305,1.5217275840313116,0.8670169927005511,0.9553216075498582,-0.05520660178355436,2.5951617638307534,-2.732849761753589,-0.6050172979007105,0.5698892988397992,0.9554073727091883,0.03323716118308273,1.5409173926568136,-4.498413925055031,0.29191997140478854,4.169584904399335,-1.6085664743199823
-1.2002360907858807,1.9772462882117203,-1.323087285228118,-2.1439557466809447,-0.9749974182541026,-0.3541348583641144,1.4400009511278493,-0.4066404342915535,-0.6693044223600243,1.5313957759646937,-1.58539033321777,0.6060380068933635,-0.06283912631067695,-0.7123944099450202,0.8291697199669281,-1.6299248394118393,-1.3137337304393275,0.19985294706900225,-2.1898087155823065,0.3336321721637604
0.287609267806308,-0.3515987979434937,-1.0161801132700268,-4.244974444457808,-1.7548691945488435,4.422103771548595,-1.8895406350288588,0.15705379279128814,-2.4667398389314585,0.7656367458969173,-6.727855020409188,-1.7044977716643528,-3.9933447004784206,-1.8150301213590057,0.9364812504150288,-0.07412029897585473,2.3856861596984618,0.6279271484362294,-2.286183734957725,3.294207886612036
-1.9506171591893138,-2.499672677779474,0.04502573165361651,-0.5887869782523765,0.9492347597276173,-0.4588699466066002,-0.7144774664292084,2.921726388638401,0.26560673778196664,3.6193626987288914,-1.9988499734055047,0.06309537946808375,-0.6296669548218132,4.600703081367044,2.346452351310119,2.55906714943148,-4.845102875447146,-0.44370428829045083,4.878829107910606,-1.6216394468829844
3.6342162916790777,1.0435286479708898,0.2367440952800254,6.631830177467655,-0.7452101424091097,-6.381887748123808,-0.9090734008680431,-4.0586379125149366,-0.3237908263241098,-1.5473954998901533,0.977722776471251,1.0166267026935418,-2.3683616761830137,-5.7155568713037095,-0.31877403114926706,-1.1893000292265683,3.1693119763439612,-3.116831453952883,-1.9261387203448614,0.8026470516830697
1.501501500900861,-0.04792217128446152,-1.382228267962116,0.232362366901749,-0.7233515607929074,-4.2075616548818395,-0.7380973416570737,-3.767848579882762,2.2285687941161103,-5.014798087940562,6.258457062659843,3.2257375987277803,2.15781994526506,-1.9928556844669294,-0.2516589052186591,-1.7474322647257672,7.910340315012321,0.41579460085535613,-6.210923552782265,0.47415797966902784
0.043285471952668964,-0.0027805220519098173,-0.26441120612087154,2.0401086686140952,-0.23361553233528903,-1.184956232852539,1.42248598687712,-0.4422792166500874,1.2416556938082541,0.06756773615984413,3.4674264014576157,-0.015999766992629283,-0.09432378038969158,1.517107965464247,1.1347907443377758,-0.5974877455482025,-1.6177853039393617,0.10013628031537038,0.8533598571391099,-0.05483184497042681
0.9802973130331687,1.52787353726125,-1.7873656057802065,-3.321616772194727,-0.9507080548789928,-6.860037286714473,1.1616872484479313,-4.329634543313372,0.5541930285865305,2.2078534208691796,-0.18521975908303845,3.104537196710649,-2.3333168183109416,-3.2453738870713096,0.3090838966456826,-0.20532927879569873,-0.06126654439903545,1.0387801138591997,-3.280330501778506,2.097300623546852
-1.9379671008056474,-0.9425220108276376,0.29901941564472995,-3.168262871209895,-1.973296762357691,4.065023448278695,0.8101633653061567,1.0404882964012712,0.5348288429269208,-3.0675641319280182,3.985483783816048,-3.133485242824469,4.099733083989259,1.645378166630292,0.14775991537364308,1.4979319588423556,-2.340958974574838,-0.7481276690853211,0.8247639381573486,-2.5226806028077626
1.1639089547325376,0.7370597653850115,-0.044538716664146,1.9070137268465175,-0.2027746288463767,-2.4397302926645725,-0.19153626160596068,-1.1545605018687883,-0.7233494372702326,1.9210347516844124,-3.4761011676828715,1.4592635519555404,-1.6329547738819195,-1.1723807569388067,2.457434091890544,-0.7453202644481515,-0.21973354676281537,-0.12842453169038653,0.23168333144870845,0.46817183884041536
1.2128334040172966,-0.006723141853807624,1.6037794866363966,3.3866384542118855,-0.12860173166812056,0.08717002486721137,0.22637508781738747,3.1669623887983684,-2.1848928251279234,2.9506128066218817,-0.26462829948963695,-2.216221625444498,-2.722219155127337,2.776706474647833,1.1319678393875636,-1.0772603169040842,-2.8516083159258265,-0.9710588533801943,3.1361223326980046,1.8407221613934672
-0.6131932086693969,-3.7318761045346194,1.7715781069541143,3.3326673939069917,1.4627161883223616,4.991413862583615,0.17955007809297827,5.80024189182538,-1.5609399405135174,-1.8089249467366713,4.462302697024384,-4.533473756341985,3.0820376398949727,5.926889050385935,-1.5301590152101392,0.9409502722130112,-1.4129995762105172,-2.349959789934598,4.076261924033103,-2.0534580010521317
1.5144756711674972,-1.275852956468746,-2.9611814934418526,-7.807735349342614,-0.7112236271575436,3.2802471744094697,-0.06968310646672843,-0.21869929622686934,-0.8320152497492319,4.154466255779295,-5.598212456940063,0.7213264200834892,-4.926133902836511,0.4332940848565725,-0.2540920848267031,0.684169668464626,4.5700898220319175,2.6613014431151076,-6.163315221844812,5.342380102497272
-1.0893532783575215,-1.587197291066496,-2.1394230745220177,-3.0697071745128692,-1.1918434800160418,-0.35151806756566595,-0.45205655986016713,-0.059181345049985234,-0.5163907985124936,-4.545812379928468,3.6491334721436073,1.2083262174519012,2.201726212864297,0.7822429685311902,-2.0554905202333984,-0.31722190878055806,5.867380477500478,1.7747559655629286,-5.284037753036642,1.4572222132480783
0.14980822969814997,1.5318514845148472,-1.1999755240027803,-4.51521560661852,1.2656180441802805,-1.871899745890306,0.40226701405089227,-2.34073176399738,2.0068527446369075,-2.9384611716065585,2.264926057348923,4.521382326269603,-0.28549552159029745,-2.333569042412443,-2.8079251684683415,-1.0653185406964805,4.4782768719731845,1.9726999468727309,-3.7691145107712005,0.8073222194334274
-0.5584613628182904,-0.8989911825962091,-0.1541563091376702,-0.4616845525146759,0.19971253962742705,0.592326894733497,-1.0432783929036016,0.8785294544126745,-0.4063359037885206,0.44412870067694993,-1.2834621065411167,-0.2572344715214998,0.8511091262460738,1.1800550765036675,2.155337473745522,1.2828098603830456,-1.4563356782109813,-0.868154255059854,2.0453034415379507,-1.6399809448024982
-0.61876157978824,-2.48274856308497,-0.9169050475339775,0.3613279091683972,0.32390700474311857,3.6173097930274394,0.23259744459626877,3.4308782815725074,-2.4354668810865627,-0.6501701218762963,1.789030986076376,-1.3927910647517758,0.8504368947441016,5.941919819644987,-0.40751969376177927,0.9835737071328956,0.1444588701069309,-0.76190619377591,0.3677659954121817,0.057010931466532466
2.121246816190176,2.89873513080957,-2.964902324676552,-8.471213407724367,0.12777518727899498,-7.369202859739119,1.4135608786295486,-4.181526133296642,0.9908014014157738,-4.758457764947805,-2.020137695201789,9.490851382074373,-2.9549563366158944,-7.536010331275901,-2.685877331173276,-2.834051285825909,8.752932114444818,4.403595014898984,-10.201821448640745,4.770391074001494
0.3349883215988769,-2.537057741241658,-0.33584029533592086,-1.997024836809044,1.900952884679882,2.0855495549587775,0.49431317595090535,3.6419657246300976,-1.9956479989433111,1.5040624070122646,-0.33350464435180116,1.0457730351646757,1.8869270200588726,4.114353230410367,0.3683732320421904,-0.2582008153019656,2.906398259664042,1.8188223747687537,-1.6434508389624007,0.8379537559622909
-0.977838612827123,0.15361334390245293,-2.0586244202421278,-2.992723057746798,1.724780998297792,2.2861441441957933,1.2564847865200859,1.3030627030848874,-3.432999756353939,-0.934859958011441,-2.745491644595496,3.1996575290081486,0.6804251288493338,2.737182399692278,0.8155448735491346,-1.2246656211447449,4.0262621080678835,2.0827951738000476,-4.86718633330476,1.081022823467063
1.493376460999721,-1.6913841182331857,-0.6233574650474174,-1.9753057330817347,-1.6781830137088114,5.5349407492123595,-2.5225195423925952,-1.0751461217125442,-0.9898626084363779,-3.784698561295812,-1.1242404015943541,-2.0279826361510453,-0.24482104303842334,0.4729090094746886,-2.1477343551771133,0.2260054887527321,9.163697386154373,1.1383878747822298,-6.553936871326918,3.216404803552266
-0.9278676875570351,-0.5721365210286616,1.6724628735833458,1.306161882816863,0.20003904576766868,-0.8753001370135459,0.40669534848184874,2.1556345854328085,-0.26789231801619234,0.1334276810768975,1.6084563473516882,1.3917300057161306,2.8166637333451283,1.5996487955909253,-0.36383849422203746,0.8432239142150857,-1.4185258168230368,-0.20972704797235608,1.5284163485997064,-1.8084741103478243
-2.310265105824022,-0.19120790870252746,-1.4531223053683682,-0.19392642729307097,-1.4893203593989486,-0.15638900534658218,1.5298490637984419,-0.9782132033741379,-0.03222860609835615,4.484632232432799,3.279584980738135,0.6124251211828027,1.683066875857679,4.857582636735219,2.781124910233901,1.4924445748941904,0.616994503829426,-0.5423987251106483,-0.7824235525980846,0.8341566231053943
2.8797572287090967,0.07702306178145635,-1.219045407727253,-3.5970562770480634,-0.5171887920878157,1.1319652305348054,-1.4376982776343017,-2.060358654210843,-1.7239726985042596,1.2851012214130282,-4.593213396559859,0.8022014307909853,-2.754425465598917,-1.861215402026225,2.187792265007202,0.5350263734726094,8.186958056531404,2.105479443998859,-5.292240604060728,5.789885091743422
-1.8271234011730084,0.4069817163129186,-1.5371617550799224,-0.35760500282879,1.2780060882583109,-1.1310459626681222,1.9859808681370417,0.05734622279567424,-0.8868530698177355,3.0320363159673436,0.7970400117089982,5.114360464413336,0.9189241689727838,2.725538532381868,0.2168112474279894,1.0890469852768212,-1.7309588967030387,-0.9336120453507819,0.6948383202858516,-1.3456409964791642
-1.0446101081807473,-0.1027346553109888,-0.8214106978574707,-4.046843900686789,-0.11986866960104686,-0.3584378243931612,-0.3342823848519964,-2.6753112831317485,-1.3854681388440717,-1.6214230072481661,-4.087231408959237,1.1665766581098154,-0.6751255440293965,-2.7748057877947883,-0.4531982790524089,-0.13146099770766934,8.978015880256669,2.541025857500479,-6.621757592538221,2.7138458926541844
0.8514999676409831,1.159553731428765,-0.7914938986122971,-6.1804130491563125,-0.6526778694004093,3.812694164016849,-0.038750208301907216,2.1867207148578367,-2.0930664151384395,-3.0298925347198673,-2.1633971148234457,-0.06350445572719968,-0.157281361149181,-0.9973613727700597,-3.504964874061189,-1.5794047747954916,10.862815175473399,4.21920015592322,-8.346918179728585,4.835892443189424
2.0335841182873122,2.285150779112846,-1.0407718413289488,-4.297299489002825,-1.5858068447770635,-1.558388761910503,0.9124976314420551,-3.579079129830408,0.4760001280676788,-1.1060250966259284,-2.8635606728937404,2.338399728308758,-3.0397679842600773,-8.007484503099175,2.267962900635035,-3.729930003344446,7.108154518335877,1.59851807475762,-7.701074456698693,5.370591143426024
1.5707613996424052,1.7424400310434651,0.5303818319724849,2.095832479929996,-0.06044343797648581,-4.5829259085629594,-0.789342460804662,-2.771483895660584,0.24165031441279713,-0.8398336296340299,-3.1899240267557767,2.671035487069031,-4.234726012751869,-5.152168782533198,-0.11306683050352229,-1.6705549308054857,-1.002667209944522,-2.4541585883755728,1.501117194867877,1.3594825994806996
2.61932434865085,1.1213654802307398,1.244617582634529,2.972457345276595,-0.6508197559620451,0.6996204896305385,-2.435605677025485,-1.9227563910907084,-0.6886945092415294,1.715977102077194,-4.704039798680042,-3.4521932568369498,-3.664101996048185,-4.9257528043468595,0.38335051168798184,-0.14217061190373595,-0.8844157505553082,-2.097707994067128,2.679013228133076,1.6821081735747874
3.7183173553067403,2.184578456126499,0.10345729583169193,1.235436160327622,-0.24510558126075002,-5.302819946271043,-1.4085137659981195,-2.7372909275108612,-0.013987832436762349,-5.333210464061495,0.7856074318838018,-0.20624370501489508,-3.630360843899314,-6.25207595288421,-3.0759798830637157,-1.4196230866818063,3.8047865842522204,-0.5471211799329873,-3.481339116851874,3.346984154639374
0.6474705793416916,-0.06338387973160375,1.8321546397540316,3.536547547690386,0.9045047154749687,-1.7180107231749913,-1.629494162660175,-1.0289022645382273,2.8356996305920483,-2.1828056309017363,2.4034559264724846,0.8015365704825825,2.1128557006202184,-2.209334389679833,-0.8211128860528236,-0.7388528581829013,-0.804268156205425,-0.7800432154484015,3.8922235237897063,-2.9757445767858
-0.42045698014315636,0.38887634326114506,-1.3128384493200487,1.2231330610976583,1.7042710487734776,-2.956739491866339,-0.5504223366181946,-0.3997316036749603,0.6043981906469601,-0.370430723665636,1.6154934084380388,2.8483912453177167,-2.1059274297779145,2.0775866925289934,-2.344313286959519,1.3298790772214413,-1.435612855741174,-0.4973532707236614,1.1905646894584296,-0.6092029918705869
-0.05531252461681227,-2.337065748438848,-1.4999360699063613,-1.8533115685478576,-0.628495539881245,-0.3519848152842869,-0.7107679082341386,-0.5625023883466393,0.10363168136249953,1.8207471802055228,-3.7978416572589047,2.6165106922528802,-1.485465547769889,-0.19787650145631708,2.6023208463188046,0.44022115968584913,2.32326793471322,1.2212329526923358,-2.1695470367527605,0.6001928574583166
-2.0233738588795536,-1.2740886169771228,1.117169318815922,3.317118479883991,-0.20914732963347663,3.562701581126911,2.241016310188621,3.783011846113097,-0.3280645279413768,-3.766413553313537,6.381739716333626,-3.8170361325526563,4.983687365328175,4.003547869638765,0.21665778234219735,-0.6395084813306516,-2.130663062617215,-0.896250787138996,0.8584138193790936,-2.5191664253088724
3.3754866128006897,1.4064338990794347,-0.8297904110189855,-3.57346535927467,0.30940454085354946,-1.9141520101806733,-2.5581528419028263,-3.1534103763088805,1.1201599339636021,-0.12612147873390855,-4.845445394985566,2.193923196745003,-4.924158370424819,-5.336034220546312,0.41977349617431003,-0.2585070807744593,3.6569362600003767,0.5317533281223248,-1.1939804618956413,2.8875564485642222
0.4139810076496204,1.0493484743760835,0.4096112557089872,3.954684870201721,-0.998359454116982,-3.4434584120623417,0.04895392025753523,-0.2535970780859744,0.5738597675861651,-0.29186736388120393,4.125934836114771,-1.1400086725394631,0.033870125655545924,0.11658177524994984,-0.08026281648871103,-1.0082724268611496,-4.6312438923660055,-1.8856824450649146,2.72200072793497,-0.4486604881306997
-1.3163827209674486,-2.809101881294204,1.2775510479850747,5.153234696135628,-0.3935475635959579,3.128776229903375,1.9831533464697664,6.376666571434417,-2.548998134533768,1.0804597116189276,2.617288389221583,-2.5434777796743435,4.8865245248479265,7.30537036702832,1.3228339518943597,0.7828078740113186,-2.0225388788983047,-1.4598515173585596,3.8784141777458414,-2.353381908317776
0.33719007938486834,-2.7419189545196634,-0.21993821769487198,-3.5950567726847082,-1.5187361116734872,5.520415286677833,-0.6683040462336538,1.4904578976805438,-0.9458488474917291,0.6657354600594976,-0.6457264855217282,-2.9241465433648406,0.8689164361061031,3.047786332912941,0.05368902705283052,1.7043540749107853,1.5972537872835213,2.5397077763482203,-1.7769360869987738,0.9314189237183761
0.5294393479952447,-2.6575380216251014,-0.04916924992632553,5.760856005724622,-0.09438440894414588,3.0830419394003274,-1.3045663673236343,0.9846599035644701,0.4556848616160649,-3.2201289595150246,5.946469486945405,-2.6367949049525006,2.1830815735957265,2.3596441340684033,0.9261478638966337,1.374497507202897,-1.8294838357085865,-3.794597770526572,3.4427404781444815,-2.9252970757230745
-0.7977040714535789,1.7223434225613328,1.5914704421559391,6.738046326209374,-0.13359248312449437,-2.075209326288927,0.7846875705450528,-0.1587800346225311,1.3794627374282156,-2.539482684903145,4.349103082872296,-3.227174288869545,2.4786886120254232,-0.8823958162439017,-1.0649548134298665,-1.3559024281390357,-6.42416730898649,-2.586508160418731,4.582186991978613,-3.7263409182526224
-2.8849664159764217,1.3654300648225446,-0.172905946115435,2.0796001969706324,2.6532771263708717,-2.3527527826095262,2.158106515707079,1.494569201932967,-2.890894201413951,4.394918631645899,-1.6390055997024127,4.788868271828289,-0.5609352213117467,2.115779164160488,-0.4941415698474262,-1.1330830977831075,-0.5755778021993243,-0.4455275953180673,1.0846953129302872,-0.6171645418594622
1.0265179639855173,2.9219417428566326,0.10466508629465167,-4.158154721241517,0.23270520988479088,-2.4340465999741783,-0.3353160241258813,-1.8656570627948044,1.5075631902531335,-1.1975088802089424,-2.1753486840668046,0.4352061023922429,-1.0221287136083383,-2.909564616594851,-1.2832242110975622,-1.3813639112653735,2.9609147749242193,2.5268791257907486,-2.003733927145279,2.6063894164711874
1.4797321721145937,-2.142390188699212,0.2902094686140492,-0.3853508280398417,1.0912863352808702,5.114095707870552,-0.5060181713466638,2.823455795444194,-1.2437749547743073,2.005749429542306,-0.34846574721927104,-2.5645383437350073,-0.5205472786719295,3.0934832505761185,-0.9832133566544551,0.42582308176195754,0.4173458752317063,0.4842650949639056,0.1087328487702261,2.66044317127833
1.7343937212672882,2.474572458796075,1.482195937471168,5.055528175926373,0.2951114077073519,-7.655747719741756,-1.7300697262679812,-1.1344863927893987,-0.9949473117403449,-6.336128130029131,-0.32832782762929136,0.9792294420452806,-2.296192362458731,-6.7511155313873354,-1.8726820712578294,-2.0110276855734224,0.5120614705349232,-1.8679375755004552,1.6665558942635763,0.3021460121236922
-0.38314371452129764,0.7558342610162898,0.11580906486739122,3.691346249996478,-3.265099022364853,-0.03354212533715206,1.0766022515614493,1.571799691410571,-1.3396903917170504,-0.5215725779779254,4.978383511885414,-2.6775318233477767,3.7232251055592664,1.6666098500036859,2.1522610277682945,-0.5987940788117375,-4.677763985832142,-0.9825513495110414,1.8969122247497234,-2.463106334406838
1.205000505076674,2.8195463291600245,-0.21496142888060546,0.7653754945063787,-2.7003396271313567,-2.1866865847356105,-1.4911424103835142,-2.778544233766845,1.559325645633662,-5.57302940412426,2.77178205318385,-0.4126204279435541,1.2687741050751695,-5.436728679871845,-2.248253237408364,-1.974554489857865,4.247425591263166,0.6057109610862833,-4.749730328039789,-0.36946763801574733
0.5854389618269517,2.36838830027392,1.2805794631130236,3.253041850258301,-0.6930816989441728,-4.690511182761767,0.32951146090325223,-2.506581327122961,0.5781922150314595,-3.113176589098871,2.1153306248840793,0.5653034808394947,0.5846928633746094,-5.107192340742333,-2.392851298992347,-1.1581189179190583,-2.789590593064062,-2.5607512869827636,1.5268373471739787,-1.5970872985951006
-1.4943900548335098,0.0032914114814280304,0.521530966093434,-0.14075910871310826,-0.3069387998061813,-0.8948573838043037,0.22251089208203784,0.9898294010765384,0.7926134184370297,2.2630587420885915,-0.2865250886408177,-1.0278015035107242,1.7143130485988045,0.4746359039031789,0.41312918382177233,0.744646290691915,-4.210682026971269,-0.3052661790914958,3.633238872839648,-2.0211582479861683
-1.1163627135047811,-4.195581457349734,1.759310914044755,2.25202260654404,0.3198493565669434,6.588864776977826,-0.11126408108439129,4.492005747477125,0.03537649583067359,-2.2621800998511543,9.135220301935824,-3.9458165074734115,7.203581045087312,8.800612128651194,-0.7472585512377024,1.4292678717705405,-0.8396859748954077,-1.2748643463121831,3.7526955375428304,-2.726736718726968
-0.1940677902574578,3.2270596760608137,-0.8707000703292811,-0.971463493013291,-0.1348930250302641,-3.4803945281166295,0.9159291806848711,-2.9690600816473007,0.5718958177607314,2.5492662818280447,-3.4520940184690314,3.6754679941131747,-3.1216950946621176,-4.971056909757415,0.36568926908681965,-0.3194828387249838,-2.412697403655953,0.36609992614024744,-0.9600622560310796,0.5713942836597492
0.2528587502300097,-1.045317301089664,-0.09913721540162046,1.3676951486658055,-0.4856258262158128,4.812538542904475,-1.477788393433634,1.4810003993027774,1.073568964627785,-7.537384429769018,9.42273401760837,-2.6674211770689285,6.774770849461731,3.7708565004800407,-0.47879214803126174,0.43388780120819315,0.34972618451144266,-0.290378444462237,0.7369825616381646,-3.8978562038709192
0.9765780611136249,0.5514229047753523,1.0006749809905466,3.3693838127443216,-1.1643375815219974,-2.2194150283446272,0.38491988935232657,1.4224416706994305,-0.3332048091674295,-0.7721545536923942,1.5784654607157331,-0.63057302782875,2.614012389867786,-1.6370891592108747,2.908392223640245,-1.1741347219992142,-2.642979797877987,-0.4914990708100379,1.7802009295159449,-1.642243265132124
-3.448197498444549,-3.2525886482301516,0.9399076956022787,1.1822027808446331,0.8056749161575262,7.702758929964078,1.463981923954488,3.6969605525801317,-0.9596683000865371,2.5264963517139414,0.7448718063791762,-3.1064206579021363,2.6394907334141435,7.543100202840126,-0.8406563478359272,1.926167574731064,-3.6763411124622647,-1.3878297629309535,1.7194515948819973,-2.9057594060610796
2.17820652193974,-1.5693996454072123,0.6866382470478507,2.1747732337331205,1.4628655387973968,-1.4814110181046358,0.23715911507110254,1.0153893580449287,1.8276122527099579,1.3389464433074876,2.249313217068387,1.7703161097192752,1.3322435823225596,2.2767347723294282,1.0700170416030241,-0.4816037907605332,2.590451756670063,-0.3356008407606321,0.7854318586021873,-0.8024441880043425
-0.752996330819694,-3.721814894293896,-1.749266378013383,-4.116686075164308,0.5571846299109826,3.1656169971681942,0.43538243790521747,1.5964713162344681,0.3593041385514445,5.53259562588409,-0.26680849626317216,1.1817595956914881,1.0926239241730142,6.123748886168795,1.499202905823934,3.6150169912701586,1.1324316467402133,1.52840500975108,-0.3139417887902405,0.5060277712117887
-1.39361521343108,0.7477535209511712,1.2589855354425183,6.001224374542154,-0.2325469034470608,-2.825841816608214,1.1852105129759396,2.4526494082444157,-1.447989445377624,-2.6135038024750386,5.3885606475632155,-0.9205164225013911,3.090221275923608,1.9171538131395471,-0.4525649719611626,-1.0228444555727185,-5.272780043404974,-2.1964173134832845,3.5101898877594366,-2.051206784287094
3.2802002407395356,2.3838963619169826,-2.2458264410300837,-3.7046271452560324,-1.8951064324633229,-3.4847703389465607,-0.5534556993759439,-5.143112960750678,0.1450893655576889,4.755843147973127,-4.823246028418156,2.091422604031164,-8.517833495006466,-5.027716001860979,0.09783461108194291,0.25251591149325103,-0.1687335596470061,0.6719356374433534,-3.755080243444308,5.302269023206222
-1.270817480817966,0.4460115178773372,0.3206751031314369,2.5081352680974107,-0.7463145108484387,0.04121317822422768,-0.3222760015211126,-0.003245354311194155,-0.5482519289544933,0.6704664474452132,-1.00281970957135,-3.871325009310728,0.4821447666714539,-1.367939345190285,0.12796126984767595,0.39017786092396856,-2.7442368756309667,-0.6299990555670922,0.5761813860524146,-0.5774857578145756
2.406641119924704,2.4719455761336224,1.980825628988362,5.138950256388937,-0.013023080149763647,-6.419394036503135,-1.1715516182784864,-1.6437914067582404,0.5724935766688241,-1.894187344859198,-2.320210290336076,-2.1344791075976732,-5.771487100685973,-8.298837921535998,-1.8014599392971737,-0.9719324227590476,-7.149850986709708,-3.3259243573244657,6.80757804373671,-0.329849597775707
0.6517246737539639,1.5015713591936661,-0.608873097414539,-0.6329609061734079,-0.792521233960443,0.1786156805744441,0.16525327681745194,-2.360323104783699,1.6203585234780706,-4.596749651968646,2.2712385427318074,0.40778763596315026,-0.347999408393766,-3.228478005745722,-0.3612503430750493,-0.5081252081718083,0.16986673163013516,-0.5160909789603474,-2.321520434872541,-1.2270346782878088
-1.6356999267127097,-1.1534512354592417,-0.04664075042958943,1.391286011342964,-0.7268590759632885,2.238997000879106,-0.2527838445092031,1.174665771970747,-1.1297053974319722,-0.9997102344749746,1.3308037249688591,-1.7550087190940384,2.3256147484825553,2.754770578280173,-0.2655127050358653,0.9063703936625397,-0.10600680375665228,-1.0262951493044925,-0.3482920133059486,-2.090151247678943
-2.316287461356891,0.9362511637500043,-1.174386109857292,4.101012855924922,0.7051880385260778,-6.59718413467377,1.1077341091671347,-2.2725169388033306,-0.25702508192354917,-2.401093572968631,3.2031662117199895,5.149727395734249,1.8311448032125268,-1.4687670251236096,-0.44827158975832376,-2.1844844404457517,-2.6464709263671544,-1.6595533398130304,-0.7411807454270267,-2.133292963996286
0.9947208602491158,-1.2937765404776271,-2.069462421507022,-2.762375336536523,0.452138438824684,0.6688569895470379,-0.8568017706091177,-0.5626853294791612,0.6447619263596033,-2.440675334868221,0.49136712970553287,3.658571338578148,-1.6050523326580297,0.3825225289725984,-0.8175326522249375,-0.5088818035474234,4.53152392523918,0.4573521348044056,-4.136514825317497,1.887275967218124
-0.9480930779682674,1.4316915727201713,-2.266533301316961,-6.3293815316539455,0.8750192682632725,-4.453848790769696,2.2875347342144154,-3.452856766805897,1.3906260169863207,1.408932534066459,-2.162110253059006,7.447962982631235,-0.25240604292030405,-1.7963951002875354,-0.5738719806164752,-0.3105382490455448,2.466819698844678,3.368356940713559,-6.026819799247225,1.2615752813765861
1.556226590893394,-1.3444324131589513,-1.3442947931920992,-2.0259488058575865,1.9884644074680884,3.5249785868738597,-0.1195967848622011,-1.0318399587569083,1.0903045030021459,0.062249692346614524,3.3146332053126053,3.0638718951142874,2.195908740220923,2.6947931653976687,-0.5996373360220093,1.3968733918428402,2.363784842153708,1.220915417531242,0.06597848855690303,-1.177613468240652
-1.1979102540746953,-0.9045031628811038,0.10758546159134906,0.5183260972079229,0.058075931596006145,2.9672151424943967,-0.644841302201784,-0.4502736767099563,0.24366450422307334,-1.582576091031789,2.313598444454865,-0.008453527282543227,2.3815690843489277,1.6065986274414725,-2.3287018067477567,-0.9829940783059079,4.388207174837862,-0.11996525871991366,-2.600141334413452,0.2816854535775352
1.9866668257520674,1.9213233434748083,-1.4206117403853735,-1.5603573604729428,-1.11799001238597,-1.5104682959977505,-1.2094702817759984,-3.064109833555954,-0.6913952182497031,-2.7998604426476144,-3.3978127776605866,1.8948007550485193,-1.9119525893752314,-5.404210743425123,0.03588812618662951,-0.9840887584292407,5.317499316800348,1.0028097636869227,-5.114422923411038,3.0141496794229496
-1.4516704475403401,-1.1232678426830713,2.349285011410252,3.8510383467954865,-0.6432180781885387,0.9437154811564747,2.195874385612725,4.910900915163017,-1.596456913782957,5.257588697728054,1.5512361176555518,-2.781689898695051,2.059074968518516,4.724460720123673,3.337144660055676,1.3197452572052857,-7.068119952707421,-2.1124759522073546,7.041074558139985,-1.900470933204828
-1.9354886528969357,-1.5283588526566845,-0.3703796959302858,-2.2618703631851225,-0.22678483193049023,3.9237384963284856,1.3529316830349145,1.4205634066637254,0.40406108587044504,-0.2508715104882637,2.028077677756045,-1.4948199421142525,3.8426247702869967,3.761498938298715,1.1109742041091244,1.045444499242956,-0.6286517427456086,1.2918119806825699,-0.10568032116180637,-1.248572205699484
2.480622513648501,0.942650086385368,-0.5030214147324332,1.5986835694767043,-0.8149626989760584,-1.603939403478284,-1.6888749673847536,-4.785682062562406,0.9852779391333307,-0.01016936447204797,0.7276300157881767,0.41985780138793477,-2.8871363634778704,-4.290456241288108,-1.2593378938785498,1.1538560983367119,1.3753679366622626,-1.2635239308128443,-0.3188560975733696,1.0007931860374057
-0.5037510366946338,-0.19396285725758095,-0.5961434958233119,-2.463778503300826,2.6962853524023536,-0.6488500900875407,0.5882246565201725,1.247252395497075,-0.9914936729728494,-1.5363170665742099,-0.2409448208182569,2.354419713837652,0.3017271120927982,0.6788293046911622,-4.686323207822802,-0.5431835298006528,2.364814112155345,2.2279811744618208,-2.9206255002672896,0.4981112813213793
3.1573621629094033,5.315225978675521,0.09407782062236969,6.080925606741028,0.27314686354247375,-11.051927327608057,-1.1731207553042031,-6.473005578812847,1.197645761794701,-3.303978145169384,-1.2356290529946024,3.402120569813415,-4.997859298792535,-11.478463995222512,-1.703593952881119,-2.946496673858828,-2.136657500560163,-3.069368161061794,0.8900910834620381,-0.3858880480824698
1.2067808174330572,2.750104625464813,-0.32218911806291645,1.0666502375773714,-1.2598450624298578,-5.073194728362206,0.15279276768458278,-3.038616160209997,0.10637561024619208,-1.2104623024080694,1.0980683287164963,0.4714801614532096,-1.3228928096775023,-5.800181806349386,0.32181649754371006,-2.6398752503942546,0.9384707384576052,-0.9603219845043864,-2.5808550262430483,0.5016664020267941
1.2235707575029444,-1.654371202600811,0.2034393080343805,0.5637393434648246,-0.3001709188101532,2.208188191097057,0.21436454798709972,1.3319207573638319,-0.23232708217442127,1.4973969787557733,0.24098862066090376,-2.0208809869354205,0.7317873799867202,2.0803622907564425,0.49684985096746065,-0.44283036923648667,3.2772251065654303,0.8218870722725264,-1.8677638343358454,2.3998371237316674
2.1333976033900455,0.2679548004515406,-0.0668361575468051,-1.9125000906555065,-0.9731790697031732,2.584889932932983,-2.4860788982844095,-0.02196118614171394,-0.945219058999607,-0.09160911497353919,-4.062937543811405,-2.618710100805165,-1.4211069663194138,-2.2706774021885754,1.466066568408097,-0.6032833126862681,6.072922291503356,0.021084495303876613,-2.618823205101083,3.1477131830582534
-0.1242035745428603,1.1145750145957942,0.7853876815562468,6.3889982416474815,-1.4925432546632518,-1.844000949331226,0.7865574113438258,1.2345137233612893,-2.5470430157190984,0.26396144019800427,2.9889441799429424,-1.328567752385666,0.8330240486932934,1.2253613441966809,3.849787372609388,0.4676291617837119,-7.520925038552468,-3.999758860608981,5.108191947562217,-2.395635076349496
-2.579892828426045,-2.113811724382133,-1.3422270319714915,-7.385491978547099,0.9940915878971225,3.2960927538399902,0.7150486771609943,1.1437477181544922,0.04231297665006598,10.56284657634939,-8.227255050189907,-0.9331271771666327,-2.2184259592229725,3.803107053620779,3.6475999010458198,2.287047717800286,-2.1576345951216767,0.9955252832765393,1.7283288629866778,1.5548201739715104
0.8990514983918196,-2.4856059567073023,-0.8235440897702756,-3.1709152370807643,2.1475455979022056,-1.5038295218563327,-0.21082990294215737,-0.5629893295567137,0.3973273755198921,4.561969195920998,-0.7193116851962951,3.7787222404244796,-1.4546926292040305,3.488527031578579,-0.4081943653960285,3.591455067419951,-0.2473220051269337,0.23370366061351067,1.866052495633229,0.5046418835245007
0.13277777351551046,-0.30240799666398543,0.6082022898837636,0.04296538447107556,-0.8152329397372836,2.695106076546989,0.5170271554631983,-0.18932920259012487,0.1312257317278246,-2.098918501010866,1.1678129521034342,-1.1646244180359122,-0.10348875249276701,-0.21176696272318818,0.6318301248740327,0.6483376729729982,1.158425916609846,0.38258337292003425,-2.1931619067014037,1.1791984306070058
0.07065973489255584,-1.607920753764535,0.049848622005878154,-2.4130154404037136,-0.034627225052574935,8.134337679200113,0.3284375624021716,0.46243790580577604,0.28270842836121474,2.007661010673315,-1.4711750449066154,0.22597425601547805,0.8681484951068179,2.0466193728625486,1.2289623740948137,0.30956321061297665,4.493220234413322,1.924852003473404,-2.5946240832900593,0.8694709685645499
0.48913023817976087,2.998340764641021,1.103153988522174,1.4515635831013043,-0.7493989070744594,-2.2266962761165034,-1.4275577734749407,-4.167672924028509,1.3586422739746793,0.0849863984390461,-3.0587135973625967,-0.8555101563979475,-1.3441652361492797,-5.6717416101343785,0.051052681401134614,-1.2375371118272174,0.8713896797588114,-0.03090830727346594,1.320797017085352,0.11996399630247578
-0.9182859284011706,-1.972283792054518,0.3429544101729745,3.6507957036007443,0.05608896798351754,0.3676957256533661,-1.0727102643872533,2.148267622494347,-0.9503433232273655,-0.392163871508153,-0.0025198190681448573,-1.2222411798272974,1.3023849486631633,2.699745512599731,1.2150800841518201,0.27474102007303103,-1.5055467748672542,-1.133543840111289,2.046456605149046,-0.8275722854012958
0.3398910655105767,-0.22281514810030711,-0.026868337240217446,-5.974038868925807,-0.03905606224058976,5.121046055475798,0.951464272916808,-0.6547399034115517,0.48549648820542984,2.639187305714502,-0.29888360931130475,-1.4842154168260315,-0.9800023147872936,1.6480910328081406,0.42443483247017855,2.2521363430567662,0.974465763872145,1.5248303099296356,-1.2550190913741024,1.9396625339881475
1.0921720659690708,0.43750923752087734,0.7914109684709111,1.7068405101481674,-1.408137287649514,0.19072108431044277,-0.07837078337841201,3.596521301447139,-1.5929066625542532,0.14704383731442622,-0.24723157338353835,-2.578594297321883,0.3105122271895375,0.7354535453854698,1.1711752806609863,0.6980784895022807,-2.5462673669558846,-0.418500700301933,3.948007315340739,-0.5869972090720923
2.1325466409637692,0.7020602623092691,-0.681353783886884,1.526318461115187,-0.8619131424501864,-2.6294949515011714,-2.1317237376731466,-1.960674952766436,0.5966624002803259,-2.717218709863355,1.7407347776174196,1.5703926767759502,-0.5821169870366799,-0.8013016556081394,-0.20657940686607618,1.4020238682494897,-0.9122517905605145,-1.6694272985311898,0.9478719070569208,-0.05241164514754604
0.05919288958752311,-3.7354249598848317,0.25921465517287456,-1.352900057768454,0.46167877073175256,6.704239338326978,-0.48999717578656277,4.080229439581448,-0.8455881699005641,-1.0514425844144009,3.2792782056757077,-2.993775956725709,4.04860189753887,5.731274777323456,-0.9572359677043674,2.1205739269078565,1.9463239855232142,1.2542370443237663,-1.017068485795606,-1.050081538065528
0.35479633764717405,1.9389689938103625,0.07779256887820135,0.9875887450101271,1.503468081646331,-2.8946312754866024,0.25051993650396764,-3.7645346237800648,1.308628161735347,-2.8488045355492817,1.2048869753622085,2.9989532384377604,-1.0182843705256923,-4.505439833756928,-4.329485118180542,-0.6236226252364364,0.12656941417606649,-0.06839176995257053,-2.392396047840039,-0.6857732413027227
1.161035015122912,1.469208572330293,-0.48100201906251966,0.2076490303089823,-2.7277189065232745,0.7798034121964939,-0.5730835942399655,0.933201360686919,-1.472461301987945,-0.9310769819543219,-2.807993299917682,-5.433715792079733,-0.27795150468451413,-3.9429254774651947,2.3984433832400205,-0.3078267094036297,-1.452805823042562,0.335246102197302,-0.7044489966382548,-0.43582946068083084
-1.0411250280492963,0.5030004110052011,1.3088615721069918,-1.242048337300725,-1.8208074107872825,3.0300674628842534,1.1340034182778251,-1.1287320283439344,0.6081675768883624,1.3639235476747729,0.6354649296590831,-0.9608708851041672,5.097418618984162,1.4741052589806327,3.6736949864624986,-0.34055392451288086,0.0837579356006114,0.9181245737470392,-1.0000527369770094,-1.0329767000336436
-1.149250038275979,-3.19791620180216,2.7690457708588934,6.491892289506548,2.480792323669743,6.887112433043388,1.2526312432397861,9.447602304511033,-1.7978453437821211,1.1927423350693536,1.3094948659266747,-5.17301054315804,3.2965479021948276,8.758245641258823,0.7138447091488802,1.4302223132557075,-7.278245330788461,-2.355014802861793,9.073187980149227,-4.886244949828836
2.3913295023840604,4.699278091774265,-0.05087002705649902,4.137061610383787,-1.7860275101351164,-13.434066855336901,0.19552140290161868,-5.707977309367865,2.049224062760587,0.2608777154071851,2.0132239246136807,3.3340146321601667,-2.5189661985329987,-7.26519573916917,1.061589978508718,-1.9979769832822274,-5.098425235572473,-1.9522830659121777,2.707809873211139,-0.6266981213979542
-1.0449975199359613,-0.9762757807542477,-1.4929010872993507,-2.464911531936894,-0.36501664215433605,0.877049783848086,0.5271431666920918,0.6333461117094872,-2.0322525064912975,-2.4155633401343755,0.8180837014728647,2.94679488532978,1.3581901554965001,0.681017368154947,-0.8062207085569664,-0.8791327435319063,5.7869764573766895,1.3452205179245718,-5.077124986070156,1.3359621776383797
-1.9730977079621088,-2.414306960945644,-0.06902128461715024,-1.3083207315882306,-1.7641520336630017,5.659276255620475,-0.6474230850845406,-0.2102647406997602,1.5493163337973943,-1.474809815837298,4.8158657482941,-2.447831544401378,7.141426122599289,3.1574032219676624,1.6025192150662688,0.06963250172413035,3.913314048013921,1.7625094014586669,-4.2533975437324525,-2.414082072409985
-3.2832564264211523,2.023092718522581,-3.4759314693568344,-8.400912742016276,-0.08640168063528061,-3.170904483818919,2.782291065816665,-3.1627819243049418,0.2987338510504824,4.522987414131113,-4.121664622341598,8.386964835142845,-3.107515108671403,-0.6350365314463455,-0.8862887746905194,-1.1865310200653643,4.043832486987792,4.056163690649026,-7.531671804535382,3.791232060244911
2.19147027109899,2.046191196559665,0.1394815822828709,-1.6857928090962402,-1.0138301962173393,-6.690890660938431,-1.4354396688846227,-4.120186521048646,2.212895204116776,-1.0736353296913328,-1.289705479212004,1.6911670965918382,-3.54297123301916,-6.176192332962086,1.2643466939896957,-1.1367352054480826,-0.35253634725939675,-0.3571366678800866,-0.6835994715086152,2.1666832185114235
-0.41680226921167557,2.6005474245399345,1.1095095680169076,6.158039983232072,-1.4988040811461796,-9.289508632910142,1.8697202210367954,-0.8425044234175548,0.6375054600900734,0.8861781622165211,3.2205655078518185,0.026365307287145673,-0.7084319666145847,-1.2413881166102736,2.739365988613794,-0.9955458599483072,-8.203500389989566,-3.239500022539277,5.964523535505316,-1.5789883486446792
0.6524478936599778,1.0339248755832704,-1.1138439411456735,-11.115266129013738,0.5912903175900538,7.852404862455079,-1.3259157919578473,-0.8454378572344914,-2.0637238319580384,2.9179703738591973,-7.512376862639988,-1.3394968844496629,-5.536916979801277,-1.3020545941536448,-3.7117197961961095,1.0194988939236944,8.8963673156862,3.8531495440969388,-6.353114590020047,6.614257527409423
1.0858620863356594,-1.3811774027124226,-1.1807201121059014,-0.11249099495159232,0.3000694741155819,2.1582947132156582,0.7370823410759451,2.484564634791954,-2.5604222478501604,-0.020256692996952208,3.3024719301558374,1.236538264831217,0.7100139941022454,6.231459052684689,0.2889827804294409,0.8085765065684337,0.7258582087116592,0.7245941074574015,-0.7757340299068014,1.3911419202724435
0.025568178561119925,2.116495770136747,-1.8026289953197698,-3.563567076893536,0.35780998307118694,-4.576781986229895,-0.7512303873561572,-4.192547426190418,0.4275238963065585,2.864384492476284,-7.8572821949053555,2.413202402841113,-4.77439746408213,-5.861138684855701,-0.2725251864258873,-1.3917437191702897,4.795454802622565,2.0925730190723204,-3.772393041539001,3.8334463019436766
2.135884539964894,-3.070677685820325,0.8273054385449233,-0.4606824031848369,0.7081210800450111,4.291233336173731,-0.15339173379254123,2.9209441143139685,-0.4371410493014734,-1.4157248470680752,-1.1346286145259727,-4.229592171897,-2.7829332607114745,2.8881343245002453,-1.1199986110236082,2.0393368242864978,-1.5960839839109378,-0.32194360718905213,2.071861150921542,2.103313958253061
0.5159717236967494,0.10484675005667898,-0.09329535811884582,0.7473099667795465,-2.473587597679967,1.8050817500861274,-1.5786709275685014,-2.2034816327035527,1.760618830710684,-4.100134653016311,5.422831177304315,-1.9051430037341397,1.7805405839985817,-0.5281348020615262,-1.6520611537480583,-0.282892742052544,1.1588563974054218,-0.8250639300496763,-1.2984441379531884,-0.03650507127657332
2.060756622663839,2.7103963159032642,-0.05917050203277523,-1.9375383496797436,-0.9131899973140097,0.42398134942138355,-0.5168748495498584,-3.58376175555083,-0.8082394277883131,2.612437614902187,-4.937981830469379,0.39321152583516183,-3.5724905657901758,-4.482602985679664,2.1534434738116492,-0.5515012723172982,4.959479397530197,1.1183806332202635,-3.325204569687621,4.391404912554735
4.456813750990646,1.9570245826181516,1.807937770576358,3.2205078502099154,0.3201177728129226,-5.5697694423409585,-1.6498752423338612,-2.9012620998506344,0.43257780396636575,-1.0744722248799095,-4.439352099012403,-0.8369717428182197,-4.917986988739488,-7.227373039458834,0.21984877175620454,-1.7082678258248747,0.199651564803205,-0.11346662356508697,0.6037154086001502,2.00961640948774
1.6003070729304678,1.046142511788281,2.2230910463434572,-0.8818753567398532,0.41296100680668507,3.593774921535923,-0.12410551865920222,4.024747682941404,-0.8301939103530379,5.296147181756735,-8.556493509074938,-4.55543634941665,-2.9874805147620616,-0.9171951331707393,2.6362422344689036,-0.05434558816511757,-3.9568801453152576,1.2621913871029553,4.060566326636834,1.0122831688729996
-0.1079459465999606,0.5630552809111595,2.0096153868989544,3.2682756515130555,-0.2836798577564926,-1.9402539448366747,0.9396019950042885,0.6494853294606767,0.8892193539656006,1.342627884021374,1.824861817858289,-2.767611523770184,0.9687196752194538,2.103406633000662,1.7930010202694153,1.3607716759140083,-9.458997271976486,-0.9509818630366645,6.493210629346487,-3.3771572184657237
-0.1311578387179243,1.155311011636101,1.7184240870674736,3.9268995528505224,0.15682229642627707,-2.438116531970746,-0.5349377139375161,3.1089620715728996,-2.6230496212390593,-0.9389641016792061,-3.4832725164985483,-3.0950143568378903,-0.3661643598119475,-1.5179733663589907,0.6309672851519427,-0.9925213744873024,-6.01870342034437,-0.9785891968131606,3.946442721266015,-0.6871970687814049
2.2847939192232056,1.5789710147676699,0.5927595958442139,5.470526942794034,0.9797237331047396,-5.188603838709375,0.4821428983762991,-1.9668198215963317,0.6488077041664578,-2.3041332885482957,6.670762191934575,1.6086331190702676,-0.7855629384638592,-1.2850093886393752,-3.5388555239083783,-0.6410966813362046,0.8058974275401574,-2.0797832162905365,2.2503599449476,-0.603094685798539
1.6981874807283148,0.48341703073152276,0.7866121278577598,9.290489367229661,-0.7108303590268557,-2.6999771371126178,-0.19733199822111355,-0.42679509300455376,0.8541632758567552,-2.13183914062194,6.951148606118019,-2.554245514254278,-0.5387735119132799,0.2655389802911341,0.32148425109059076,-0.3397136202438196,-4.896994715809915,-2.817351362230572,4.691615131893307,-2.280425835840376
0.3897299780151039,-2.3098654592259438,0.29778405202799774,-1.401377330536664,-0.1474884319247402,1.9820565323783943,-0.7370545195812788,3.2857465060610354,-1.3923909826923864,-2.202502748882024,1.6977474147087828,1.1751917120953719,1.7880726844808292,2.8015800894518526,-1.6284362155698178,0.5061775495846964,3.8676181767755353,0.6899034490363297,-1.4532628557835119,0.9922465845986332
0.05753328776671829,-1.3157920083333088,-2.3262670519279,-6.261918828293533,0.2653864737452965,3.0375601880123466,0.538066442033361,-1.1646364103162816,1.7844309070032278,6.658872189195148,-2.559001731582099,0.6394838573962893,-1.8534928688516885,3.2108124636861253,3.5119473787291566,2.569448108867958,-3.222467357943562,1.2566187818373906,1.0311256440789567,-0.2441112705556
1.524400502810141,-0.43792537199572545,-1.1111551565536706,-0.37621067527895247,1.0727264480560086,1.3698633889917948,0.5202218036293972,0.780424764791593,-0.16518252076349801,0.15927528616658515,0.29623901430173893,2.906574131602695,-2.974638909228546,0.3497564889777581,-0.426700105921517,-1.0516894213760315,3.9033937727645274,-0.670310059682708,-1.1902033630057458,3.63157004947277
-1.6564723193007262,1.1459388101462822,1.4588092323474275,8.948965789668637,-0.5323026045014375,-4.029931964676474,0.4941798194716924,0.5366405057629688,0.7346536852904068,-3.9527620661867333,8.133912313255223,-1.7687002116533332,3.194576711625446,1.5317142473353524,-3.3653931839619466,-0.17969503278419785,-5.956660164951774,-4.027462606146365,5.9478588745317635,-5.047215544458123
0.5642442855912564,0.5291021048177442,0.44112462215773646,-2.301283500949563,0.5630198691246161,2.6692554088259564,-0.09253901239422656,1.686533529406616,0.2939960362531373,2.4656414655654277,-3.256904511615578,-0.6822128740231977,-0.2627064188837731,0.3950028623474561,3.051610387820836,0.35306018377728254,0.04791439946303999,1.198338461991213,3.004007985818588,-0.05846730185010085
-0.3103334974534384,-1.0168460855818904,0.3786967748524974,-2.1153179372903783,-0.022277997588173993,3.169712887035491,2.2762581557091472,1.829802210080192,-0.9588048907976454,5.984348232388272,0.4811176098808656,0.10248709256712096,0.09266500186967774,4.2319836348072,0.4105484572609055,1.3562101182664414,1.7634671524466414,1.4189694460686588,-1.3011635546102214,2.267034190666372
0.16208752713770547,-5.4388155247976595,0.7149888407846967,-1.6730517064570583,-0.9456571871065191,10.142162182808432,-1.2402155836553717,6.584345800896397,-0.7983718944770587,-0.650862105460636,2.1648949489630285,-5.883680772918443,2.8963510789885607,7.939137171961951,0.5637338564230004,2.73670862887861,-0.20169559859885156,-0.32011427676106585,2.999628740554291,-0.030173076372154495
0.24451375232388117,0.6027792586573398,-0.35691329883341644,-0.8588344897585235,1.9581652444333255,-2.309819470402531,0.9712919681074386,-0.011350884806873518,1.660677435229623,-3.4461241749959997,2.36150521701507,3.405237464070471,-0.33420400464088984,-1.8827022427532698,-3.900290987891676,-0.5897689173631293,1.0427540140482767,-0.4998784113608673,-0.5180329258440884,-0.7636034724560276
2.2938121268349363,-1.2939635299671584,-1.5429389425503972,-4.510833015359973,-0.5693559584205597,1.622737052695617,-1.8928028522754006,1.0932082467296595,-0.4276434842404726,-1.1191995312549958,-1.142655159854696,-0.6325863996914409,-2.0319292802758,0.116988224352226,1.6455781540786325,0.3186185634296605,3.377033797667332,0.6360260217590189,-1.9702944463345768,2.598505885736955
-0.6373874556664374,-0.4560897540790587,-0.3113120260606071,-1.9189719070706488,-2.173884618518198,5.380669423034076,-0.2141899674765214,1.2217791249994425,-0.1260644606948422,0.10881074825867654,3.477297961340626,-3.49466014568677,2.9774178196951517,3.4216416608477522,0.6614505067244335,1.7854986237918087,-1.3579988002221137,1.0054160390483018,1.3486897170452372,-1.5130345136010321
1.0037274931906839,-1.7601224845264132,1.6836484534873968,-0.6817427688660358,0.32432454126867355,0.5960961441851595,-1.3377877854650553,2.3856650479342503,0.20283618070712758,2.900860901932079,-1.3644661963555986,-4.190308173929179,-0.8823518547970532,0.985876182763016,0.7471883324413466,2.29851787005244,-5.306020990312611,-2.19589897468626,4.944857793059491,0.12167619566879972
-1.8057633636795423,0.8102273636061061,-0.07168377660837641,0.2675347002721331,-0.5470226062914497,2.9659217372847544,1.717080001131322,-0.5269738704548246,-2.0709554328488693,1.5058581545897995,1.3108445212869955,1.1766747397116522,3.6882636601103362,0.9894706290742425,1.2654927470425599,-1.5361930029492,5.578549196951685,1.0040431843632318,-6.45704355010038,0.46039719795922995
-0.503102250572103,-2.3602371434629985,-0.9748314066091447,-4.5316786917947685,-0.0780892882022444,7.16966850771904,0.10609768772175802,1.6835445407740537,-2.5854451533978096,2.7549852088035087,-1.7848825024632493,-3.1818273977270404,2.0352431983775183,4.467238938888606,1.9719489782612754,2.7245060165936184,4.967550634531698,2.345110654014753,-3.2076957632483154,2.6690433592241485
-0.4918676367469512,0.1252319411753433,0.4861819264901888,0.3146209077957721,2.3413583430669953,-0.52367575959193,-0.316617054982554,1.6818356602778497,-0.9482431085579978,2.2991324147687946,-3.774392724920962,1.1399096647901075,-1.008013095430937,0.5759972390947087,0.47582047122322013,-1.7322844858006445,0.3420348443897337,0.3675333267552692,2.1941368894645406,0.24668585413716337
2.0273449456709742,0.7414136081541802,2.4552580927677363,6.6709772738106246,-1.6214094925510605,-2.2366997023102138,-1.772267057864184,-0.2211056752160758,0.5319745180475048,-4.939334197031191,3.2869194340199503,-5.05158920738852,3.7491076033149797,-3.350445996264676,0.5551640616356883,-0.09104870510252969,-4.624980431003225,-1.6932726284301713,5.0789324345121205,-4.386096272517907
-0.9124939851664428,0.26754756233710353,-0.25412336224103166,-1.0292904678320154,-1.4094279303608623,-0.9306160506013731,-0.18592891300870512,-4.130819272193329,1.4411334978570132,0.011878644973792873,-1.1537605021897022,0.14264680879668057,-0.6960217187398707,-3.523672406405607,2.460752931209213,2.0817322629021358,-3.903471191588272,-0.978690050037158,1.1415214852540818,-2.2191689430224844
0.3478814341969027,-0.9129657810579503,0.9657802962817111,3.844648429421542,1.2071613640419814,1.2630939420652654,-0.612022118210295,2.551202675483899,0.19743700646897883,-1.9437091286525114,5.101804214500635,-1.9924933495099455,3.2381442486667806,2.2095790788229723,-0.9901935435333199,1.469220012567719,-4.842665711580325,-2.7120551713344416,6.670546817200589,-3.715112214677074
2.3911226154597545,-0.21667607755193485,-0.48171020847360957,-2.1375983498383073,0.5272624738711921,-1.150195651670583,-1.4798688295345066,1.0910744669510866,-2.117313819051873,3.7984063362390095,-8.486081344753593,-0.6013019772465407,-4.90339947055368,-0.4081025836533966,2.1148056361170555,0.5145025275334958,0.47057983991632946,0.1242174921123847,1.1486452869016182,2.960358672243521
2.2956766405063163,2.6103723521107263,1.0628522142596186,5.288727670927697,-0.13471464965061805,3.4281355114386125,-1.4404400345284276,-0.0535519458807322,-1.9434342917768812,-2.9973393352891415,-1.9630708939290797,-3.15331334824682,-1.4380884958123619,-3.2748478666750565,0.3915903799727031,-0.9866905806929195,-3.9974894431923813,-2.848795084527522,3.8761497571720183,-1.7432607909500286
0.21759307883768408,-2.0398620901157236,-0.22836976561580632,-2.2902793475761047,-0.705245701354733,10.944989347287,-1.800856634588648,0.20923935826945828,-1.6199235773872187,-4.472614268449379,1.9712517789435697,-4.226124521735769,3.27172296215486,1.8627402204613097,-1.2218824945268216,-0.049854913363445316,10.065655208723427,1.052383899221852,-5.577136139550214,1.4865520009183537
-0.20988517009751312,1.0254607312049502,1.8625449869497768,2.779212411247059,-2.540698152103074,-3.231440577656821,0.9517684886767646,-0.037118944077056515,-1.098723826452169,-4.231517589083628,2.948440819552741,-3.725005094020435,3.4232861477413525,-2.2330742772313035,0.358362952879282,-1.8874097690655742,-0.22699200377906337,0.8464535282179237,-2.4466979719716804,-0.9577922336985789
0.1267929691684626,-1.8473960919513424,0.7177555971531757,-3.519112063310401,-0.7236720652819731,4.9987814805453645,1.1192556356342647,4.312146958968294,-2.189420963975359,3.0434040814581147,-1.140973611781969,-1.4813526533316526,3.53973917580315,3.9526520573544257,2.527485588826882,0.34427986586980946,3.0435351115261335,3.0251598192215057,-1.5370139260482243,1.3934335653148118
3.0497137177106635,2.0646521937614324,-0.9117980734792043,-1.253765512501379,-0.06987092016932955,0.10660374871222908,-1.939474206747194,-3.267483951473827,-1.0460439094649971,-4.366029483721151,0.9906935902600164,0.5113794001970351,-2.691058442805369,-4.40240852715339,-4.5797083156767755,-0.046043152194161455,8.272313241178733,-0.05070145625123268,-5.637844682718761,3.8933890991766997
-0.20616038000607695,1.8305893606745163,0.03544076145453024,0.16819403070671318,0.22996920415165523,-3.828072626449708,-0.24205614698176853,-2.5420434229632027,-0.5244216103133528,-1.3632132013571978,-0.6462852378785715,3.392405481809355,0.8350667703401107,-2.017880413144667,-0.9800286261030768,-0.35511565518372096,3.009789396822202,1.2423301046021344,-2.7492793013497048,-0.4885676405837682
1.2005085958770603,0.39309588226159564,-2.590667998473918,-5.820919421180935,-1.0227420396313434,0.6548626297107887,-0.551953316428459,-2.0166470221499386,1.4987263940116762,0.6507772587894227,-0.5556890611067807,1.829136043943302,-1.4824948015763435,0.16929067379950236,0.9000873291335607,0.18427871338040436,6.906660385454805,2.147858556181716,-4.327004904382682,3.763032918982125
1.1091391389971825,-1.202198334288249,1.0751623538262511,1.197085964466309,0.7953357876380167,2.865737598640971,-0.5663740756018472,2.951964298076085,-0.05660146937854052,3.9598794328617197,-2.2245733078798615,-2.6349125529718727,-0.25587841666138944,1.0872244639679995,2.4756188614754646,1.827199705108228,-5.615567684436777,-1.3147015905864774,6.12930598414654,-0.3699763393873239
1.1198521364368776,0.588894804273033,-0.8341417980085483,-4.335343535181276,-0.3021307099250875,-0.38943203571468743,-2.225623744499768,-3.149036613898439,2.1723696904160392,-2.389811093778568,-0.5048047568432472,1.7279468660661392,-2.172146411836822,-3.105303511014476,-1.9346664068464676,0.15024719707557366,6.655451312733724,1.0460547463345509,-5.026993901198311,1.8950259072600166
2.360004032213104,2.587005383950073,1.1685171908352308,1.9122624979374487,1.1172146216304724,-6.0696467049795455,0.17955652017036403,-0.8147877015238273,-0.23434030507229234,1.1784181304170434,-1.4100443272016268,0.06172202796413884,-3.9511438929901113,-4.9465198331944,-1.6938675289522878,-1.3895158227113729,-3.273899876744285,-2.015866485723567,3.8458258811706063,0.7352004206303805
-1.2614859421309752,-2.22881148516166,2.62814912197087,6.865659617025914,-0.7813293283709577,0.43558875390027607,-0.3862049160817407,5.607061555289214,-2.1541854890726744,-6.375285849014534,6.9977708330033,-7.689645011696208,5.140078707901328,4.072431115389129,-2.2043470000078536,1.729217874719633,-7.013735758253286,-3.2499051894280413,5.955812862721353,-5.686789147138844
0.17484172966538913,-0.540663182363892,0.730175386731491,2.7350981538584955,-2.112793406355222,-1.8498238568831127,0.8315228562470628,-2.7838479073603404,1.281729410296998,2.3713477522113346,2.7449818995770765,-1.873444753209492,4.210546147857333,1.286876920666139,3.3220887228228984,2.3225232776548257,-7.266739956219791,-1.69734316336754,2.808121890650175,-3.490693529128108
-0.8049991125162927,1.226620838405569,1.7100126720253326,-1.2336316118159425,0.558632701992425,0.492687718423814,0.26295930343417845,0.14940269090867675,1.2750440941123038,6.18475112747257,-6.863653040042968,-2.8628984833833746,-1.3697710448045337,-1.444787209407094,2.368358933628831,-0.29636930726926625,-3.4006889656532224,1.1121697545258216,2.376163415111711,-0.5026325518349015
0.004358644935868294,-1.0915441809097932,-0.48516971418217636,-8.050977429062884,-1.2871814307542258,6.3886171666098575,-0.9071672657621834,1.334052010477307,1.1220533670567916,0.8314140971894786,-2.4618529806753933,-3.4925298366322597,0.5424473047921705,0.3461470654662042,0.8307351396981439,1.176125327764027,3.114634591826842,3.146577434776775,-1.8909397436794113,1.7414451368083692
0.8341001870230856,1.3487339738806046,-0.23287717466501556,-2.3893924071627604,-0.2554447417137988,-1.5763807087347408,1.1876681370546303,-1.014925944112086,0.5212530145536842,7.232330097885308,-5.884867191455634,1.6335357924977756,-4.501117333120549,-2.577077865389014,2.57678231349838,-1.4797922561569847,0.7088107307560159,1.3970303059940077,-1.6853471943719307,3.707393436438921
1.6333763941154547,1.94784351644515,-0.738759996170978,2.13565694080122,-0.9384475133815007,-3.0475142763921905,-2.1558658467742586,-4.847137857582141,1.6262228089714212,-3.8085824019069023,2.1480629594413556,-0.05749276083461474,-0.02471830278409526,-4.4266846980669206,-3.394251001228007,0.5153885043577928,-0.6378168582545437,-1.7813968581918282,0.24857215841229405,-2.285199505131764
0.9291742762670276,-0.8548788634208215,-2.3756389159276674,-7.997949356760357,0.9239075337272725,1.6091661184046595,-1.2389194064096478,0.17120850570911572,-0.5819518867155958,7.522869603179496,-11.281890721413442,2.942148634968226,-7.00524603209554,-1.5291950768812927,0.9869153519501621,0.22569119356080433,2.1342485204309263,0.705672115125547,-2.7141686267885374,3.878871823467291
0.2568478803482395,0.10775823179529942,0.5651306295377134,-0.7159407168496379,-1.3143676736098866,-0.6423953628229399,-0.6914384434391004,-0.6473466636341335,1.4655656643563066,0.9698718816743471,-0.9529868598930193,-3.0010525532065273,-2.2365848914246795,-1.7142560045410837,-0.47926305179381756,1.1555679859076728,-5.193418219065597,-0.49492411799543,2.200481375622284,-1.4303619514296644
0.10031233147834752,-1.8913968968688142,-1.2939465318773617,1.1199094167529988,-1.1178551817762274,-0.3905248723464887,-0.7531294605994967,0.6854835411227496,-3.148676481025323,-7.65601513432607,3.397056015983651,0.9629226592171827,1.163681628770969,0.4464352485716481,-1.7553112287472183,-1.2772553681502283,6.607670999729468,0.21257825785421236,-6.657874569455368,1.7305203681374826
1.6301369936638879,-0.35527913678336664,1.8067270306470962,1.962377943276237,-1.4580203323669942,-2.451184417611501,0.14834969960609357,1.243949295543219,0.3853192799351536,1.5954640048886495,1.3228133001314,-3.606667401438258,-0.08922230572621892,0.8589708580315671,1.27361256282088,1.7161590147565735,-7.040398696300538,-0.45354385142402587,4.03686144808014,-1.1991201964102232
1.818751741610276,1.1467668145109784,-1.5602851092788521,-4.61849556032354,0.817424274334891,-4.079095912761645,0.5737744910864095,-3.2333380240272502,3.2385585069406195,3.6257064983425127,-0.6030647125012528,4.469444878634811,-2.7300937144389774,-1.3688195675703274,1.6696328431031506,0.7136964350243644,-0.4564420921580249,1.151530143096211,-1.0067039662701878,1.2592593873526545
