X1,X2,X3,X4,X5,X6,X7,X8,X9,X10,X11,X12,X13,X14,X15,X16,X17,X18,X19,X20
6.223166427966076,0.6414454920375575,-2.2447602519213676,-1.8449891078652978,1.1926341039482806,-0.5815335809691187,0.03895518801854014,-3.738199907200406,-2.6058086795701794,0.7982194624162524,-3.9157509941168884,-4.213065597145611,-0.39351009805671133,1.758627802070248,0.7615289781512964,-3.337827136808751,-0.29309341333859473,-2.363931123084332,-1.0732860380439742,-2.9545884775898292
0.03394618961050133,0.11605762546138333,2.23568835698508,-2.3454330640775067,-2.2803347744499876,-0.0510808300957718,3.7721069574095867,0.3718485771324764,-1.4251376236772995,-1.6422036045629127,-1.7183930181920761,-1.8555604554988991,0.7217814444393467,-1.064791180323673,1.0990826304672106,2.5015228506135294,-1.7199207425365042,-0.8445267562615272,1.4341751174235622,-0.28482836326423744
0.28540712025774095,1.4092300384365337,0.005337488627466552,-1.9744156366652243,-0.11741245170152936,-0.3327651411856494,-0.7678720583378006,-6.7914295479114095,-3.7855504886501503,-4.788563999496532,-1.0792353593024537,-1.4073807338387359,0.13918333260180848,2.8354880439963175,-0.353913421967255,0.5917229967537665,-3.6630873708568106,0.5957319811690772,0.24849207956042915,-3.040454926234943
-0.24058876278618246,-1.8583118933670013,0.8951101896113289,0.3534240858552058,1.4211955035303971,1.5204754498597324,1.993589166795082,6.281635606234154,4.3932613176098165,8.287682546702456,1.9511322069692487,6.992142025893564,-1.3455880618213385,1.9912985127620257,0.2724469817976659,0.3823703274026346,-0.3228191897592019,-0.4209572142156136,0.3611786692852446,1.486817443205228
5.862447297928302,-0.8826756081654054,-3.409475062296948,-5.6712640992835555,0.28442596983168933,-0.9124098850617955,0.4640781854875766,-4.279583870760057,-4.459730585084713,2.7294525669286207,-5.2611363781641405,-6.924133640882414,1.539743120448391,-0.6284865920139401,1.886025188038845,-2.4160064495267144,3.1532953802242547,-2.1241402045814075,0.1718076737706625,1.4626555053656296
2.598648963824548,0.32221445027374673,1.1926872691230235,0.9750499110975297,0.06161369420919616,-0.6563459515208367,-0.34874693790698763,0.33965165632172567,1.0275887387660458,2.348653216000225,2.399544608750733,0.8484928199185271,-0.5944622620034044,0.4298172214040834,2.1229376025716173,-1.69300368134209,0.5762495534045096,0.010611718213439536,-1.2619998485230945,-0.38335554443130465
0.7663077616311298,-0.03564028342408922,2.37806161812233,-3.3443743747244357,-1.394280032594726,2.173364025612957,2.5961794779679264,-0.5990922061985612,-0.7582690414260964,0.8723837245553672,-0.15929869502945504,-0.9895030796781867,0.8963903532424461,-1.2231761866473136,0.736115608603097,-0.19022739405567457,0.3571957794108829,0.12497759296100863,0.9152287299163985,0.6746492866060667
-1.7902375978624516,0.8590263112101143,-0.5436549083609195,2.26285715365415,-1.2324625377711853,-0.8474421413099745,-0.29162683178974647,0.3150424031839343,-1.53273636633012,0.10472555741407508,-1.3041501863545146,3.3582182238843883,0.06268001767804263,-0.013211678209246847,-1.258988609575137,1.8331402434638417,-0.34928942418618464,0.46005137261205575,-1.5547879947458931,1.0569020476410755
0.03140779470902441,-1.0118575692892096,0.6321451928477088,1.3286172331817832,0.11637437712850895,1.4596292948838427,1.1041771589556981,5.1393630771491265,4.424803093640759,2.830187208682494,5.061343486326262,4.022360881205131,-0.3675025413440655,0.4680081411951763,1.4570406628655157,0.39344329033553527,3.1676358901623107,1.0073214780654036,0.029740132506127646,-0.797193776545557
0.36464415776057896,-1.2655022509413103,-2.0485061407894247,-3.1489963072204588,-0.9088854319662689,1.5362896468188723,-0.31926307128425924,-0.7498100925035425,-2.066999209762031,-1.7456417774665518,-2.842145849440347,-1.3879898130678505,1.7134034552062958,0.5332078937709972,0.3101476546341715,0.685125511696385,0.9172516555151852,-1.2391205209577425,1.169233542355798,1.480091304231254
-1.167261963382999,-1.0830903237695741,2.043826881318116,3.7742746055371303,0.3884430994191543,0.09841266888156874,0.7658930333342424,4.989527899583552,6.167199164867744,4.565169129730372,5.240278948764486,6.719752478654151,-3.365118712327459,0.9295684028100434,0.8241928964796273,1.4598419941460825,0.20934080184667525,1.4740911205214888,0.9635187938279023,-3.2316149862096255
-1.734968413023335,1.0929761167176277,0.3430417649128134,4.725288136310574,0.3010560439429688,-3.9913781524403946,-1.546266914853926,-1.6304330157593847,-0.8512602864554286,-1.3041900134466777,0.9551952465862026,2.6893926950324056,-1.7150946234588953,3.5345313413398287,0.16974737008102175,0.06632123369018839,-5.4135331371039035,2.1840409931111706,-1.6391510655635766,-3.559478460343797
6.236761725467417,-2.3307403466203285,-3.682572437185873,-3.2055494643038243,2.2153692805391474,2.909081688297366,1.7904010383617672,1.084370867965839,5.243593645829696,4.822914383472465,0.4854645301943581,-2.170760115931995,-0.6427883912598821,-1.1774223928464085,0.8536646544801455,-3.312122947972815,4.271759209787905,-2.86715954939168,0.612304700768561,6.77243673227192
-6.2583577921788045,-0.9624404016064926,-1.5655293078938544,3.764678751119515,2.1425497240833953,-0.05164357524949825,-2.9277228813036356,7.5665380056911875,2.3037680308819266,1.6225042510404495,0.7670925271875251,8.876297367860422,1.3982222275022624,1.9091395836395066,-1.415022256006064,0.7203855593306967,-3.8124992594082836,0.9831990142279723,0.38212964578528213,-1.526042321169867
2.632161294785894,-0.6557654700983481,-0.0565080041055086,-0.8492998388690309,1.5604471281592098,-1.716032811230145,-1.6704093054634994,-0.813646218950356,0.02215377459643575,-0.19346177331716707,-2.6690648795153322,-3.5519187591596038,0.4911063367653613,2.0190661757437782,1.2069578786331818,-1.1105063012561756,-1.0844469726023216,-2.2550701570142913,-1.8101183743428833,1.5732089838146492
7.141666883386652,0.780274072824127,-0.5161034840839468,-5.030045587242591,0.10831154753164196,-1.4868188411012089,0.24467887523498177,-5.09378648460558,0.2794704598768277,-3.509639820993796,-2.034770481650845,-13.884763015204935,0.5050190513936723,-2.4094683136034973,2.592518996044378,-3.942036016191059,2.6478256973954526,-4.05998640558948,0.34814261353633036,2.3114104234202912
5.0728701364713515,-1.45434445749806,1.9549525869513273,-4.8965001040275,0.4855697288094802,1.3626593838017709,2.311496837064957,2.4825014386678097,5.049879546940151,5.119822177689186,3.4525656921172616,-1.7700475804079034,-0.20398008207440033,1.1201402820401216,3.225944283636351,-1.8573205296419113,0.5037784477862481,-4.055269173078836,0.6017826978493792,3.0173625852195567
3.3439179192836486,0.9876408245030625,2.2740927053589135,-3.813991378904715,-1.8725340496233904,-1.4244028562187907,0.29087048493127066,-6.112198400509877,3.074605644281746,-4.697701964661374,5.701203111019366,-4.856100978446522,1.3274768481249157,-1.4180863163177144,0.16520408196998948,-1.509768248334499,-1.1942858638078602,-2.860825729765204,1.157350526017405,3.5507552994951554
2.392367823004264,2.737490942715904,0.7238163800421256,-1.9307288876372037,-2.1659541513888345,-2.0053586281442817,1.8001791271633918,-7.032179362205924,-6.361489125169504,-8.541830844116506,-3.1945891074529134,-5.98132878705017,0.4752369664350583,0.7353483352016301,-0.40733585706808495,0.1850191740786305,-2.501756350818625,0.12580039928563008,-0.21211522180504916,0.36950133346977393
-7.737581128348703,-1.440701687948784,0.5304373995455548,5.477714498889913,0.797938840021022,-0.19497889029576032,1.3440820474586883,10.132121440808813,3.0170147223106563,6.391304507068913,1.5118887817462925,8.017146841280493,-0.1623808607406712,-1.6571116583810968,-0.8167305833030156,2.911487495618063,-1.8194032137922902,1.9930456952311268,-0.11689624852478883,2.8243959889156662
4.446159237837073,1.442599593012636,2.4215125310347,-2.956262014128062,-1.2498149899062208,-0.02939775933562938,3.3507485524247986,-2.0701545407951074,-0.7099199364104638,2.1063664475814337,2.567336095962579,-1.2588645664013558,1.1581840827992331,-2.6617239875809813,1.7840443290138956,-0.38026825268721876,2.8858288995545722,-1.3135704333957694,-0.742753267919722,5.412661299345734
4.906640686975582,0.5905180532208907,-1.6442731037959526,-2.4990565770679116,0.3825329985009072,0.12148458569158782,-0.5553213157434757,-3.943015555705477,-0.9462883080160375,-2.390288071178304,-1.9068072087605046,-10.809849754945166,-0.6958958110224898,0.842197031766978,2.6747857242283524,-3.615873517835322,2.19086246549666,-0.48354885467832465,-0.5618467412568899,-1.0206374947927208
3.898449225772354,-0.7817271994188529,-0.5548771862564387,-2.6313560921162398,0.355266322460133,1.9607700424713925,2.0476371628586283,-0.30921800035442937,1.9707369269261896,0.9072143005518971,2.034975972392486,-5.21256341316881,-0.4740954231497943,-0.9473764724996565,1.8268932343550581,-2.4349704027839705,3.9266209064390076,-1.715016749560534,-0.2658774807835624,1.6949211568284048
-5.462862768408117,1.5531376381813649,0.3790939032274325,-0.10555209867769788,-4.380124125519706,1.6877427616932323,2.6533724145025386,2.468453923554214,-1.3334851246539936,-3.9399218434337087,1.8935070027986447,10.000566226160252,-0.25083641120500233,-0.2909840934120762,-0.7744689768072393,5.426712079076781,-1.995247741080127,2.0852302032067307,3.0196038019347107,-2.9215888569721242
-2.2810740523882167,0.2995451164357742,3.0708587618095953,1.183807146860492,-0.15066482214752352,0.3431353708435687,-2.272804158903758,1.373543069037173,-0.9318877933718699,-2.2074942443958023,3.312089374046459,11.193895328240101,-0.5195699562005867,1.9178148796358325,-0.7477894800024872,3.068436095477024,-1.4612058113770516,0.9075024876352232,-0.2912653958859833,-4.833355441339052
-2.7459351768157063,0.29866458995270495,-2.3448664384966715,4.137362757231298,1.0718832852464557,-2.576354430649535,-2.1380458080973397,-2.329304805405126,-8.348856507585737,-0.3564299044623598,-6.634444940695225,2.457317320731933,-0.4304797089941021,2.367027360995596,-1.8517017259604687,1.5045991560652852,-3.3768039142019983,2.790797651312034,-3.2622231948488514,-4.702560644678835
-12.582130409859085,2.2500815840202892,1.8528243084571367,7.007954529347132,-4.538534620213295,-2.2302693664102367,-1.061615626611243,3.085242265260317,-6.88164938950763,-5.14988432707602,1.359609970443771,11.962555201626996,1.8040698904156018,0.20279695635293216,-3.1142713074643926,7.05054595561068,-6.8193709112143,6.064508626731705,0.7677029771032166,-5.317968512041454
2.3558488232744863,-1.3113709957851487,-0.45610354564475025,3.5675857884141697,3.4592703161302074,-0.3957787098598423,1.3937301551890773,4.39302533561561,2.1716977218930946,5.5218885064965315,-1.274500263989583,-2.0340552324611414,-2.0997561989408653,0.24479243006485119,2.177737956768677,-0.8832667498952225,4.095567128264199,0.3384195652321844,-2.1015163595425523,3.5670530198859267
1.1023181716084671,-0.5140478249448592,1.5311097135020637,-0.7541946421838546,-2.3269337250909636,2.722691148871898,2.9947281261778005,3.681536471335023,3.0074017957148156,3.2288031053021817,2.8439459438519252,-0.5288011557983414,-0.18329079927557623,-2.9085970563804473,0.8106952248521475,1.9665731532561395,3.803204244650124,-1.0426965619167596,1.7977440416177486,2.7905693255807407
-0.5226937762771384,-1.5218497516883966,1.7693112446345998,-0.9805664914238132,1.0767390325437953,0.04491104771241883,0.716865178117724,4.2269280284583655,4.697534742349803,6.892877884864506,2.4031698864030893,2.027271147530358,-0.217475919508408,0.028085993380694403,0.8633153083918594,0.28783074020273847,-0.15687755712836693,-1.6999035338645805,0.11754753484513654,1.2954421262254636
7.107386221821746,1.479309915671962,-0.801632210648674,-5.434085713769317,-0.02387483057244727,-1.8178997230642957,-3.372723951381439,-10.609967524619925,-6.904894237496977,-5.3992019794544515,-5.4575672892261675,-9.373054203113508,1.8274078011996082,4.012089760964418,1.0760852796440699,-4.476894432166308,-1.0754541948470568,-1.2487746058992983,-2.00982244519795,-6.087255964738698
6.702076600133297,0.39030227903849407,-2.2381179410367613,-4.952372540787471,1.695143994584899,-0.4720898797474724,-1.7540721555261074,-6.724504277705871,-4.534268383083115,-4.365045648775471,-5.166025052881842,-10.08117057357046,2.1429879961475327,1.268961188236619,0.6106323835591765,-4.591832888571469,2.0476264724595965,-1.4581652768334363,-2.8946634604420187,0.40762487976383766
1.1100012871255078,-0.323684796518363,-2.276633166599874,3.6209768362437167,2.4151695254654504,-2.026640470321094,-3.340651816644935,-3.615723090038532,-7.5727902778907215,0.32340345298723217,-6.4607144847999285,0.8185952094996816,-1.7312592409046421,2.2236680765543997,-0.4366148568834681,1.1928849138233626,1.0022636801567077,1.8732023413502994,-3.262444415952854,-5.410769305806734
-0.9430953813607683,0.6769431250673534,1.7085722798945806,0.43207924856747315,-1.2754851267213145,1.132217428309618,-1.1281123562253383,-0.3385778331504114,0.2896970111612463,-1.5734089823802264,2.753148195301606,3.3622968031577787,0.09386132902445786,-1.1696530532041067,-0.9643642319454186,2.4555664148534255,2.9550501978156953,0.5908838399809869,-0.5389602857679703,-0.8501406871799663
-5.544652083695122,0.6874222715033922,2.103747036528696,6.782933472844115,-2.1027653983939545,-2.5395279838282647,-1.5535846037266519,0.20630708047381208,1.2764135530607663,-2.988311361520296,4.385727074844905,9.678386998657825,-1.0708226757311687,0.3500860366384959,-2.92339210422165,4.205302920539432,-3.291330393851392,1.3393338558743686,-0.33815359549231383,-0.6134272933190121
4.791374387812068,-0.9731341025186353,-2.516806550447731,-0.6842015916294375,1.6662748813332375,0.5463979682700854,0.5265635802869901,3.682596225815715,3.2821549116358306,3.2345511270127214,-1.541048860793929,-3.327938965808099,-1.0676303032813048,0.14740699984626715,1.7557609502200888,-2.4380735678864225,1.769387187387975,-3.047081494261643,-0.5892050115310576,2.10446453111591
-1.5677877078839972,0.6505331007627224,-2.2317261182995973,-1.1349184511155195,-1.9198125902513201,-0.3436191444344392,2.5805341730830333,-3.1507465815842695,-6.624523903319579,-3.168545826068074,-0.658143743711491,3.185100483851497,0.834253996735307,-0.642549818670632,-1.1072440645639325,1.137246639398427,-2.8512717929345475,1.9791199296739175,1.426857179703205,0.992957722301685
-1.6555044311962277,-2.714075771914028,0.21496330713819778,-1.7393351363431226,1.1233800433800625,4.321950673056282,0.8550513323446249,5.155034869865645,4.133890227332964,2.7886244820174584,4.988544479370181,5.02007557322881,-0.8506778331143556,0.9366348638611466,-0.5962245707780383,0.8595665760640885,4.823342113439352,2.303785738524869,-0.3545127606624902,-3.300970629377951
0.05637018686345979,-0.28380824081917017,-5.209998861097031,0.8432319400463059,2.6421115418028647,-0.8184499257476896,-0.06759887771932571,-2.7643913953710015,-4.2403378280036375,1.5242076939400075,-8.225151200345504,-6.808169148559864,-0.9009797343457713,-1.1820123462366983,-0.9351228862065976,-2.995626215537925,-0.9210838122774903,1.361980695706845,-0.6860355431887842,-0.33178894585471397
4.1883228014160885,-0.7996862137668467,-2.1632803855398475,-1.1944782554620543,2.571879918097901,1.2569015061501243,-2.1540538256231794,-1.6951051465182454,0.04514408706487738,4.394740019569106,-1.7148912801922642,-0.1955017923466454,-1.3311907146777904,1.776344066853029,-0.07348278592908863,-1.6796588971406583,4.10231535475287,0.055710292690518415,-1.2303388875237826,-2.046088861542666
-2.0825984724591518,0.1513308704627562,0.356773253472089,-0.744318968534148,-1.2635245900975112,-0.7624749160149407,-0.04946546101468008,-4.085827686828425,-3.809408839963851,-3.406626198822914,-2.5504386158811423,1.4068286100128287,1.4195438617931686,2.0842320947216857,-1.558097405457696,1.8627519549204559,-2.961779782582607,0.6645263393514792,0.9225255916013058,-0.8552888884112867
-4.387030635406196,0.4263419009066378,0.6776733341090591,1.50456850581822,-2.7425732265746507,-1.0014567558377603,-0.9370430944061903,1.5064134374678577,1.5540574825756908,-0.45465757230602355,-0.014374148019855593,4.554154597730866,0.08642184872261105,0.6938410736718285,-1.0769866361330205,3.0261330829740816,-2.304273909165331,0.17891758184959272,0.7747983191381652,-0.05308375606370708
1.198498758589641,1.5710557513383057,-0.6075714498903517,-2.233532561274826,-1.7114270268603062,-1.287339323876238,-0.5030811465513374,-5.525444849908096,-6.785878857625583,-5.33057855638678,-1.9962787801739634,0.35052753330307884,1.0606204666727834,-1.936000308336899,-1.376545573338056,2.7446343259512602,0.12625493431843404,0.07099076702608154,0.5587888720897749,-0.8360204441144736
7.108632815011944,-1.0459315114671441,-2.8462189075613544,-3.2992345530581217,4.046488006337848,-2.610523335588706,-0.8929652025578326,-2.1583844851022373,-1.3910832979993735,3.085417565837739,-5.836563214094573,-11.302614374789686,-0.2054114806000525,1.2634352885550828,1.9413041344485749,-6.873887953878217,-2.2203839098756104,-2.8574383013105775,-1.058622525022347,1.578753814357498
2.2760544637134887,-2.582037967346084,-1.3705416703994227,1.0577246768053594,3.706865485547375,0.00232672280604318,-1.3320950155968054,4.546258678081589,0.3032967047024411,9.522370243302777,-4.583459173328897,-3.2400495670581657,-1.5282773588028011,1.3487948764422524,1.4613235713770312,-2.7289271692651136,3.9631394891404796,0.17801471862751095,-1.2540455028021829,-3.4627365198765525
2.7455072917985683,0.811873857072157,-0.3128068856495083,-4.023896559971748,-0.3165378532047807,1.1867199118910245,3.833408114148319,-0.8946000690536785,-0.03909831974126643,-1.5834576954508062,1.461038023929571,-5.924778034072419,1.0460916705919958,-1.7183131355192347,1.2348330306067485,-1.6293626588497632,0.7597932336842137,-0.5484426845310553,1.4846109137895165,2.9785257838337453
-7.134192068966129,-1.7586123525509187,4.4750041229662045,6.117027678220267,0.040362490113571535,0.7493122682619713,2.743157249907099,12.739364749077067,10.054790381335176,10.040382780968068,9.046939222668382,5.981644303335508,-1.4613883423536407,-2.7200613226844697,0.5695768778101145,3.935720693760561,1.408966457040716,2.7375957712639045,1.7836142862095337,3.1519796824169557
-7.806850611041363,1.3672476768549306,0.7401268227337465,4.251382873914411,-1.5384824880043597,-4.189211350451248,-0.49410273565340845,-1.21908785798877,-4.9932730992866246,-4.616408482165638,-3.107708675855644,2.851309925699015,1.6489182888740537,0.9657368267823867,-1.6274012724459976,2.967445851556365,-6.456858374745079,2.4701681819226944,0.09206649043093021,-2.72265626193356
-4.352340292615564,0.20163127347456736,2.2979365151878315,6.516643852464439,-0.10871039211626898,1.357566986291436,1.197297562577576,11.053555912376888,6.532998090717584,6.169212177545562,5.3545848455729335,10.291406015284053,-1.6002982044473302,-0.17839145931335687,0.12257759080948746,2.881686278164302,3.5772160201848404,2.0624116910780805,-1.1875771165128879,1.1963266660212732
-0.3263326764190917,-0.8250645340364999,1.7813031769252738,-0.2995299616066931,2.11900557859985,-0.8151492490804374,0.8445555308646532,1.277820080252288,-0.7970801095660989,-1.8959139379086523,0.3220658132116164,-1.1418137362097538,-0.7690754522795036,-0.03995581533436132,0.47434504155061274,-0.046522374423874524,0.04004543114972148,0.7078988506626214,-1.5072933482638367,1.368011986037883
-3.65251450308537,0.7718916695875079,0.05420124757442041,4.369720219438685,0.4393563944063751,-0.3976054566981308,-1.4954870274903955,4.147369538661955,3.2528832830236545,2.3649429351106113,1.9335110853564341,1.573013118558221,-1.2478169774641668,1.6390358419762046,-1.0480565241978184,-0.9283227345827249,-3.1134214457414604,0.9173413049429873,-0.316195896582182,-4.333391631618603
2.4018400598052163,-0.232477621110114,0.3666601259518987,-0.40923262066024557,1.592048649502075,-0.4309217811072615,-1.8537146370039996,-3.6457145539060622,0.9556016506649383,-2.899289379316509,0.6523470546642115,2.0655290491929215,-0.42740412874014794,2.350530393129756,-0.17592302019017808,-0.3668827959614438,-2.1241598861724293,-1.7423665989215467,0.13992088962788712,-0.9392908632308162
-0.19517555192052638,-0.7948754342989974,1.6762108842665162,0.4372911744021398,0.4838787501908224,1.3648597999935355,0.45787805977650686,3.662539689062328,3.455375371097321,4.437129804898665,3.938859290872701,3.881509299559595,-0.20388994493322546,0.8329132528526627,-0.39412268084696306,-1.0195196469815666,-0.8163229857537987,-0.5682408587232575,0.007747360662368697,1.0821963018353649
-3.6743325357399153,0.20897770323453915,0.09907288006342929,3.673826269083416,-2.270913648731809,0.7088017813439721,0.700602486091882,4.056827075311425,1.2566801931566647,0.2559361668370902,1.3931009567588548,9.142523144680599,-0.4960932343248896,2.0523473929676577,-1.0472151620229433,3.9027120362136243,-0.29486733284144806,0.29945444712151714,-0.5561585277112159,0.17910008067193908
-3.3955494727965663,-1.6757204784108335,2.322364663218049,6.418686269749408,2.2314199505471364,0.06751479701897056,0.005478018358177628,9.729313804460482,8.208379062346989,4.269767121087305,8.94994692030067,5.957048432015953,-1.8262121194594991,0.6155191079396564,0.9449637965962836,-1.061060308902973,-0.06182953033499494,0.053992986021500294,-0.9994851279276812,1.836975736782343
-4.389725501717327,1.1413033418058167,2.831094315649279,2.7280460091818455,-2.391650764666718,-1.0086865712935036,0.33627331123269677,4.079813692542567,-0.9264126025446666,0.9847065700714471,0.9897689806922125,5.288132041310337,-0.15151227598300687,-0.3432637719134304,0.07070313030987108,3.124814642870499,-3.8067313775097786,1.1857622205063247,2.0199174357972485,-3.201507384340731
-6.0859600081790175,2.4678352146225357,1.3295954686307923,4.929275967268405,-2.1777601176535555,-2.743262197956857,-2.7646490486220547,-0.8973920393681838,-8.181340137260019,-5.553892382655245,-3.1220481185810653,7.7455566106127,2.007493685483121,-0.7514583513163,-2.2725496421455937,4.590628687359317,-3.228581108367225,3.493192679380959,-0.40240926195391624,-5.544857073417411
3.189992669200732,-0.916514562898235,0.8415358905470147,2.4044657668923115,1.4929049745030738,1.187124911922456,1.9111358183790097,5.9145145941484065,4.759857613347397,7.475222177580848,2.735326230065939,1.4852171119107977,-1.1189439065895046,-0.765186915351197,1.5976243180562064,-1.6534772700038927,4.509795643049722,-0.5229604653366362,-2.7902168688313975,2.3330661972699356
2.689488309422827,-0.9236510033404303,-1.589241096048629,-0.3351718395979766,2.5269949853240066,1.2476131070785563,-1.5143664296299888,-0.6216546455378655,-2.8518443188153193,1.738242862741379,-4.640385206036912,0.6310874669117122,0.3447304648015673,2.662431775821293,-0.6832343581240359,-0.42762434937752514,0.49411805448554125,0.3384646205590592,-2.1817020274338828,-4.020463729746367
-1.9578796475833276,0.06685932066070732,0.3517071475666135,1.1050965365152732,-0.8407152487485512,-0.7216761292542689,0.3491427002878709,2.3527741298539944,0.721255590897857,-0.38418434306136273,1.825261111510502,3.5994350725052446,-0.9588919773814243,-1.2917886081029748,-0.212142149248676,1.0814921513974893,0.7555445642064319,0.36248781838516814,0.007753175572421918,-0.552380117305665
4.109775492345346,2.604933724825606,-1.1086965140175282,-6.876320017563485,-2.372019288289211,0.4962972941625988,0.6794305966736808,-9.147587435872495,-3.6104175058142927,-6.987095723401067,-0.03086471864937068,-2.3055278695506205,1.6873587407133066,-1.9984708004978915,0.4322241788015446,-0.2492510340364138,-0.7098507859961731,-1.563693204724629,1.7769307904933402,-0.6086322088959684
6.277264275085574,-2.5549464260975716,-1.4403704601526348,-7.341199818346169,0.9290695587305672,2.8703291293455626,1.2324685926671022,-2.314008211412261,2.0639398434508753,4.817812819487649,-1.5528836250560163,-6.5326222438603665,0.3627342571019385,-0.32592982832711537,0.5729860514556759,-3.200000744032558,4.2835083454821445,-3.007683822590255,0.49774867313061916,4.263378427813791
-1.3506409764195175,0.3170962918617036,-4.272609624245429,1.315223756808696,0.8315609909037822,-2.2703545460067884,-3.124098885077743,-2.5666996412843086,-10.769659665905372,-1.099640476208637,-11.198841843987207,0.6033876749615812,1.4493672975806529,1.1379237040677126,-2.260909615469585,-0.054560183368766946,-2.0162138779982013,1.7592066586739492,-1.6634794404328026,-4.2462650585928445
2.194109237037954,0.44141780050368995,-3.302998915017663,-0.8499417029912748,1.0895514211671602,-0.8527644920674633,-0.7357534837958676,-2.1946322973540084,-3.1790930788822367,-2.7883216414273764,-4.649432036785188,-6.286451822355217,-0.20015212355659284,0.062070826798714535,-0.37397304169784096,-2.5801565083376996,-1.9984676326415627,-1.3207144392219385,-0.12599485419528517,-0.18860801325383858
-0.8317252160209765,-1.925660451866739,0.3377861290166841,-2.535173155131002,0.0698849907386091,2.8607701045277065,1.894374335097435,6.821120468770351,4.608259176396734,2.962312679839867,-0.26446305337614695,-1.1874202510479446,0.5111442420586023,-1.7152540144547732,0.21842528564369515,0.9131894335251178,3.1023471915800527,-1.4892388872870348,1.316198709622439,2.1337068266382166
0.09375019188983713,-1.1166912717807107,-1.23692580974153,-1.6571927162841682,1.4217478680361377,0.7532222041188839,-1.3025711747688042,-0.6260539738799102,-0.9209101540380082,-2.137595993289079,-2.949804366220832,-3.2639339659181212,0.4599018433226739,-0.03234186585572166,-0.9525004422483037,0.4387601782035679,1.6539877720922445,0.670692476351399,-0.3876595960910824,-1.1764259034855709
-3.015155108623016,0.4850004726585011,2.3215007634137668,1.1169473114725572,-0.4770655304395577,1.7931254610121834,0.860137471770483,4.559258263031554,4.302568368007698,0.10220229051689489,4.202714870169881,5.857463941968117,0.7023825304236847,-0.18470182701434845,-0.7774263520831175,2.328041196710298,-0.22072149397771312,0.6678049695154908,0.09838405014186694,3.7611651471774814
-6.206437681536586,-0.18523852983127137,3.408550163372415,3.3124221251633865,-0.6523946864223862,-0.9026871325445645,0.12318591628840492,4.910946069360705,1.744143426458138,1.0186160125051211,3.585871511314933,12.548122418120876,-0.11782310231326043,-0.1560777392631797,-2.0441287190852058,4.108667376747781,-2.096481099614529,2.058440672120237,-0.7110506836871802,0.16819737006782515
1.941415830729554,-1.0182075821314003,0.26206340647205345,-0.29190527131900224,1.7143365603868428,1.600345828878312,0.21652644900565268,0.16967612437837998,4.68255904889474,2.8929319733787557,2.4474114588130313,-4.047603201172972,-1.727937749411411,1.2258840243841576,1.4451672222235379,-2.5918551852473266,0.8130720539018033,0.27887051519432593,-0.393716331716718,-0.906822375430505
2.864859304712865,2.010337881496216,0.14741974421512416,1.497640039976313,-0.6139544599501287,-2.517915236920384,-0.9535222765046762,-3.899753942343615,-2.382967869725619,-2.8021506829849825,-1.5194072605570614,1.4547414602722164,-1.4998865078727857,3.789584049799026,2.0163433689199355,-1.1729753983305915,-2.7554954697207776,-0.47448218112176166,-1.6288270992994516,-2.7765875980001407
7.409784654064498,0.407725568821929,1.0205493926501257,-5.091623019829796,2.1442839720970417,1.0668906744803068,-1.8958987686930566,-9.276092989423894,0.157335253877809,-4.537383295238511,-1.4260718255521023,-11.012522600651529,-0.26210704543232044,0.35899128258769064,0.658175916642746,-3.265864743392392,3.2365253360515336,-1.8151857464342385,-1.1638131166825398,-1.3568978551491409
-1.3901934511289658,-1.7232372556083064,1.9823075913454655,-2.06959555058698,-0.1195043115359782,3.028611125392953,3.154658787537895,6.330629663788993,7.188006984460301,2.685935394904792,2.891095840063461,-1.0223935977463108,1.9870793981665091,-1.6718544102231747,0.29211793735789315,0.2051260380808424,2.8054713748538957,-1.9492898103776573,1.8290372179654022,4.55461779685404
0.12089316463001853,-0.316852857773462,-1.9904406428558463,0.9425911127054818,0.7777242000844848,-1.1927416660378682,0.23127339433932304,2.289073166095296,-0.919876539973981,3.6471555209400472,-1.3157146655086895,5.265958917956399,-0.9692752152926589,-3.097824408907646,-0.9104983445211752,-0.2514793669950771,1.932522439536224,0.39618384535037054,0.856891521592184,-0.3316881763806998
-4.1186128646272175,-1.1632405141862625,-0.6555336617480882,8.49928740235444,3.2029424987550352,-1.2173523639034314,-3.4028842471258782,10.136665156909787,3.2317955730132892,6.332950408858328,-0.9429101193511554,6.341606358296948,-3.3457701074235042,0.9787580460559395,-0.2908400484832234,-0.46477561937393075,-0.10924328478440526,1.028302637719507,-2.03958073864456,-3.0890416945263546
0.5126420526415265,-0.6695901551995866,-1.153505807964708,-1.097574932636814,0.12498377706825659,1.0546610741746436,1.8553470612200988,0.6799164380121595,-1.747408005881277,1.9233695868474923,-0.6279676399420406,0.041403468367274474,-0.6085708294183978,-0.6174243105992905,-0.4018380335169585,-0.7101445128296628,2.1682350673247903,1.488655050342429,-0.5286695211919717,-0.9536019958914
5.5778052067587165,-1.7944252789777126,-0.9210556477490535,-5.476313853587534,2.8274915188248664,-0.7131946396679051,0.7295778219046193,-0.8834955483396598,-2.861356635259616,5.585885542142174,-2.7135682359573376,-1.2605257717627902,0.6938110002631718,1.2377903537536419,1.601456540964922,-3.6157319256684834,0.20245564254649778,-2.4940785702833006,-0.28461399618252997,0.8123993993000986
-0.986123858617943,-0.769922425272824,0.19793650540289165,6.659273132066666,3.5655096589616964,-4.075892567477235,-3.8658751427606726,2.1279066592488,1.6018744602357353,0.9762135578156044,2.9172182204725354,3.703051397113841,-2.555115918471568,2.516798270131777,-0.1614000643540121,-1.8990491173478738,-2.141464329869364,1.229420396303876,-3.055918054243525,-3.7383352871881423
1.3842248559188457,-1.289626020848945,2.021990880329559,-3.8739257646123306,0.5946366980626381,4.098846998193978,2.2905905378304623,4.157933709229842,12.074160301072917,3.549269527985283,9.129669904496017,-3.6428755039924754,0.08795374924341082,-2.7317746943701438,1.1045279452993837,-2.442963757695965,5.702498190559852,-0.9480286856384192,0.6784606143111772,3.8315421441496285
8.52494421751081,0.8002087009459312,-0.5627024028220993,-6.364265119162398,0.01321936937845325,-2.6513220260096526,0.3523264994495204,-10.775732656459304,-5.859326643028462,-5.692129904239636,-6.771008790352015,-13.248236777771384,2.7235371481719373,1.636648496835733,1.2294933903536298,-5.763943225430656,-1.7893159430999597,-4.31952183859419,-1.9799436713831589,1.6080676524959543
-2.4143718149762066,1.5139392334745803,2.7060232582747252,1.9501945809231078,-1.1561607798743,-3.0467569734958975,-0.3591477073401292,0.11959190714353307,-0.17424936867504315,-3.575900008803171,2.4427643081631842,4.9922743540903545,-0.5421559890676825,0.7764890632982561,0.8421860428418468,2.0218222831485817,-3.593699790252061,0.05864512722370652,0.29049453486015336,-2.388876861623693
7.027591615901918,1.9437595503905987,-3.9730300067979605,-3.8842126543338065,1.922653405399863,-0.4195166075518031,-0.6167205654065716,-8.685681694825364,-8.481512770051252,-3.7507518184904294,-11.284859503084233,-11.726411594043103,0.7152607127088733,-0.1450895482340051,0.4715326997671797,-4.310926116943217,1.1486505223437928,0.09696449760182235,-1.0510393716678077,-2.3032111594475424
2.277436534285078,-0.28349141013870266,1.185743389052449,-2.305522777412134,-0.489067069606944,0.03358933339676656,1.3577540237287624,0.4489774610357422,1.1561055729808922,-0.26642093598312666,0.10582608535324223,-0.5562370601015618,1.2032126651824677,-0.3216438423510176,-0.36865234202589203,-0.3773601817787986,2.104758874118481,-0.3272602628368775,-0.6654675868853207,1.8592465876257978
3.4184788055054423,1.2302385444634591,0.2730336171832083,-2.5718447950440573,-1.3516021561557503,0.4595248573817607,-0.9471117514921776,-6.497435498596415,1.3638597321587556,-3.9304123081357805,2.1219609988762906,-6.028487308822893,0.5666128399811989,0.4740726291762163,0.13045069131752407,-1.2124996681429092,-0.7652362685238245,-1.6495023038370367,0.5821074628459488,-1.615385273927933
1.7936898857343468,-0.5528156926003045,-0.8569211646825352,0.6053502359133295,1.41512659509985,-0.8967188302110713,-1.2615629207032342,-0.5318760132436393,0.2791108282953314,0.9688463386309192,-0.4737884760817409,-2.113045100773662,-0.7412896910494062,1.4091787617076146,0.6449728038556817,-2.9363062876432107,-0.1951895627797745,-0.09949762181357587,-0.5387587772831551,1.5816028063469731
4.13823997145999,1.506597746897054,-1.480800737431881,-0.45265798475761465,0.813296918421834,-1.4834313538440487,-0.08213116323750791,-9.671126223981156,-3.5161899515132955,-6.381878645571788,-2.0681977083055223,-8.579199707299013,0.8399318854505313,0.5601640535019852,-0.2698255866123214,-3.8614404235105653,-2.7953343141077784,-0.2697847462248341,-1.1030090812924824,-1.3418220302200117
-6.580156815157791,1.1893018028346587,2.5897275357855603,3.7980639003503716,-1.9358763635874412,-2.6897922338726987,-1.7772494964938046,-0.0604880867184755,-2.052236797909442,-7.830210304251812,2.546381491729784,6.217141049510722,1.9290144848233541,-0.6026739760368991,-2.3657947089479023,3.1103333931864174,-2.924127761009998,1.0899295221828345,-0.31898733736402235,-3.3048369539875146
0.989777470601382,0.5992274842764267,3.370526725883554,-0.7783514375133197,-0.05319236570951748,0.14683569982065148,-2.2500791015118824,-3.9971779426793983,0.3634819848792452,-1.0613958669475891,4.396580522903657,0.8984608979788516,0.02608925165692713,1.4078090918060382,0.522666424372843,-0.5040283641354872,1.2517193603922991,1.2464318657247728,-0.5624074684047706,-4.127133987359545
2.8797567988081267,0.27286277054652314,1.1300633611522886,1.6109292730957203,-0.3893781687970661,-1.6737590782302323,-0.755216506354275,-1.192423987361739,-0.3621498058935275,1.8254639913549873,1.5070145539469157,-2.778489797417014,-1.7252274360971245,0.7383004837346387,1.9857072818714037,-1.5279194260302562,1.0433406457644625,-0.6648281732599037,0.37281867459148654,-0.9864740480572036
0.10361181062885882,-0.4887640404133824,2.7903395291093345,-1.75562946147889,0.12419388851343327,1.4942706178765448,0.3416936878993535,0.8605461277859672,2.6553741348134743,0.9097030666670864,3.6780602275909327,3.032443982026469,-0.2705276894238221,0.04879628183535667,1.0495513638795317,-0.4019435658582292,-0.6436462694351514,0.49099740777051404,1.8077635506663114,1.2591385098148797
2.5851081176549906,0.7215479199783333,2.56781148979778,-3.141465230886604,-0.977039251379527,1.34802877339445,3.727185635328337,1.2040839976289663,5.6246404374516885,1.097468209511785,4.7840368683351,0.03906921520551254,-0.3098123503039236,-1.456822468362145,1.287453449710061,-0.15798183737189547,2.0669316339960346,-1.106212994946221,1.8521147503769053,3.6033110911503115
1.6390663284976361,0.8157385338610277,-1.3426004466035857,-3.1183341211231115,-1.1310624235169375,-0.6711680251012291,-0.42451429301536725,-5.200344913774443,-3.289991003045984,-6.6853973891204665,-3.2804570712817567,-6.914755598655548,1.668119335673393,-0.861449683305427,-0.6555611560246346,-3.1014293971602704,-0.675587642882604,-0.8594454716050558,-0.32983065574654813,0.9519282631079962
8.680973350948538,1.6486079878580833,0.2880878796888263,-5.8089089450297235,-0.9614376757100784,0.19989247674557076,1.7969785289969205,-7.12680557326533,3.1619059076782032,-2.7618524928517507,3.046240237100085,-7.7630826989145945,0.9257401492240143,1.1107003369170099,2.1685461998648887,-4.159823723455142,1.5106738057086382,-3.6428301548655524,-1.8702055858409001,1.3389841479067222
1.9907110265672279,-2.144723510025061,0.6108964082551229,2.0976051119284174,2.4605014735584017,2.387727660865583,-0.6741494526759688,5.014348642451103,5.353230452696235,9.378363225763916,2.973745971592762,3.738206490770043,-1.9902806910724862,2.037589641396715,1.2360368526282948,-1.1805728148388126,1.775582442818417,0.16652319967500806,-0.3846255078186589,-3.153266315113673
5.005011779975255,0.514306119766654,-3.0378691259772426,-3.522878172480332,0.8034499344133511,-0.9717647025361457,-0.6711939166342527,-7.060763832545475,-4.672986637953128,-5.472534466514594,-4.112772577453301,-5.860524690632101,1.595663940629257,0.24551627632583714,-0.45818204796528583,-2.202928253747004,-1.190780860304671,-2.658731352293305,-0.2399054167906122,-0.1909153973871922
-7.543876040273231,0.44552973705552606,-0.003974750883730227,4.631191489556583,-0.1232963115889456,0.748929109123916,-0.8418866591661481,6.087795680447469,-1.0585056636992727,1.6669941279356555,-2.1412078789630895,8.055110681696968,-1.5300276644087993,-1.4463235935562266,-1.1722762674772351,5.893635241732948,0.1503093650789421,3.6261213110461767,1.402528137695926,-1.0646840490733172
-1.6546875299278925,-1.805515778099098,2.384561987790459,7.484655962312097,4.537673487059733,0.514005095036724,0.2655460498447443,9.467996602967252,11.576382278273144,7.261703634083981,8.799614966763436,3.691905970703059,-4.618723133068713,-1.094537134955043,0.704138097301418,-1.354208000168767,2.7302635759581135,1.2255104233111274,-2.0804830501288785,1.8094586607917298
-1.6072565716550997,-0.6378962366780464,0.6180872591106729,3.2349225263673365,1.1111979244716879,-1.474310055904417,-0.02528862367131235,5.1925360343893265,3.1950835652050307,5.765067969320029,-0.9159505806328854,0.15808531220291844,-1.0518689955203162,0.6924311839628075,0.06473721330145654,-0.6843187700735867,-3.7640755782324984,-0.5600892968643406,0.8265674665376048,-2.005687014756197
1.7572667101309924,-0.682070822816502,0.17719759354802747,0.1936207874262042,0.894450622641497,-0.8096803446603236,0.5334099832145944,1.8676115727896716,4.147376408441071,5.350403014201582,3.823793647648724,-1.758657982071831,-0.7446355917349752,0.2822330167273946,1.7094046689992983,-1.739294814756001,2.1445010933488584,-0.794540500307114,-0.5055372271077302,2.3972858504105847
1.5957293401743236,-0.7458886510671373,-2.0063464834889873,2.556329111297793,3.7497763693633814,-0.5963940679771248,-2.5482226200848825,2.5484015549460697,2.8805456122454816,3.840755702739326,-2.8148023451556683,-5.462817983934422,-0.8970231020755831,0.46825476822031575,0.5498227715298722,-3.282646959055059,1.3326950547258116,0.522714723224331,-1.514330037044276,-2.2546954213645902
-4.838223336851795,-1.388061446163966,0.10061775139126033,2.02680680630365,1.5921257386294945,-0.0695063291852629,-1.5221927330475222,3.902452246539946,-2.450808107883786,0.9622831088505328,-2.0092278970224773,6.096243927211461,0.5249255552512115,-0.14364401268084565,-0.7675600598718555,3.4462887618406497,-1.3344478768762205,0.8673080013351078,0.650631208926712,-2.943701445362399
2.5479464798767784,-0.8317807333750459,-0.6347540778630036,-3.488703593970417,-0.23492433451365924,0.16798759785510353,-1.390897499612735,-0.9000879115857128,0.6025422522447808,2.3498527188079374,1.5751871787160219,-2.8059189019516664,1.5286722989297898,-2.308093123948757,0.13467547505738164,-1.4994963452685246,1.6320431222232414,-1.264896167357213,1.3291191746376076,2.731363846220863
-0.6596688059869746,-1.2870621214252085,-2.0991544269503972,3.4348875341505094,0.9060829686019465,-0.4773289095512015,-2.16300980366751,2.499627240290612,3.7447764278747053,4.136968540760966,-0.18905378785018656,-0.7728862544822221,-0.7861547571744761,0.028332116173529875,-0.8724208679910012,-1.880704809812769,0.4846091957561225,0.1149394117688276,-0.41299040920026336,-0.1472233144725067
-3.447277971791731,-0.5096360412285694,1.6640632953439318,7.668726723347509,0.42815970735535114,-1.9455780612677442,-2.231273889912768,3.2850887474194383,4.795454201614003,1.1008370321309622,5.080457509440751,5.239139283199181,-2.1025955645091083,3.913826266798025,0.15149103838372838,0.9303103901718709,-3.569126386653136,0.9765624523796912,-2.9520082273081143,-0.36281364274412997
0.04683588011442441,1.1656131001093744,1.1404663581569618,1.5443419203737556,-0.06046177470162317,-1.6214043017658277,-0.002609547140221713,2.1372955117489036,-2.758293788153514,1.5908013833149717,-2.5078616870102115,1.4026616109069576,0.011674172218789414,-1.247223927742416,0.5043313813483289,1.1549577601571808,0.01806558781858092,0.6703605382442481,0.5401794292226926,-1.377775506263918
6.2565880385546535,-1.178337235884922,-3.695626769109367,-3.6086033177974532,2.7862339705816375,0.28293257918248715,-0.34879791233051893,-2.373825266056915,-0.30508559346468156,5.697018514973323,-5.276654542735109,-7.182254674577483,-0.7179698077424707,2.7699832584216857,2.3025530793160547,-5.201717821241381,3.0304263667408433,-1.228420061906378,-1.7897036430647937,0.5915963235029271
9.544096493947041,-1.5401153219616264,-0.06869578711598501,-5.003559626630469,2.051120472737512,0.18850571575283143,1.9951661728793937,-6.444840891621734,-0.2549301111602581,1.4906468861164208,-1.7981180010014453,-10.088173704575679,-0.7952355048452477,-0.1732286415031552,3.3542766058565694,-4.376638969185541,4.301381043764771,-3.6524262766955706,-0.5624086514770062,0.9792285412532569
5.3745298421128505,-1.0470471703524444,-0.26596805744381224,-3.706356391868726,1.2004095226623221,0.6094393678111452,0.6266936877161031,0.3152975387808816,1.3534682094467765,3.1663810707211337,0.09230601376782122,-1.8093295615033513,-0.766287937351886,-0.9344601563697046,1.6931310185622679,-1.2750962185992956,2.372014095927293,-1.8841658402577162,0.6992288102631438,2.932961210083316
-1.2640874377663194,1.4556129062042291,2.6686022497049993,-0.6104853955116695,-1.8298006008501986,-0.8114241433488423,0.34438319735178713,0.49291732960365886,-0.6385225494714453,-1.9147707442991277,1.631083768557803,1.9406306446591348,1.6516442143309695,0.3293398475217748,0.9134587985310827,0.8832825941554925,0.8842824760038747,-0.42986656174748106,-0.32242262287130175,-2.848512349095995
3.92573463299849,-0.5277219617794229,-4.089887712141126,-2.8550068723731057,0.6224076519541432,0.9534947475260813,-2.7054783458689484,-6.493686503892034,-9.63213140805392,-4.419056607183061,-9.64384438559448,-5.1706646687096605,1.709218958852779,1.3766652106275044,-1.1676219383944204,-1.310153668698862,-0.4189505004157839,0.614121738518419,-0.8205732657482234,-4.527452981826101
2.550264461207072,-0.5507579234770875,0.4829947547152248,-0.6426986091073438,1.3329939949778928,0.15535978154629326,-0.9952281142489354,-1.3602378596815845,-2.690397854500758,1.4518432737130496,1.3649717275704525,2.8245867335963224,-0.8777564062734748,1.2394505516299594,0.317417833886628,-0.20907018243151115,1.7497121302110763,0.7534364488045916,-1.2302224682767045,-2.632523472142572
5.163975391271412,-0.630681215861416,-0.8468851681154297,-1.3055975028906999,1.4578002735754192,1.730389835797051,0.3539848738234502,-1.1409280292584354,2.2748752047158813,5.74945704137447,1.5878956825414996,-2.5856516154553653,-0.7906604953393088,0.7320809011920617,1.2858616565417087,-2.2536026785923986,3.45020466545225,0.270428371686664,-1.6037177346938307,-0.9532174657597866
5.97702127319256,1.3814545954761477,0.015048333024579419,-2.7966277606797294,-0.022791901863748687,-0.9407558007155747,-1.4644622496437822,-9.80383678219532,-4.2867019252313305,-4.979743813200641,-0.4660552752215781,-5.292733309994966,0.9044713036382848,-0.1623001936414059,0.3594805787809737,-0.8151187580548687,1.0076386551493581,-0.5323173287462656,-0.7981556467949713,-0.31689007553244863
5.645629111192361,1.064749632467499,-2.710646201188453,-2.263424807857062,0.7220878154764641,-2.5044327454750475,-1.47002363620912,-9.51316851656911,-8.008244224515751,-4.700292669656575,-7.2026253034631464,-8.45470473232546,0.9856231588053321,2.7273679721193105,0.25242465211859566,-3.0363332299721812,-0.3997129933733643,-0.10215315393727964,-2.271531798946713,-7.032745949834789
1.5324231513871533,-1.1250788672529577,0.028995535613789244,0.8010383620932644,0.8508837360822623,-0.7173633587088055,0.7389369681124167,2.1504339012935185,3.436460300783245,3.628067169276728,0.5320452538575179,-0.9622122274372863,-0.7991597898470859,-0.35532362910157467,0.9181282276944616,-0.6962868196891777,0.4232049688144449,-0.9450972982607322,-0.5583479676185781,2.5793621050716347
7.992448199965058,0.45398417833713295,-2.0593340196345773,0.05411019855233001,2.0152425279021826,-0.44733085522760363,-2.379899130977509,-6.553038579890754,-1.697475144164731,-2.851636590772605,-2.863503833797835,-3.88668504689797,-1.8790067887944641,3.2218217115585777,0.05544438932004392,-4.544993869628375,1.586187997563436,-1.9668580840256675,-2.9430459854268203,-1.590649887533106
2.674164075606337,-0.4445225174357647,-0.7895127773450571,1.1164228555476479,0.7237354325259469,-1.8353296048360668,-0.08334152331623401,-5.168501780883698,-1.691540739800874,-4.600136889025528,-0.7774342797659608,-3.1961770074201685,-1.4048141189983818,3.722372875567103,0.170586064466329,-1.8845792020050829,-2.1610778776845647,-1.8828976411375264,-1.6667690768836598,-0.8247472226933462
1.5808759848835923,1.8043386940026687,2.143925419871265,-3.332722223178563,-2.7005394290245226,0.2615288076108342,-0.13279192872355217,-6.233958034933395,-0.7788701121408677,-8.489108820136748,1.9558368604131278,-2.63220170145632,0.4210657807921917,-1.5081795498103563,0.14866660216022276,0.7722452621783295,0.6748953547799992,-1.801954239583218,0.6979655812690394,-0.17286349187711125
-2.268868566618312,-0.5549780631347973,2.786981667105025,1.7708695913634025,-2.1755524827300965,1.0356984305571504,3.377636500962467,6.0520829083527925,3.457279605930362,4.07031482592555,4.009788636442063,4.7764549109274,-0.21194915459733987,1.5382755423251258,0.34461731964462794,0.4079388988083432,-0.7190324006810375,-0.30156729231894724,0.3552464087060686,-0.32790419196449694
0.04803378175189979,-0.9962622977226446,0.3453138260022888,-1.7127458128437056,1.8090887373934392,3.736857287750073,-0.7559109789908798,1.7341975545496093,-1.287042411785169,1.1306578448049989,-2.101533547638444,-1.9226057534271552,0.20110133090885018,2.1610510283392528,1.0250628856918034,-1.1932313813329118,2.0806870805972753,1.928927572742069,-0.5411884053943702,-3.4109360326667804
-2.2837469727736437,-0.5498739202198331,-0.2719224553721912,0.7109097366632479,1.3532371038148212,2.3703587064436444,-0.9732350307283435,1.6941100046784052,1.291612142679702,0.7150120281563543,-0.8627047989282411,3.013558268964734,-0.9898546470455862,0.1405249706809879,-1.6078698679520853,2.2752105105500755,0.4203097887479264,1.3073830527007313,0.17902045445892364,-1.4931483551839357
3.398151447758379,0.19227350887408318,-0.43268346519289713,-1.9712511162655786,0.03211891303465664,0.42031897368607085,1.8458615615396765,-2.8631317169539696,-1.2797367432727806,-1.2234066963679304,-1.5595538029306684,-3.053409298025466,0.28590323627467207,0.24054214980048716,0.47958865647984344,-2.0538251321740004,-2.1644654569498925,-2.1399365704894,0.6377116362465921,0.31659596358616615
-3.5693054398000914,0.5890677583143841,2.650410033939898,-0.08180355550104842,-2.481315908014859,3.1045312805593133,-0.7599132256918613,0.5346698677165476,2.442323770211462,-0.33115805462097114,3.557792507365264,9.53358909117189,0.14128079857685605,-1.2399870232583599,-2.4104363461150315,4.138259226556071,0.9980695386224366,1.241837338758173,1.709618984935596,-0.7591191358840186
-0.28987653676576913,0.04964646142258298,0.07704834137892014,-2.177588939163445,-2.1269124071191814,-1.144618378388117,1.2674299240014923,-2.466458959494089,-2.8053637780643768,-2.522002248133002,-2.9174052824785015,0.16322803862755852,2.444487837258812,1.7052853377077974,-0.8610081508040909,1.0446654760196696,-3.1758643256617667,-1.1451853544546697,1.7361784988105973,1.9609309492139126
-3.378728793864886,0.1367527768115063,0.5260784798504463,3.6646057698569954,0.4056812364232755,-2.261529085913134,-1.184739626855293,1.6210604134781104,1.292347644328564,0.5773168415557628,0.03800850039847403,1.2277575026398284,1.1516817461567421,0.044195580074746665,-0.5705701138701361,1.2918139869113026,-3.3970991477609314,1.0825662149573287,-1.1762768226696332,1.4998985930355684
-3.4631102044930397,-0.1750999877485239,1.0167297289971278,1.0549753601145926,-0.594780707197403,0.0999082673361496,0.32616414504753277,0.8710709741191688,0.5793892231612383,-1.8596349821155482,2.159695536701428,-0.05511154285204878,0.7716749060445939,1.8609385346428078,-0.13440681737847965,0.452387993271697,-0.9177287411649315,2.388342140188599,0.5296912024157929,-1.424648256370097
8.221839114963503,-0.1775473506187444,-2.5292437858810057,-5.496063723524403,0.731276088332097,-0.40452709683459565,1.791407436293433,-6.011453490510617,-6.0071649167905,0.13220941118681906,-6.549921705879624,-10.171240150477253,2.058072671291832,1.9215421902247793,2.1178555067197578,-4.6641423360496574,2.1242920168267205,-2.383158905283134,-1.514118955085656,1.6610484868806221
0.6715171624463827,0.32845474118092677,-0.6732962016728099,0.34759376412576093,1.1601821115576085,0.8124307103956978,1.5187823152620266,3.0132377263503134,1.8696551660733127,3.3446819236909606,-0.9706648051500909,-1.307837186483392,0.4999566981289161,-1.6168373049735791,0.6201891105096293,-0.09862438669629414,0.743704554192214,-1.0147731091440786,-0.3822669129554826,1.1675608957124637
-3.010016251358496,0.43967566961610294,-1.7181872577321182,3.3246142622874677,0.4618506791913687,-0.28672762819592146,-1.7955089406017424,0.16482345732906534,-2.1133353166609448,-2.0815783835144344,-0.3270571551332595,4.963291020730376,-0.6068022240892785,1.68713014726202,-1.6643705753974511,1.3611970103504396,0.09203999390075523,1.6500203480379307,-1.516746233757072,-4.204745417028717
-0.2957026414812557,0.5751340841418914,-0.5186715802496198,2.9931560183509545,0.05919402983902572,-3.1509358913140826,-2.134319089530601,-3.5351078686526844,-1.223013157817043,-5.847907766053497,-0.0143633626755163,-2.693201025642815,0.3147379353336326,1.2757019347641263,-0.9658235997963642,-0.8643645930603766,-5.447606188001297,-0.45739445872654794,-0.7621986299075401,-1.2672349298909984
-3.9093470535611967,1.4625200361965691,4.5333323421148295,0.48108248907453,-1.7576816962846449,1.8146753902059571,1.2102434125873056,4.169089752727347,4.9059434959988915,0.8404519162925904,7.485015667425292,5.0921179471731,-0.4864549632532773,-4.883885998175126,-0.54299840447157,1.941554025137272,2.636110783062759,1.3192539722499044,1.7555675936375073,1.9305633568260117
6.355083723955577,0.6694122934748302,-2.212344423199591,-9.262733673579636,-0.8615496831281915,0.79856583450964,-0.3476810893779743,-11.024059591684336,-9.743110409714193,-6.760662089288789,-8.597620086122147,-9.15244105538191,3.2104919433431194,-1.2603548933940252,-0.2941319403021349,-1.4637138213722394,4.188757575584827,-1.2746331678435823,0.45829784787878103,-0.1951594019192438
2.1096823845835835,0.10273252158954188,3.7160260530777807,-0.17919487880587703,-0.4052343186376228,-0.4085805321633259,-0.16917055767515757,-1.613030206360264,1.141646488551813,2.0419619835786667,4.322208204629186,5.972934722645413,-1.442462867366882,0.5829395667521083,0.08763758444490863,1.1227762139689486,-0.23490174369137218,-1.0412074755922291,-0.23405905300644303,0.7500926213595697
5.402279566518158,0.587617721559013,-2.854021140463537,-5.326698127917679,-0.5244694836104205,1.0737720211030903,0.9622802920404813,-8.998590695621207,-6.488522174648132,-4.850167445620948,-7.0499462605629555,-7.305200783048541,1.073139275797184,0.6860827727653611,0.1489912882094347,-2.0206615934949186,0.34502757131536455,-0.18934832090695602,-0.9007237609515172,0.14492767416242075
0.2135034757623128,-1.1422711150229674,-1.3081302922125753,-3.7430201071254663,0.9860886965580993,2.3067108117839448,1.362101662761303,0.9731762892555527,-2.120849608883897,1.0509925325511393,-4.597594808084258,-3.672057262112243,2.350317838589868,0.10074762326768383,-0.3768131092577526,0.24375854219468507,-0.005269223640311786,-1.3655682449483153,2.046933624778054,1.0498306737041025
-0.6866364228679191,-0.5666566165024227,-2.0859552832719492,-1.1554807955632993,1.9651428889141365,-1.7042254997173583,1.2538381376329883,-3.203375088377248,-6.954313373839417,-2.0364291572620625,-7.5293570935465,-7.313634169320603,1.8443687514727187,-0.4155318275670516,0.022035182076561854,-0.6461722998051018,-1.2437789516957527,-0.1603523608501286,0.4456981799754764,0.2615722902482749
0.41724900193854053,1.0409613267948956,-0.5883884620357573,-1.5900642279021928,-1.4593364536781572,-1.6368151734396443,1.8897019157748165,-1.2156624682530142,-2.165916609459993,-4.74410876894719,-4.037504360046613,-3.847344689162428,0.934436263376722,-0.7165347227969027,1.406206756985129,0.36600701559723037,-1.2712550352627554,-1.5050444679620505,0.4821969996812355,2.556144526658445
-2.252934038014552,0.022172876052124712,1.8134840938457657,2.701728840634353,1.2299286970446954,-0.4162430564921022,0.7542011903358303,0.9115457556411958,1.432813865251499,1.3848633451208983,1.797256652594199,2.6149144777177575,-1.2443528490681535,-1.3008308950541847,-1.681308394070445,0.9023179191390769,-0.2387728488660812,1.0696732016891566,0.03316385368533306,2.670574970059648
2.8193264947083856,-0.43621539051395913,-1.8364157851165401,1.7360062692839726,1.9799438316879219,0.6282788201509013,-0.2507047274739389,-0.3314022088495766,-1.1830987052086037,3.5258728985121808,-2.2762528674906,-1.6478556709372063,-0.5618100187209969,2.414479423201348,0.44974508094616533,-2.2419647229836626,0.906908543232684,1.6764496210110793,-2.2240370525030797,-1.0542502323223644
4.451951094915963,-0.36241299010512923,-3.1773876792015856,-3.4862243271871796,1.2965325513586703,-0.35823181804472126,-1.4962322419064025,-4.802093264654625,-4.1155181201370485,1.7639114934109443,-7.934091715148732,-7.4526523113352034,-0.47482349762674714,-1.245801230285005,-0.2997900126739121,-3.452140959045341,2.313545902289472,-1.3354916056055757,-0.22926215058869057,-1.1114337082901358
-0.42294921795385326,0.6386868184943792,0.706867019290625,-2.8843931543169288,-1.1691815590873866,-0.2037476059693352,-1.4276416177869535,-3.4149690977416842,-0.40013384903091964,-3.32723089262841,1.6643147062274553,-3.8604437519772334,1.3765514205719576,0.05771036043551775,-0.8833874574916605,0.2815953763467886,-0.3609646948571005,0.42002386367992456,0.10573202911098703,-2.2831974207696653
3.2694937265432347,0.7510067715932388,-3.7653388071567946,2.0359430366337277,-0.916258925381046,0.008968811132271659,1.6942563285131982,-0.584794862541644,-3.9443766544730177,-0.44989329770169056,-5.610380854019222,-1.4129944396455247,-0.8717011044568936,1.814652545322902,0.7347607062807362,-0.48607788374119354,1.4630311900491795,-1.117001164320174,-1.9201408142858403,1.4994680890879883
0.9388099138229886,0.6091452067316551,-0.018738663315299164,-1.6974045372986086,-1.185577163390076,-1.187041854265134,-0.7058180563748369,-6.690306870719552,-8.127690193800111,-5.694054648152693,-2.1727143466132626,-0.9475043763278646,2.918015630498003,0.6338712355255731,-0.2601183485575521,-0.2880014653230129,-2.420158954271911,0.10240725707899934,-0.8162266477117609,-2.416374538610909
1.8480239845887594,-0.8657061003314019,0.36782286539664827,0.6458753833143508,1.9386200365522073,0.235757483779365,1.0703261311420051,3.5606647641277136,2.3669529575389174,4.129610917511156,0.6863032606895809,0.8955659900489912,-0.3919480081325404,2.6576711525017584,2.424166372732127,-3.6909871793587095,1.13695792702781,-0.9249776878043464,-2.4665929782836806,0.29867294127432265
-5.969615422801902,-0.4029783545583127,3.8303064556417725,4.981415876805883,-3.0879894226954465,-0.20031494838071573,0.9329765084209347,4.012837609054821,3.0039966877144537,1.1105183045625204,7.147897014765231,8.203406746979425,-0.47643578308002066,-1.0601520390044787,-0.9063921084746094,5.784548042386018,0.8167302016758585,2.017562885616055,0.9076639959007206,2.403813613236505
3.283237529794348,-0.22810525455379982,-0.5606295068775445,-3.9690177083068163,1.388338067973681,0.15994380525955054,-1.8963368864530432,-5.051020906176874,-6.705486203097917,1.0074812409586227,-4.450092215624526,-2.5806224108943705,1.2486966807602617,0.5010990567219287,0.6312452386518593,-0.7371686267951285,0.4050948153184584,0.5326224879704331,-0.6987067351984817,-3.6148282363824347
-5.0661398213049935,-0.3793668911969102,3.0742121571953933,1.9077350613839703,-1.9606312753745772,2.985019439548047,0.3315316902334473,5.222070951561176,5.136464604181632,-0.33611714146925653,6.596368847910833,10.547671261401996,-1.5831423269636007,1.8274202118027376,-0.5797869970365146,4.535121528256063,-1.81198219786179,2.085194981808989,2.2317565549572316,-1.1968190389927584
-3.22457576853982,0.1773161569895673,3.0016610976541007,1.9922175559565396,-1.7696991974984155,-0.19165327311392402,0.03479358252639064,3.811188687379082,3.435576543176272,-0.8949575717787555,3.7541129286969652,6.858923661738511,1.107816465130727,0.34823106912088,0.41454303972546414,3.1273784089998964,-0.4737945867448773,-0.4469172063761154,0.4549350706046992,1.9104398346050842
7.044773559267487,-0.9190712926565675,-2.83831487538555,-8.618012743712452,1.332238022866166,2.7748578615898127,0.6558886123670755,-4.049604370929711,-2.036413451121576,1.4167231611866682,-4.579876232304198,-8.398360107940684,3.3243618146226184,-1.4898307986713557,1.0627212512565332,-5.2674473283412055,5.622638963408035,-4.014330949966519,-0.7997992636008614,4.775673066024931
-4.480932088586951,-1.1363704731375655,3.9643968954966704,6.488912133107627,0.3113320907510355,0.046874751998998446,0.0704589447247016,11.6169208209184,11.694372403298766,6.932806650634436,10.751295278017906,10.571192824729042,-3.6913543924911267,1.3368292382744136,1.0860271872172362,1.6597489164956463,-0.26637555783754474,0.9764792668113352,-0.7167080364915717,0.37152897593221873
3.045275087978085,-1.0433016911198656,-1.6454463844312617,-3.8914180490992054,1.6734267131996607,0.4948930989090956,1.5595329296299545,0.3502654211417213,0.5471668341374972,1.6210290023000606,-2.562946414504413,-8.318556005780993,1.9012088276673367,-2.5104732058083554,2.548458677084108,-3.2691325400389784,2.5598151871240553,-2.035786001575179,1.4210339213637344,3.483377773415639
0.8302860029431198,-0.6867823946807968,-0.7363117128571782,-0.917199386401963,0.37383991134343364,-2.261945115221476,1.507357584595554,1.1434846187372365,0.6556121581978593,-0.25525384827526953,-0.7056694639978842,-4.385078467042495,0.5442357390987804,-1.2832191880339354,1.8925408788769695,-2.0429000737707153,-0.8644592008489911,-2.2313951561162164,0.9211650288982223,3.6154569688800287
1.2400843787262648,0.5908987607019388,-0.32827358398025663,2.5312531814549546,1.2826208302955906,-3.305673528720609,-0.04685061320525252,1.4753310512356452,1.0568669477118837,2.3756462197615784,-1.6362811159804265,-3.088610733095185,-0.21527309159536875,-1.229906551217403,2.556561092082691,-0.9229411481365992,0.31136292906186347,-2.0559315111314347,-0.7707404650785458,2.168604824463438
3.6206201566441507,2.7584513084714866,-0.8960004481141699,-6.2462907759602455,-3.2381960159532053,-1.7864496283634255,-0.904783999814893,-12.214050590049254,-9.008008964445034,-12.762966949598045,-2.457198955830225,-5.170180141701123,2.887333796064973,-2.300301928747567,-0.8211388624284495,0.30332039575736025,-0.11458398161435568,-1.188549030252273,0.9931104357914569,0.2606939104704197
6.095132401196915,-0.29710546259514214,-0.44358588877677774,-4.025442040837545,0.340946639089472,0.8006064344304491,2.1150760734615885,-0.15918950233515106,0.5565089359219338,2.9359119496108685,0.5818911122169201,-1.4829969868117212,0.42809880530353794,-1.4532839607386057,1.786166742429254,-1.5632727184107973,4.05078033990648,-3.1189894129041202,0.26754658113741847,0.7354880288884544
2.00076711086266,-2.0719456520960993,1.410566375486655,1.5494759616437945,2.519587298968189,0.9622032551609194,1.5248732178561721,5.580843098965435,10.14187630728259,4.199955176286121,4.34683726748578,-3.702749593638766,-1.5349233590192743,-0.8921562723092717,0.43726811507102054,0.17504752883741448,2.833437984318833,-1.812271583445674,-0.9927859979890788,4.219735242020083
2.3730051906441885,-0.8735748820933058,-1.4094713924544142,-4.225016949531583,0.11759449662029992,0.5636201482056051,-0.5666095840981267,-3.111130192591973,-1.343716441409519,1.1306881022226751,-3.961712268607709,-5.730126489759893,0.37643523501792275,-2.3466346065865515,0.5930992954992302,-1.4895814777023038,2.0698727284921214,-0.9397159242189105,0.8603472656785635,0.2119089108989154
-3.49115398398506,-1.1630797035420755,0.1205577023383444,1.3960388798653969,0.15878923212072138,-0.7985583956516353,-3.0116140462948984,-0.09106955483073445,-0.3845691226685911,-0.08837931566545576,-1.5143358318629123,3.313466440245706,0.47091502817353975,1.4813717598615501,-2.505128518687876,1.7854432027999192,-4.747347433408555,0.13915741584378738,0.40938585119842447,-2.308907752541211
1.5911549274505237,0.9220164655555859,-1.3772626668472217,-2.4392468701646997,-0.6273282232267503,-0.5961198600743813,-0.35588500896043257,-4.314578008047528,-3.7636910336152387,-1.3915509520482177,-2.7747611380040267,-3.248617286052509,1.8637325694997289,-0.026134042265979707,0.5388080627298364,-1.1900670457716296,-1.6849201351299055,-0.7927082355693631,1.2871909512391548,-1.7594282027559005
5.5930686537166014,-0.4284895762420331,-2.929545282787052,-4.350572479458887,0.4860030538112849,2.573784375300874,1.1573892980200564,-3.7924422853077155,0.4833252367960664,-0.19433705703662763,-3.115144259367291,-5.026021944575419,-2.3948075665866777,1.4858876015079334,1.692540760021673,-0.8260779039840129,3.8377320482716826,-0.9139849961388244,-0.27287197616486203,2.395076816934752
-4.036622510862719,-0.8129675041394543,-0.04420388486415198,3.4843164572389114,2.2033525671825758,1.4077059997276322,-1.2416608467589842,5.213382436620015,4.031553091252421,4.395918410618939,1.3821761569574262,6.710076596658629,-0.9847321354392495,1.3350301951877581,-0.7690230564099858,1.729640808326482,-2.637201449521448,1.479270518449833,-0.8737135542806831,-1.709797708396522
0.46909885582899147,-0.15932692607512,3.2872608350752586,-5.006045415040829,-2.088405124540273,1.2080883513953864,2.154701611343188,-1.8541297334655709,4.808611325275856,-1.6234193060063253,7.869298344997122,-0.7098557034966164,2.0069685649672873,-2.258875561852233,-0.42667651827225317,0.6491086931731089,3.5306898785480803,-1.0463982719867535,0.22021373279553652,5.070048295921736
-3.8581188246561005,1.4426429159499201,3.220237362301263,6.584434111961203,-2.922527938512036,-2.399375498965985,-1.2313614523003085,0.8999935213452992,-0.8548470020398863,-1.0925344285105125,3.2685921049617224,11.684353170848151,-1.128228058110957,2.2616133562310914,-1.3008593142826363,4.630595948195844,-3.257120171280076,1.7479547845683496,-0.8960300185698602,-1.4575871414958708
-5.967621890420026,1.1237650680992264,2.7454073746025474,4.44595104531956,-3.4848670988170136,-1.3391253219488348,1.0251731983012895,2.761769716839469,3.957331418826898,-1.324389272577352,5.916531884427639,7.073790367288847,-0.13517808183651836,-1.6367912852484061,-1.0409995331422142,4.220630334961984,-3.251491397760036,0.6102199198168607,0.6639933460719091,1.0938529147477354
-3.8720831405670832,1.3782647914346493,-1.9535091480892817,2.8491715849793455,-0.6637925556183413,-2.3751571494260633,-2.3324081802372834,-4.105223533700271,-7.551234484858079,-4.156797074186846,-3.009180123285637,1.5683638779123863,1.2244489782857884,-0.49171570152235106,-2.462827800009106,1.8748830030455887,-3.7394115358970823,2.71835792684371,0.14305182907293792,-1.9080129085466955
-0.37876841976735104,-0.6346073832350125,1.180429522237652,2.5524271449895326,-0.2574289720195083,-2.091747091917105,-0.9580395527937198,-2.298321434559042,0.7289264068677425,-1.0898434592701118,1.4369306557012789,-2.2449474548443087,-0.28310397481041305,-0.6048089560809016,-1.0894370179046315,-0.9026915653270904,0.13236603531729374,0.4374493790686603,-0.4913680301652115,0.3652581226258613
0.8954851813486708,1.5708345005555995,-0.39982495494549164,0.15409728222842722,-1.9647923338596058,-0.5198169110359099,-0.10532099951406793,-2.2935975946282796,-2.1133878890607973,-1.8540679881132676,-1.0612443032981758,3.4672633251469582,-0.4996786069016378,-0.3681154927103364,-1.1243906638352983,2.256726580791726,0.7583928775657776,0.6581029246862893,0.3974654787132181,0.7059332643687457
-1.1233341904295517,0.7978285239618153,-1.4760373060715009,0.7093361910166236,-1.4432069985970344,-0.25835744590083587,1.7773156630743019,1.2853637418035901,-0.8270494170015136,-0.4899283196117214,0.5807902458586389,3.0619550687628174,-0.14051613345637248,-0.7538002427366302,-0.38639632952033265,0.6817666160694846,-1.7986007485745719,-0.3361772002006147,0.7063131659905632,2.433554347372635
7.325418069562639,1.4250849607575669,-0.39117741762749686,-7.154374068107904,-2.399644909617743,0.905375577271988,0.8880402564775352,-10.408387757775623,-1.9948469894838998,-6.578860248835576,0.06301001464244826,-8.159682921536767,1.029332871983332,-1.793623168551278,0.6373458115988297,-2.6046738854966054,2.7748918251710917,-3.594601594135021,0.886895324049669,3.7008376655218322
2.694471020690646,0.6238522363031382,-2.8992985870671126,4.49834244079672,0.7344001350638844,-2.3717323832728487,-0.12683143122817492,2.772115819479355,-3.3262871416091953,4.221216429197418,-7.158723402684096,-2.1051089655802784,-0.7914788967282842,1.2135721710543794,2.076206106493136,-3.078477085489166,-0.05187685964187479,-0.12043671607148965,-1.479779374863125,-3.823925837771771
-5.87875372598297,-0.028691936348551418,2.7555252976395224,1.4495414500938706,-1.1737650107413207,1.0082605685819546,0.6766332866649389,4.744518764471146,1.4572148229956634,-0.5469587478848321,3.700566092129331,7.582915641744569,1.0098887426244167,-0.7513165138041021,-1.2929300801777626,3.7958723408029247,-0.6029828368705057,1.2465793878730747,1.4217036173066702,-2.221028023347116
7.461334829166093,-0.08397272487745792,-1.1652780466526156,-4.527387874183334,1.1472335119737789,2.312243379875598,2.1373497843750426,-3.4492469420520995,-2.48422750856362,5.151299641539919,-2.647404509996181,-2.0470191403630276,-1.1118640883553619,-0.4089173303909344,1.8181861356647844,-4.393792860957889,6.394312690236913,-0.021748315283455777,-0.06591407745515873,-1.8924506890991948
-2.800934703649344,-0.29505038546663276,-3.745392283636947,5.588916923390874,1.9257562250136397,1.39181457448999,-1.1922906616173132,7.110419383445544,2.831668684966185,3.7789562406130375,-2.4181680481446275,4.015437836330858,-2.182662322303301,0.5101923800562482,-0.3143459502860054,0.1697120119017903,1.9071219067269831,0.5934847687418486,-1.492467439100005,0.30962242425449393
1.6438743574502477,-2.2274462280214333,-0.3758041646257274,4.170023185515136,5.620464084215094,0.41689289313645334,-1.8591817237830925,7.302834524351448,4.850800689153784,10.29387712959079,-0.7471572479179356,0.7273964570144498,-2.900185141184785,1.7680850548073404,2.3209790707303872,-1.1492600307639216,4.982353430916512,0.9522801226669091,-1.666049309955273,-2.035815642669083
0.10365140194794353,0.1538077796207999,0.9512682419019507,1.6986462799499082,0.10158503323785796,-0.6224060148181854,-1.2190073315194256,0.8880947947487536,3.6423514533027395,-2.559862228989914,2.8228967992223075,0.7364275644991534,-0.3241869308151712,1.2589193044533438,0.9019790820174876,-0.17769662785616913,-0.825819758727251,-2.63357385039018,-0.03044394629688694,-0.245667732183111
2.06138416754565,-0.7432279574097301,1.0150424689005004,-0.7410316880647179,1.1922768774529917,-2.01890640273852,0.5130305279135909,-2.2567116328082992,0.44475520441132277,-2.870632027082918,0.1111565826866126,-8.093373668008862,0.39812310182946203,-0.8417524509410994,1.5077235658473784,-1.649467110455246,-1.7403740663688687,-2.5617943620225727,1.1140586164685229,3.8825780536897385
-5.085518876681687,-0.6174561895477889,3.4061841208392565,0.8361651196784274,-2.774909829558533,3.0726839877495102,-0.1948068755166692,4.9924359716905595,1.6744996368793401,-0.9115030416936314,3.119432070564627,10.41850946818047,1.7559033904164267,-1.464972591336363,-4.00866215454364,4.9756436569116715,0.16596194620956317,0.8104464822852482,2.3039837120161915,-2.952461685151335
2.861189255466722,-0.5511798998687294,-1.0969969789872562,-2.4979303704498608,1.3180332306271059,-0.6786494175534538,-0.4707320174367907,-1.9491597141699657,-1.2536936600632371,-1.978804098337373,-2.6770058535267736,-5.421814426112244,1.1611563839724992,-2.5495006134158915,0.5963537916558669,-1.5215955523266098,-0.9616267665293998,-1.9313679576245697,0.8615907029076935,2.718879394442101
-3.791118204043471,0.0363992759429132,1.2152637865163705,-0.14757861049366994,-2.611359865494081,0.732604674947465,1.846221943175565,2.5521924704414385,0.023694868471557773,2.07374614042524,-0.776684918417831,5.829077098578084,0.2615264790440074,-0.42633378573160163,-0.7197754787100673,4.5351748437423565,-1.921064306837445,1.8901464342666836,2.2991027817701344,2.9344577341993587
-2.1143300846340347,-1.4027988209253666,1.5049083052613215,-0.03404024086469026,-0.022549363812894407,3.148644014618964,2.9318175221164777,7.356555651349073,8.257041546102103,5.136153254683697,6.573507931621541,1.7492859993406151,-1.4341234611992872,-1.9709503413172103,0.37192546146744276,0.44283523697681204,2.0961005208760937,1.2450195475357397,0.44103520559586873,1.6049391075251365
-1.8958397684865813,-0.23138849860925767,-1.3849592230832588,3.5317776252652626,1.3697471352317356,0.5002031802509739,-0.34987482942809256,2.958455196006457,4.2359304765480115,3.8138640237592387,1.9549904998922552,0.4664811541022712,-1.1653178741746213,-0.022708369381301212,-0.1815531991041942,-1.017417292861822,0.06115717179273561,0.4821572845806206,0.31663317025138754,0.2570050374587964
4.7766283336329565,1.074217358521348,-0.8139882012969488,-8.328378330990247,-0.900354725603967,0.3354845057041268,1.5732545046645507,-7.696353357367438,-6.249805408035923,-6.670443663917062,-4.9266827088378955,-8.62174286383832,3.820830166219329,-0.6790239131287197,0.3653996867592226,-1.8207482095641807,1.4936445479771425,-1.1042542446045474,1.151443390960367,0.3989153866071763
-6.6061921920292175,1.7542374208846414,-0.3627265045900724,5.177661428658339,-0.5137200534881387,-2.6588690591487367,-1.5192832587145637,2.1634487024159235,-0.6520780462327411,-5.797158008043383,-0.13182040170699402,5.474151880535935,0.14136468542270764,-1.1455115043967279,-2.6214325639223435,3.5919695313419515,-2.7714193608443694,1.9854736085215257,-0.46215258891030564,-2.1904885243035053
-4.196868326890618,-1.471099121368133,0.2910319884098313,8.955138000152866,3.2253400935240473,-2.899113020576991,-0.09530053043500453,7.0099089864933,4.329964355788009,8.071817779905611,2.4634526783805066,2.8494870007340944,-2.859443099179739,-0.21561117058751522,0.18690423316308336,-1.0088035190050635,-1.6738845840761418,2.781453509417476,-1.2658759120635081,-0.7267535513746499
4.077947278061215,-0.8451352250479689,-1.406290950344744,-4.581977151488451,0.021617495713442347,1.9182562610317502,-0.3696956894272476,-3.2762343625471315,-1.1591006567587068,0.22763565247574924,-3.40903718566601,-4.897230309698112,0.6740191555130872,1.5346723033067489,1.6114945720828424,-1.3770591639962089,-0.14151852626912764,-1.8520981541395918,1.1071421883860453,-0.09810471728351533
-1.2125332710424312,-1.330107881515922,3.5988486307741274,1.3323270969610193,-1.9691094537473166,3.3767505025954527,1.3513828195840414,6.36297073511805,5.2004400594770255,2.057143924069318,6.844814585987043,8.712152745604502,-1.752625547493776,0.9796615176567274,0.9522199187372284,3.055671018300049,1.535646270186551,-0.46112502953558965,0.5304781186733069,0.21646988227678743
-7.205846080443696,-1.2720484701787522,3.4916213062614396,4.635574154944994,-0.005789549650170311,2.1977447229148184,-2.5529847586921406,8.103555911776589,7.659320655022425,2.005897361622732,5.9325928661691,9.54500565713753,-2.028466129187847,0.5273438423277195,-1.408657776942121,4.825543518108911,1.2615275514347217,2.65890408624273,1.1058004326878021,-0.0613904060951902
5.935105670984921,0.1979883856027077,0.8223385166702553,-2.1714617416504316,1.5094918822516352,-3.203259201793235,-1.3978904657762812,-5.7018274334665975,-5.836181457869631,-0.1166482648087195,-5.140984240587405,-4.5348156295937105,-0.5388365581412549,3.8733822780086653,1.838921406189399,-3.203493245651411,-1.168397851424687,-0.5480809600090483,-1.9281845813698264,-3.097889361715045
-3.0798272447420167,-1.0540870442660386,0.03892894644599584,1.162752378950576,1.1909464441649393,2.3995142615137426,-0.17035732019473404,3.827821629360058,0.8116401638556536,3.153549391278178,3.079936959631925,9.591774205152486,0.21128259545252304,1.0466438776103777,-1.2194707955463244,3.0921795043386826,1.2900052961329167,2.0486525390418078,-0.6216703770536,0.19215743543868125
-2.6263670395998577,-0.8798893901292457,3.2998052755438705,3.0412781899113357,1.8848590248455874,1.5454367884317248,0.9722029557605534,4.952982671083127,7.145738721136736,2.72074655806091,6.389940687852361,0.3956896342265104,-0.555526118621578,-0.2752086416750288,0.469044600059605,0.3556013479464597,-0.4490555600257278,0.1654546426228865,0.015531055905756444,-0.15574580144578287
-0.9502618672863496,-0.5675684559409112,2.1467228678370964,3.1988150125555173,-0.5275984644760426,-0.7178691522680032,1.2887608789328664,4.831128054601785,8.904366076060917,3.6058145671207606,7.7311264382007305,1.9580150802208878,-2.941486067434121,0.6903285234776864,2.282184241834815,-0.7717557309843258,-0.7469321608624807,-0.7172786232461262,1.3175812215276483,2.4299157676597876
0.3388761411859369,-2.4545212586945304,3.386065557148691,-2.768521841315845,1.5506794632148788,3.5596301380897706,1.0691339929015573,3.0173749254747877,3.4864317075057354,2.863978555788352,5.322790390074719,2.792191855640404,-0.3844732027970214,-0.46998301825266214,1.3666273636319681,0.7006769071813705,4.986778459365486,0.8400106675390193,1.1552890196191754,1.0483707586847837
-4.62279297567636,0.660475318484589,3.6389270834534426,1.1460692635016407,-2.74366164120514,0.41924204898611583,1.4405940750978847,1.1909069936462384,1.2172244516968302,-3.8227171799284836,5.85444787243973,8.005077323866939,1.0521776974507806,1.06595796748369,-1.3466953355987668,4.244676638061506,-2.930672981581802,1.2672045877678118,0.3770181452805348,0.8140317557075664
2.1283881156585993,-0.49022195110187017,1.1885718563668966,-3.30875418105954,0.5514436410759675,0.9667904008775866,0.25574289025729535,-0.8188764796309667,0.23417238103147442,0.9689368193647644,0.6233122013271104,-1.8878130192004794,1.1037483470749028,0.2091608445183084,1.7159771102987993,-0.18040311194663428,1.4435855235985413,-1.4295783411354313,0.9876450253728076,1.1041087259008369
3.2918028392637098,-0.34859609496711813,-2.2186592030147367,-1.8973880885363266,4.125441452788145,-0.5788121005805784,-2.5855001388624648,1.2406131853499387,2.2947849974580894,3.2353608682423323,-4.444502218872233,-5.377745902576139,-1.8295285628184965,1.4722806222982148,1.1330768572127494,-3.2931347407229206,0.7374593060939492,-2.103446594047644,0.02357953018140004,-1.3246788485649865
2.706331463585035,-0.1718242683835271,-1.5308493499198226,-4.290764951658732,0.7356325805063407,1.0062078201906512,0.09586303061927026,-3.0740731392202427,-6.397048828052659,-2.232713262088917,-7.160956392029339,-2.3236718457095633,1.1486137899892621,1.5380640655072333,-0.6731834848030734,-0.4148016173697837,0.5248995676387451,-1.0806915106411392,-0.6712665694813253,-1.7163120655785498
-9.497303271713479,1.796635685387275,1.9381776392560046,7.199247103100202,-1.2889234078703227,-1.111313640715453,-0.20704488586633124,8.72958388875453,7.29393334525794,-1.6050058808277572,6.254978031554624,10.368157155071309,-0.5853562190752324,-2.191474574378841,-1.2285728680417372,5.159625585785539,-4.440852690791816,1.642553568583779,1.6670750285946954,3.947973531654289
8.04387052803951,0.21169246441029627,-4.988674883647718,-2.3584197646415954,3.6877538421350886,-4.874581017933583,-2.768790231979086,-9.72195754018451,-5.293444838218028,-5.378487766429422,-10.479605220225704,-14.835851597158031,1.4518454804100747,2.967363952852283,1.2866373257193986,-7.660803935326132,-2.4368447326949987,-2.120454166689616,-4.214844369237428,-0.7641752416395899
1.0025883966838993,-0.11441272342070781,-1.1340684339070521,-3.8412669615191386,-1.0639995273154454,2.119867657172007,1.947098949249866,-2.4155970827085698,-3.445571728996124,-1.4358625380498284,-3.8452321473811653,-6.197395880042647,1.111034705013519,-2.295147222035917,-0.549032877795952,-0.4549905611480738,2.4153927323887388,1.4380588571659862,1.187663346146187,0.31962846154660746
-1.141372703085738,1.1649935151565307,-0.25383187790633027,0.9951458383139895,0.2689146472121078,-1.2736175970195949,-1.8877085417346553,-2.660691922050429,-2.7613542049224464,-6.607055691524536,-1.5732471144102962,1.172039481201906,0.28347863686215047,1.0134593440293762,-1.2950494240099646,1.0282204669031705,-5.377723298563141,0.16913456665075965,-0.43949643507659103,-2.078697149855776
6.442410036000525,0.05953543367938168,1.1361117322272367,-2.6380244949264062,1.6426815957604468,-1.230181885138739,-1.1071017145719293,-2.7634788759380706,3.8609653043372756,2.1729360565407614,1.002073557741581,-5.254174195427428,-0.3450061040857104,0.7870863410355913,2.008427423145035,-3.6235009774363056,1.1962788919642053,-2.972196625054985,-1.5572048574046484,1.4552795839278998
