X1,X2,X3,X4,X5,X6,X7,X8,X9,X10,X11,X12,X13,X14,X15,X16,X17,X18,X19,X20
1.2021437959652113,5.384449473809315,-1.2417026469044563,1.8309615647728312,-16.387515122626606,46.365144699326386,-1.020636061633219,-3.4490106578257875,-8.906907805730643,2.8919820508870924,1.7302081184438591,4.100545113630448,28.78294162750487,9.959893660611788,2.690302347956236,6.712750312531417,111.08896933812314,-1.1512916631098669,-9.710056569919141,-9.744967215291544
-12.885220929295702,-2.2157385640429808,-0.14771267122816323,0.5681066829726723,1.3592592684374705,4.717935766103548,-0.23274806932185743,4.95244889317851,-9.609981836577658,-1.5694227160182561,0.05273670521737478,-1.169976573160871,-0.7787041173082858,-0.4147779089735581,-2.1010877855186294,-0.5738866586295575,26.168093514399025,0.17804764781743176,0.9292965682625918,1.1345987202483405
21.999782509061827,-0.847959725027178,-0.09951895378006054,0.8449004820168012,0.6050322526151598,-11.688095246052514,1.2477958679904955,-11.672166350384602,17.80915839708751,-0.005471981857526398,1.0420517951198383,7.284029270423892,-10.086887071309405,3.176600714434994,2.5164585150929732,1.2716987109254105,-52.87430276210886,0.01799273629449771,-4.620794438587547,-2.6612435213150496
-11.897766974821666,2.667148520646259,-0.2330184898692405,-2.1481619140676553,2.113442423469368,-11.26513550242625,-0.40840763365896127,10.195584954444534,-11.372241444060828,0.41627736955554295,-1.8067697018296873,-8.446982990997855,-13.96629799142073,-4.333601068134733,-1.06648429969295,-3.3980792080542397,3.682428733569504,-0.98795731082285,6.4854203156449595,7.483950486014392
-42.35005309530855,-7.222727678036682,-1.0002049360592395,-0.5256420786459137,2.9592408899658085,23.278262204737146,-1.9619986172936894,12.386922962828715,-29.489532155866915,-6.956527159466395,0.22880741523144432,-9.195938535450239,19.493341314912175,-1.6980222171193033,-5.934350870334216,-1.0727201353256492,76.76996773266796,1.1493987069256233,1.8849089190552228,-0.5763599179427041
18.86545935301409,-0.8980996827794613,0.8805479578277849,-1.8482178915412835,7.074307236799829,-27.200875935948048,1.4422021516391623,-3.114466902078794,13.897608933863411,0.13603225681909392,-0.8645211269501424,0.2785928178154822,-13.557635222085048,-3.429886775854086,5.063927845082958,-1.9450065868531952,-78.50305361838302,0.1797175153062893,2.8772393639326794,4.238182654126212
-24.78876167299279,-5.848221319136904,0.28923587711633203,-0.970324305085136,12.49615635626443,-32.23216656219547,-0.3041761713665401,6.048924799535323,-1.124366489679066,-6.284683791579477,-0.19950240083622472,-8.835219132672274,-16.381971748103325,-8.414188849324377,-9.158346384142158,-7.021688297486322,-70.94688775993089,2.233918785503356,7.90527337208579,6.171301335057938
27.608009457276047,-4.01894257096077,1.5269205449303018,-0.847488784044431,15.888129424317192,-50.75498739914933,2.008684832838893,-11.372335867554218,31.837967026523724,-1.1826050180209502,-1.6319506001683257,3.8097879731297355,-25.11139464690894,-6.50479565183739,1.9709210857019572,-4.178594032770979,-161.74482022258704,0.36041608833136235,5.144607270308031,4.672157439906945
0.8184403307490143,-2.357545220300638,0.10324900966948083,0.554026400742144,4.017635397845319,-6.51298836680917,0.5758960591046585,-0.08472326170927191,1.6543862356372998,-1.3250453753472622,-0.3683830772916501,2.147951996820184,-2.763144513213443,-1.6209990318684113,-0.29162404578403156,-0.4696558995223069,-17.248859736839506,1.2334205035333448,0.8570594099825299,-0.3150152901782515
7.720940986154753,-4.003640166501225,-0.3707123900766574,-1.0505864388291521,14.85237415930715,-28.6769905403375,1.4870401656605374,3.188681275456873,1.009100756797943,-3.1953532658573733,-0.7248493578771562,-0.9233220784140214,-24.86982288874122,-5.098888012280575,4.87740602314355,-1.2088883488866915,-62.341833793322536,0.675039959126871,5.755874506783531,6.446035963201661
4.092077207167516,-8.442046340363131,1.8898843352380816,-3.1683078233553874,30.433058811065866,-83.48036936259473,1.8227797002720525,6.88299980908481,15.352829445426606,-3.9391763183367527,-3.293595316200865,-4.430252693077401,-52.36352812500563,-17.195933645102688,-1.8832870015834047,-10.590544224611296,-193.0989609704928,1.9361914752836735,17.65543105131658,17.04209065615137
5.381007884440557,-1.2060166221846524,0.49879838915396574,-2.0216974992318697,2.7248360339733138,-9.618345540662206,0.739623706308711,4.373163359360529,-2.9596034950579977,0.930587113343684,-1.6694466160281727,-1.9036949188261816,-9.088369518278617,-2.3492643110519746,3.9191244506445346,-1.3502124823019885,-17.14693160921055,-0.6073935940302334,4.030638682631248,4.784624365998486
-30.963991493331914,-0.9513004358470943,-0.9166503750287798,0.3228697450749649,-6.052719404414123,22.82049246031985,-3.0352841044502807,-1.9482354808525977,-8.394571898618471,-4.127638647753971,2.141114668875086,-5.4406093766518815,22.249497424036473,2.6030178322699333,-10.326139190726012,-0.24183414627266564,47.3027550354986,0.47758277019297896,-4.076762015031375,-5.288577988509564
2.744018068094247,-0.06981941077671516,-0.208739898165349,1.7050206128208525,-3.573803586063421,12.463475023630666,-0.24310151659545484,-8.39908915427888,6.956968434479146,-0.6388489008641104,1.3264487885131655,5.441985638202805,11.101887855893526,4.511547644818807,-1.2173043558546564,2.539213683292886,7.9429623978173485,-0.11083505581180382,-6.131881835465531,-6.162849584479071
-8.492878947932605,5.45927867302771,-1.3555398639172447,2.1913638092563774,-17.837837680130317,46.32215692420709,-1.1154430628500087,-3.473919308280654,-11.045196653372138,2.252872765052109,1.9250910063186744,4.19986908610776,23.230262950863935,10.66762466293602,-0.9080137625765903,5.764828989217611,118.31933490803249,-1.2291538731373164,-10.931499252350743,-9.076073500584423
27.077693356981793,1.789288393868076,0.40672693991848846,-2.3722226669455937,7.479988938101621,-42.896455778193975,1.9336448707860914,0.319243371479082,17.22250587924128,2.732310576618407,-2.642850311670759,-2.2307114559012544,-27.228252504718274,-5.541383801260157,4.182331385337896,-3.903350919720768,-105.4129453112543,-1.1766910088672524,7.406699844526315,8.304496050251998
29.172722120088572,1.3263159005491734,0.8525482562217412,0.9062773653402654,5.167705208203328,-27.822401958045774,2.8365711126949127,-5.219407031065816,21.28079812157253,3.5893083870041202,-0.6840798025335231,6.668215902996056,-22.196877628234386,-1.741766772832206,4.456030275622333,0.1259056248913103,-78.07657033631948,0.3981676162568889,1.5305111665381017,2.5483611273021443
17.776505480199624,-6.856549817001243,1.537384802033972,-2.5799961147609185,30.03588207742126,-90.0434840114271,2.942448554308677,-0.21503540463140186,24.76425249274613,-3.998095258786778,-3.2086771191793337,-2.687640988235659,-60.22096381558695,-15.093609125914647,0.22373901150869735,-9.716393606706346,-220.89585118756037,1.182173034119935,15.478915855524914,15.870390910730276
11.028735067679253,-8.549978412243851,1.4957926482757884,-3.168731693051963,23.52153362860684,-66.47445963192638,1.4167528802751752,3.637192458798925,15.10564544880233,-3.4822778791446782,-2.91959181880007,-3.8042654707836543,-34.797255084135045,-14.329080314731982,0.49789464759465185,-7.764074321711588,-165.64371416286326,2.139183318527662,14.308399852806428,13.041725406525634
44.20409556398117,2.9391524653423944,1.5225326663825094,-0.6271633700238917,8.071582872403336,-44.805783295736816,4.181133706715056,-5.200745507367261,26.337840354644015,5.634348209281518,-2.40255044802778,6.701681273848507,-36.44624988692014,-3.4320059848772684,9.061158614299355,-1.3440734767364768,-116.91855242117212,-0.5624806039180205,5.207398296899948,6.705415981193428
-12.766601653066441,0.32981131714895906,-0.9847967194724543,0.4340415428583808,-4.2010709048461745,9.389624019965801,-1.524665397679703,-8.559650313231247,3.4456013567823125,-3.0154921041395277,2.2490185869471446,-0.8710694771188453,7.9150762795462715,4.7729078275289165,-7.223435231988622,-0.21101852169793234,6.252198512350376,-0.7107873867154091,-5.485421592369972,-5.5527209651254275
-7.241348521717714,-3.6571744817460576,0.009567478368297895,1.1927979192698506,7.03440259448013,-6.888068598518805,-0.32343563308678325,-2.1926654751325114,3.2316968391463896,-4.015540537658949,0.6571138156216647,2.0489996715163765,2.5850290176181856,-2.817873357420505,-1.3599810337596285,0.6620398135153382,-26.747616628276486,2.124313861545084,1.0269121281817037,-0.9372393292244345
32.22768052637908,0.11184706808532746,2.5271980613172986,-3.707368055413417,17.922412337776336,-68.3975235357636,3.4272606517606397,9.656157177086424,14.041757105001913,4.933713521023211,-4.892381817968291,-1.9336608824514594,-47.865725622100165,-14.540921835568753,9.947003782654951,-6.939615947288222,-142.71963672331967,-0.14329080848227238,16.56024689737636,18.447180410020586
-39.00033032464725,-1.5714377924955976,-0.7891943479780388,-0.875624340633027,-7.536976002746906,40.27155198718226,-3.4641161215075718,11.538565285196144,-31.359802000402787,-3.0986509802080024,0.736063400413405,-8.775267225831042,31.289636051879107,1.4451998041703487,-4.136765250861713,0.6127025590067994,120.90625552123362,-0.010767284873208167,-1.1007577399803181,-2.2395284371287225
40.74872090282829,-6.086871917497602,0.12530567923612246,1.5061200584190495,18.99377651043719,-66.2535431054422,3.5033704841224425,-26.38833816549106,51.64504238745588,-5.033397476599921,0.8194785518924684,11.996651422249043,-38.83641481602206,-2.5627483221071263,-0.11201791835327585,-2.4552859144001213,-225.96153789606078,1.5028458398189652,-0.6814420364334065,-0.2695465652582012
40.11326083850565,-2.4674974084817123,-1.1276881420105966,0.9495306913606731,7.862064875937353,-43.685700176055775,2.631235133897437,-32.980368640656444,51.3447475441992,-3.913087389506039,1.8625952335735727,10.909552409319875,-25.036215681867855,4.085999629352532,-0.4641379848667525,-0.8372711439456648,-187.98046815090729,-0.599623912536487,-7.014645142025892,-5.568366344353736
-16.18678050192954,0.07561481689977301,-1.0880507516497817,0.6215172919647586,-7.5245639941123725,32.084568798214804,-0.4346508682941883,5.440927287258926,-19.52183136297678,-0.3616563378704294,0.8060187472351728,-1.3934728841227497,16.350653852657274,5.206794678230106,-0.28774465001055827,3.2144438039065633,95.34040398053776,-0.5817356580569422,-4.353478427498264,-3.962777550682132
-33.57075071093208,2.32656162728965,-1.3125278177140012,1.5533650676408601,-18.485664118590726,63.15576611400597,-3.6779967387211085,4.511619616502153,-26.718241560167357,-0.8896715781924491,2.7144537642144817,-2.8667246189387345,42.34005409860749,8.88955695977885,-6.442192428105329,4.145719993872788,168.7921495782037,-0.9467755881751537,-9.607032436958283,-9.221822684119296
-56.257345450976224,-3.1337546457410452,-1.6386651454774819,3.1753399426031956,-12.301003985382733,68.87701308984165,-3.2833518667583492,10.808912625168842,-40.30597298804944,-4.824884029551688,2.426538094592596,-4.07423311878784,45.02167917380752,6.961209570739822,-9.402139773373793,4.3844859921986465,196.14026286236472,1.7612463795945952,-7.551463719958554,-9.918593739213035
2.558481238114182,-0.6481406831594707,-2.0617729358692576,3.01538444420081,-4.5592775191732215,6.7183907144395025,0.14565972152788095,-22.13450628842264,20.83840294563372,-4.3590267212387435,3.7222336914615517,6.8910425984754005,5.065101505384,9.039701960031149,-6.601399429944233,2.7294414209108213,-32.80816154413624,-0.01807111083783096,-12.290691309153932,-10.820425583103152
36.54250879274894,-1.0250512384456008,0.23769512852211477,1.7954500968716536,6.0310306214259946,-33.79519322897505,2.0852975564898366,-26.873162722795957,43.87870681820382,-1.4586364840322323,1.5571564527485295,12.800086307045728,-19.373674955755536,3.393971090464791,-0.8284995896274522,0.10938133841187869,-142.3663702240263,-0.2233471775951111,-6.317003382177374,-4.703124835979172
16.60233040962123,8.282937673441742,-0.43697645764770954,-0.0584082674166968,-12.883888579852917,32.06653745687365,0.6749504448279404,5.306177862666175,-11.503234007532036,7.458708744118177,-0.7169871486397917,1.9700679853733498,13.585524240918486,4.8554034428877015,10.118240448710184,5.597225677389055,97.70898178491937,-2.370827409415203,-2.6443270565418975,-1.2699116210604506
-35.41673869305933,-3.065493434233626,-2.6923513165108464,4.494896644120195,-14.732892419852877,60.697216601759436,-3.709643545318781,-19.045701975234667,-4.991366096824485,-7.910949558904136,6.081555902460606,2.520073293927761,41.876137217318636,17.0649814865529,-14.849153240909391,5.59407541856935,105.13759510265312,-0.10060228208989506,-19.154622619138117,-20.49420928600326
-26.642897368928264,-3.715353361208465,0.1935007239800225,-1.5074466860502111,5.9894174008676195,-6.777565626452116,-1.5837430695241963,13.160188105197346,-17.435253956115055,-2.7657244257115767,-1.2701699649088014,-8.037785731612935,-1.4564210395318882,-7.34216750572552,-5.13721694556428,-4.331123879297855,12.15231869752222,1.3075897558999094,7.989095904827129,6.161253306914346
-30.520527995119735,1.4542462335023207,-1.2826434075052686,1.3118315027871823,-9.789646332330234,46.00133192578361,-0.9053328363449018,13.510363686030294,-34.2492956632293,0.02237984187024443,0.6765737114558021,-4.103769264352039,20.422294599297704,4.362415927407518,-1.0629485827451606,4.176459406883471,156.60382531254788,0.02090261208195787,-2.6395119734031356,-2.6604264324424323
-79.24809465631043,-5.2740807988865654,-0.5093266413817055,0.3057061604763287,-7.907001204992607,55.85090997064563,-6.482938408947671,18.21872104065601,-47.20374681449795,-7.71327569369363,2.107518318938893,-14.459036823579996,47.67242379852378,-0.11398896116407609,-16.6990905026482,-2.028854849793698,172.2424043683992,1.4664497354898376,-0.5386112891046959,-4.4599232475423705
-67.99888626581182,1.2746440765102003,-1.978021840896524,1.5202481722142553,-25.5437629081609,100.7006754587644,-5.642369152082128,20.649382287216504,-61.383143922972934,-1.916766659529146,2.3431783549426903,-11.234363693002743,66.08227617786282,10.216459452331206,-8.271057202962131,5.876011261901839,298.1701123571007,-0.27141692937662676,-8.224778411784092,-10.490560015667146
-17.230794245868264,-1.6874827910993342,-1.645144803755562,2.6505977462194377,-3.176334673023604,28.652945282876196,-1.7464088454332947,-6.099665353341874,-6.976427140252792,-4.2456918730972,2.682928561224813,3.744324666595258,20.614302094323993,6.243168336625456,-4.637311912978534,4.498038334914772,61.42819689882913,1.1851091684512787,-8.067464679390513,-8.867510124428733
8.974184695435447,3.5919212984717097,-0.13265181681699506,1.2583650436780043,-10.268318884468908,19.46022538163689,-0.6872676505880246,-6.74995508465936,6.94254042501228,3.1566570032026395,1.1819925993705103,3.5041284432311666,17.703253347759244,4.487349996992608,1.1959727279312848,2.836936574339356,27.03997203209345,-0.8748277619733911,-5.455230234989744,-6.0137692884362774
76.76224882508549,-3.1387782658997176,1.9608136019425415,-3.478675043061756,33.630017681522986,-131.4070964097967,7.415942710348673,-15.589603348368701,62.847056696167016,2.0967082751326567,-4.840881217008176,5.059332307000121,-92.14668254462741,-14.225254810381756,11.985440787413665,-9.291174172781043,-363.09430867798153,-0.35043990941742525,16.240197402049592,18.086638000367856
-31.29164858880442,-3.371936071851884,-0.19564262348917466,-0.41414701333370485,0.11972563616588694,20.790413547416,-2.6463679245165572,2.472745315033129,-14.329508752176624,-4.724933350599855,1.3198724777389241,-6.625250716414453,22.179270214481882,0.10073182822803356,-7.984848287391654,-0.8321797815538455,47.7133609564918,0.6000497160655028,-1.040607434291314,-3.5296722737042194
2.5938455388099397,2.1725555806775088,-0.3511080071278266,0.6536690110581513,-4.827045908407444,14.397679256436081,-1.4930927908311116,-9.259702133794356,6.081178168840127,-1.2279721460255306,1.9068540372710276,2.937196554449036,16.197137618758568,4.731635622484421,-2.0624277665250563,2.092180933699214,13.399672221333969,-0.41376437665637533,-6.03260202296121,-6.830237244906505
-51.4668716899425,-4.356399582916056,-0.37896303849477925,-0.8996700568700257,1.9885841182491828,37.20556192937377,-1.9151238184523822,26.471537101417756,-52.095032555248245,-4.96452372360609,-1.2705779787820475,-11.804047782444675,22.669840017418473,-3.224814727933121,-1.2044494012452494,1.30613037093509,153.05325553072004,2.145520087562147,5.663015985461544,2.690382890613101
54.462292625798035,6.484222457126633,0.24446314881484585,-1.0595392775364352,6.165343273016235,-41.49392270980323,4.5882399017519155,-4.9581862420245155,23.143423740238536,6.194983424531351,-2.478356160945773,7.078132604896388,-37.39755543237495,-2.11045295458125,15.150659946010691,0.9776488379153332,-100.406445184882,-1.568791046883368,4.290640969699861,7.324123625177855
10.347082998943348,2.8098790055139475,0.27963927766579944,2.290074388194644,-9.201367195396495,26.78880186411258,-0.31712713493492917,-4.513045770123092,0.8848027851011084,3.4144816255296275,1.3669920158152826,7.910409181589308,16.472957333025658,6.1050812008523465,3.697105209710344,5.012341989319404,58.75225336872764,-0.07000853607878621,-7.012196113161391,-6.357239782710613
-29.45809375097469,-2.8801521616557144,0.26723012276347974,-0.1110893787905049,1.3466148599704002,14.896866001222328,-1.839650638511677,8.521031000856754,-20.44641915839392,-3.5653612060281925,0.4945975812271572,-4.6075488705667365,5.959943978775231,-0.319962041410501,-4.648610253844106,-0.712693873960512,59.24982779467637,0.6904223293204211,0.19233214365183643,0.4843212219717907
-18.405522580707604,-1.1978862643771688,-0.9258933579982439,0.8275247317689784,-1.9993937408868927,11.008466504108242,-1.3827380893873433,-2.3246084844057995,-4.595533417663775,-3.638436968326335,1.440008266863214,-1.3395508092850437,8.69538217445385,2.806857061695283,-5.830769672790511,0.16970713490675216,24.30334295886731,0.027860034617708182,-3.437749857990104,-3.9898200740722274
-7.0253485269954234,0.9908324548558578,0.11513330165064461,0.10842826980685814,1.124644925182933,2.2591628038585925,0.2800646215610188,4.002401711990114,-7.948604318633652,0.025168086218029073,-0.10210103723598812,-2.3293959509091664,-3.334003615549112,0.1625929845351093,0.53969692454709,0.7584998952444616,21.521210529842815,0.257565602190162,0.9781487011832606,1.2266868791167016
-16.30612900934575,-7.567249642955215,1.5948818964549567,-0.6220908276072776,17.162398548918375,-32.91463927423407,1.2222520438673372,11.388189075672498,-4.644642506396698,-2.903033900942825,-2.0906094847107064,-5.0671744736529245,-21.149452979508016,-10.373939622772074,-4.8085714770026495,-5.306320329039052,-59.34559962370154,2.6926385712161314,10.406356066573268,8.88257349566596
-27.49904248280347,-1.0431585802777241,-0.7942999162464537,0.8017488944725979,-0.8865789296682074,28.35270668710424,-1.7501437990418327,8.358175820585418,-24.150287866962458,-3.5963821869300903,1.139675254730981,-4.518565262707117,16.44068277820688,1.658284453095473,-1.4090202527093492,3.274276904492397,91.62206512679865,1.582379692204281,-0.9743345106362018,-2.8853540390457413
-50.15230841105361,0.4858104491678781,-0.8431830151990389,1.831696038928027,-14.624966810422979,64.21589810301751,-4.1584514945150435,13.916676568150002,-39.46911225327561,-2.3837068481842376,1.7065212960971843,-7.669067550474549,46.71414144147548,4.374333504719244,-8.327131958860424,3.151627870632409,189.1685368554441,0.8623140352152902,-4.170336247602514,-7.226154718633254
-45.694351128155596,-1.8628125799418727,-0.7615301057499498,-0.3626097447209155,-5.290656540336496,37.07213633167275,-2.994324263340417,14.534271707889209,-34.519509664454475,-2.8801853242855024,0.18925603333715135,-8.690347858296864,26.13354353809506,-0.5282595002422735,-6.695236032646952,-0.4662311979278859,125.07496518169249,0.49473659685348337,0.3255658958929518,-0.9851764812056014
-36.303677373789,10.86049108008262,-1.801291420228703,4.156080160940902,-44.09330525473733,145.6446580126813,-4.905374982821449,13.649917201554135,-57.47505079556757,7.485698776480922,3.569267433777715,1.8857528862053319,92.03822144281546,19.359607833557554,2.3824797034647966,14.995502077603298,397.09500434665193,-1.6510160784415453,-19.09503258839274,-19.53979557763759
-18.759630518070075,-6.024930542064039,0.15001824731797783,-0.655672175326802,11.751372061087618,-22.383185784407097,-0.4562022286302636,2.686437454584179,-2.3317796986603474,-5.195306316400706,0.22333156369022833,-4.831956820939472,-12.827152465859934,-5.317724763078313,-6.219506169826588,-4.448651034231673,-49.36985812874486,1.517831542968766,4.510535271404745,4.593985563793341
16.863104772778932,2.933664575153937,-0.41204656067386525,-0.5524993356865704,-4.429627372751742,-6.782812329835856,-0.22739943902456378,-10.589333724422673,18.176362180322656,0.3510416459833635,0.7291463856512884,3.52590461708453,3.4174634504577,2.433728644664403,0.13741780228778155,-0.03145599813785471,-44.48383184458082,-0.9295389847722741,-3.72119333493778,-2.222462961223774
-11.778705247032537,-2.9921922058974078,-0.12495369323209223,3.4712323752247087,-3.9945497185735803,22.156727255438383,-0.6799328837322873,-6.868423390475272,2.0203869748464713,-1.8911532643608893,2.0560204939690703,4.71639477100781,16.774625607830245,4.676464971021426,-5.388321773091827,2.48314245594894,33.61080037886517,1.2017783300785334,-7.027988124051163,-9.191479812502454
19.977473347724775,5.997312570428079,-0.041147152104828326,-0.2767871611630853,-7.496221686657942,7.317331736193332,1.0368389695765834,-1.0694305527885872,3.611414488612219,5.001812479580117,-0.48634090903988353,1.804165705827695,1.0730681008190792,4.120486955672069,6.554600259036464,2.8134294311962242,18.10487358110693,-1.5870700625747234,-2.0963273873400463,-0.9721487787008093
30.95351268993337,5.2440801358710445,0.38886346174975006,-0.019700168157834673,-4.488921574341188,-6.6819861269953655,1.1383832663155258,-10.174294929975844,22.432739348540814,4.648119603074856,-0.06827327943097505,4.98954222479428,-0.36408395763406365,1.976175491252371,4.64095977974759,1.3891730373138782,-43.362972546883746,-1.51149888771403,-2.509067036380234,-1.9097245271650847
36.40763770776738,-3.3670654358812113,0.7945843621362823,-0.19335177480449503,14.901377751296847,-60.359326837027524,3.484400285999494,-17.375845682065634,40.593712970223415,-1.1598129911022217,-0.32488545576164274,8.654802501206191,-40.86768233679235,-3.8103774980122687,1.1356991193191652,-3.7888820654130626,-191.1707040829093,-0.41398679745637357,1.8396802810246191,4.419666460432279
5.971465192361426,1.5882794981078645,0.29337311662706955,-0.3951683736860967,-0.13962098322707583,-1.8107748374220736,-0.7243420681764488,0.9761594999618153,0.3521506382457663,1.777635752239636,0.016811108714552048,-0.9301388916761508,2.267801623220576,-1.4204080928783378,1.8692231374148887,0.5936855836421073,-4.381736141385269,0.3994807220275121,2.310881550806729,0.5668841460117875
5.860703451943452,1.4026963427415136,0.9752775247416546,0.3660438568218207,-2.2834195448791474,15.07072784178768,1.4178503605656776,14.752380497835116,-17.764258485052807,5.513916581011505,-2.3251335257715926,0.8651197256538319,3.869822860194568,-2.1483889427137353,8.721971551557852,2.537278363342728,72.54470497224696,0.6119631770197087,5.179612613833748,3.599637504719893
-17.768949464525825,2.8333582733874016,-1.3926229893650237,1.452116164694366,-15.765246930336907,50.050851632109904,-2.7693657207231954,-1.1293158248534199,-14.272588807917503,-0.00014925654310254943,2.0657424104924837,-0.281454985064332,36.61901835202522,7.491276508925647,-2.6003041800271456,4.234789226071928,118.01478470113787,-0.7858584099536232,-8.010690511487434,-9.344834795152314
4.356210195978943,1.282761567879119,0.4280941575381471,-0.8327552618608215,-0.49884805166344015,-11.511135326061904,-0.5338473186863482,-5.0867297843271935,9.627325682131085,0.5024121991275768,0.7678213582607156,-1.9130307302010592,-7.737852763876626,0.07239370366490361,-1.5057901897206554,-1.7960366429968002,-40.23155010289122,-0.48364119227805064,0.09028086938754587,0.6991784583332824
-43.57441770372339,-0.9664542379930569,-1.4011801384127738,1.375973500071112,-12.649247174829009,58.45340651247698,-3.4559017062758315,11.263297890452618,-33.63250299287976,-2.5619866263044693,1.8246371173217981,-5.929802084023888,44.79521438603088,4.354937398782296,-5.858816080311418,3.2639186127105644,164.12042082801352,0.8284888130898493,-4.329363922847847,-7.579764673429757
44.381921561588335,-1.0816885782029133,1.586596257513734,-2.402806268363266,14.394114819651675,-61.6153486741088,4.339481501710465,-2.911949367688938,28.055642841157514,4.018749379721872,-3.3131743886987732,3.28998901081415,-45.11990135021525,-8.181889519419773,9.539321520846864,-4.64576136042332,-162.97579023044676,-0.7121430919225923,9.542264870144383,11.19399946951529
64.6098585596253,0.1231417723587589,1.2197564033211965,-0.005011739324244813,14.58992077590284,-58.84460768625869,4.764049023935202,-21.671758751410806,49.50881984153566,2.0510415322828828,-1.1126221093622404,14.163751816089622,-38.69591094466899,-1.6631986181999006,11.461921202910139,0.08831234144103417,-198.0308036151416,-0.6045219460502148,0.5157155902740793,2.7760455313255123
26.57334212376878,2.215881806384668,-0.1485488044325641,0.6786841306023055,-1.6578600965114823,-1.195756024246311,2.093630865243527,-7.852534667995165,12.712024269860807,2.646197364617759,0.000716189194530592,6.786450294603083,-6.200888980435492,4.056647405271272,7.061286376452405,3.5665288271139155,-19.610296223858132,-0.9741109734519916,-3.8004282918966195,-2.228565899900063
7.983388105579195,4.984021308772362,0.3382379279818206,-0.9384755616343117,-6.322962186302241,16.923208331781805,0.46551021561812866,11.950199908945997,-15.281402978755866,5.525951328121075,-1.242852893593618,-1.9984184073829232,4.663888304545001,-0.5283118306122485,8.60287185302865,2.315525436504439,71.45333548252336,-1.0476446902372154,2.6421695932499643,2.9951399786681128
77.59480456440458,3.0161572126637903,1.7819733622399185,-1.4221874075729755,16.956357811830483,-90.76651034588313,5.1478986008322165,-26.60429308366224,67.17919680440745,4.454217738797976,-1.8584387131168318,13.405573802720452,-60.260037859217796,-5.515570789457587,8.79088113443748,-4.623232134897609,-282.89826400978615,-1.8819038645250745,3.806705053401792,7.765024992102523
-42.89318455986552,-4.537340210605208,0.8531987749930737,-0.5991568193573753,3.87768956945864,20.653234367039683,-2.799837240473921,22.35649998387533,-35.10773262031111,-1.843822159033588,-1.4767203719033357,-10.31306057186332,18.91810842613589,-6.675643524594788,-4.603192033220038,-1.9495507811190371,93.63590156718503,1.950150653061808,7.872845565127546,3.847398047250084
80.3921813002694,3.143681213525621,3.157059845062554,-3.779068175429365,21.442624322962626,-99.02634711295323,7.649108521052248,-1.577823613230189,41.11061530359483,9.261689462946967,-6.03959256572179,7.601789139676036,-78.41396917634408,-12.545894771637581,20.70226574130966,-5.415043160023413,-240.86122777418512,-1.2407321935813256,15.9264350017599,20.111066239013454
8.983988392708874,-0.9667605185405141,-1.8777830644684603,4.472391123365529,-6.7512494383397605,17.198745154929572,1.1211690583382872,-20.570236937513428,18.37252600193455,-2.9338201703555455,3.482129786675594,14.142001808551905,8.422602957973822,10.378594104919266,-3.3965602544784854,4.900931793411196,3.235181803957126,0.40614117441462827,-14.587653806211652,-12.365627414571852
-47.729459070572126,-5.0508976595480135,-1.2699997869475042,0.6604011987988592,-5.609485173415144,42.274773373313074,-3.6884901430168533,11.545290690748057,-32.49960310047295,-5.436895986844364,1.1339149941056736,-7.977037815276171,33.97657289143882,1.679259447441665,-8.68977647115819,-0.03530084530582889,124.56222964018612,0.5974292498728039,-1.707399151257531,-4.55642770063821
-3.3979601962258448,4.075388283767734,0.07245408898359115,-0.5903470881558396,-6.745968122121434,5.703514708842581,-1.131988357454511,3.9237736249059383,-5.625219171824544,2.965595738642463,-0.09015134521457567,-2.030770580118392,0.5815447390210828,0.32010916422179375,-1.1339740936205445,-1.0475144428593308,30.807487312824072,-1.2080267134565006,-0.14621567193347806,1.546469529938169
16.421698018980784,-4.745939558869565,1.2061715444349301,0.0183426795487569,14.706189028830204,-33.46240680079991,2.2305273827827685,-0.3849238285764003,12.983776462147482,-0.7060144144144918,-1.4901301088441703,3.3684400977440503,-19.314376761770827,-6.624968159387019,4.059179947782542,-1.932406533420618,-91.00796834731365,1.3846706027412707,6.100720412964085,5.382956409804882
13.723433379391432,-0.8524487208469484,-1.5956621208490216,2.9930199408170908,-7.115197931009682,10.908881930396783,-0.5139462224166442,-30.82918625373606,33.14736564098587,-4.872463828458793,4.278137001025473,10.304580397160109,17.27554543074832,11.66997522588078,-6.25433450664339,3.2955974678019544,-52.31713651187589,-0.4601262239828443,-15.68836224557507,-15.783398131143363
-46.90949078059043,2.5288803974215996,-1.718922528650368,2.2027760779070937,-26.003703967342805,93.86753347162431,-4.110404088853191,9.851936222334386,-43.36271374630668,0.6020479476761946,2.2423468394996755,-5.434932669849961,60.32998020601252,12.589349558839915,-5.645475206374101,6.719746366655204,254.444201462467,-1.666645183032658,-11.410349015440994,-12.665372159595584
9.794217725650988,5.2875201678748915,0.1550863062512976,-0.08186161123405,-6.502048151929088,9.153281556884243,0.3593937512517833,3.653569789509739,-5.202001793925988,4.01844537369602,-0.8877404902343181,0.9510079375474676,0.6715691817288062,1.5019819746289171,5.7582177877873395,2.183674861524315,40.03599879782875,-0.790875668205822,-0.3487762853336362,1.440258257178173
1.2913429571412862,0.6917266390950305,-0.8569674979421281,1.261353666158206,-0.25893275465409604,-6.480554738754686,-0.47943054681276664,-13.628642825067514,16.885863395054308,-2.6162160268238672,2.1683638540215777,1.2119072415956036,-3.0097369311669446,3.769119834482852,-6.072584629553289,-0.1958777130634114,-48.02051183106681,-0.34374259279986125,-5.345922454155649,-5.25563510539154
-99.69767535444338,-4.762599313307364,-0.5474811249623369,1.7911279487810061,-23.046537908568265,109.1578460179189,-7.452083816251735,28.73707586773043,-74.04522151481818,-4.75899237650169,2.3638361636328447,-14.654001447812991,80.50946680627963,4.787993893862709,-17.718008805332467,2.360604356356305,326.3822429830266,1.5803161133481105,-5.160751644201755,-10.158621461498505
62.330241261990345,-1.880099143126412,3.695841634310572,-7.565881520729574,36.63396007532649,-143.85668059031553,6.017627844000309,7.152377332631012,42.031794867238254,5.062801679582945,-8.02333595772642,-4.190394795925366,-97.81531369613688,-25.94722981700247,12.10619069851779,-15.43714018818304,-340.517167128935,-0.7291698849760355,28.829844747736463,31.507863664602777
34.452481574158995,0.6761204403675349,0.5710545681645207,-1.3034679464838188,9.335386363557873,-38.77188449706695,3.369172302688047,4.045897282013839,12.34425996540537,4.91429490983101,-2.6301597730945354,2.9308966985752187,-33.55599126969622,-6.079042135317243,9.233047413924341,-2.08994496757673,-84.93717840644584,-0.233847218925826,8.037555818235099,9.178737662989608
32.78832862572475,2.1514132911657753,0.544113682630645,-0.9571978205661451,5.801161834022791,-23.967538109656537,1.846516713849888,-3.791175333504551,12.938428503052654,2.942534114671524,-1.9199603949530841,4.8507571113209575,-18.696607107421652,-2.1090540664476247,9.21971607947594,0.06659024053623044,-60.768120891703695,-0.7889122966622074,3.8560962551680245,4.749180259286957
-13.648029969471752,-4.419892779460655,0.808033963098449,-1.1801476451255764,9.278994945777148,-16.544030407611785,0.21977276153629188,10.856407497802309,-8.496301713696798,-1.998661614338555,-1.2870588738838808,-5.37219934094249,-10.360375495655262,-6.09090513330571,-2.0714491858252453,-3.4180873698157876,-16.45328278533732,1.204783770401062,6.89156622092856,6.685295620542962
-30.586966396115177,0.5870711543005687,-1.727197807136663,4.747361734053197,-22.890966720797373,80.5281489647402,-2.9548456816963578,-3.712487194009752,-21.088558233011224,-1.090721920586534,3.9248005281243055,5.720419064221083,54.10036165387632,14.234278927059469,-7.052602228727353,8.024493207770098,192.4732422231633,0.09884669330151016,-16.120125672285077,-17.298327945550295
-52.97408199036875,-3.8026739094783233,-1.8351360643460113,3.196211425491847,-11.395981119975671,73.54153703804944,-4.137756286404694,2.42633603073412,-35.716744480203246,-7.7846210197872185,4.122135267278318,-0.9449093338476582,50.232063588810085,10.051984551576476,-8.846567078466016,6.291097186058054,189.01801824276478,1.3796685993880753,-11.235779564285187,-13.30715247986347
9.275994500036294,-1.5961923437814545,-0.11847233770783776,-0.10416945302900901,7.501964362364177,-9.604868411238261,0.25162094018426656,0.5801865825589804,0.7099904113516525,-1.3031751310724773,-0.2606711714753232,1.830146696919146,-5.344588044181772,-1.9195572027516177,4.6512773207640095,0.6561499854019037,-23.18293428242217,0.3774619257012806,2.4972721478765005,2.369306295788132
11.382548796669122,0.5684407059273524,0.8255772574693417,-3.817877425188158,14.906211360576158,-58.28834610252736,0.6742761286140728,-1.664803630248251,19.610813322904086,-1.7587540718865382,-1.7508404850187977,-6.250890342678973,-32.0729666280399,-9.606493954001195,-0.28336707637465247,-7.2493569584377635,-149.45315277115247,-0.6225490081937651,10.2831243265771,10.491246610565025
-7.865565082473467,-1.6044130158155128,0.3550286493501644,0.041746023044421904,4.245850946981465,-11.145835593939353,0.3296038661195615,1.907223314891282,0.06623959627759701,-0.33661941131546524,-0.2690190715151494,-2.581529536625752,-9.118711225074541,-2.4664754988252713,-3.1799144904670085,-1.8832639659011803,-22.641407306909247,1.0739667616204251,2.7830462899997537,1.2691936443060434
-4.664502101484801,-4.96836255531361,0.3829820261783916,-1.1601620190819424,13.710833988208922,-36.12123095636633,-0.5643635340365276,-5.95913977956621,13.980829686684407,-6.57161145418982,0.21063777017181717,-1.8526382789201437,-14.599759463380206,-5.903860434554821,-5.830788805931644,-5.598555999939858,-106.9725904911449,1.4237157165303678,3.8775363383782184,3.115742545892371
-18.336343921476402,8.930317796724768,0.01104887305487701,0.5394332182948394,-27.980331707990917,75.98522935203995,-2.845699662487588,13.805723199911421,-34.46438883622209,8.076167550321081,0.2797415031598074,-2.9536247998173115,48.23233074521265,8.423397833543028,1.452140177721791,5.433023773756914,222.40854383854196,-2.2644568250839017,-5.9151026552760975,-6.751645228229114
34.57087801355544,6.086019590073951,0.5674708235993366,-0.7309869488476834,-12.072178733011814,0.7165981218713111,1.7209997292736627,-8.876810844448093,19.846889344660113,7.81694479572477,-1.0569010828205736,3.748819352026936,0.38022814083651735,3.6848403981388675,4.94794175874736,0.9349977697387564,-22.256187188972522,-3.0141118244288716,-3.4452702251164062,-1.4138038163561193
-25.565340372601217,-6.495180874357908,0.8900597591750958,-2.3491716324388974,9.678942913652943,-11.65847501119223,-0.9522207850360803,17.191415883477852,-18.619149963281462,-3.068446234056357,-1.770000941526964,-10.751765522738934,0.003135560307148011,-9.66554228654159,-2.7827644883289744,-4.734058264902725,-0.8778967172725292,1.924256459455691,10.413743683887223,7.780029708861762
37.661987005142166,0.816230837963239,0.16244872690792492,-1.393531154023573,4.569234262741522,-32.09737052192764,2.2747353096756955,-11.318381975367183,27.972016718993896,0.9967636803704387,-0.20985547298298796,6.269057546400019,-18.259010355832128,-1.470965880123415,7.699811419510912,-0.029427024401318613,-111.66782276399458,-0.4116630437634025,-0.052937054331898103,2.368024228286392
-9.294831803820518,-1.0458173164672027,-0.27823411005575244,0.8359333122670045,-2.169213160456759,19.821942958339115,-0.4890596683840197,3.8815537789157997,-11.1980598472613,-1.0310335813379419,0.4284945917078756,-0.4041826897034272,11.974116317086958,2.5482487535970235,0.41938035696782366,2.5090908793722257,56.1759087121708,0.09050835287121606,-2.21463053452968,-2.705560970671512
-35.62816026382668,1.1144481575554568,0.4331477926217331,-1.1816946234388903,-7.053371637094325,34.94479277915097,-1.9722427510775495,24.72529795037701,-41.197598002467195,1.8177382953419174,-1.4202778293059677,-11.007181167719654,20.8286826918653,-2.3176211728285887,-0.9436760516930633,0.13778501670088678,143.07655157344902,0.5167233892508495,4.874242418276606,3.271749459466135
24.42917125566575,3.354622616405887,0.1829852934964632,-0.31788366206004914,-0.01397821628159146,-12.583665417872837,1.605330081229396,-1.3772866774583057,9.74906644774981,4.877843282100628,-1.3641459726059588,3.4489174797011697,-10.025102144491559,-0.875004877470877,6.259803879637622,1.1130911056862827,-30.319193841690627,-0.7425843127869208,2.5473098761598734,2.4863329543783754
59.846165310277094,-6.521933597154144,1.8550374787452135,-3.8801208648372785,37.06410688246759,-125.49862003465947,6.266305869457128,-12.009837815197212,53.40377943636831,-1.8455824610076368,-3.7313156667394436,4.527445178692725,-85.87975621271562,-15.83643459933708,9.394484806118585,-9.381106048369194,-339.9560158444632,0.6970154811763064,15.750579703691518,17.765812055161323
17.425325066147735,2.4257817510725177,-1.3198387582372926,2.0278953546888188,-2.1128501736555156,6.80762593497082,1.1190944155882647,-11.981148050036209,10.10398845985509,-1.2843269715348336,0.6432724105685979,10.17405636632741,-1.3639325087063412,6.4925941103593345,5.3771160591349485,4.648191047326224,1.2001515849464426,-0.6633198941704262,-7.515398978816108,-5.330238713863649
-7.166987578879758,-1.8343596727725398,-0.6424769076508848,-0.6023870625806498,3.8920454905296133,-8.590735342572245,-0.43113767180789353,-0.833833006900706,-0.7603137974165437,-3.0914450454843836,-0.12302654567000149,-3.4925593240530857,-3.963945062631401,-0.411265087796048,-3.1742327574107874,-1.9084151629302584,-21.962787659532484,-0.6758001682373153,1.4108690199795901,0.9862752721131482
11.614627564429595,-9.149980723962344,1.1307258682154795,-1.7710294806033415,26.914258323673067,-57.485983557654656,3.02517519024788,7.00620554339274,6.593527398649229,-3.7868139704624064,-2.8714396052103313,-0.7372268403451312,-41.021851103904936,-11.880345110976563,4.663904584552037,-4.974211979432965,-130.0527004015841,1.7626390620656953,13.042515794785292,12.823268021312597
-8.691571475734698,7.892079663777055,-0.7238772539266537,-0.18986015256972066,-18.368777910303617,52.71625271750512,-1.1400495945147662,15.967446988551036,-33.987316236812866,7.374649722926292,-1.1814685558599616,-2.9954121662109348,22.347352849796103,5.520112145777458,6.720739338925395,4.871342554932985,178.41875086404255,-2.279476411381866,-2.6627378786216758,-1.3647895029821875
-14.015847478766139,6.278138160922756,-0.7445909416985648,-0.06171492731615044,-15.509022834568006,42.37627297534158,-1.4275510895490569,13.518468676891441,-27.7138086832424,4.994909838261015,-0.36447533714781466,-4.644749286625067,22.54013793987714,4.194191615989999,2.195018622648334,3.6564151670630047,143.7120108476497,-0.8832590102914457,-1.5108651587957111,-1.8404233524686133
-41.57091380524392,2.2203814769371406,-0.6715513429053435,0.9869041466709843,-17.17459290540043,61.4962421700165,-4.060853488314313,14.971520139475686,-36.60286966803623,0.39181635884894317,1.0370995705900787,-6.539682728644789,43.689327167179634,4.215850800193745,-5.88995991866035,2.683240312871001,184.22137209630333,-0.22449607707051822,-4.614329347607477,-6.064533143033923
1.5474631038961681,-3.0422790405205475,-0.9342757485363404,3.1038852184114436,-3.014972608542026,12.316932489371538,-0.6462264839164161,-22.852141389790877,20.583702825990965,-4.565225609962338,3.5636314985623176,9.568380497038618,13.285430001865802,8.953666183290148,-7.35182730280344,2.632934780519442,-25.675116528234526,-0.4676337506120365,-13.004561986663767,-12.163799785596566
-75.81088740363975,2.514686809835898,-0.9075646120266845,0.08980536442945486,-23.93010359899023,91.9565781473231,-6.7828983137240675,24.750238472637687,-64.30991747438786,-1.4219025273828239,0.9867741250259117,-14.424446846987802,64.79857906141763,4.637733842625694,-11.732089585873485,2.434060314480492,285.9443367259918,0.5474865051647254,-3.0036764325233465,-7.36300977098426
-4.720294948530714,-6.7215747788716,2.8171110244793605,-6.912413864473773,27.643337973257573,-80.26424526631988,1.4324016574875347,23.373006038818072,-5.2568242154700515,-1.496070446469938,-5.947278897185189,-15.27767414260144,-50.355062652681035,-22.341787291759715,1.496354692527021,-13.51890654763896,-151.56031734917207,0.7918623502996731,25.783004713478633,24.95748910590228
-28.388804719089023,-2.3364216627811043,-1.2932554606760032,0.12912980149810926,1.7594369693655412,4.863296659622248,-2.0121301955542505,1.4597080496895385,-11.602638985721772,-5.51946683690279,1.3786327327424022,-5.24991835604869,4.044585695033553,0.5268058152746342,-8.560682679233485,-1.7088148267588705,20.29842053124959,0.6931304218515565,-0.6277047200493935,-1.1581829402793749
16.444953837339582,5.712417156314349,-1.0093938037663406,2.557887444880412,-11.661163280300569,14.89155050251375,0.19552206606790626,-15.151303222672087,17.030966338061784,3.433887956740196,2.4001383629906634,7.23947161652452,6.0253921404227375,8.48476877085442,-0.8167351520753641,3.908541117885763,6.889277561285934,-1.4098827149484001,-9.983109362063335,-8.662170900018412
-39.41890113767399,4.281429559850177,-1.4600286560686044,0.17545848482182969,-21.766027354828083,62.24602852741659,-6.450649144382909,-4.986283998677145,-17.230756530370964,-3.3239556411168385,3.987884633216078,-7.1432143955501335,58.076598744245956,9.106825984168829,-13.027913715518817,2.9489445019128406,136.3402306636127,-0.3702560726345446,-11.127023675757767,-13.391562024963138
10.052025105510136,5.538169866237268,0.9244916976414945,0.9965393919330261,-11.754059719730265,26.81807383851167,0.19647646582681,7.356076164247014,-10.252891484206813,7.6796355368751374,-1.486093392247737,3.824333275095169,11.886927745230897,2.6594440542611895,5.950118743139501,3.9117166258845226,87.22936570454497,-0.7034065069470374,-1.604967822760154,-1.7018354829738787
-18.564896224937254,-3.085709515984283,0.20659410141330925,-2.4637774185915102,5.973872013600138,-21.01742640525072,-2.2285222186744416,0.6231289429387984,1.5184668002332158,-4.316240110891792,0.18294302120131206,-7.878368234611287,-3.1460186255474993,-5.756952461627267,-9.330489365671427,-5.726695492558424,-57.28258641953526,1.0789065362759909,5.307729420220218,3.2454064096945676
-53.07577750490485,2.8137435310933165,-1.1174215429796235,2.6943462417130823,-24.41124557371534,95.2217546774764,-4.498783167110719,9.89517283050683,-44.20269772999485,-0.7022474119203939,2.7739170630704577,-6.900218794971794,64.44152655575202,11.914098442028337,-7.331695704014866,6.919115130664451,256.2009403150958,-0.4096268609195311,-10.97756455817986,-14.45288986688557
0.36499087483471365,-4.004978985434541,0.5409298636800224,-0.9063659459510384,9.129836803415852,-17.076843936906002,-0.12135061677319525,4.231284554314011,-0.9804587547005343,-1.0407004001113547,-1.1800781720795719,-1.0243523341613057,-11.86917841862941,-5.138096762441409,1.1435256082672542,-2.523885071836923,-35.700726059523326,-0.11567832758616048,5.098941820555764,4.056422387193289
30.46774461002516,-1.2759754312029785,0.028860821103195117,2.3565536490324663,4.641593324094254,-26.759474247942887,3.291569577589137,-16.786416542159404,32.197628935009504,0.5261940202619027,0.6221039028000707,12.31472926399654,-21.57765172285846,2.2617298080887833,2.008076432425992,1.297066857710142,-101.62861692142273,-0.2783712964673088,-4.373507552847057,-2.7623163313072943
-66.74280377148207,-7.0795139957071465,-0.9177598981259215,-0.0641483789230326,0.9461730347481203,35.161668337258,-4.200074251838882,20.382348808455667,-44.24888841432587,-7.702980964397193,0.8810814713211514,-12.79553732528418,28.35471476365658,-3.021783883704804,-12.93749301129871,-2.47636746505819,131.1135138461264,2.0307380139276887,3.4017860465441183,-0.059392194196688425
-6.140979492883185,-3.1479702761042128,-0.24179090563147107,0.9834712187281551,5.088787741792003,-16.76999580343239,1.925778833289347,-1.5290415531657298,5.9888756364706435,-2.1432426627298087,0.22036966163641503,-0.2733599997286378,-17.1911601787731,-1.1908263461440627,-4.633307876166765,-2.7246975783923055,-42.584845954516425,0.4665514117695598,0.21406891311007148,1.2455806250381132
-38.9814750993028,-3.613431038870371,1.2648304034163835,-1.1134147153722347,-0.005745850442601119,18.121717321254277,-1.774147336587854,24.23766631656482,-34.631595238403506,0.6111876505213145,-2.187096929262259,-10.189641789970633,15.81390520743977,-7.699833712905441,-4.276000901141058,-3.113398801277179,94.52141324547776,1.2561803134631915,8.884695172989462,5.589708870183198
-19.879297895239702,-2.6845951386047973,0.5641271960110328,-0.5970919272807795,-1.4579470722178436,16.051435798454797,-0.6405758305580429,11.407511087564972,-18.309452150395884,-0.2556304153448524,-0.8159037620064348,-5.720563950736741,14.177092319504334,-2.4500343784303613,-0.8691774272659256,-0.5947058212361414,57.21711561996863,0.9600967909416204,2.4366521908286947,0.776431910947212
51.28636965444731,-0.048790150351682215,2.1565040773450046,-1.3968778577490153,20.765391527190516,-67.71225054587832,6.357070807675863,3.860252814684287,20.962824974214673,5.481412683307256,-4.147320505959906,5.466751890406769,-59.67145939120914,-9.410798377081656,16.688775613238853,-2.0339401619565107,-150.10301739038042,0.7865166405416119,12.1423632225696,15.029154070490332
21.452663223445107,2.823370277147724,-0.7183139578106545,0.924130710364717,-0.7487915333732094,-19.694595780201656,1.546592136020632,-12.088227605792406,20.618160131104663,0.5026020614161446,0.7500841485885621,7.6397551620861,-18.069971582526648,2.0535575605203373,1.717257870580548,0.6003605673789845,-64.11026567197126,-0.3791436082415096,-4.269896700177555,-0.5268405853477434
18.15395187055561,3.4618752946218363,1.2094511306584885,-2.9012847876222465,3.4772180853869803,-29.192965116857795,1.4158004247164444,9.140751555588485,3.163289952113132,5.575671090267212,-3.5546173642715875,-4.915217776332739,-20.819791333656358,-7.280252326378096,6.345697584613233,-4.238076882605649,-51.53646385306109,-1.585202042179657,9.966599813514847,10.88297438799313
39.80822781698042,4.376924214998805,-0.3515409831220487,1.8565860971564607,-4.91774085583536,-4.887908739549241,1.0596853738587697,-24.307360714454024,34.23500558827851,2.152816406958993,2.5306929525673083,13.497820019262129,-0.8355842229750461,7.145614823020458,3.587320515063973,4.3238737952616155,-63.78284952950033,-0.9032022384319588,-9.641727953837677,-7.7936043697952755
-8.97961246046244,1.7990886295811908,-1.225282051213735,1.5058216287327806,-10.130302454467971,34.72852877726594,-1.4309158408240736,-4.0383013890871515,-7.206589430276258,-0.668218612070862,1.769306610767245,2.077171219885718,23.812285288525437,6.629840457282692,-2.20586029891039,3.8826139264500044,78.78730850038893,-0.7667882352437236,-7.410048709446401,-8.13808544066271
-28.672973823538282,-3.93210855150614,-1.109534433054555,2.291343631215893,-7.33942518767692,35.234613592580686,-3.265943393946078,-6.361273438657744,-6.488490094627924,-4.902502450021317,3.1441989135713486,-0.533183370300802,35.21761087377155,6.1190610185928564,-10.130605707789968,1.4428910389371516,64.92445328278036,0.6915111255115576,-8.426582644651008,-10.817859068921653
-48.730252440532,-5.020313859847583,-0.8267939838529091,0.14092170006119653,-5.25091474082515,45.442718868831186,-2.630897306017073,20.87065246247869,-43.811796677229715,-4.152847095934854,0.522403517708055,-9.292674478357604,30.51014094381893,-0.7314875599986761,-4.36363655518399,1.2990693200669106,153.7733874967109,1.155758932910403,1.2418455552506211,-0.2015283224109824
56.67171816412529,-1.4440385469732178,2.0250687955969053,-1.3902496402894147,19.454474550955513,-74.62172956888642,4.867131836927093,-12.522073510368491,44.73522617960647,2.3981372104945557,-2.1134181166726567,8.199713221485231,-47.05884110884598,-8.734492449580584,10.68825773145971,-3.6039445825000342,-219.4936405754264,0.6357092420930597,7.688986565889445,8.94023212984331
32.35926139999193,-3.221131351594252,-0.2703996184524367,0.8177627223915341,12.852258888957266,-43.71644305232002,3.0995408917816154,-16.26074662713558,33.531018133505064,-2.191413934728423,0.0879748997866382,11.348132526598695,-29.387059106760187,-1.7286809304850186,2.9630165142548766,-1.3350734183252475,-143.7149943735856,0.5166003850578338,-0.5383898251976328,1.6174054497779848
59.9104502740774,3.02814363681688,-0.47843987871814325,0.20124411240895435,7.644639765484296,-40.231796296447506,5.0181041519864005,-12.726451651988455,32.274331458861994,4.297004660072211,-1.2478097158859534,12.076205364308759,-36.75337295425938,0.411550236173563,15.170486857689445,2.581887944307844,-122.3422478763514,-1.2521261672137989,0.572723386928705,3.343645882171005
-66.89413233558831,-1.8859070086556322,-0.28749552377636545,-1.5307403615177524,-14.639783184391726,69.24913883638273,-5.891528347537737,25.487481746582716,-57.44813097813166,-2.4756760667734383,-0.21026738020601904,-16.867454970043,54.94391625583655,-0.1610237306196467,-8.821820823207652,-0.15105834700202747,220.6551862311763,-0.06650825664321838,1.4610183905875627,-2.227849883181056
13.304128939376268,7.7888014890355075,-0.4105584612418416,-0.28866773831485115,-12.055464933391493,27.42458824204072,-0.16026625015960028,1.6026920447189976,-7.232630050611687,5.7177607751739075,-0.5302901028781775,2.3743566728411416,15.735210407108866,4.859925204604952,7.3079208165673375,4.657647836801265,78.59364156527184,-1.5147302865689307,-3.4077872244814817,-2.6592895990434067
-26.734524317209036,5.46840252643517,-1.922178067757111,1.4015312496160701,-23.108097413591995,74.17528982118299,-3.6462102098974163,0.8155802538882719,-25.978216347251465,0.4643668327097862,2.563819356739681,-1.4525828038911408,51.87988396989214,11.27008551585639,-3.072719896312046,6.868715090283647,187.38540715349728,-0.9294898170450823,-12.164649720988534,-13.044700039290602
-108.78701477871714,-1.3891777925344013,-0.49133936522971505,-1.4905828631039473,-20.29685486131817,114.33609908665866,-7.760296680371466,50.41146705605736,-104.49548440094854,-2.1100906643170583,-1.1793643749500227,-25.465853361291945,76.64967730798122,-0.2306735150906305,-10.673413854237014,2.0601833924650395,396.66328933146116,1.182466596304533,4.7159051434155685,-0.9341709255092743
-6.834074684729903,-0.43238095927334486,0.2075880115462625,0.47434020310241276,-4.8472895788416155,18.070670391165454,-0.8523504502667292,-1.620031243402104,-1.7175622470523668,-0.5796693085458824,0.7182069346378975,0.7327060185675095,18.26498384171449,2.3983204999761707,-2.5127936459341607,0.6678194456178133,34.28966176194539,-0.38694651264399993,-3.710319723476867,-3.6409012438637633
21.68956691736081,-1.6401211743335042,0.7783011271687083,-3.804190875783858,19.056446038178137,-64.09851332279369,1.3102024168592343,-2.4209966953528967,21.037649469538668,-2.836123976388102,-1.56369613137873,-4.93872302244077,-36.54213170817299,-10.50412551340336,3.6371831277862894,-5.936502296015127,-170.0078539476817,0.19110570170000477,11.709506450234805,11.746226959178083
-81.86635732208254,2.1523618189859235,-1.5631849173080827,1.8127986376057657,-28.459686101186062,110.72700854242325,-7.93074569140688,16.161555859966754,-58.74136267317089,-3.7566200426031546,3.105256929367004,-13.135355435182525,85.88718788467578,9.49818345092066,-16.02544824509909,4.139995799954191,306.07805585867754,0.25606810641776667,-9.893118772070828,-14.256639300817708
1.8152291209375786,4.428673221130739,-1.9065813511731713,0.44534453641644034,-13.941046590071993,25.42432800218873,-2.1534513357921496,-7.52582829680429,2.2166348894992947,0.9571543475200409,1.998462978272258,1.0242527833701545,19.977000884161054,6.865961031043488,-1.0449959384779985,2.644506732807919,45.760848124549604,-2.2255930751143653,-7.466386187922875,-6.662137211870374
18.672880892915074,-3.744181733591738,1.0250474274146102,-0.9884466264424594,14.04991429380505,-43.30046436861928,1.0802111357082482,-10.481277448879123,25.789221198624727,-2.087699553478928,-0.10524542909010326,4.036870080758676,-22.355111914878233,-5.315964098410779,-0.20361557238338995,-3.6611482886979676,-135.3274638663171,0.207786865597552,3.07351493972339,4.457270430745533
14.861518642944457,-3.676930903307042,0.4287183510808877,-1.6513671237103136,16.262092790248346,-49.651110923371554,2.8988230120675977,-5.047470816947474,17.94652679133085,-3.236689934408126,-1.0965824977035616,-0.3408640218907881,-36.502232743564754,-4.862234436731359,1.3491721884344203,-3.3816563110801767,-132.1862213509111,0.4074698119573148,5.186016246124541,6.398406231317553
-1.6490923340103558,-3.9390402106884723,-0.10546236506978499,-1.1865140302706594,10.483847910222984,-27.00846939108176,0.9404551076350193,-1.757461014723148,7.205430227992071,-4.10936342171029,0.033277269433591605,-1.1768511056586872,-14.839643539231,-4.24963158240332,-1.3687874329081282,-3.164429317661645,-74.03235565097609,1.2170654636631537,3.234820982263023,4.0323353649969444
-20.723150011716452,0.10134061089117541,0.7711278777592884,-0.3796217308774054,-6.405582197563023,25.73560990442639,-1.105979141701341,15.775175163257147,-23.949630060298247,2.265135529110979,-0.8309358361026363,-4.996841068789819,19.40203811086354,-2.4737417479440458,-0.47857222492277063,0.3244653831432057,97.62044921108641,0.689353752809669,2.84709141878892,2.092833062331929
-69.96229267781209,-0.5635500131304754,-0.6200563074199583,1.428721922207283,-16.501696931435237,82.37028889172993,-5.1536452792468275,25.451455252552456,-61.82842531464522,-2.158506172309701,1.5165279798825921,-12.168323225528654,55.00080498147145,3.661012316197027,-8.201394919621194,3.8928875106356733,263.29564607581966,1.104949026879098,-2.2772887822576777,-5.711798060376879
-3.5083885960400165,2.2131147847992256,1.0303731915887255,-1.1129028007554234,0.0748898603579431,15.455885893052377,0.16290821189166982,18.705384443087727,-25.36061713865808,4.526662552550894,-2.1712462449766714,-4.361880661603027,2.311069278635215,-3.234113857406298,7.269687328227198,1.6160328605160987,84.7575753332774,-0.29696496231582503,6.468445692250086,5.502684304333959
-56.452227836705056,-8.269408725222394,-0.7454992311605907,-1.5609033972696935,4.6383016467782525,17.4395844452894,-4.0928607218156365,14.433786130100692,-36.100291031885234,-9.497040825510883,0.3368370555709238,-13.635116618286323,15.72084080101591,-3.7551668391760513,-11.285780758538518,-4.093906391685595,72.24963758124868,1.737402723987329,4.073104002087327,1.1184038649734531
-38.7842314451355,1.503395305909909,-0.3467495052666421,-0.5044754676637152,-9.501240275619475,54.87722608555663,-2.6978375328188173,24.91784443847829,-50.37865832675036,1.2317202175375233,-1.3000320918350932,-9.672609899369487,34.43202607604194,0.4247350142761066,1.3483122335200197,3.139304600946802,195.99578456544407,0.28764905372638255,3.078202082784097,-0.14012499520052812
23.731146188241116,8.206034104243574,1.0098446791136984,-2.285043793896606,-0.22893404482999935,-20.092872832030576,2.3382590778116503,9.531698967012254,-3.175014044074076,7.261097203379768,-3.087523272304916,-0.11025711817814621,-26.3890865229338,-3.3539492040351364,10.590228404049185,-0.32012523079413147,-7.322846249722164,-1.5618386801822344,6.644037618966209,10.383423377313159
31.287838919573524,8.482014662181145,0.9520367456847789,-0.5518234288835412,-12.240534038414753,8.005955413203155,1.3870281366351755,-0.026356543306910285,7.918501497737573,9.195119142421902,-1.113312649809282,5.625298071362453,2.239610419278467,1.7664105665020766,9.128473738692984,2.7423935852101993,22.52075999192327,-1.936743914079499,-1.8156372739092155,0.6222272975457255
-2.1661867597997935,-1.7351184747297084,-0.015365815472386125,1.8054169524107708,-0.2864480632825105,-2.628929676951747,-0.9818324716018745,-12.457590414841729,16.42507531898987,-3.0334724845656096,2.0511361609647776,3.6512466466195836,6.484452696467178,2.406667300080204,-7.064432846425237,0.020261369967460086,-39.84903796147987,1.3460525817683062,-5.174934553837513,-5.744413757395064
-49.0135093144004,4.058541353872095,-1.79648194355239,4.186388416955357,-28.913959825340104,97.11294974740318,-5.430476794877917,0.8213248638273045,-33.34158368446986,-0.675487820351028,4.366435289943224,-1.2611904131317007,65.20174192887423,15.101401236277587,-11.493057020475677,7.318625766965218,244.9891687055801,-0.3909941700272488,-16.459467971817165,-18.473702282449725
24.61507087611479,0.5815318095434874,0.47637024003445283,0.6283498535090484,5.76640451747614,-23.353067939326692,3.5531653300592216,-2.131351417994729,11.747920551296826,2.847342101863357,-1.5065175814020906,6.997150882346619,-27.5368085542447,-1.5866386230883278,6.68691316664884,0.49451899946946437,-51.84717198129511,-0.19850018758275445,1.665006008743134,3.8589456921807948
-53.397448056003775,0.07770912398467322,-1.8269984866210163,2.898754521302421,-16.478979192475343,92.32869807659284,-4.480635991612095,11.982788442699082,-51.29959675544072,-3.324101866497669,2.8673993764472216,-4.260387511795614,60.16365470147135,10.233081487232326,-4.125493610581973,8.321052571458827,259.47581380782293,1.0766347238146199,-9.822737302961881,-13.13798721409981
23.72270532976969,2.2010351922703886,0.4084960393280154,0.5010075831559798,0.363569510323709,-12.239632911030839,1.4093564873084146,-10.665292836941195,19.581876603092777,2.2523901285011556,0.10172657638444171,6.901536677266149,-9.546321393774239,2.5143886854145223,3.307366630142478,1.1453695544036862,-51.87820060114232,-1.2517792687769387,-3.0283818458577025,-1.2804194546224839
-3.785661688581359,2.296527263797554,-0.22699657671229118,0.43734665897154135,-9.59974410784249,30.04430446333524,-0.729285308257442,1.702139409042766,-9.813321443112878,2.268428453213534,0.4101281666263437,-0.2580148153263546,21.195723653424253,3.78283403042156,2.379759382877672,2.8651891256145023,75.87431113021961,-0.6415019042933194,-3.836763001035844,-4.2252451196283864
-58.633796166893255,-1.058396162028643,-1.0185161914774075,-0.5468405922919768,-7.088940574179692,41.94612677782323,-4.7417115781296735,14.750199845147652,-37.86048537945079,-4.969103693747981,1.327454419544292,-13.309161429672866,31.273859867412657,0.8500521399280299,-10.816774392850531,-0.7752947718667709,136.43324992519442,0.534627572991966,0.13621739598747074,-2.681144161600719
-20.771058188969615,1.3281674316597165,0.39538383177177483,0.8152215523999071,-8.043240777184367,29.65546292127231,-1.8283328372436538,4.71351757321895,-16.58355547878822,0.16564148180234262,0.9475652724851946,-2.5805046026702447,18.028531211681027,3.5182886264936926,-2.4628151410487273,1.9934428164783211,86.01278107353066,0.22519935014265927,-2.881770041512291,-3.3804069602346374
43.489715898669665,0.11002560721423849,1.5837121212897987,0.24178825264334014,15.402450706289537,-53.23924141004001,4.36739231624429,-0.9978920692188069,24.424919507155053,3.6158551065480435,-2.8138751669834887,9.386932632131597,-38.4294315425107,-9.074768270022599,12.215192935504005,-1.0242576333723417,-132.6510447087651,1.3503089539710342,8.451340427749187,8.53630404500496
16.57073487133324,-0.7960032539472552,-0.2438618703876009,0.7318776636052291,5.888720805117976,-18.12642346626923,1.6022659300933881,-10.699672569247383,19.408236666881994,-1.9022981181213108,0.49041124486106996,5.6555120469639,-8.121871700594854,0.13639256823988566,1.3177089060567826,0.5945980350799591,-73.0595020074081,0.48568509243163854,-1.8358022100864013,-1.8126705655355524
-7.434501412180872,-4.570178011604284,0.2918891210784601,-1.322097493752229,9.370609292349956,-16.73607316766708,0.5465525769835127,7.055102006586978,-5.522516685917786,-2.8095796193089124,-1.0842842432314983,-4.74814197126543,-11.969734165028989,-5.299166414126061,1.0424847426169035,-2.2775750496130596,-33.45773026690362,1.1792120627495326,6.103851566471064,4.913590588035466
22.032432163663678,6.240957132415213,1.159467170780171,-0.6231561210549458,-5.459720596742871,1.6605522034069076,2.619401414092007,8.311139721800782,-2.033916332424167,8.542757699663797,-2.043950129732291,1.7283264170591863,-6.9494171724445115,-1.1428209406927574,9.81028102479601,2.0523235873199486,26.06997974616061,-1.0819834742868684,2.6082887225919524,4.903238463044298
65.04488464110011,-4.67653085453961,1.4357126275076924,-0.9947868553197015,29.28001508084695,-111.24788587665597,5.414891936382635,-28.76961718221207,70.3298376012845,-1.6990431361196372,-1.2511309566842732,12.179635866656577,-73.42490509474923,-8.145233988708618,3.1812268593460065,-6.668415317188484,-340.60477377492015,0.23337727093314917,5.108429419683357,8.726523512802137
61.79086156985021,2.1266125298936096,-0.2736335215124948,-0.6040582143663003,11.162530490164519,-57.14227249914207,6.007898210355421,-10.243323866253652,33.414754781040216,4.287506049289029,-1.9365681731368103,12.259214157436332,-53.8576365309087,-1.2937743794758485,14.221734616305,0.6499042727487906,-149.68225906488365,-0.850967260849086,2.2991251415005083,7.334880583393221
1.6969750122473466,8.308836665328526,0.38342646250223383,0.604652883738302,-20.60121723939893,52.04288912250612,-1.6021030074430354,5.864239188669797,-16.521018288210158,7.826066663114785,0.05022801667220367,-0.3403034628403103,32.71365145788849,6.6212461217685235,4.806535099128327,4.995439451907185,143.5895485568327,-2.0420830471817384,-5.609411883167784,-5.302557713368236
17.72945192211842,-4.145177293648705,-0.31494397185960504,0.3936866551830138,8.463003097558104,-38.30921901839595,0.3532157858838045,-25.689367014486308,41.43609833705826,-5.9085300693820875,1.993224140412837,6.4040720152647275,-14.083937795735832,1.3781255667971768,-6.490882197582784,-3.6385823406202915,-161.0538256701003,0.09459261532667833,-4.725249154748349,-3.7592244551301213
-83.93089347575832,4.595441409742324,-1.0347856928781825,-1.3988147470425571,-26.387370020594087,104.05631683831415,-7.179327782350721,40.03130037252232,-83.08760882979304,1.4350690752773612,-0.18338559705886692,-22.501041191160294,74.27769788758647,1.2676698057521352,-7.334207287274484,2.159116609974506,343.2104130277552,-0.12490015943376429,2.749089580496642,-3.094754407015591
-2.147870119778781,5.637321858784198,0.33501183783807525,-1.265745612190314,-9.718155184517345,11.269313011826132,-2.4137439242642684,-1.4206875975706346,0.07048538201676324,2.654415731216829,0.5274988204563482,-2.531076510914222,14.692097681123759,0.8871312226994265,-2.609360925084464,-1.1696972781076522,25.8446920657219,-1.6647906455603394,-1.7206394614929266,-0.7622250567560216
-1.5305456355665592,-6.72917444667529,-1.113117772088775,1.5824549749277805,8.685004945348927,-16.329366679396678,1.0878705247705902,-13.271497723744941,16.693756151772927,-7.051552563396406,2.144952769189322,1.6971070601695994,-9.105126542803315,2.978944851325166,-5.4778014764117975,-0.49313483721452567,-79.53300642468245,1.0725789853391048,-3.975104959350576,-4.780056446814275
-4.090444257239453,-4.5189751343540605,0.6156447173266455,-1.1060622521730439,10.216034628351697,-24.519074880675934,0.409218973647157,2.14779254526793,3.695338266191749,-2.823958699449936,-1.0330793185973401,-3.4622587683481125,-9.90414767778832,-7.1592131152294485,-0.28341805550591403,-3.7353757378918657,-65.84959626126205,1.4017987645813523,6.624063103228964,4.058958461175498
-64.55589398481392,-0.04253985646909453,-0.2854574577383658,0.4315853064532489,-17.57058226399308,69.98783022240235,-5.746255267598576,18.108777777341142,-46.876195107075525,-1.7660715448602584,1.8837472773467465,-11.44467209527576,51.79680941419016,4.018667718501309,-12.642312207327034,1.0665275692518916,211.07857354466518,0.3229016364148675,-3.9776163616788027,-6.6544651951366625
5.9715776928594835,-0.5283339717274516,0.045130895781739254,-1.1066140259433292,4.557223295644866,-25.93447807553152,-0.38312651498205597,-6.880040768006962,17.246352724947847,-2.1281421228793045,-0.11822651781357858,-0.7721729754086938,-9.675149477802101,-3.0980196017250146,-4.209108815973864,-3.7747596821110054,-84.17298390705375,-0.14724020861747145,1.4821991779201387,1.9840832430543591
-5.3000360205014125,-1.3932025761757858,-0.24069775882668948,1.1281086754629053,-1.6849171641968583,4.306958298216571,-0.3274550302076469,-1.212319479948936,-2.476543452719568,-1.5740904007798469,0.3996849844319481,0.8914536680296821,-1.3404343995708146,2.4228065779453085,-2.8079244629102496,0.026083963632561602,12.770597138692676,0.30354231905006124,-2.4408950241133156,-2.0454768396226903
-1.102578336882975,-3.1286971309429137,0.5436229993588867,0.5692142167337346,5.160895340037849,-0.49063891258298065,1.3051960369160098,2.5029357341967793,-4.134881204278804,-0.7216765342472337,0.21807898465746878,1.086681378700758,-4.637220315372169,-0.5076113407801827,1.9877873856409298,1.156394366260007,3.3750627274025597,0.9048759257702865,0.16828052842022695,1.2510069256781429
57.566908836587935,5.666333186076293,0.9853207865930002,-0.3363486561355072,0.4468038747967067,-38.827590914469866,3.7172513197025716,-13.56296021187648,37.88271095964775,7.283610518411497,-1.076454006054266,10.820081216732639,-28.291382709777388,-0.296980769897638,9.021310999003411,-0.11576029474599087,-122.52021589589661,-1.3561488942443474,-0.15747859822950327,3.303523470230775
-18.674416645034853,-5.509239741069912,-0.900766614283739,1.2476335505338918,0.3572683612484916,4.263447087814707,-1.5053495374140717,-9.774851430853555,4.5306369959251835,-5.810847704626417,2.261217923218057,-0.739403608859315,7.621453925169406,3.8437277950522843,-10.1482303497101,-1.5132033376102973,-16.948316876616563,0.15040650954200074,-5.057588867755877,-6.210257125644792
24.4379465055726,-6.22859805211487,-0.47083898511884903,1.0237465675370367,14.762803278354669,-38.48818780823145,2.8329927794779755,-21.43628068183741,33.23947059813655,-6.302532234699333,1.5028553428171953,6.977167727872988,-25.81353697502977,1.4679064920029337,1.7958296539371912,-0.32374178769754014,-150.05826395997903,1.3626105718370014,-2.5728920261052313,-2.8699502783621385
-36.594197546698965,-3.231110529616383,0.12546466050988717,0.36377391271152343,0.8148198153413624,21.762774662064984,-2.1013850347252494,11.613245706926941,-24.921307191659253,-2.9938906933499743,-0.05636512875736463,-7.271689572028403,15.559398819431959,-1.585393301067099,-6.791752731248267,-0.21273253124979308,79.60691067761346,0.8244434757592871,2.278377752878967,-0.3962311352172968
-1.9645232109830129,-6.300046786996044,0.7112079065448317,-0.9808216116818051,17.885164381909576,-43.76370602946835,1.492013635888085,0.19174695216266108,11.055895981337963,-3.4819844236729955,-1.189076854046148,-2.9541179152298582,-27.280116666213928,-8.292922402763098,-2.975295939730733,-5.283700976846068,-111.8562103987184,1.7027236415182208,8.050522613890191,6.894306395952907
93.38300531555488,5.999256857804829,1.4582448476331928,0.1964039422739654,11.09201389555683,-83.31216103819753,6.3465723133236915,-35.898195461257956,78.04544803443756,5.946131592696237,-0.3471047317784439,18.302327401960717,-57.59636466814569,0.6073937666748346,11.74142127102301,-0.5428077816255763,-282.8645214077885,-1.2551007625780672,-2.460982703617544,2.023374810936136
4.119580975907083,0.0711218208296095,-0.05616886826479835,-0.15733467918684385,-1.027746333637894,4.954895672271629,0.19225229629342022,-0.431808440148461,-2.2099060325064706,-0.005292431354916527,-0.5020875603659553,1.9339127174923865,2.331723519220816,1.8913412534722616,3.1367563124810096,1.0358607024100865,13.786912845853731,-0.7939216034770488,-1.1587003976927228,0.03690959358914769
14.412584833685202,0.3025543733984495,0.2807441903399787,-2.2142786260838205,7.9017543574844415,-27.42594273321567,0.36063884235920907,3.5579134044643648,4.472491846415682,1.1115231653339583,-1.6728456190577905,-0.9707922923676808,-19.83358577374537,-4.870872409019857,4.891302085561458,-2.732334091182352,-55.37224337958909,-0.65413375202043,6.191637956251641,7.922761882425023
-39.94422886922095,-0.16621481825562912,-1.4185820123444939,2.896103885625115,-14.69233760484926,50.838515603707265,-3.715914047341139,-2.899790973479517,-17.570773306469995,-4.1298927564804355,3.1588989296168952,-1.839660275214152,34.6902054829383,8.749448860708858,-12.046826780306025,3.0945267482058716,121.32670203421412,0.7166547300851981,-10.319537545872887,-12.191000620878876
20.133664789714153,4.381787516374107,-0.6904536553667914,1.5164139400300771,-11.19902028079514,10.983982059858558,0.17430733446524282,-18.945647598477166,22.340075199954832,1.2290125780931707,2.5879408386131044,9.10899957635532,9.474484801676965,8.085053317454012,0.3085900564429585,3.0101863635309134,-15.206409921908438,-1.605364409040455,-11.249461176664742,-8.432715367145388
-49.503716957462096,2.773579871494322,-0.4414161310099987,0.6513188830032941,-16.77252607034938,63.8066376329475,-4.748648355264672,16.7235763470636,-40.904405680765024,-0.013223103619094206,0.9122646704103407,-8.32756214567707,46.84562876522781,2.38552594611495,-7.247314234006264,1.8331038847038332,196.77464773880033,-0.11104833996725308,-2.6342698668665365,-4.362258871483212
-33.79107980566326,-1.6764795478007004,-1.3360748878436663,4.09682337359096,-15.083447397269431,61.08675176290536,-3.7388209463979143,-2.5477847466095893,-17.056428032727833,-2.670903952620237,3.3841110331349933,2.441215581912014,45.07229841685437,9.298183977576706,-10.095800705253415,4.5437876474417935,143.06148001429153,0.6096446737815019,-11.365063041766849,-14.107686710625298
5.936075071388346,-5.277707222187074,1.668735258705988,-4.128747410395786,22.98211924854012,-69.56133324659844,2.16109680724545,11.54978650132938,6.271850892180317,-0.9523127369890753,-4.430500877136902,-8.299107772627927,-45.36992059761794,-15.979008034095033,1.5691176517763543,-9.388778678500968,-148.71509727832986,0.7131638273366209,18.110268148017543,17.518935418732774
12.155864398119519,6.543997910765702,1.904165497598251,-2.7012672735351693,-2.4527935123753197,-7.640003107975652,0.8086757871934229,16.447746536536545,-10.636261587471582,8.403921158217301,-3.645441232180305,-4.653668077543162,-10.427349864533856,-5.578247245185502,8.297852747897208,-1.9755466265344495,27.03582628333004,-1.5146725236867986,8.708481506223698,10.396285965158318
4.1658087396673675,6.160733373446862,0.04812233557180806,0.1274029743812658,-12.396973903316992,33.81592900011541,-0.8118396953814796,2.133134763607319,-9.708178298241327,4.274342926704435,0.2916446473023542,0.6724200826194383,22.377920759857137,4.672243048828352,5.655136105767233,4.327291742886177,87.70982079304318,-1.0058965976643237,-3.961091351469606,-4.134078929967009
70.04398526996218,4.279064798132772,0.5250743008516916,-0.7790432570479183,8.363053671145709,-52.261679056950406,6.102081893428815,-15.231731263938876,39.64860934157455,6.164222135780646,-2.1921754448192425,12.858535042118467,-47.06445391130096,0.7994876675277146,15.993021162837948,0.9971207771954815,-154.10911223977655,-1.9273519780987423,0.9299946570256321,4.933373169235649
-11.333736002685892,-6.339835768602995,0.33205408452229346,-0.6159484652519132,12.245870860966024,-33.43150289370022,-0.4940659790131887,-3.721192980796949,11.076429026423439,-4.896985888104492,0.4252954810865157,-2.2072937132517736,-18.358351870131667,-5.685006120617277,-8.202293779531756,-5.5624718647848495,-95.16232578459774,1.392130146166578,3.5016770151064645,4.200644017132221
34.340025042430526,1.322167047889898,1.4919153588348537,-2.035460897274755,7.388658943584616,-37.30839750297452,2.7235996410336174,-2.1140900252023984,18.871085302603742,3.7946383202145886,-2.1693507701424912,2.3561037749255704,-25.584540647575533,-4.9910334723013445,8.7415262503596,-1.843873114176678,-98.96994720955632,-0.3678794087998802,5.992698421665138,7.3403772534215985
-34.45511996201185,0.19198622013796318,-0.10508811589802335,-2.5330945618784693,-2.918455432649505,18.88152402016169,-2.84123102695238,15.82490523327169,-28.483424902963453,-2.1384899431705,-0.2626659337674646,-11.392571476934297,18.498532620795498,-3.98445298602114,-3.8873661771838086,-2.0272269538942242,79.09472714301863,0.8513043910675742,4.497760555643795,2.997575715381417
7.840331900912288,5.541653351697799,-0.7494224350135081,2.343532130620385,-14.190434634857192,38.36430656503251,0.31148158491009864,0.3039289249631254,-7.906119121897931,5.105735641806162,0.6899210924994702,4.9103319535107115,16.048608200090833,7.697301286595143,5.379924638276294,6.122163105300319,103.69459343684312,-1.1991234998338398,-7.026084053043962,-5.769994053167031
-42.736602627436994,1.1503006468247374,-1.5515769867708666,2.736951265906395,-19.664895053923424,78.8754455274723,-3.5680474343793196,6.560307220146069,-37.25809042497374,-1.0971819025388485,2.709131651243991,-1.608957248070141,47.380622127446735,11.972018006861145,-6.232943474147457,6.501903030507423,214.29473720804162,-0.21032021398386086,-11.408328190247598,-12.325008670888378
24.955254755737716,-1.9331342461170715,0.027031642544002178,1.863016902224992,5.618754994069178,-27.356873078182286,2.3899333921216686,-20.543389931505644,33.74149187029666,-2.2431525076948535,1.3049429003830681,8.814845247053071,-16.750552871522093,2.294970960296118,0.08512979405881216,-0.27613934858764466,-118.18723585166595,0.5302143948398862,-4.664361995480506,-4.205499452577383
-53.21166678226909,0.7300058523880372,-0.4324094804720717,-0.07293699834755801,-12.512917231490976,48.449930664379075,-3.7711348136254252,22.484750579578012,-43.84193793211849,0.13620134402494277,-0.2915788111299784,-11.944579378636707,34.3805155288016,-1.0653746582183117,-8.388120334575135,0.11207564881873075,171.62759817508984,0.6311189123446904,2.28767687923035,-0.38977800648693606
-2.912738532577773,-0.23662126302093683,-0.8646785958737194,1.6573684506489448,-6.136346266962612,16.66127742746635,-1.7114552983110525,-12.872257067777593,6.882027014922797,-2.7437018072324335,2.342565289349295,5.045446279287437,14.724308999398723,6.6490744885441515,-5.60684829776234,1.380706769816996,15.646666505047603,-0.8274302640251184,-8.844840542408518,-7.97033755525507
-64.85426236936308,-1.4601413744401073,-1.0227401748387048,3.337720198340751,-21.669734741934462,106.30056492203215,-4.678577922873171,19.349149684018215,-61.02798633430466,-2.4629174824454916,2.5422142687319456,-4.772856012704363,69.15937235198625,9.480843980598582,-6.350989080655986,7.815555775807617,307.7291944413054,1.375683276948801,-9.338834378545018,-12.78693693607725
18.894261834978888,-0.8359313984450027,0.7773320721299329,0.7840293499448647,4.247763501511219,-16.760407539965488,2.4279849428522304,-0.2727110924570679,9.445891604682235,3.0311566366188485,-1.3442314964955622,3.7820071697232125,-17.426121792565354,-1.3445839503308459,4.658076556919542,0.4261418898296671,-42.384748496788134,0.18096551439488076,2.4484634812621158,2.8182368387696575
48.83642138159908,0.2953867464609613,0.20101838399725558,1.0780904344003632,10.794076388002674,-46.33978936064066,4.386960923281356,-19.256039115809465,38.35894038318432,0.7170671749446118,-0.10810617843583728,12.645085190786011,-39.80221259309112,1.8372324899703822,8.370501063597985,0.9422975216379096,-149.8209500831388,-0.357756141098078,-2.5181580984949545,1.3701399205723852
-22.175040822387164,-3.6884708258011787,0.5349854685401673,-1.4006779693264244,3.931937520638676,-4.736700190371948,-1.2247342444663978,7.438492429288445,-10.316451615675337,-2.3175554336962594,-0.41200921384432265,-7.152330897817638,-1.732989706837601,-4.327547442873288,-4.85519148161263,-3.7394503939184336,0.92304968055363,0.4834115062835791,4.697372032361392,3.9362931015445564
77.71508370685783,-1.93423152135413,2.2172224743310505,-1.654375217414207,24.06336915223413,-99.48854795005727,5.718636674124362,-29.213082492842947,72.18795345631199,1.4029923206135029,-1.244717754001977,13.890411471414287,-61.013500456120624,-7.223693525078575,8.921309553734366,-4.872736154918034,-321.13849587773285,-0.7303787499995663,4.437194318719966,8.479867325609412
