X1,X2,X3,X4,X5,X6,X7,X8,X9,X10,X11,X12,X13,X14,X15,X16,X17,X18,X19,X20
-0.7895312329575193,1.9967178085543145,3.852088382943493,-0.9568015646851281,3.265163115763576,8.930361105450558,-2.7679352180820764,-2.7892232199061695,-5.384567894656281,2.3590656954505675,-0.09285649115305272,-0.40891667813323335,0.9078055411925776,-9.856796064604062,-4.541972918236354,20.5560668603171,3.6453066406481693,10.791968944272288,-12.822613146135385,5.597009825588138
7.284389740573176,0.7324521580453812,32.679955944991356,-0.2624861231923482,2.247788185117751,-6.1119141355113396,-24.113166798707343,-0.3399318559783495,14.420899454311733,0.718643121137961,-11.924264565482956,0.5484203570327971,0.404254217961325,39.689994903093336,3.0258578111024326,-60.162572674021476,1.5084454119278592,22.069032743156235,6.285215221172336,2.3521068136404866
-1.2883286387493855,-0.45122296193306893,3.185197391757765,0.08214794605202783,-0.5745691986840172,-16.69213159719394,20.771904920618073,-1.0005717569288404,17.13451009634623,-2.0628938118859512,6.554858869986068,1.991895398390258,-0.5881536916191415,8.74413187341639,4.020560164156551,-66.27823436427202,-1.780472378551945,-14.709627965720202,27.185850645547333,-5.530074762490347
2.0029774495021186,0.5803807861515762,-13.922049227690565,-0.08868548726298932,-4.250429207580673,-16.20351673173967,26.696131075492254,-1.0113026841038588,8.74046351876317,-1.42819267281461,15.074015636702208,2.8141418732508763,-3.3191513833612976,-6.937162601166249,7.106278944509903,-20.97824899007219,-6.531628404504143,-17.866858083390156,19.8329800544802,-9.035146401975858
5.730936862360515,-0.5246500870084778,31.864160142235058,0.2632293943482379,1.3034955826645271,-12.015005429905532,-19.789769096154252,0.6972794477267109,17.614922846502765,-0.7115988785977817,-10.537568592397125,0.5671071511655963,-0.5860155503566143,44.364312709518806,6.55833080998101,-70.66398900742824,-2.225562339517461,21.447018074490387,15.336961999229187,-2.538632082843647
-23.79983125947068,4.1687298645778075,-81.15276150578268,-2.0871566161550237,3.573673462491813,45.79599437937134,57.08572664113878,-7.549668135048748,-61.20949003679118,8.805351726774147,38.28782165198197,-2.5158161536911168,-0.5803391115758937,-146.09992102626154,-18.35084284725455,244.30684082561092,8.549375586169957,-14.198189983633219,-57.26961507446325,10.460317370159624
8.703411827385954,-2.4238982485391425,21.768572590353337,1.769501621641363,-2.9949635382738715,-24.155030476295394,-5.663212441373278,3.033669284106445,26.764273577420756,-4.82633899149431,-6.765379156443569,1.9505841052565627,-1.8775543415508424,48.72523952259393,11.367970510244225,-97.91596796439953,-6.5714879059717966,-7.362593201472647,30.985145791989805,-9.002062226135369
7.404995622867462,-0.43295961893880786,21.22019799870669,1.0193828651614183,-1.4147889743370952,-8.327475196178925,-25.359716306842735,4.034822070183441,9.625902981948206,-1.4495744813176614,-12.244961561971014,-0.7883946782122195,-0.992380770734518,39.01322837344946,5.366055159119591,-38.90567058758964,-3.327111341179524,13.713490142746092,7.341049442375099,-3.1853438457336924
11.698113593904688,-2.055162555851923,40.54133932285489,0.987589260382736,-0.9853393560149061,-23.07330497405793,-36.2528674148173,4.272622765404364,27.229370708951738,-4.052675741965226,-20.572451737650635,1.5012650552159572,0.15146062092037896,75.92121003124052,7.248635328249437,-112.35657536049514,-3.720886058984878,17.68695580910089,26.51052225295413,-5.405674046024119
-10.072344411425245,1.8028235736160028,-50.702646732433195,-0.6023235549064145,-1.2357781702013164,26.332495192482316,24.31778790950183,-2.879459400496454,-37.383582041947115,3.1815707818474106,16.913190928573822,-1.4869680210703526,-0.29924507535915484,-76.40000007302082,-9.214798649556856,150.79372153379393,1.6780491755106484,-10.270428553015453,-35.8599497794294,4.074140208210773
9.280064120261553,-1.4281995944470025,47.052267677656786,1.086141637680599,1.3618616130779437,-19.005681553158556,-29.849078514239466,2.381586454478761,30.660583657562494,-2.340288599605072,-17.174453705594512,1.7450607852718487,1.2390725465126722,70.6309632044076,6.73152958862111,-126.96040573922384,-0.350904456412604,17.770948220904483,27.760318052105916,-1.2647337746720355
-0.6017576137552574,3.0974096026141487,-11.918331429021116,-0.7798818487676832,1.8261667011703229,15.928857909004279,1.3517759424482119,-3.358806740018153,-17.058343049635006,4.457475515596056,7.8219343898889555,-1.1059701014649013,-0.45397323939235534,-32.09754860974908,-4.042034934603599,72.30412593440856,2.170021296611713,14.395945769729659,-24.431041281628087,6.1732457914218895
13.96352289677222,-1.9486916827278666,53.263452050206276,1.6712290719738974,0.37535810380398904,-23.804809531759528,-37.224553883512826,2.124106242949219,34.7449862539174,-4.590527406273227,-24.092759231616565,0.8377334754773847,0.6450464407539874,85.59330989812011,8.654087700664801,-138.33161896154405,-4.496177370875279,18.043616799102725,28.275893278777232,-3.576919395726834
2.433749629118979,-3.2452331020265577,34.027133646457905,0.7574054055220798,-0.6383883104156034,-22.776747745870093,-8.217609157096248,2.549083764285198,32.94773237395246,-4.519007651757219,-12.732256624035879,2.0096585365567434,1.5265713858250078,58.13019353327136,7.19719627330157,-136.8915586100673,-1.1575599258527847,-2.1089868579291764,38.86361544587866,-5.188024631902597
9.046667661407342,-0.20977420356613635,37.88540872390518,-0.25910748043817367,2.5815482604792033,0.5140566703890543,-44.79950060383258,1.8748709657353477,7.197861681648725,0.34900319965029425,-23.112797944370165,-1.8894636718413922,0.9323996291049038,50.6327686480667,0.6088229048926993,-36.81329184082463,0.5039566946129903,34.50693167434779,-5.056113788207574,3.695593304402987
-0.9175540917479934,0.9787049535954209,-14.121584000795567,-0.5843377933679048,0.29984471671624613,17.140704980247726,-4.478531013495904,-0.5372263940910693,-18.798261554200632,1.9187687124942954,-0.37946357782009255,-1.3618743161634728,0.3835693771287856,-23.40001561593503,-4.901824353302352,75.74758126660778,1.0716015856286967,3.5797111562665043,-25.303769433669043,4.7613588301861665
4.106413233793391,-1.2207492476787836,2.946001996869037,-0.011713688025304404,-1.439964442413941,-8.411537493688726,0.2556254953213186,1.1552635503339153,10.661379515376673,-2.08286786945653,-2.8453032479124563,1.2380140811526874,-0.4158013040058048,17.944492344709246,4.0614000999360185,-33.75016488710147,-4.023842121226384,-6.398420353279912,11.655275466044765,-2.952392086245656
-8.548155763128058,0.8961166421659663,-22.443112967632366,-1.460514201419389,1.078576793720702,13.563701300376547,13.311285500825958,-0.6001672122377709,-21.759371116686726,2.3829719397386135,7.7086295139966,-2.02570617056338,-0.2101172370498265,-42.59667298371421,-7.809163885593029,75.89877035939313,2.962604327162433,-6.245634427183642,-19.11237748101291,1.920735704218185
15.342854627580817,-0.7434693586734622,44.01378721118868,1.6562840911675327,-2.6140420381302687,-22.009846799885146,-37.880678396765056,3.494493471594965,27.105422915681103,-3.6896206666296933,-20.626498334770897,0.7248167425154576,-0.7857553188951527,76.64692250601335,9.50711018543606,-108.63464856042637,-5.509490215138134,14.414151858917965,22.305686838125883,-5.378789739178292
-0.7490685007767449,-1.0242985880109219,8.260453264356496,0.3815832930393704,1.1104959440298277,-6.9764284728005554,1.5242546348463215,-0.41861112578008564,10.044170573375068,-1.037947295049709,-3.1269839474250096,0.41089746633143676,0.9435754767726594,14.692675719467605,1.4985836657886775,-41.199605995393526,-0.7029063439072718,0.4770854350028515,12.575508133233114,-1.536579778083956
-7.796911646699739,-1.010359968170463,-17.346084694850404,-0.7585302045302031,-0.04990007362364533,5.330685523466121,12.487754674973312,0.7076420274505602,-9.838775184862778,0.2232351805348688,5.492477102459487,-0.01989812560501769,0.5254967224326806,-24.69305211913125,-4.486602912725445,29.30909399526372,2.817776881916094,-10.77849297358818,-2.6245093616001514,0.09401056444100922
-1.9084659284446388,0.9037725249682873,-11.48036691944602,-0.31288891825270254,0.28334669391348033,3.9732022035444436,13.125956181974894,-2.534099732507375,-3.647826439137618,2.0107010851789866,9.167724408273004,1.0614140167826478,-0.3813438621793,-18.92137987503905,-0.8432699473214509,23.863480846790793,0.550702817140087,-1.420292785114498,-3.9063861694774413,1.0489944731434595
-8.489584941851724,3.1573683395422574,-33.636886096328034,-1.804155194904611,2.3912483955772874,22.40583024397391,16.963528125043105,-1.585636298362556,-31.087377507464087,5.189004908787904,14.185374954031186,-2.2412900930088444,-0.5760028841011531,-61.79049335641571,-10.316989895069987,121.6643484770123,4.647505939041422,-1.046303961684933,-31.836904635099785,5.486089475987423
8.837363122819129,-0.5275416378469662,46.32193287336849,1.0097680059457068,1.9830318298327065,-7.609192808642653,-42.420184396354486,2.907166175763113,14.992922975919688,-1.7110557789054635,-24.09570292992228,-1.817953696793845,0.5808826006413913,61.77024363638247,3.4025064651673356,-73.99844122593332,-0.47357069390306583,24.97707163744002,7.466705370238085,0.6388845884651166
21.908740935127273,-1.3214664857337466,77.56590514597329,1.6512708819760633,-0.9594912638073667,-38.248703004114425,-51.168279733836044,4.297787080325021,53.85830294463589,-4.600764161791936,-28.723925791328792,3.06118241271411,-0.7967523817173067,126.44939866861864,17.45727421357835,-209.30824135530352,-6.4394927746682615,32.033731595709106,47.64910041952837,-6.778022369729119
15.766820097549104,-2.3071188616321496,61.11889868063177,1.9009498092559716,-2.1029544046500708,-29.348294913745356,-43.302257186944686,6.1834732386517555,44.520234595994175,-5.914256799298331,-27.778878494173114,1.1549402471022336,0.8766740520310499,105.34379660906986,14.933073500517665,-172.71395711028626,-4.838198370528135,19.480741810735665,38.62757602009988,-5.978724725604838
-5.737324758924378,0.11900117760720422,-26.453905517818402,-0.21295337459703342,-1.2722827989419838,13.492325036643074,10.057520525100733,-0.34505543928169313,-21.64467334390228,0.958615305231212,8.625878396892128,-1.4230315477320732,-0.6766453078522948,-39.036826447798425,-4.556266035237679,79.6004431450044,0.27564400064928735,-7.074074762722783,-17.05515502285365,1.543352022413397
-11.274341740918794,1.074108918811108,-71.883468791408,0.9445643527035118,-3.243675437531655,31.721705316275948,34.526907721018944,-1.369378660232093,-46.17254571927502,2.9063557720201314,24.008076617476284,-2.0205796353651593,-1.8420001099316237,-101.63636938054077,-7.808905583056361,202.3994704727522,-0.0826272101657517,-23.173454942746638,-47.226184467927936,3.084716402812117
7.875984508174835,-1.3159742776650687,25.784866447778423,0.6284529478344807,-1.32589897925154,-20.918387526194227,-7.040919456667056,0.6010240797685158,28.55297000591393,-3.018930878998418,-6.432291984462748,2.9477115709491613,-0.10635621688361468,49.28786105333152,8.27500602148652,-101.461778502363,-4.19458236748773,3.863187214723228,28.57022906391095,-5.165216478036621
18.562470301944806,-2.8664564381098883,67.48473794048837,2.1038116680768293,-1.2598865567470185,-25.549375278034685,-52.819980984561425,4.319974078010558,43.12760792773721,-5.097210073985791,-33.485302968983305,1.7392883644990058,1.213150950051747,111.14424611566102,11.873647778102047,-167.80258016458774,-4.199505425431244,24.92025661639629,31.242856571037443,-3.130923985039537
13.912412521810632,-2.215565325036762,62.93803766580362,1.201195821912886,0.896792622916092,-33.11967419698885,-33.701686260552336,2.194100370111463,50.88600835087535,-4.808920295671333,-25.62134052155088,3.549442023015352,2.02638134801175,106.14365349930006,11.491531585976583,-196.9020910908766,-4.178442388449709,20.526236056124127,46.77768423232202,-5.205442594418057
14.034673168639195,-1.9422039773142685,39.82066321474071,0.8465620356513252,-1.6717573827792043,-34.61524043959963,-7.243239876885276,-0.4562205634903147,44.88950914974598,-4.301335372873952,-9.891388201823526,4.41899855561179,-0.4072449078784883,76.56575505706334,13.628467805756669,-161.8491320901475,-8.060801786327758,2.516683155837847,45.608765384224675,-8.720464608411117
3.2737780484528862,0.10562533552917946,1.9005319188035457,0.21659304602916302,-0.16981400302763128,-4.10643264385727,6.4352702640351405,-2.9533071397043913,8.88554774780784,0.2325942492862376,2.398988221771487,1.866563900690352,0.32994609545117953,4.486405147550903,2.786279363327346,-19.65898620380263,-1.0325512998535316,0.654350911483295,4.330600536859565,0.6856177010386177
-3.281220008308541,-0.39780210727242726,-14.426029390052209,0.35254092042215857,0.44617232862627865,16.947027342159085,1.6811740077035306,-0.8510436000430919,-14.155905050411953,0.742347773502927,-0.7754538267356806,-1.5944497926697503,1.4750034042052873,-24.463587090890066,-4.523429859902015,58.27825011209861,2.5426130425143763,-4.41629641689046,-21.03998711209551,6.146443738889096
-13.748081698277096,0.2233826705041595,-32.53275617993851,-1.1419548261845518,1.4788845562365014,22.004186519137733,20.126779124677682,-1.1602595245759841,-28.83277556627284,2.6387540542092176,11.603760293923216,-2.022983307540283,1.3207214259449103,-59.95109775662275,-10.865623131719666,99.80064584042819,6.665687258762881,-11.421127578286706,-23.40012842377872,5.037107234398608
-3.0885430201879798,0.20915090151116034,-4.693494701412488,0.21621587581208004,0.4639151581553177,0.999142489905545,2.0809279108663263,1.1229806479924895,-4.9738280675561555,0.24598344715998566,1.7563472220787282,-0.8531543922544613,0.03345163195526956,-8.057624221281873,-1.0845985776475018,14.707260080775844,0.2941551247393632,-1.259949060370055,-0.8192972944033434,-0.8099167527507103
8.619671932715756,-0.35344046509580584,45.23538241297822,-0.6541149378809814,2.2205500805325062,-20.625125263180127,-22.067772043464547,-0.7500203579242075,30.46349828646073,-0.9494258841328885,-12.051834864629953,2.2897235746136877,0.7060794086755827,62.53735335050074,6.598737524869276,-126.06802347013445,-0.8094213723194844,22.737235335254024,29.179150447916868,-1.9018301951638146
-2.4560791576800316,-0.08301936774948793,5.389163354595077,-1.2688876648451426,1.6144461842618023,-7.732074563090068,17.94789435733669,-3.303577643807332,11.137076877864768,0.8177931817670546,6.815086947772485,1.985963365929635,0.48296742913625446,0.8364919197119473,0.7252499489284967,-45.3016156473894,1.2168381836741138,-6.015590388642857,16.64257725239745,-0.6377690940859303
-5.0088416651656305,0.5640824984954003,-29.056199344944865,-0.47382767657687624,-2.420026600774107,9.945573483696686,12.29195177113799,2.3471918655695294,-20.191112980674973,0.7145722976262218,8.352441855380873,-1.9865386356121733,-1.4565479411735658,-39.36479650558207,-4.189506784762027,77.65587601450717,0.5031044820772252,-17.373298218255076,-16.9491490825272,-1.0428869627635728
-2.5689695245261275,1.1768167336971955,-7.851358597477279,-0.05940114955136294,1.7103136283468516,14.868076663628496,-2.2212685260679303,-2.924012940973543,-15.47449017563435,2.331871122821792,2.0614753596705366,-1.1286481685271057,0.2296366774369739,-24.333912685719906,-4.858993374537131,55.14873414084547,2.6521613906527217,8.262006549666227,-19.188721051731292,5.724272180623084
4.818954898262303,-4.174418246622132,31.98915524392904,1.2861017873349316,-2.0152862065181543,-13.038998377789094,-28.060807795516286,6.795374606287523,24.293909131210764,-5.570645364217328,-23.008994243381473,-0.3379248726930769,2.127547189614175,60.55382601834651,5.7420190440714975,-99.44021488397122,-0.11960070267151113,-4.191216496681399,19.59495902293836,-2.4519565482264314
-13.714942132001282,1.4771833354702766,-61.42610703639131,-1.4444535509877634,0.550418207546667,29.968635911991434,43.471969152253955,-4.775161764559632,-37.48014968760254,3.906071217773247,25.553419794972708,-1.1443171513909078,0.22494233526052085,-99.24765921961686,-10.941347871300161,162.09021474643484,4.48884909141298,-23.57724513502968,-38.78520133020962,7.062759733426375
-0.2164598745824044,1.5623403691441324,-1.8783015566774628,-0.5195137869207684,2.904248928790224,11.6305148711725,-7.556800243159681,-2.3257742121722895,-8.22550965224671,2.502425906003427,-1.2060222838672252,-0.385416457799527,1.43898605347405,-11.609704030424606,-4.801398726389121,38.5369377297714,3.477812734299772,16.51109151275405,-17.611354096788933,6.387501096324243
-4.462269964668583,-0.025221167474062556,-10.190250343311689,-0.7550688481345985,1.0025426482489035,16.410699089125547,-4.169862530168023,0.29292040021957255,-16.762277318454036,1.8669497744917904,-1.6139107126320245,-2.307901549994463,1.1165260699445467,-23.738530360452653,-5.716438729255776,61.82665208732602,3.226424508139238,3.698981778753631,-22.59146697011352,4.69736337850052
1.3907621383943458,0.02703287236163739,-8.501159557709965,-0.01711293759101939,-1.794611385564027,-10.327178058624817,17.23627998884807,-0.8783863596190657,8.29847198094901,-0.4828375703887971,7.976840815916523,1.813433523572578,-1.453850175246468,-1.9438811981692352,4.239337974636545,-17.040124576408807,-4.2439719680186165,-9.976112620844038,11.643867545094308,-5.2361227412595
10.47516684379689,-3.0401877681640648,50.69297559411668,0.5982606078798053,-0.6074446033611987,-28.202756159942265,-30.040527265143805,2.879726243735184,39.818207147808444,-4.480635611652242,-20.044197667327612,2.984186094456996,1.027104914683178,87.07943800385681,10.673001870390811,-160.4945393370103,-2.863584018617558,19.825097600280955,41.438487687447804,-5.039783997690925
-6.1551615591479525,0.39740303207439653,-12.33979089793849,-0.40077393795676225,0.8028086652718902,6.755025813819939,9.788561167075217,-0.15289175533572924,-13.576685349882046,1.8638352735807613,6.97883777683745,-1.5898076737030478,0.15291255947825647,-26.459080677826165,-3.7276812525359704,41.4617272854483,1.969585200517285,-7.860441062228361,-8.334278113949523,0.13893428803057484
-4.557467655217652,-2.6816617642995095,-23.85044671495993,0.701888077130106,-4.271508811785113,-6.561631960273776,24.65156399333424,1.1470491334715174,1.6644393908418387,-3.278671216006086,10.799013169214748,2.187297777277804,-0.4469696241016559,-15.421033191584552,2.692564294462895,-2.3001254182635424,-3.1451525128269937,-27.227500607152347,14.806642765612207,-5.706347895491051
-3.129770444740652,0.3633427051512482,4.579568322558453,0.13176974352439536,2.5780301154404155,-0.2057970006571015,4.3799868117906255,-1.9788415900690501,2.436679572084936,-0.03719040707075766,2.534490630419587,0.5843480478075931,0.47960438687156115,-2.74073986890708,-0.7077615452315615,-15.529529662301798,1.4867775565898944,3.6438892048511393,5.683643715978564,1.8803828549731496
6.129509402772525,-0.32645460949243343,12.907489369813604,0.3135814316839322,-0.23305695625150458,-6.824033248620081,-11.991163021286372,0.02286715059531916,8.299441038291398,-0.7909185139410938,-4.646784770994094,0.8669347199698304,-0.7134834686971938,24.428335277051122,3.9046181831868685,-27.0017421453922,-3.3944654310136104,14.037921543721023,7.188095189228849,-1.4674437373624394
8.345999062244065,-3.7194254007411964,27.752476705703412,2.3257998332483805,-4.581373455240864,-31.385412758256187,-1.171999703737241,4.156929377682495,36.73238200819993,-6.865005080393562,-8.428938943240986,2.1387288421916986,-1.3678133965847017,61.56517129521547,14.032501073868046,-132.4445938326619,-7.513450457946586,-16.80929701629953,42.52342254182647,-11.272699105143495
2.8039772961160723,0.5074076632288611,-0.1201913215766861,-0.6744959269962294,-0.3739921333961154,-3.1570588662226218,1.0794841459755118,-0.8135833984982053,3.600394789620424,0.09771521856717258,1.3482437329291432,0.8503962846573986,-0.4628086189483258,4.942875652299788,1.566509978407533,-7.726481375241338,-1.839873467367316,2.7092276625723715,2.534147730208293,-0.7450902067242493
17.393504213965304,1.1520275334629932,64.28326198475293,0.08596083049858887,2.295048113789782,-21.789524420438756,-45.76662793190143,0.8538995560927404,33.1200730389718,-0.427909485157665,-22.507003607348857,-0.12882743593888568,-0.3339980924719586,90.14191752424995,8.230628243943427,-133.88212815554957,-4.0201741497517,37.794446438942906,23.18983272034704,-1.8866543883930214
-13.443737644336919,0.3970731261674577,-53.91286679652501,-0.8000644199187154,-0.1973025715476977,28.718144470338203,30.089966232060203,-0.9358458542647986,-38.94126210755496,2.683944667131612,17.625304244899183,-2.4398504656238544,-0.14759362454165853,-84.80467034788352,-10.545634079211665,153.3571233149574,4.237012881879756,-22.315595800997265,-36.387770197778664,5.5975876749082465
-1.6499948944854719,-0.2714691552405155,-10.946950921022752,0.3088568161887678,0.2650131128502627,6.925695312296027,5.267108433375185,-1.4044261191959868,-4.860021497602999,0.6096527194609926,4.019242088288899,0.48331486075323454,0.22298652456252438,-14.775664464227427,-0.4146284646948527,30.450357231520616,-0.3509874693351358,3.6996319349035547,-7.761786506289,3.30937570793857
14.999969145660023,-2.693129075589554,59.51058365533643,1.9066681695467524,-3.20342451578048,-26.80268913557227,-49.75831924604028,8.140547931487214,35.41908820163066,-6.462020804603166,-29.526814782889875,-0.4218165518636736,-0.13460166727094314,100.30494611320462,11.459618702569717,-154.81891333268558,-3.270067246822388,10.53909057354601,34.11725806097235,-6.210361065179197
5.401101589270404,1.0987862329659257,29.63813713089226,1.1684616888789228,3.1615226275354105,-0.16496833386598264,-23.360603795011762,-1.0567775325562612,8.170454428070169,-0.12356849015996296,-11.839755865468973,-0.3982100673034563,1.2840400349278134,29.910070536548222,1.3955257560122736,-39.66225719328161,1.4979468007246317,20.010646465071982,-0.16228251296072588,3.9608194183201526
-0.3828143470144716,-1.5628196896126552,-8.872014912271565,1.4488114441361606,-1.2655671410003426,13.235884074658127,-13.955927374822613,2.7284903053483944,-17.055724640719596,-0.8994361686834269,-5.6837514995953615,-1.8695829573204148,-0.27192748003716677,-10.001700883524745,-2.4497793793319067,61.94479467859476,-0.31207793041949805,0.970033354960338,-20.033428282231714,2.17246709870299
4.2481004134026215,-1.5268546400525949,-9.259846019609876,0.8709865956719403,-4.557834551785708,-9.37653905399113,-0.5618776613824763,2.870509026312154,1.906039046089946,-2.8775555191454933,-1.0073728341741326,0.4431228968397214,-2.2732522288840635,8.74591821108204,5.069061345465638,0.12061590679810852,-6.789238811968792,-9.668140270776995,6.19125257480706,-7.385830944557754
9.305592064915427,0.1040843823317327,47.65784276858052,0.15174444649459318,2.683688770679069,-13.94476378020076,-29.16609790849215,0.9723000564483348,26.92228613325059,-0.07073264638697548,-17.391115487254282,0.7376689156436168,0.9336057166669965,61.75293803979788,5.734878603978678,-106.73662960228297,0.8069015665022635,24.912228258326568,17.693204282437218,0.6788576368534907
5.630083004074705,-2.5061160813790115,29.54495277887049,1.362614170731135,-1.4706910842667118,-12.186569373327455,-26.98677602367524,5.6587651620766914,17.36020520839955,-4.380763248883583,-18.693489682775528,-0.29970453320151036,0.6462625638078104,51.4600721345967,5.649681540489633,-79.23998036702716,-1.2380424161167023,2.857572902885845,17.232772759887194,-3.1557611903344776
-0.6371861653961423,-0.8360457994615775,-8.75947331728945,-0.04475168011780486,-2.2244781331901287,-10.955574083187217,17.551372130524076,0.4059083934443891,10.287530679774955,-1.3009772891876472,6.828106940106655,1.7779702711409322,-0.5405643857932795,2.123092981917444,4.49379200817532,-29.56222096528354,-2.944561547478335,-11.461084043584455,18.078807832971698,-5.198983056289241
5.399363145386597,-0.6549291487683269,13.758692270848579,0.1929779680393381,-0.06087268320151762,-10.629438144180845,-2.6408403921855195,-1.1202899197064422,11.941145014281593,-1.9321295312613844,-3.776673816618381,1.0580398320680244,-0.19358872351203898,23.210307517847607,2.3666448864025416,-49.016514906010485,-2.5013762649806957,-2.7297087588212294,13.558540929142076,-1.8162521927050186
-5.311173238832945,0.877332724980657,-34.0416120566258,-0.6709846832303702,-1.6881360540793435,11.731039819148098,23.883136591437637,-2.059029031755341,-18.205325372681394,2.125860865182023,14.917750096256176,-0.05816468552143819,-0.8543315715181833,-48.493840838870035,-3.1482785190262996,82.47401626118462,-0.08393841611217745,-12.865417436962911,-17.033100007158456,1.1313151617337822
-13.962283369672795,1.0531451600207777,-65.17653911943493,-0.6200049566373326,-1.6467036070490941,8.115380769387512,67.93542693617441,-4.865863378881066,-22.495938065903598,1.7348307690515083,35.2605111201385,1.518732867943606,-1.5814552832841013,-90.83613349032068,-5.3456068006877215,103.53404977008722,-0.6502586856259975,-43.416837223386956,-7.056210278791708,-2.7243289794146746
8.759994957747558,-1.4667348286387636,29.881165242668466,0.37234599466948515,-0.41998591496208804,-12.159381681441575,-28.006831347149927,2.2473936997091184,18.134315256402967,-2.174564163627133,-16.60240531292941,0.561021698695932,1.124578581338959,54.2151745302894,4.020139856291498,-72.50356388327772,-2.3677120928649007,15.565705780581625,14.301024539294271,-1.8146088933889373
7.743253538601116,-0.15823492380347748,38.71972491758592,-0.4187508189538842,2.9580221715511694,-8.869363923057996,-31.08630195253059,0.9405914784133971,17.707595882778822,-0.3964806077971488,-15.638506482502294,-0.00742016646914645,1.1106798055072904,53.82510213504209,2.796038355737257,-78.2452427714977,0.22438306737251734,28.224908003761,14.187204589810445,1.8479522653313896
3.9360229642662246,0.009830621035374687,23.975660189375002,-0.4591680158359874,0.8950559511881107,3.2530647906838546,-25.98839106088752,1.8755351690819182,1.8717071926208564,-0.19973618084546219,-13.530438342119096,-1.4015654341522712,1.4582215111035437,25.700362810867134,-0.9863705009112951,-24.064411080798855,3.3152171152374152,11.451121773177807,-4.496350625762974,3.8144331188319547
-5.993749472905527,0.7309066337110142,-36.55624231172508,1.000330208210784,-2.7599857041313927,8.994245049012275,29.73039603562492,-0.9648147260350723,-17.741274689956587,-0.7319259367203205,15.004967465331845,-0.610310066848484,-1.2565724920500048,-49.1744103218842,-1.8408408042364568,76.54731781782972,-2.0281773233187437,-28.190877501862694,-12.326375256278345,-1.2330042449306138
-2.1946084417748515,0.5108619456781882,-16.838247365899438,0.23072656469667116,0.03987836024752234,9.15179971773523,13.115017756522125,-2.1948323395158695,-9.039430674246413,0.28399202422545694,6.1253982589113765,0.2707983135243426,0.31135901158280277,-26.48044965955332,-2.3144093327479247,42.56448293511213,0.2776365826875942,-8.644239295936508,-10.939560457896773,2.535722566446093
0.9559846902128719,-0.6635280283892474,-15.257196767528445,0.6525814192292163,-3.415191716003611,-7.592740192196295,23.097935426651738,-0.6480912467381944,7.085983720960103,-1.7885314886815844,9.16378060998679,2.555695498023005,-0.6128446707809257,-8.937024826727747,3.4427181355454,-9.539965556805745,-3.6800779453732915,-23.713016219596803,8.653735119877513,-4.513911257643926
7.231966964003352,-3.493435321136485,8.232010830502814,2.1149661102621238,-5.2699561871743015,-19.97034364871928,-4.458880761516563,4.204393973743548,19.78496039838885,-5.949238045077471,-6.431282160389651,2.576801341811187,-0.9372562862118455,38.89344640438976,9.98300490653522,-70.98736561904148,-6.795300424361749,-17.150271883201395,25.53382784256642,-8.616912621313544
21.576220404639862,0.4048044252179259,71.79561182326147,0.6119132866428659,0.4004618329015517,-16.4095749889099,-73.08224333379597,5.798628334396891,26.447311273773007,-2.2565913598083234,-37.14473552343383,-1.3909805390247607,0.031032229278675726,106.28673025390228,7.285797155598469,-115.88829221544775,-2.9301155325507455,42.222479836482364,10.50218934715232,-0.9007344146695301
14.185492276484263,-2.891386882657832,47.127007234498876,1.4338133125464154,-1.9901061598155632,-30.034274546533098,-28.01455558243516,3.833598011344833,39.244814196369404,-5.926957583523946,-21.27909507075393,2.2238284490881237,0.2333763339532792,85.37584631695339,10.292320830802288,-153.42086437956283,-5.175945431902802,0.7873991360751953,36.60727883513608,-7.225935877440147
12.214103525783882,-4.2794908263146745,49.77387477697429,2.1227349873402233,-3.386118940053319,-41.17539367884765,-16.033223700168115,3.76987942175582,53.02459311989691,-8.210410274984495,-17.54590810904533,4.506718435032004,0.9476210378284188,95.64818134029066,15.37176893174942,-209.650940556842,-6.249008557906297,-7.322262639474864,60.21794395067236,-10.30407803353659
-3.2688776117380143,-1.042593435259299,-8.489976470612033,0.4121201964855397,-0.3141864787395676,0.1459365739012619,10.9851345165819,0.026964823910395008,-3.270196022394878,-1.0711257662544327,2.6695118757548912,-0.3269692801525832,-0.5995781969818299,-11.711228245957765,-0.6804270063935304,12.115034056785623,-0.9608454251551961,-13.723305630787502,0.006087885995247788,-1.6739519497231983
-11.894562644651199,-1.2468500656242616,-42.299728668590795,-0.059749375393329265,-3.5874912819439766,3.386405474370437,41.64890816989771,0.6838030419323275,-15.606438420550832,-1.480360996126006,18.531962393906586,-0.46511797235474145,-1.1862995629176425,-53.528016929123005,-2.4585102445966673,58.40238512069064,-1.0516673802560672,-39.95617688293976,1.017501740234236,-4.927257454790556
8.220880280021026,0.6223813506877981,20.742745987113835,0.6285300650208947,0.5198920300238933,4.753206668820715,-34.6981572778558,0.679091763606523,-1.626210864101811,0.5214650483426219,-14.953485336595318,-1.4973555841084751,0.36811364000419067,28.2726624848513,0.04457032902397896,4.414464960193048,-1.0439423619378858,24.587106304392336,-13.02184778851513,3.351170366496639
8.680410304731314,-2.6439684430146455,30.551520329170277,2.0796418405493418,-2.7724333484231396,-29.263771268153935,-7.747545733450451,3.663779184426325,34.8614809428506,-6.083040982366477,-11.076581021906224,2.488561097745232,-0.02809029669663696,61.96036480576808,10.585731041662049,-134.5556873421246,-5.411855290547068,-11.692075550899832,39.38623769705911,-8.737328031234329
-9.348477417800716,-1.1347829175605504,-33.54280452131189,0.039231504663201175,-2.2501916215263864,7.603251962905768,21.909407504253927,1.1260755686221389,-16.892145134978136,-0.5703287529279235,11.72931756441673,-0.8684911851074972,-0.41250638010076307,-41.36296188975375,-2.7969807229242316,61.298553317770214,-0.09602446505021553,-20.626479858915367,-5.858033788185526,-1.6805612827498642
5.5278603060105915,-2.0878929607115797,12.505058043268688,0.9988417107955906,-2.7097601450086977,-4.542075793987247,-19.5107742412118,5.407186089041366,3.3974104647378516,-3.2398523540615303,-12.489943826797337,-1.3428149135827439,0.0443751106821146,27.071635436043426,2.500588435639358,-20.62312804813964,-1.4737800728888886,-7.768069797368668,1.2686439470250945,-2.7559200502899377
-3.4461523735900412,1.8571144696988748,-15.889587486902538,-1.439623437048956,-0.1332130440977204,-7.179345359619152,34.21046352155695,-4.3489381543310515,5.997162687432007,1.2526214997168257,18.712173757051634,2.7114385321468313,-0.362712833341306,-23.781246075832165,0.5071327920856428,-14.475626913914242,-0.417496527718878,-15.001680186603226,13.871709185974584,-2.204601201408076
-1.2102124941927062,-1.005331434551587,-5.6116394322992775,0.9030485572080372,-2.7390323996556925,-7.88222515290688,8.465829771658496,2.785120732190898,3.55401519712163,-2.452749927657904,1.9013840581914896,0.19615092037733772,-1.714912738647506,0.7164251105906577,3.058953810836438,-13.4353792177077,-2.29276029053157,-16.11131851548789,9.907877164803768,-5.474020260606769
-0.09540572952709048,0.0410882149234304,-6.185532112304573,-0.8180016385415741,-0.9706424806003535,-6.331171715493237,17.520115062983265,-0.7774258082781077,6.013451396347756,-0.3926682385809981,7.699276333178546,1.4472344834412256,-0.7679114854457175,-6.664904063862251,0.868004471621617,-19.85194808247588,-0.6018714040234061,-21.378896331660126,9.004634607389464,-2.4730300448501783
-9.60668078343057,2.2414013020587573,-26.577775059638764,-1.3902353477678977,2.7661334544322624,16.22393211813096,28.27251122785852,-5.4432608903118656,-16.079634114023108,4.713112720690698,17.239074791109914,0.5445186353644009,1.5351244144369371,-54.28407662112998,-7.852701080067059,68.76274689468487,5.321812033904065,-5.642923599805539,-17.122679129802542,6.106642006922822
-9.554423660567377,-0.6437417494470096,-37.695597283681856,0.043408436049458335,-2.9421137018866395,-11.288877740392165,53.68670594923949,-2.419694779552972,1.190592493847599,-1.6381934726395637,26.07194730506605,2.9265081320690927,-1.3838140636854743,-44.155399136797136,1.6860682532769842,5.680201002482456,-2.4455391751973172,-37.87003585183842,20.845556918122007,-7.897770273083266
-9.86175954753912,1.180876693044739,-56.01064753965245,-0.15808236480335094,-2.6263222982415817,14.784190681236142,47.08284495990513,-2.902961182040074,-25.35333448603124,1.7388393407704756,25.698353631053436,-0.04635022415064283,-1.5107484552497492,-79.38679328979516,-4.888805882010545,114.79687976623333,0.09635050565268932,-35.09029170013829,-19.653213265812262,-0.07865645368991744
-14.042080477959454,0.16463666535483268,-79.70377305076902,-0.5032996894817474,-4.9783560632868085,27.372962650233237,45.07033201723341,0.6417269117509421,-45.132290923241875,1.907651994420715,27.500677633996077,-1.310096320106989,-1.3290460945026548,-103.58220691872197,-8.879085186983275,189.39471115018603,0.23619498278018025,-38.17049916393441,-36.4433284253148,0.67379605850355
2.4321440949847823,-2.050830035487068,12.616490727653318,0.19841841268533678,0.8862901447841625,-12.897319178642054,-1.4034852055667462,-0.2722520707149038,18.645586605274072,-2.131135367718288,-3.983148542087261,2.711178225569147,0.9540533706489172,24.934151266836924,3.5406428086698702,-70.55595306634173,-1.022913521666157,-1.1543597537264876,20.69306717694742,-1.5752960621068084
1.6976505186253386,-0.16851290671997723,27.238055583063478,-0.041198598703445374,2.7863130148559385,-1.5942680612067668,-23.566369477150857,1.9956378436411462,4.790461292803028,0.5920281973289347,-14.325514275798472,-1.6032289737049361,0.972309216324168,28.70137054967933,-1.913132097999334,-36.28592614516923,3.1503185121555255,11.919065999772856,0.8902039390366241,1.448043218631775
-6.2850909030555515,2.107314675008444,-10.157282590320538,-1.6198406591103787,2.6159872417993615,8.475818569627425,17.358672552081526,-3.461746449790144,-10.01598931816241,3.4511462944001368,11.899345224239688,-0.25816006971452077,0.15874607563332613,-31.256008394257996,-4.659080005542023,35.218072887407885,4.037592470136243,0.6698172115079967,-7.457817798174715,3.228369757185598
0.6813338318365443,-1.6749031277900857,1.577204463052816,0.12898086695600824,-1.462133064356356,-7.505414171283684,4.053413085614507,1.0516938026791072,8.714349945488623,-2.032449097748772,-0.6156237016100754,0.6918379331898581,-0.431746198171233,10.820238616755837,3.086856883738873,-31.278661809178523,-1.8815609832073903,-9.161225065342164,11.953535846133224,-3.0802278639017553
-2.0937230534765323,-2.3410053549208985,-4.840991639888312,0.24254177719239847,-1.7324669180520655,5.586248836319017,-5.672043585029298,3.4620607333335562,-7.621520449942153,-2.217908778467506,-6.553346110159813,-1.3400024070824192,0.8084985100094323,-1.4631466212010693,-2.448356701293459,17.884957623605352,0.8208456115542556,-13.229088079111882,-5.531893078016932,-0.18738605814665876
7.462286076964921,-2.0045255339063375,39.68588187698937,1.212018962434433,-0.6728375077323652,-23.175198092611883,-17.738019824103425,3.1635684048203467,31.402934410475424,-4.4970763688079325,-13.409974567933581,1.1012166882939827,-0.1518141852615301,63.22586800456699,8.943391336363332,-129.77451168241654,-2.9779449080885163,3.017778024082571,34.188387035642386,-4.98947316470126
-15.256071934251999,0.14816179224480508,-68.00167585917082,-0.5313689334426228,-2.4391231780828737,14.347721061378243,55.64015218842366,-2.4670423348532293,-30.945374688125337,1.614034006137413,31.376732058333406,0.5451858245860839,-1.658713125667205,-94.90086157460702,-6.773626383143571,132.42754167379326,0.7109090851969476,-35.814480354831254,-17.053760852784233,-1.921862597501829
10.990481876057737,-2.427920673383847,49.37266149164294,2.5055561494746392,-0.262956898497356,-9.704163762483127,-55.096787220363815,6.90097410439863,18.562423986887516,-4.2146651199144785,-31.189058584126055,-1.8815197254440863,0.908875312256766,78.16523593175414,7.488952746298052,-83.64730170037659,-2.326402387739017,28.67709823695651,9.686211326416036,-1.1109892761980364
-1.037031077398224,-1.7964676549920107,2.651179964467728,0.8074465896331332,0.9369231023236484,-6.272601518697249,3.1002893232061774,0.27346633024800243,7.381306530414374,-1.5855182600006894,-1.052965712039006,1.161998826970378,0.6012003424985495,8.291455365207062,0.05893599989769971,-33.148983051354826,0.9325769575043443,-7.837011916095832,11.447445804644277,-1.2306514470762933
-4.359663897554615,-1.6523485418768273,-15.154121078047721,0.2850949070514469,-2.8731533068554516,-7.259517775810529,22.977563010608634,0.9362438693104637,4.731776970782086,-1.8675972676958863,7.811322274302745,1.2597006884741815,-0.256142977328211,-11.60535021031209,1.4737085918491202,-12.343252261282341,-2.1624757686213827,-24.622661372955356,13.303600825197035,-4.435199539129138
-4.198661616859138,2.5767356358554467,-15.652255983637613,-1.1702525761812848,1.8383998667128942,14.517442706979743,7.676410838589067,-3.0429644789295756,-17.33346623960221,4.442397754166023,10.532185547757543,-0.7390326162965669,-0.19587307605036886,-37.36376266596791,-5.808103323972411,68.31752909120216,3.611764954316626,5.921893649865622,-20.10829829663316,4.799017693309661
2.7280539776664234,-0.8173304377937198,12.228098238200849,0.7154051352491893,-2.078202438089531,-6.589346487353097,-3.939679853881456,3.1984143499674493,8.581533866057264,-2.435519649019708,-7.650370052805611,-1.9757979374874801,0.026198087767862966,21.53540563787526,3.457267806115075,-37.78790495736081,-2.0177661351154983,-12.009935295624384,8.312484083845616,-3.52567611440502
12.344363951993444,-0.6705182373298951,56.94627425790836,0.3326281388945585,0.7260927772610196,-20.415788977662128,-43.33884907921344,4.834817218290913,27.723812881957375,-2.2506060641055514,-24.492143147688935,-0.2935955307543076,-0.10988051792234058,82.96695753797286,6.944796276089055,-127.39209188955688,-0.8201734719520566,20.440332729611384,25.264421911638408,-3.176307006592794
-8.396472584721346,1.0721353181395838,-38.34264225192762,-0.43673595644912916,-0.15395621273459592,19.905093692672864,20.082877666831223,-1.776929041308263,-32.28360461900318,2.6369506994170595,14.466484341862769,-1.770900411998159,-1.3428543597161349,-62.932352959086394,-6.949571543231778,126.11799439837887,1.258574934218926,-9.321995448973047,-29.2575100371927,2.194028925639348
1.1156276695747445,-1.5349699134026065,20.699228193982883,-0.20684685786696191,1.196605403805315,-18.21016016800066,5.288196793687211,-1.176913367985771,23.36685715939543,-2.4833507074838477,-3.049228628485121,2.4042908310168274,0.6992105953118345,30.026322181536198,3.7040888354971817,-93.31358272540734,-0.9010904462750948,-5.410464422922269,27.341960157636805,-3.521300867796585
10.121715184846684,-2.265048071179532,46.910301400384604,1.0267579361964472,-0.49844173831473604,-24.27724760734469,-29.182716549794055,3.42938969317135,34.750875345645035,-4.0177803460967345,-19.72792363711253,1.6271744284100997,0.7965463337795595,76.44945261618702,9.047303834403142,-139.35716586255137,-1.8695811919596308,10.419283816527374,31.981457854507514,-4.334495167871397
4.827149057323609,-0.569016012436102,7.20417767881129,0.1829144775211313,-2.2563462059802255,-4.008882057028176,-16.335056171501716,2.2807843309118008,1.7510709191345124,-1.0502214555574882,-5.222850956914461,0.17068248131503505,-0.5961234198841325,18.00630257589875,2.6143273223368495,-12.439692272226713,-1.481796895736128,8.146870888063814,2.829947861172617,-1.852223758159887
-6.715143948741802,-0.4690504394523753,-24.78181585820957,-0.06975618733721724,-1.4976622676096603,4.3261114237476574,20.609560976952324,-0.9196469472193529,-9.458215527394822,-0.14338425868270005,11.319021856380129,1.124655784950395,-0.28468919092916223,-33.362460674771015,-1.9190420014351757,39.27181969845122,0.4983257791961746,-15.294267562645247,-3.060118843973876,-0.8564320698352104
11.802918554900222,-1.466939220432203,55.22674996488002,-0.20304118179556446,1.1011081793854112,-33.17474880588419,-23.726862074512706,0.7124218863355902,44.06320639746079,-2.637146305890222,-15.69172902795303,3.4840551434665947,0.04976271618403516,87.371142304758,10.782338238536456,-175.83525307591714,-3.8772910735619748,20.406264082479268,46.204505163471744,-6.243678286509403
1.7354545060276134,-0.7750380969470647,8.127340657884263,0.806501289705101,-1.2605125095703626,-7.401724047452117,-0.3832466574356965,1.4303918568119802,10.458992322541679,-2.307357035073002,-4.10649797333039,1.0244633828793661,0.9451343314011807,15.69799379145148,1.7479317171271918,-43.78234560641331,-0.015139920795401496,-13.953970555121634,11.240038401436264,-1.609716825350937
-10.380505870303155,2.747816779498846,-33.58630261970476,-1.08047282182352,2.144314932089828,16.202588200109112,24.861653397214084,-2.243588183917651,-28.216161007486942,4.589109890738058,17.842954443323592,-1.2771586086054376,-1.3879281272688788,-65.50731074115446,-9.063668129527604,108.25762118262313,4.591884465669043,-7.98268706737605,-25.033580591505203,2.5667290867561685
-9.966481917299825,-0.5648521358625479,-37.93795839009479,0.3143567545935527,-2.398010645319996,11.93857642874529,26.078504102476774,1.6626673084413781,-20.992505938110874,-0.6399502540954087,12.677901205289743,-1.604717151456237,-0.332784588846215,-51.11712420550582,-5.28611897737733,77.9222568816165,0.7619025287600958,-31.39604366925508,-12.47591368511084,-0.6514088981645505
-15.965163174861438,3.7224158075810254,-74.36902211304657,-1.3956313995525031,1.953798157195355,38.67393796872239,44.70543001815907,-5.844374190493828,-54.72826807840141,7.100328495552006,30.30933606354397,-1.603681780321286,-1.2803996884217856,-122.67866305869615,-13.96005320216541,226.06185069682212,4.844297102583273,-13.155633893449188,-54.04685249132561,7.911875131414854
7.256280218460391,2.002225069300199,32.69758041376145,-1.1064626445977437,2.5814284203538973,-7.37826648430781,-19.66266085050084,-0.7416126847440201,14.181811750563309,1.8325843817465963,-9.833304532557428,-0.3155230434321188,-0.04806775789939096,38.054657147853334,3.454321052654185,-53.904696646260085,-0.47775992377738086,25.458180493440224,5.422847431254073,0.47416885975124734
-4.659075713489193,-0.2556875256394095,-23.50008354531608,0.3515565494599845,0.18117980866018601,7.953949974671274,15.92074935164949,-2.3715342351426427,-12.006908552011929,0.7002709748303526,10.141862170550272,0.526921369114715,-0.11250752022600051,-33.22865258296399,-2.7967863320042197,54.15154715672121,-0.06781999651007076,-5.361837057489206,-9.474093718433528,1.132199838465984
1.7247020756372593,-2.2062364200358235,-5.711661683526964,0.8213925179860281,-4.004681009887511,-23.061611500001767,23.405055144793476,-0.05416363985861691,22.438670450965855,-3.468919804029409,9.268148102952843,4.159054536435646,-1.3336398670539718,14.780333640611659,9.476025885973613,-70.69747292749317,-6.34766393935222,-18.025385224308167,34.66412909863238,-9.21817875227794
-8.128991934112337,1.7331949234702906,-32.95122504657122,-0.7902852705612137,0.6729516139455372,15.343619846968787,20.742269506565034,-3.0264504268055523,-20.034991227637303,3.29313399850387,14.166903504567458,0.40811153411036294,0.15114200336920067,-52.26053083491179,-6.142308468429107,84.20190217236652,3.0517221429289054,-4.28755469304404,-18.45573528112273,3.887735339761136
6.5337889700064915,-0.8339762853251949,31.157990065815845,1.1049576523412528,0.681201368392654,-3.953443322791055,-37.768039143134,3.946041310151935,7.770859807479183,-1.662580042871596,-21.019979510505447,-1.6322478891997871,1.4544515617671672,46.03566164189112,0.8208771017812062,-45.455288265560554,0.9083171880014614,15.129564636604325,0.8876607641857449,0.46831454478642587
-2.0396882070452254,1.3400504309009353,-10.560818157292637,0.13398414128388336,0.051132141716948576,17.61006154167559,-11.922433596454088,0.9594089753175465,-23.054907607581463,2.270172868122441,-2.3461464361474995,-3.129371355001214,-0.37743828261643714,-22.147432657388425,-5.516014904525571,83.38661552048232,2.342089684671045,8.97256615806956,-27.954314401248123,3.7281266612804522
1.5941133087932218,-0.5068297040072895,-8.664232613578903,1.6114906759969543,-1.2408947477732435,8.314688546871018,-3.7955009102137,0.7705919387881213,-7.323632893908979,-0.7912338389717591,-2.4837396383207793,-0.30511755821625264,0.39472167509266526,-8.60714425776664,-0.7960834558732531,35.75126626693721,-0.6743805027809386,-7.37601349499773,-13.705890265041855,2.170094846314574
13.543413946981248,-1.1236362985480093,67.82836043338749,0.15228209675906443,2.8187665301539826,-25.261231297882993,-44.43702055072833,1.6287835010729692,41.724749565303775,-1.9402920376372252,-27.514316560208453,1.2531650662312348,1.5845179239613154,99.99781050242575,9.26992523975441,-168.1995882708929,-2.480066268964171,33.832048852362306,33.809615987347726,-1.6432348741844387
6.76010628467429,-2.111788617477488,17.93353410611599,0.47314973790250014,-2.336539033224621,-21.890493051925553,-3.835021894817368,0.4686279090025084,23.702801614329758,-3.444334859126455,-5.4086786580736295,2.694798615822224,-0.5651245565218704,43.40479116504755,7.748934054743218,-87.22681726753109,-5.663404014045934,0.11008476962011471,28.865997051199958,-6.673830225747366
6.629874466818572,-0.7652020810198434,46.1307155427976,0.34618084474108013,3.0115249153436583,-4.28315359165097,-44.67065367136511,3.24507249024673,14.689985187973301,-1.178805245524516,-26.025441879286014,-1.1765095395538843,2.227168555812907,59.09060016854191,0.4332146715013908,-75.81695656018069,3.3332287780230283,23.03405482462706,4.916232084986017,3.3372789040470408
-2.897985245695542,1.0470595938429104,-17.303982611654032,-1.027356282955904,-0.37772425469259263,3.7673297908975223,16.728267200683476,-1.6427930787784706,-7.987480006505102,1.391930721689278,11.796544720042371,0.24652373352053453,-0.5608621495044293,-28.62409703073293,-2.026332261826175,35.35208168972327,0.20434536037983447,-5.852813780710084,-4.8311843588945855,0.12045126130576311
-5.6117418333743565,0.4735900640690886,-44.46701617531713,0.2373463699393472,-3.4185084927798575,14.306132297590986,23.36387910781591,0.0025591564581896598,-27.854306980651078,0.7083455963861356,16.119333571730618,-1.1771541955208695,-2.19870903861008,-58.08682197026501,-3.4785625869166488,114.58300310981387,-2.296382292281981,-22.314889271920116,-21.66991982676074,-0.7004980216439434
-10.021885565513735,1.796160324011785,-45.33817405091224,-0.8265136803380685,-0.006194843541120321,13.426239416422568,39.18506979475947,-4.13370400833395,-22.22142439936781,3.003487383839586,22.601298108689893,0.044556206354189026,-0.5697001612711923,-67.66717772957301,-6.339595247228616,97.51802540733563,0.5120434915535215,-17.550028569248855,-16.47103338551269,1.7435411353975994
9.744588502195725,0.6897322801063164,51.033457991192606,-0.5451643318795184,2.384338371401677,-22.81791669286673,-22.859330813225796,-0.39765006603907127,33.90908284394309,-0.432307421132484,-12.729465835262873,1.6696655742322566,0.6738127722864503,68.35949562749212,7.438994414439829,-139.35084847296605,-0.40370973035898067,21.276564788256874,31.340760386005122,-1.8070107192272564
-7.905476305898778,-0.059481419778491154,-38.846856840356295,0.09689562935981354,-2.7026918296404947,11.430884118346787,30.2968699732373,-0.13567527546041286,-19.6863359595683,0.4265928691877133,16.26340808012794,-0.6032127484668206,-0.9223176166902115,-54.29819518480884,-3.0231046236904624,81.79456055180692,0.5573909260629278,-27.405130376548254,-13.525700624753334,-0.353551453686508
9.815952576933428,-1.5739427397432646,43.31412967915794,1.0161876094687146,-0.9361712577958234,-25.798563384298312,-20.899461786119627,1.2384696468500451,36.401191688285955,-4.139727983360862,-15.265818001473884,2.3794071337945786,0.9943879740202497,72.06838621148997,8.39671341417617,-144.56871750042367,-3.232038595731612,6.951445534288625,35.27513491448386,-4.875372199366532
4.01308224438837,-0.2900724818742668,27.231630970711382,-0.11427996134697893,1.545629002272648,3.45773840511238,-36.93838825926036,3.6696868839922523,-0.7009742661495226,0.5051770472212777,-19.058701604781376,-3.2448180168261556,0.20906811814995468,34.03237537987576,-0.5870291524062723,-12.411772727867199,1.1672718518803122,24.319819414643632,-8.74399113371292,1.7997022050939968
-5.01981951492607,1.2872263565945952,-17.99516472099233,-0.9351585717374041,0.3429970499464785,2.679376864629474,26.53386589603766,-3.2876261939744476,-1.0309968194158923,1.4410881398031843,14.169858760798695,1.2156324360025015,0.6231301705679083,-30.017565292104543,-1.5366791294326776,14.59183084800559,1.692094469235004,-11.514837045368036,0.6838487413853621,1.3600218334584
-13.061447789386431,2.0539851858444584,-56.57229975458922,-0.6514700784938028,-0.6308383713265409,35.13408526825928,19.970557034422907,0.2070191571269735,-51.19956165632007,4.777337256585163,15.466162594865725,-3.9934167080681444,-1.294738986171099,-90.62731987938122,-13.40929953847864,195.34646848494165,3.6494338599496077,-14.733954833755943,-50.38282419662754,4.518273839465667
-8.544489845679495,2.736444132289411,-39.03077531959181,-0.9091117182918507,0.008731049017801251,17.860507456692794,31.595628484126685,-3.220829600837067,-26.53155414886377,4.129990548984186,21.433061707107026,-0.9062855135892123,-1.788150626461108,-68.85568099786687,-6.29000501320965,112.1703864413884,1.9685026409061792,-12.601614435666567,-24.048059209935836,2.8001648170237186
6.144739216427277,-3.2360650359791086,30.54617132638074,1.1423321933508934,-1.5147119553427286,-22.029450054161853,-12.878129988471919,3.4852042815401045,29.307674052380097,-5.814272282725443,-14.277947434244096,1.2797634431073164,0.4511738258465088,58.09275302014345,8.057285061065366,-120.14704039341322,-2.920354669511778,-7.976302360268264,33.04651765298458,-5.974926660210748
-8.991900104562541,2.4046013063690204,-27.8202721809117,-1.2961661676041627,2.7662166634216945,21.205407541297312,16.338158954199624,-3.886348002849112,-26.121778217640205,4.577647504534329,13.681088764715634,-0.8560931467657302,0.6846282448824271,-57.69220907430258,-8.56461525734889,100.08313159142214,5.526210470377646,1.3930884088415167,-27.065864588412083,6.683391336505052
-13.085925454352397,1.1018426532505337,-74.81460887028048,-0.19720292372091777,-2.981346174363759,31.074787037175554,39.79225425916218,-0.48342102382430835,-48.973031925429304,3.0893114244202655,24.612968109239322,-2.9219097393439437,-1.6029455295564166,-105.5665502652774,-11.365851105302072,201.30050604254816,1.415322718667381,-33.83982796012705,-45.36794064237878,2.454574890888301
-14.75496474038136,2.7788524913658037,-45.40611621464636,-1.104422987167747,4.112166991590956,38.11512803499914,22.69066448512331,-4.698645168625891,-45.195860158669795,6.619244384969383,18.2065682654797,-2.838907532736718,0.5368906470420997,-91.05792277362963,-13.718611040452602,174.5831300787525,7.587287982553619,1.2677979382398632,-48.539878289179356,11.278628173697083
-0.14488763600976007,-0.2901769695740663,11.199851926079575,0.287920433073819,1.106390621867064,0.8017988446726781,-9.432685649432027,1.2024299690037996,4.103495412082475,-0.26409963034671347,-6.800065707352009,-0.5673122390717625,1.1156197866298265,12.263958362331215,-0.24912238604395243,-21.664681576122838,2.4674692370798303,3.0967306692006753,0.9508197262014288,2.0817221279592175
-5.311492818702095,2.201512809332893,-31.638653057612213,-0.693706569572404,0.4235875191369526,8.677477805314345,29.994717359435306,-3.323891195958355,-16.87768717546059,3.069213709834841,18.341348914492386,-0.48102515268737345,-1.3870214947918147,-51.84408203498849,-3.40457443579381,73.22159353267898,0.06299114690884045,-16.51060161165934,-13.278862432580551,-0.14428341848684978
0.4424589206050702,-0.28466160870545454,5.0415265023805915,-0.8040469049637965,1.3782803826901833,-1.2691158523090866,-1.2174006258480694,-1.2526553411505328,4.829026875227984,0.6129067981514602,-0.9308792678238353,1.1346529963524328,0.33186390808591015,7.00885124414137,0.2401191278572823,-14.809295530777101,-0.11457228687862431,7.197986713816698,3.6949304773214005,1.0056532660126296
-4.155556067252302,-1.0139312723010148,-29.84241499943534,0.8380140739256139,-3.1438126729570035,10.162571662193248,12.160506228983056,1.8644828924275236,-14.211621365828798,-0.4187638119766175,5.31168642836679,-1.0944019377204537,-0.4591085791969884,-29.65724505585016,-2.114946743934582,68.0028771197682,-0.9254141892682861,-16.673335241737586,-14.3581005133514,0.1388066390090951
-1.5668752667914547,-0.4805237176194271,-17.37290137462818,0.12151317711833982,-3.0037376145729304,-7.532835088059458,21.941332767896913,1.0692184975684125,-0.7337245417077347,-1.3611924561726432,11.807855559033804,0.29780322523588953,-2.4774252514706316,-15.250574883256316,3.399842977174823,6.4615207209765995,-4.318242021969019,-20.949765521254818,10.334796939525678,-6.614278298279813
2.6061983727619213,2.0078057329525496,13.831397020673942,-0.48573374141284076,4.000069172595447,2.962768444464187,-11.92685672617261,-3.644998398365689,4.448906801463517,3.1050718684893184,-2.6540391032406223,1.3304512132701771,1.22367273191083,10.627309528068588,-1.294321745272888,-9.12099255435616,2.143975219270776,28.45655214685602,-4.274585527286792,5.0398587204600105
7.361496924948145,-1.5730199137299417,14.85799217333006,0.4636893092970803,-4.065693996534011,-28.644645353335733,4.802825895608361,1.6665183377780872,28.21045597766044,-3.9674012136579053,0.6274472424643133,3.2427269532293366,-1.5976249104060063,41.3158107929358,10.741562468139337,-106.52871403348624,-6.536918144171845,-10.601881278409014,39.306948633301545,-9.755250335467796
-6.0309947572169005,0.6966270290725072,-10.811237779809627,-1.175011158162891,1.5012783079810095,7.208007306048586,13.284292364381155,-1.5804378669518069,-6.488305990752433,2.0331703309503486,8.095577860371947,-0.2616206920793435,0.8700141229516839,-23.452599468967797,-2.906955978012342,22.843478757781448,3.352322410855869,-2.570993272325217,-3.89011785964023,3.169036686965231
-19.947800243893067,3.3049995099043983,-78.31644965022761,-1.1102989068287572,1.9053933307911874,43.14163362920678,52.465903924715725,-6.520884249407728,-59.01152480648928,6.598725119672309,32.75126739775211,-2.719958226277872,-0.4380927522994855,-134.72107211741348,-17.084894129002407,234.32382151173374,6.777533734991737,-24.407586068875485,-56.21851430556447,9.411888001045288
-2.7444292454799837,-0.5875125203767798,-12.408110406844095,-0.42039854654061504,-2.8992761608330735,-11.725172273233978,26.40993298208939,-0.0546125686748728,8.669665389819237,-1.783948806102298,10.942116180732828,1.6600218938514348,-0.7143368808293444,-7.926836468740908,3.679725756255031,-27.915952434074384,-1.8177487478571979,-22.800032516199387,19.022783867692965,-5.730285673614656
10.872997311957306,-0.8921689557312862,46.377505791363454,1.6334605752740485,1.7702703640577067,-8.354870237485956,-44.46550629854045,3.295755516529724,17.641970361568582,-1.567372653599822,-25.050339437145773,-0.9674399195034815,0.640263273559084,66.98684122468015,5.1792660323339925,-75.82342609966473,-0.4277455730910726,27.518956544880083,7.202593483254635,0.5833094714715512
5.737252363067327,-0.10035111305810912,46.76933465651072,0.33377124800396013,3.9748301815778424,-8.416848486354006,-32.17584698324687,1.0345976599019326,18.459692001664887,-0.780836090113592,-20.726344839374413,-1.4132153619095076,1.578167157336555,55.570957094220134,1.9932856727470922,-87.58639811636161,1.8095136018661329,24.29462227274383,10.748225572954883,1.7297655707904775
-1.040069213159044,1.0140711859674074,19.954033079058814,-0.8888569070402822,4.526597046729019,5.291723810621895,-13.21694707497884,-1.0264064649608131,2.150990143925937,3.087689224737537,-8.315297287285924,-0.14491573622315457,2.2061219871770246,9.336760807765101,-4.244721758120437,-15.777793419501911,6.386282827518322,15.685971571597927,-7.700454445580787,5.976060182928462
-5.334632599357729,1.1965707564152668,-25.430357794832997,0.34318565708585824,-0.012375678316131178,18.43161963310192,6.105065839465675,0.47720983226217384,-25.516927075230132,1.7463206053724472,6.137074221243728,-2.8179449744473315,-1.0979153766504939,-42.94795342128572,-5.415530870408086,99.87294862901761,1.2785050965431064,-1.3925455374319697,-27.506631516406095,2.878016338746784
14.296672237775361,-3.4783670732317216,47.68385511508177,1.4468589426580039,-5.10465477684875,-32.748622768429044,-32.19327653954148,7.110579442321102,36.343733639539806,-6.886599180951143,-22.089853530783444,1.0844622473540668,-1.138463846269097,91.04900540119604,13.533225471329702,-153.77102119501853,-7.841102959617582,-2.124300370386957,41.43834676051125,-11.189887966115638
6.253421457354568,1.6491328925237734,31.495280602026472,-0.29222905621647643,2.8856889712172005,-1.9074675895456445,-26.042659428997794,0.5956318329944801,9.756577404332122,1.763598574035211,-12.475074243775541,-0.026503186531213363,0.9793231493216226,33.7423278614429,0.5291865005171625,-40.76355054281133,2.2340619366420063,24.50270633091967,-1.732838388989826,3.0629566525609215
-10.874057368684438,1.4679276222618192,-31.41129229915526,-0.44827964124113223,0.3111454193319698,16.555940421645325,27.99056168396697,-1.6990982303990108,-20.693922010368652,2.812511696747939,13.994220008329801,-1.2105670709487222,0.5845646408302763,-56.17271267693233,-7.5175451407102125,82.448863247633,4.384170841145269,-19.212493821533762,-18.946639054843825,3.0200149945183474
0.20348748906058867,0.7735507661073863,-7.725837836106887,-0.17484977783625238,-0.9210013949719701,5.5136407749879375,-1.4685735452024375,0.955932663215949,-7.8057435362394845,0.5702341713608994,2.460698644869249,-0.608908639573718,-0.499444005956806,-11.527430961159924,-0.5673962127140458,32.94458423198744,0.8218707372839955,-0.8697526420006487,-9.613936443600814,0.840561958497692
-18.459954813942737,3.8210681626370566,-75.50685930665647,-1.542825774531315,2.7497802004025838,51.7222959151332,32.44999428231432,-4.694844489133397,-68.39521966453805,7.320474571755798,26.677816018352907,-4.167405822144069,-0.8360606869448168,-132.32826269278004,-18.311278317378175,263.81789148643384,6.5861204915447695,-6.718989730282,-67.98644019415482,11.971857264481317
0.3846064803658915,-2.748285052684724,4.433496626913476,1.0514381864161804,-1.5429347180477104,-7.077534813380514,-4.303064840297274,4.239748052724862,6.230588723089318,-2.602650221124031,-4.452751452098877,-0.04154733944242617,-0.8376868953465285,15.537705414567204,3.49383684023284,-30.298774358030105,-1.2098986439328003,-9.164289438817114,12.490775401907053,-3.508899138926724
1.4646110830269534,0.9811374864710445,6.423176048346283,0.5437186403023468,1.9360658188061004,19.933555242095142,-31.201402926007482,2.1674285325095433,-21.19807059650589,1.9165529524873963,-13.286064880033914,-3.5967681297657075,0.09907485248906264,-1.6201853753673885,-5.561397852436681,69.23345453597615,2.823445629686547,20.697434377414773,-31.406334392929327,6.1457039372371645
16.864950876556794,-2.6046540389994286,59.334885295144495,1.9129878458299647,-2.360461197328578,-19.24584081241951,-60.762325955647036,8.46840195419088,28.29133535121577,-5.532774535748414,-36.49608718353875,-1.5674506335809841,0.7134157051382075,100.02748332049629,7.36573838411777,-124.2927718539717,-2.6426566648279484,16.49583158032791,18.58242079704557,-3.65732787163272
8.714792806652865,-1.4108444924865289,42.36540546156291,1.2750199928053891,1.1602328167791223,-18.364708454623766,-27.58664342538625,1.3164917125883402,25.597261893777517,-2.8056629350606643,-16.553538078542516,0.6002220192871568,0.5416199603530508,63.16802304748177,6.194317143319174,-105.87252632950418,-2.549473644666559,17.015920438346974,22.399346941314086,-3.366016072445489
14.087241292020522,0.5468285655841626,62.11262151044707,0.4239763931558577,2.9238825746819375,-16.992299972598914,-43.46785325946923,0.6923971684734199,31.7515121357604,-0.9718924013116708,-23.141544121665437,0.9266529565466564,1.2668553301044887,81.83808738206054,7.043601615459851,-131.68611590329454,0.26208688057458684,31.172637674404108,20.17849835241565,1.7606371966683134
-6.799575378921379,0.305336074713847,-11.397520800556268,0.22671947267612252,1.295038635742715,6.283531791172828,12.580753151539028,0.02445290136985845,-10.616909527374155,0.4522789833357398,3.963445725682109,-1.8425446062058821,-0.12669749445607797,-22.144979156161977,-3.417117622185633,35.79552907793372,1.1904353161731185,-7.058827055490337,-6.078819706593287,0.23231915688647797
-7.8968704104072796,3.440720239372481,-25.7093222732805,-1.372182066883439,3.3105358693147564,7.643797052498139,35.06027049778127,-6.244463876343672,-12.54935839073532,4.777730295347412,23.40485585578418,0.9761991314997155,-1.4584672301641672,-51.645131449873894,-3.2268279663267703,56.642817453345955,1.1676482746640657,0.6126757147298256,-5.2977282587520325,1.7542392188808813
-10.134277867480641,0.6053539648714816,-36.96690801136064,-0.04146280328486928,-0.9238498620049671,17.189012077249096,27.809436155553893,0.2842384437395165,-24.887668668178147,1.5285706219181954,14.041989516432418,-1.6967010146261283,-0.41657865229684415,-60.453289440034666,-5.417277844236661,96.16434059835821,3.1511270250177836,-24.847648947333788,-21.0486443682018,1.7967829842064302
-8.161189016023986,1.8742334870517396,-40.57779598728912,-1.1505917022391212,0.3388999026490056,16.139619949039233,32.57590048930844,-4.281638174622921,-21.909474858007577,3.741114840493792,21.025391477156134,0.02043690401629289,-0.32892068497343835,-65.22807459667948,-5.969865034044637,98.70647857745047,1.9239919534253387,-10.959693325220083,-20.388457816574636,3.7157721654194713
1.814232213231118,-2.7557488108605788,14.161703345138386,0.9228439007266145,-0.9689587686223897,-15.940656801926808,0.7649334898134349,2.38526707662641,18.871885332947006,-3.8973891542652837,-7.553762277796361,0.2775410648808576,0.43381958867239956,31.473405681849947,4.744720635245448,-73.92833633190143,-2.8799486774712513,-10.067052038918234,23.457080275277356,-5.57086509030875
-1.510442856267894,0.9749377665821904,-1.7027701363285854,-0.4400521495517792,0.8135050729578273,-9.909095705395758,23.08386734966768,-2.3440727179255276,9.311429145239467,0.034279049433822095,9.376406697655478,0.9673575109551431,-0.39533223213676305,-5.95955920760856,1.2527755069000077,-36.097513877076125,-1.5175694529781676,-15.194234330534005,16.101620773844658,-3.2664688235163366
2.499581017940798,-0.4442804594881583,0.3200229349216952,-0.02902807466999769,0.027093845132831584,1.8755139434820003,-6.763142086679533,-1.580829777340262,0.006659529336565384,-0.21356494439991175,-2.3942591882416124,0.7288784114710893,0.12004240415698346,5.954745750806553,-0.13674464733307934,5.944914846411401,-1.7520112603201001,7.8682948711712,-3.116762235770042,1.4121897589293644
10.05019443934531,-0.3482878180242741,38.62181909236683,0.46718027184317096,1.4024798427295764,-10.55243662404001,-35.38413949141114,1.9240094430591006,19.301022048223057,-0.9430880200618946,-18.538827491453326,0.33235685525534664,0.43144647401499386,56.50822993264188,5.7224024850723785,-74.09838343329233,-1.5227297120495455,27.604287870526896,9.826073146516029,-0.09826331269049143
0.5017201351700886,-0.6478424266463311,1.1631601806607503,-0.04476066827434866,-0.45579267999110806,-10.393096413430442,11.49298915022174,-0.1715075518716851,14.388092385467099,-1.0327952089536154,2.725285384158857,2.039483645727621,0.5561843955603056,7.312282266113531,2.265349218150105,-44.92587340791334,-0.0728800104527901,-10.07225639723621,14.241678056098594,-2.4098342881014356
-6.0035064893435,1.3253807544075955,-29.556313343584186,-0.6164644580148079,-0.0849068561481564,5.615114734320193,29.836990806717033,-3.5216993291939005,-12.956395004588222,1.6348180283716038,16.877028802446436,0.5751484113357117,-0.801293555037208,-44.84110948387278,-4.0698849557559,57.27866826770146,-0.48205539804675857,-15.713265907665852,-8.029132471796174,-0.440599227789349
1.545280392092485,0.30405603916853563,-0.10298645759218716,-0.9208050963364305,-0.31598325365022994,4.6277161476300925,-13.628995384554289,2.0431605957757495,-8.261015762983106,0.9519902278600584,-5.418271242091687,-1.4292229885343142,-0.7043897888313693,2.165474838334706,-1.8694515057606806,26.678304101237778,-0.134257965748883,8.538241492930162,-9.53744662211794,0.3433756235856467
-0.1962777026131981,0.12521821000784583,5.379713537392087,0.6007328928966501,2.7524098667219663,1.8696651390870695,-0.899999589608207,-2.5242193924295004,4.13007741726244,0.7092202106871075,-1.686584377389235,0.26090266767683923,1.2814703591677437,4.444968733248895,0.23748474800694466,-10.242511707467939,-0.048911943817376624,9.627777445913747,0.24864755662960314,3.1116528064460667
7.242029377823211,-1.8439520610127083,21.86223778185509,1.216371919030333,-1.3059485014977783,-16.439588751582175,-6.746696604524245,0.6858135043776628,22.695481761342513,-3.1934887186105163,-7.837266078139644,2.462875737736736,-0.42418313259458834,41.32254069609644,7.267234257685408,-80.91082216387629,-4.282432638962334,-3.382185924488901,21.185661406770148,-4.517978612105496
-1.9811442341180547,0.8078329913314791,-16.57015013300456,0.5444766416997707,-0.29994770183751185,10.627730827623537,5.862006910029614,-0.9850697617907564,-11.945648413980777,1.1117608107563544,5.643737007363395,0.08503783123216513,0.5208647117607541,-26.31743872094477,-2.8897599153036926,55.10188098231925,1.581915485494807,-3.8910053305186802,-16.610604062593584,2.9077748488509014
-4.017839406468068,2.164532993696404,-22.84378414369547,-1.4754430803350758,1.34365916929476,10.275681928690945,18.851635566113405,-4.2493724389533725,-13.771221854504839,3.3599695393941964,14.982061931962708,0.8187015880412403,-0.2724767050046484,-40.89502485462633,-4.612392358909894,61.197302429816226,1.5833673646530615,-0.01124962696820131,-13.349045891443916,3.1941354859751403
1.4582501966945638,-1.3359217739159863,13.105585249311686,0.5690012541572202,0.32597766690864927,-7.387175178205883,-9.21438213539299,1.5894983437441792,11.528353715633587,-1.844161317369637,-7.631614642638756,0.750853979358362,1.1628032343495,24.657416714011518,2.1288153523436004,-48.95677753934634,0.3668415674106838,-0.5231221018886771,11.453781175384576,-0.9398866732750113
9.568211182484621,-2.2107482369486853,36.76053854121289,0.78885216701178,-1.1603329344588353,-11.904078752396085,-40.51401564558983,5.449632439255785,14.476944268935144,-3.577414916607124,-21.654490374774248,-0.8926177446416359,-0.7434456079629814,61.40130652128715,6.1991245622148,-69.71538017380267,-2.721249324180265,18.01094980472477,12.37167872193467,-3.811129447552686
-9.63542387350132,-0.029054451455772234,-51.11940286704301,-0.7423621206030915,-3.6895646046389907,11.968570434522848,36.750438493540344,-0.46195766370128094,-26.101721181206013,0.6587045278373966,20.53451717594551,-0.17814945297450457,-1.2910516007395592,-67.19807504462841,-5.092601182711284,102.68051240213056,-0.17043173538788092,-32.19828893692169,-15.280799926387441,-1.6184500963646966
8.369452148785264,-1.1492505688016275,34.38142144982179,0.4129429711503131,-0.83611047205074,-30.59775876264889,-3.5421708199189075,1.21214859449505,35.80995235450251,-3.5485208645131303,-6.13075331162335,2.3276219499480595,-0.7423227398153894,59.56639117555854,10.296864806622692,-140.3925377190627,-4.656532435087131,-1.9455955000347398,42.595841568846495,-8.29433638415366
1.7253404164872124,-1.4822795796834867,9.827487537446887,0.809609943168781,-1.5265631232264743,-10.216702425559296,-0.5176346720131808,1.5310509607029767,10.519908710269082,-2.1651897086215026,-4.064789670080451,0.3162043430108708,-0.5821663049867455,20.45814923091641,4.466026878103847,-43.1328873711938,-2.95821233347381,-5.812574313766342,14.226460579036747,-4.381375480655259
-7.990015580806818,2.349193700998374,-23.037723207176242,-1.1157074243938099,3.855492584790197,20.60189533395237,17.346512549353935,-4.934457756068892,-22.115566912507063,4.421727344757632,10.005223205377511,-1.0689754957351267,0.7938375547919214,-51.545523985808416,-9.305297688968443,87.5051072013839,4.769499210157514,0.7377806539003071,-26.567577303661235,7.392467186433848
8.908936332047391,-4.611954589774712,42.28259378739045,3.011729549459859,-2.6401079248050867,-10.285434019623256,-52.652808883050774,11.123505978879765,14.54281708545298,-6.438901727002273,-34.52644579170293,-2.5501496034695252,0.7503769797120398,75.87653882598832,4.898242051386254,-76.89652031740155,-0.8661539139674108,3.41518234568372,9.660098862500506,-3.9271054735248887
16.55220024687736,-2.1760981715803105,69.57999110576047,1.1712390662463759,0.1957319258770822,-32.442474662418476,-43.661223068154314,3.1481271858679776,48.08011004735687,-4.453514145558313,-29.13698138117547,1.9719462894780277,0.3809507096909879,110.23021741752534,12.478109416018471,-187.9983224759493,-4.7653003580315465,25.23612089116027,40.59975132187719,-5.571691227606197
-11.866692317442117,1.765585495020348,-47.085717378622526,-1.2455530156074885,-0.8328719249144191,10.621262725783346,52.97311692085292,-4.224636316079003,-19.323038625379237,1.9644709442318353,28.068545886983937,-0.13150330190514972,-1.4259337778410213,-75.57694755572257,-3.9777761301251213,83.99063703513721,0.8603857509294641,-31.845817380968402,-9.421010630482025,-0.1918846841636288
-2.096857063102116,0.19677167479388036,-21.516928038136918,0.09930065627845659,-0.6443850757289478,10.705355855543496,3.902786063462739,-0.12843964503486188,-15.00083842480272,1.2801633687026526,2.347920001039129,-0.8998325722538381,-0.3566764158385021,-26.284580623311026,-3.768611248742722,69.11033907703403,-0.7749755429256442,-1.642839942967544,-20.003885936091027,1.0688811550348691
0.9367922250927394,-0.6835287201432899,-21.15173253073378,-0.10856596798171272,-2.5153298838680707,-0.929705696918681,16.031433857491102,-1.7752230027504474,0.07513610632486512,-0.26135971678876735,9.025757132413158,2.502353053177287,-0.8637451574037488,-15.801759075461238,2.068322188493949,21.040434768207017,-3.201008909969544,-9.769485969469462,0.027189116615949388,-1.7558682241425962
-8.562777214752826,0.3854803932206397,-21.09635084884461,0.0456459305678354,1.6627772943149617,6.775791940515528,26.7395044026309,-3.5079288623847757,-9.092217844667518,0.667872557410455,13.461953307014774,0.36664501177650677,0.36914761000877555,-38.30329038238786,-3.526533188938668,33.78879213134172,1.675973323715258,-14.06183791458682,-2.057088644524514,1.6494463067972311
11.399714338432679,-3.2315619317633164,50.632022056932406,1.1682677073243726,0.0785757546484529,-21.52861577138413,-44.36490008407624,6.1147632225806,27.73686427709446,-4.197672777732291,-26.507901118351317,-0.8346299145039688,-0.06734847544715351,85.4014042516373,8.353591107610495,-121.65990750153986,-2.80253844619543,21.492579582838086,26.40478746073824,-4.9787582093309455
-6.442032406459134,0.016824819044677253,-33.986319465598434,-0.20117377653179988,-1.3467549274822728,12.019977692286316,20.311819227038118,-0.7006028269794001,-18.396141506211954,1.116231510178011,12.685684191663517,0.03847793410160305,-0.6968271597208514,-45.781922247891366,-4.50791961614472,78.44228204494112,0.7514537875414022,-16.308195205089532,-15.228837090506369,1.3441312548291748
-1.3091024641935456,-1.013368596135063,12.667568447368838,-0.5022646182063611,2.0893295458986785,-14.946345673946134,12.758599935906114,-2.7671921682273606,19.729979697891114,-1.803029539665833,1.915334638049146,3.2493894941339203,1.6811498118975574,16.786613526066795,0.9329354688815679,-86.18573431289762,1.9463486245317816,-10.992937098042038,27.841899764666636,-1.2221743492772044
-11.74191878094374,3.352050879062564,-47.58643152858411,-0.783918925229877,2.999042209465549,40.301126222571526,13.426455934493415,-4.148997153170118,-50.15955698267877,7.257772120449611,15.813108468215422,-3.14377299248664,0.1894007381170417,-91.29623891242713,-13.356756764350985,200.68317103950594,6.64414278200149,9.542006798085971,-58.67264723576851,10.465618227719581
1.584552348566224,0.1790241996882036,2.2080792177263504,0.9510756185118239,0.6152963040874884,1.3640100818898884,-2.573078680868214,-0.3117979106062114,-1.2889397391921456,-0.21289048937872274,-3.0845370858100574,-1.1118316260451804,0.19328705984386946,2.7945402116517353,-0.22800166748779926,4.925064184687728,-0.7088403856866887,-1.2478773798992253,-3.892129405973315,0.5594038104065844
-21.8990779274362,2.8999500863129657,-88.60096149502712,-1.7938077084932587,1.2780320908888485,45.47624680105216,56.26359164811369,-5.225169056011257,-61.34072562492728,6.826667725414593,36.022397762083,-2.774119004471295,-0.3764353331688964,-144.27018067909094,-16.894999913722025,251.05977040079082,6.455686192017481,-24.751955064236522,-58.38514927956124,9.189148271373432
3.793047930211295,0.5824532260406465,14.714822213058628,0.7297052369489934,2.6235579427747133,9.744449763102088,-30.484576589548563,-0.22701222838319213,-5.023143453233275,0.9499104577446376,-13.769597553862177,-1.99520320930174,0.9392109226565771,17.735771310501843,-1.2297971478289127,19.69617527054175,0.14726213839458357,32.01605873700055,-16.3761160657908,5.098033574995815
-3.042844950457696,-2.3408946812196882,-31.940004916805094,-0.03251016993963949,-4.1763598673574345,-13.343625699894506,44.048811866975456,-1.4605152527410232,6.7646439571617565,-2.344320146196794,20.408749012699236,4.012063547220737,-2.3952760771144037,-25.997299499650566,5.220940924258591,-5.528662846709777,-5.9970082765670005,-36.91658475771855,20.084281840377457,-8.024434321175434
2.8900732249719017,-2.2419734158723403,0.023007345896426057,0.7328055090911166,-4.371544704261453,-8.472175711291918,-0.9070705919138025,5.7784108465149,7.587860825002267,-3.8351509202780996,-3.5518156210026963,-0.48304760675046143,-1.4523902183020432,16.051473395490202,6.20864764168927,-24.781526603046675,-3.64064280047873,-17.77770788750423,10.634771783334887,-5.425018377044221
5.162508732286299,-1.5003756799409351,2.740667294397528,1.2391639450314276,-4.65323169229086,-10.962972983572827,-9.482319892298726,5.743030039646749,7.325940733119993,-2.9716733058046856,-6.161558576039985,-0.6792734218016767,-1.9255193285953216,24.98880300804884,6.500069045974323,-24.420589605463736,-6.027439960934787,-7.193417064357332,10.680562904072637,-7.169639531017324
2.36647485482271,-4.3946097690000245,-5.496862135940843,2.0438267461347137,-6.142130214295582,-21.385547356072646,13.890760589935224,4.179255136682498,17.96095955759567,-6.700814159602641,0.052649911097635116,2.0366470907070586,-1.431189250491693,20.980116575482636,8.753773300490517,-62.01779366279495,-7.3516745658359,-33.00953149909215,29.388764183114773,-11.213395392651337
7.637313593129613,-0.028162511117180156,38.30466534761358,0.38964319773430023,2.1321894634528356,-6.5404715309112955,-33.11953971192699,2.7684153334779875,15.011236988511772,-0.7276160350021357,-19.019752837780693,-1.3850540975363845,0.8675584851518529,50.42315409192259,1.7694183055011408,-67.7348223655812,0.7608600994959536,18.257847285289962,6.819412813167243,1.4765623920583046
16.325662467719813,-1.4683550761511273,68.886857831572,1.1437139539716512,0.007602097789144391,-24.43580714978505,-55.33945983186547,5.166420277426902,38.37473613329259,-3.5155276508940583,-32.51096872703245,0.28215748032406485,0.9910190909719022,105.89304570764767,9.347382815595575,-156.01396727445095,-2.3246446340184037,29.071088114811644,27.315980315510934,-2.7912143838955656
10.577948914273504,-0.4107323974233658,37.905030906310145,-0.030493314593474485,0.8567307628599605,-23.015206456925963,-17.840853268347843,0.08771711927160064,27.971773560938235,-1.8637411597398366,-9.606415370648904,1.8109734499862578,-0.8838457996905484,60.702389942111004,8.271135792924378,-110.32658294900709,-4.8849483747104685,18.719222869289503,29.92319830228042,-5.370570194683425
