X1,X2,X3,X4,X5,X6,X7,X8,X9,X10,X11,X12,X13,X14,X15,X16,X17,X18,X19,X20
-0.765232042776222,0.10269923996454429,-1.6945952648202802,0.3160199675073547,-1.636496795321849,-0.18534381755972468,1.366846211456726,-0.30784198024653003,-0.916222750343966,-1.1225993934562604,0.7056278712750417,1.3764652972929785,1.0963102753553702,-0.796393375774507,1.4208294814964204,0.7738603512109121,-0.6537620744429762,0.38350630398826124,0.06134490790557334,-1.9061929095866186
0.3963855711584295,0.139979014035628,-1.5789843646472794,-0.4049288399918053,0.5036369761143739,-1.703139222768982,-0.39974019042242226,-0.6427337431718294,-1.1173030163517066,0.6183537779776469,0.1387090454807438,-0.027022327262690014,0.14570053210944436,-0.016384180343850772,1.711325244025023,1.7678982694072143,1.4372372240036932,-1.0026377918145475,-0.22559019972918704,0.24625768097499484
-0.9785880289699908,-0.696277023418511,-0.7399634787537993,0.3690303238191861,-2.4690097214477262,-0.3290465156600877,1.2163099837068507,0.7752771528904786,-2.423413108101424,-0.17908865687135822,-0.3707448406206526,1.113579892056659,0.17285149180834047,-0.919576333581627,0.2186063537060403,1.9055326561016257,-0.28476831128819724,-0.037393484323460055,-0.4500292281155336,-0.6316717731818198
-0.4474081732678901,-1.1388459564232307,1.2149996973539443,-0.67786016284418,-1.2822710326232936,0.04158017090414714,0.07897174919993948,0.8547605573697459,-1.6168902518805968,-1.3350212698152875,0.6563685293973487,0.891741509183485,0.015921056666214742,0.5256116585663962,1.8531262170272749,1.916075811193335,-0.7830004196549695,-0.09166188563766235,-0.3563582531729362,-0.2832947922266496
-0.2511389047764695,-1.272384763574247,0.29959915955120303,-0.5008219645572815,0.2653361471943047,0.7207470375701007,0.667807503911938,-3.265679684551041,-0.7481093238813047,-0.0918396745930493,-0.7238789195689629,-0.656590560969984,0.782368136069108,-0.03519942391630233,0.24036429629608472,-0.5019231996710032,0.0748712842812812,-2.013741845537256,0.5498215175550668,0.41304452369021655
0.6152735538363459,-0.07629186752169426,0.8334242502950853,0.7430267280355204,0.7816652391668839,1.0473966889648085,-0.4136913612325945,-1.014982669017862,0.8238781520337344,0.8549979530100047,-2.2403715061634277,-1.8235898629452365,-1.1102343215352457,0.4049042597483042,-1.5364316676157985,-0.1263426486653336,-0.10998756221635211,0.6481467501165405,-2.322659304642291,0.25944825628084045
1.3533257756354302,-1.2876466986440782,0.12640163344779035,-0.9324831750219976,0.07179153418486357,-0.5186572934218493,0.11488179068233906,1.0226552245688738,0.12282965532795168,-1.085444061444703,-0.8909462929924552,1.0533951626486275,-1.0694561109373864,0.18437528006588094,0.6368591678204863,-0.2744227904833771,0.39684890972450626,0.8638689427547643,-0.04990049124258399,-0.16600963906470637
-0.07586533146708893,0.01739090174435503,0.9261129660857504,0.7511900933397146,1.9712685183686425,-0.8515952591339855,0.5984835588649536,2.2364758037745722,-0.20305200361881673,-1.1483391823229139,0.13671645707950358,0.12523579755101835,-1.8990770067844234,1.0859648357951128,0.3080969656430185,1.2773638660127782,0.5034702553670809,-0.7706967569828378,0.48428158553083595,1.6556376868161584
-0.030026184926262682,0.36807919017989965,1.1453195842745214,1.3557129495419868,-0.08784111540069708,-0.44487369376864094,-1.5928742460003054,-0.035469013461588365,0.10149775553917964,0.735944611618014,1.4065788843510068,0.7043090008035926,1.1805417584818259,-0.9065772653977845,0.08788595652045615,-0.6250537782754583,-1.1776212294601223,0.7110481690854678,0.11833772474489451,0.0020183347548613133
0.833335982785418,0.3782694701319803,-1.826236673652627,-0.4989909033724058,0.4925825957020363,0.4136859944359034,-0.32859856990085123,-0.8802576032086179,1.5789265326273758,0.21340973000256994,1.036746193328055,1.1444000890043635,-1.0176034718470124,1.5509823050472522,0.8548360179415021,-0.06992837246146463,0.6588234176845744,-0.9135582099419559,1.1062692121580988,0.4418284408825565
-0.8308923568202459,-0.0993554803199948,-1.3151206929386126,-1.6177100579538723,0.5052774605599464,-0.3239311795943374,0.9813535431339613,1.3392263009415943,-1.3978971409839094,0.43977111064760216,-1.6389475641025615,-1.8903456311159792,1.4051029166853797,-1.123816567179224,-1.6810176721624157,1.125807685360363,0.7765760495322901,0.1554289896026398,-0.8145367648624071,-1.496453540298392
1.773363864335205,-1.2279167208604107,-0.7993772147485314,0.5901964658463296,0.16692604459709473,0.9782466314014027,-0.3085997728018088,0.19481475945162954,-1.3159272562011477,0.10875528681920273,0.7721204279879876,2.1047928660942916,0.5461780770429815,-1.2201089363315918,2.4666329770983473,1.2179166745384749,0.36201222044850095,-1.7352318633536037,-0.3731826546484706,0.7463725871711719
0.6896243075391947,1.2609264619658225,1.4234234794821385,0.1884097689458531,-0.5215109337805733,1.467089602170708,-0.2545943774066883,-0.1520086549762685,0.6399057242934709,-0.3381237286381465,-1.5541232920540167,-0.9564698405322952,-1.3540431302340146,1.5439414833896448,0.3816673596522613,0.15444671752747538,0.415246315817092,1.435583437443753,-0.4347737519212071,0.14563712696935735
-0.18546710252773285,1.4164370983125831,0.13043356018515354,1.941152905557626,-1.3252967752258766,0.2711678080454065,-0.18339152222435673,-2.4267997274463866,2.515268234779362,-0.0735173415917531,-0.19523146670650707,-0.20819599973856903,-1.4694494131241669,0.8140513719256797,0.13691842029813867,-2.205310880509336,-0.6263998133758566,0.36428138342418975,0.37346910492733315,0.2943904678107973
0.9401847879789094,0.24457865113590901,0.523111519823014,-1.6681574195872333,0.8113611980732202,-1.4444346017909155,-0.15845930355586127,0.7851321296029283,0.9808064915750864,-2.3202617336855336,1.7165331734218672,0.7813507586902481,-0.2716945346874728,0.6080875057813205,0.7758287841706489,0.009394882789548318,0.4151805629209892,1.9103522645985562,0.45412658125071986,-0.5883016980221896
0.07954278768894374,-0.3813580299601899,0.05380809354874464,1.0451630650395451,-0.11263855122516585,0.3075966038357958,-0.24775773541793483,0.3708869043196319,-0.10201559205088245,-0.16296778390375025,0.09381397935130235,0.9474832891544617,0.3828666187272761,-0.631915250154338,0.8569316900487459,-1.1448190869682102,-0.8063615795313952,0.3948312781501301,-0.34088704339599685,-0.8927775588211614
-0.5702218784874853,-0.9374376728199709,-1.5690122927004335,-1.0242914433256916,-1.6821398604524744,0.8544803597411211,0.8542947011348347,-0.46289391294412635,-0.6668066042912021,-0.9817216378072664,-0.7033661515724311,-0.4253990538005284,0.5162050150818436,-0.011898155118348835,0.1731237360503849,-0.1782141349032063,0.32031369689706674,-0.5879829889414669,-0.4051234626553548,-1.4402098354869957
0.8194022106581476,-0.22462214657337726,1.9181604399500078,-2.5926938136907105,0.6172517008788507,0.055714652181130975,0.16534265596163752,-0.030985575016417556,0.8201055016400881,-0.26327859826755495,-0.5872627549046762,1.1289098412276617,1.7629381372320325,-0.7295447948651268,0.5406965633141296,0.2800466500936853,-1.664987013440863,0.7126577896102091,0.7746019890509965,1.0829329764161197
-0.21267094812349308,1.121480071952657,0.031005463798197543,0.310876735431753,0.9441510356463125,-0.7070993340696714,0.3574295005259548,0.4939099308759752,0.8618381060804242,-1.5721419378453851,0.8935238074092863,-0.9511676891515912,-0.1992011441084498,0.028504153735785367,-0.16135488499818237,-0.885114467904214,0.7976331520614669,0.6852830577660002,1.369364962436269,-0.7552860368090261
0.2554400184014045,-0.1594077211817276,-0.05758362886767097,0.8667595270933204,-0.030622550067218573,0.9167422260147755,0.2340779447766888,0.7997453058658254,-1.726753226125811,-1.4059443724973733,0.5126014951100202,-0.4394516156026154,-0.8210153233473791,-0.1333852200987249,-0.03705740553454819,0.45683711994163095,2.182357450487829,-0.7923893920607368,1.385640327821943,0.08404329896011772
-0.1277995342656708,1.0277135039028074,-1.766033228022545,-0.5362896470352602,-0.23908042823015443,0.3421579086016672,-0.8558135388178042,1.9449916050798608,0.574860918958046,-0.3594965931838424,0.40247267494823985,-1.8819827099739268,-0.15606344463209623,0.33710907461767303,-0.9402570684613984,-0.29619378292488074,1.808900528102147,0.1557850632389612,0.9499088822954201,-1.5604919550974905
-2.106193064338565,1.6684766115887943,0.7737057619848099,-0.20568064174717715,0.6391007593314256,-0.03645004934161193,0.533619333423669,0.2707805941489617,1.12861738678485,0.10599434943176367,-0.11756086307244125,1.2053844089518344,-1.5266605724933435,1.036770283981254,1.0292527994738323,-0.2686736428071773,-2.002298824935199,1.6854007279488532,-0.6936403154134333,-0.6383774471435856
-0.5589330422993601,-0.5385701528823326,-0.48267923787488926,-0.263707099692786,1.562405830193611,-1.1192542409979984,0.1523145090298032,0.8738689540887431,1.1092372698482371,-0.07229693698742595,0.4652522197870787,-0.5324959629239778,-0.027718446030384366,0.7481852922933035,-1.8113059392728608,-1.2610539855625034,0.09904474918308061,-1.9943469764717163,0.48730174757489414,1.8964592027805038
-1.9405453543304998,2.098746553934509,-1.602393091176254,-0.5884083003000157,0.8540554838461285,1.1485101245455775,2.045635397425743,0.4306866632728983,2.2938110879955693,-0.32051146534367564,0.5925528217058431,-0.3650510283544078,0.48164016330824183,0.14859338223826818,-2.279856844626351,-0.9737824819524439,-1.2303868423058337,1.1391065327495886,1.3488578877240505,-2.054650723958326
-1.4749069807780235,0.9872724633292076,-0.28760320301408804,0.6970176947772116,-1.7958154515577895,-0.16526253329341092,-0.4468588695846703,0.41376089550099154,0.5552090636510043,1.3341446132745438,0.8963789778508273,-0.7969466738102348,-0.7325756120129056,-1.0024701384828991,-0.3163777133148493,0.4991709445141737,-0.6621381302433339,0.8688883257908983,0.2603139081312027,-1.1901207565204917
0.7946466551569409,-0.7072740419925203,1.6336258557950043,-0.2336747300455471,-0.8517179800031042,0.2507418014723086,0.10828575598176408,-0.19988808597540242,-0.36185293154331366,1.1180286561378228,1.3376921170632814,0.3918643496324459,-1.0338113706998102,1.2671954859915167,0.6393984852331058,0.7562870579402399,-0.2509481882887132,1.9032765818569308,-0.4908533503823681,-0.4245479385795179
-0.10146971523029698,-0.33188462447057976,1.3461528053098133,-0.4177939501118562,-0.11891010265004047,0.8297481181691833,-1.7994940542175395,-0.6179185385962299,-1.1400325443068793,1.5683526104450762,0.6830625842017548,0.7589702777264746,0.5071071717547423,-0.6761827647060493,0.7179232857321894,0.06587353501145259,-0.44977758500444326,-0.2951951828492379,-0.5548422952073733,0.5776733077521851
-1.443361036069193,-0.4832441156715126,-0.3599990497439551,0.6795871058121947,-1.034772995190773,1.0250351374235864,0.6544090535391036,-1.6314749134333106,0.2763862907793658,0.02432035616654305,-1.8298697351544515,-0.9866600521779949,-2.093891468578333,1.7172733351177043,-2.5931521954223236,-1.548386712939371,-0.05349214123503288,0.29665621220386135,-0.9147343882403111,-0.8351665722446904
-0.5346004728639018,-0.7532022940257384,0.01774276254711147,-1.3950398464941252,-0.08891364508689646,1.3159827361454026,0.43447328008408753,-0.21575787107532107,0.8575063312968938,-1.9494282014434114,0.38950624179345844,1.3778382061894547,-0.26583509068429056,0.37638695079299705,0.767135072235345,0.04689198271938835,-1.1208473373943397,-0.7196948541309758,1.2508794261528837,0.011252246719534054
0.6528893729722954,0.11473716740736373,-0.6653717120071855,1.6285350060578414,-0.5346755998974778,-0.8807020159212409,-0.498183468437471,1.3739447663194135,-0.00860798212658124,0.7679823022546451,-1.0700510216924652,-0.9060960256787286,0.7976692344031162,-1.4899340941775243,-0.8862254254918649,-0.3146448731502672,0.1549284640192195,-0.00011270422272986431,-1.1186396114902053,0.003841253962554351
1.1563266265664918,-0.28628632598331893,-0.5128663823479227,0.4433188038825794,-0.39870995322649116,-1.2629008452272268,-2.2478387995529236,-1.065017154495017,-0.114989067023564,0.015868501061991447,1.7480827713483986,0.7283274517834153,1.361479389002353,-0.8765475754383723,1.628163010851718,0.723984472153964,-0.03896203970949676,-1.207339996383114,-1.1976987055381596,0.6887849470948187
0.2671775884778341,-1.6312503935241802,0.40711042589048924,-0.2743475851905806,-0.9220885101097889,1.0003656697106211,0.1041580812303015,-0.5461259000257274,-0.9558401268663047,-1.2891569340516928,-0.23311300241496505,1.1963029732358408,-0.39015083402573136,-0.4529782264909967,0.5531123480438123,0.2856301831151062,-0.22042923918839274,-0.2200519215964666,0.305073583575199,-0.22191326925406923
-1.4104386037635606,1.485117183700988,-1.57325750813943,1.9979978693607272,0.36013946204226926,-1.2184801634905573,1.3980122057280888,-1.5554730550640832,0.8559828012049967,-0.9834702463249411,0.06753503567890956,-2.1146332343806837,-0.9397321273333216,0.6966138725582808,-1.7250636069840286,-0.8809992493343125,1.2192939845374893,0.5059599691535138,1.604007082721306,-1.4783309130610816
-1.678071722276885,-0.01851182256431999,0.42495661340653756,-1.0951734764690748,1.684994188897139,1.0550370798143196,2.0034303034010352,0.2572473795930371,0.3002285584009512,0.5396304315920744,-0.5467748571187546,-0.17871207678191908,-1.213133921670605,1.4123794655755508,-0.6715295413635873,-0.1372921286072139,-0.7492673228875718,0.5006874227657775,0.47957830629211656,-0.4601760813885817
0.11678069844935442,0.21643575709892793,0.7155455349796932,2.8505052284309573,0.5335449306066679,0.004485685900479099,-0.8667849218065927,0.30897962965396525,0.12488978240337983,1.7592736884206202,-0.5847610003996563,-0.302788155388993,-0.6613279040779779,-1.9476031851620907,-0.9522992571091371,-0.8334883695930075,-0.9343189394432437,1.0786333056665118,-2.7166858728507766,-0.31152761668274737
0.4303436640370716,-1.0142543586991204,-0.16334669473120345,-0.38293867385653657,-0.9869789043480964,-0.01841779769788278,-0.2771614298966588,-1.0396018590849354,-0.37284100262463665,1.0012594370082732,-0.03822495556269479,0.5058435293648607,1.260304477812041,-0.6572808953130085,-1.004387239499052,-0.8736860458158117,-0.14586430473664683,0.2925272079811016,0.9788396998332753,-0.22178232867145564
1.4272779413029326,-1.163812558792345,0.6346833319799824,-0.41272887333751845,-1.849383915014765,0.20887895881050983,-1.6667079186792775,-0.03714284692005746,-1.412124622799119,0.2813973343486514,-0.43572560898537066,-0.8217820909405622,-0.43399078744481157,-0.4672089954216349,-1.0235394391396047,1.1987753855956427,1.4716702296062363,0.6883352374375133,-0.90856832303017,0.16832096002478777
0.5693019921311617,1.0894525744996209,-1.1932146079119017,0.3756015486071697,0.5994054072510463,0.6216275124128492,-0.2728183653388364,-0.3836680990640706,0.26165897118462933,1.498471173380961,0.5649283941149329,0.6654559503557193,0.9617826402827554,-1.8374737780377235,-0.39464724553568087,-1.963741329615835,0.646856379691347,0.9440187134087661,-0.0431298361359911,-0.7984295628721828
-0.8222701134247472,0.5756524744423398,-0.2130788294250918,-0.9604061417330377,1.133213103262093,-0.9969772517379049,1.164808217196354,0.4005556659215612,-0.051385498359814284,-0.689777193976919,1.0376924436940025,-0.3640033609111108,-0.45834693506730767,1.0126035411374583,-0.7702871398322809,0.07938338375796793,0.6882348104474647,0.7526789168282007,0.356730328403452,-0.5082904307836601
0.5356150096405476,-0.28519829837042093,0.12855803031969287,0.7042916544969938,-0.7329227702983618,-1.4052553400457048,-0.5983632815834232,0.18826454647344387,0.3109367613442488,-0.397184205482045,0.29584986995019225,-0.46329352119257056,0.5710202886943269,0.6632779798657688,-0.06121779393638112,-0.7717683505296487,0.2517019198375404,-0.7652866489422765,-0.351750608584696,1.19420159204785
-0.2562809097049735,-0.17385858038623492,-0.8330205161878579,-0.2562381279497072,-0.7314273413876579,0.5989343854236147,0.48852476443703235,0.6220291389720111,-0.958647344162512,-0.42154562280875546,-1.4514025165466438,-0.0031336533510951175,0.5646891896148095,-0.8739158298458203,-0.68313984684104,0.6147801488845874,0.2632958026615567,0.23012373089557145,0.7196667356094478,-0.9042728636056228
1.9321234710311568,-1.095069602554884,2.146612591508931,1.0824280821239478,-1.299808671811081,-0.8127857349077193,-2.360587639523338,0.4535712771428335,-1.070003394316777,1.015881805228054,-0.7051824622464774,1.0556640605268754,0.23676642038496146,-0.48318850005546765,1.2706173065616115,0.5568879326968678,-0.239375904172376,-1.149683214958094,-1.1621088078922814,2.961291485382756
-0.8005171026422925,0.62669117757262,0.6555467169876159,0.23926902853093227,-0.5262012495443007,-1.619124341476147,-1.3830629342525664,0.2669166884753908,0.29707984722458075,1.9968981239227954,1.2256825506826794,-0.41616190943538944,-0.1480415384461771,0.21091223676950166,-0.38592511744928043,-0.006850751389904447,-0.4754298246464202,0.23979046959097608,0.01751814011194841,0.3825256599333266
-0.045317597273420905,0.10313164528902685,-0.05031473464706052,1.1480406803868375,-0.1789504297241851,-2.1079966804569485,-1.3180555823529816,0.5930099459029929,1.048371740591803,-0.41010184639482067,1.99459226583114,1.2341286293063771,-0.7296770607261213,0.13209767213654353,1.0759375370115967,-1.3904535504428008,0.011977807636819318,-0.4142871555621028,1.7108987113311132,1.0127118358932612
1.114626107777432,-0.5416031402919445,0.41050826679050395,0.9373652156140602,-2.205815501359694,0.03337279274147345,-1.2643229217416567,-0.2250679006703949,-0.9733447252136492,1.5833267408950087,-0.32506052527005364,-0.3511944834887894,-1.5549380384841174,1.1155326149075215,-0.4658414831150273,0.8316874662924648,1.2245875015581111,0.3115780393713443,-0.6853801653006925,0.7205370821958821
-1.0357998050736545,0.8308670779850528,1.287214695837756,-0.32005697143685957,-0.5171918036871193,-0.3455159253504075,0.38412083039378997,-0.03732534157770016,-0.05056284823462637,-1.459621950075705,-0.48751651485372655,-1.36602467423895,-0.4899172030468387,0.43842851331274935,0.24707941392464136,0.3424192109692638,0.035355493673716744,0.8138570542400694,0.13201270210932456,-0.18730074453858628
0.31449674122539917,-0.02010648222487586,1.4247670242036417,0.32549683241591393,-0.9961696611926395,-0.3290539596442809,-0.8382497418170775,0.7574821027786105,-0.9118277730465283,-0.9625722707061964,1.1265518510539123,1.0539266944913859,0.5082399645263507,-0.14172321507647243,1.2193065986855598,-1.0069145931282206,0.05335200967221601,1.687525472883638,0.9317606277331729,-0.7517138032731321
-0.1874329932873401,-1.3768870724360471,0.3227341713513773,-1.5118940393481863,0.5164073617731133,-1.047311467146668,-0.6093203753165461,0.38522860994800145,0.8279406354220673,-0.09421271466097329,-0.9643547691978502,-1.0252832200860003,-0.6561785353764187,0.41790353015199155,-0.22494713626665647,0.011698744523099823,-0.4006062181737743,0.0729753199289416,-0.4243376910695184,-0.13080179804998077
1.2660467949066359,-1.2640998273211415,0.25766459725498864,-1.5587909574815684,0.3814610018957732,1.5475434005127842,-1.1202546055911713,0.47910453868664715,-0.4471600022937002,-0.3787855313201181,-0.5678601886657428,0.07453703410474545,-0.728725799882193,1.1885354289412,1.5964393300714925,0.6989988122738967,0.8654241263777,-0.4382695204680716,-0.4208509549901774,0.0941778300998679
0.33304111668692343,0.4250076924177319,2.352724472121468,-0.17534501528384963,0.482687013416195,-1.2776912153742237,-1.7333142352992281,-0.08466042452366827,-0.1416616657984513,-0.7873339663777403,-1.0026215959386986,-1.1179089417295327,-1.6023753917818386,2.2162848717341355,-0.1910469103488763,-0.3382357136551916,1.1580171754880082,0.7826700019405196,-0.09724144380884524,1.313772594452773
-0.06528984516212652,0.8309752072007033,0.7519570734309903,-0.7779814165115336,0.160234719576106,-1.12461445463414,0.6137604251237807,1.1694720363374695,-0.5136833068214521,-0.7045999796650152,-0.7983709925307538,-1.9873237321874815,1.0351704642969703,0.999515732688527,-2.5954690012993296,-0.9525797938287055,1.3584665729747085,1.927794554268982,0.7266882862085438,-0.704659136367471
0.29315489910266346,0.5096505777777165,-0.13281591476354263,0.8342558304588331,-0.8990194614444841,0.5665503211051651,-0.683352887817871,1.5838563621716721,-1.2058341048234895,0.5607814558525926,1.2041387908251542,0.8563476343347287,1.3290633933548337,-1.7853196304184182,0.3275621962128443,0.24706862242590702,-0.11754721862464704,1.9870296312041484,-0.09016654027890561,-1.8137175176801081
-2.34017721480993,0.62134464163884,-1.4639947484716878,1.1852435676706272,0.08905201753180281,-0.5603628950004331,2.049486569229089,-1.5824976593832407,0.4054193779671871,-1.9026404479755983,-0.6890573217780084,-1.4602595361508457,-0.08595139988894665,-0.9590045161229381,-0.84501779587722,-1.3163590777101606,0.04228738603988606,-1.7548743436093335,0.6276293609497079,-0.44733626808465066
0.44797890972290905,-0.675940227956283,1.4808781141503342,-0.3359285832282031,0.4205327839862013,-0.8553815694149246,0.3734396006493209,0.3959993640839021,-1.8338265513315082,1.4164779510872565,-0.2746590778351548,-0.6759001872342217,-0.35543993063385776,0.5690587977097337,-0.34657684136135825,2.476655838183126,0.12106147518864772,0.8447119039400771,-2.3665153624172723,0.32385944220691304
0.32660206274541886,-1.2085521160290962,-1.9904836034219144,0.9979660358817753,-0.7933932257552765,0.4964578174382397,-0.4680533675725602,-0.36592500136352796,0.2599721074437657,-0.36290416506542267,0.11618827600245961,1.5015219795126484,0.21789118239605304,-0.18728070033792218,1.1063070404508846,0.47772587248601317,-1.1123244665788765,-0.853235392373937,-0.8811901254412883,-1.2258559410534908
1.0619816153448651,1.1011219497249074,0.6930970164762384,-0.20533210487835732,0.9552095685050777,-1.6089508362755487,-1.2712132437756902,-1.2683061681230823,0.9284474237229788,-0.8897942190548719,0.6210927088671218,-1.4796674613702958,-0.9377528024506943,1.978898343677522,-0.0884647286620628,0.780877739085466,1.7764396973548837,-0.7547308765670464,0.7754741002648734,1.7683170494887563
-0.2784705563986553,0.8155429364580685,-0.36979649733076364,-0.08524647742116027,-0.1734236857942947,-0.9422291623468932,0.2211393862785578,1.06780019299878,0.7745359393289214,0.9115512046213221,-0.30502239309484236,-0.43827003647442053,1.036709404801751,-0.5392036735499323,-0.6098190623089954,-0.770375875107044,-0.5408405908193039,0.7793411764601779,0.2548787900980313,-0.541695409204933
1.0695837369984547,0.6575585373936987,0.7399021962135436,0.8827917069755723,-1.1650951510005416,-1.0947379434704378,-2.1281769282189815,0.8719015775115657,-0.17984880889696095,1.1259231089745632,0.21655180155789913,-0.11406569792616245,1.3624843048880706,-1.3483895800018366,0.4629920304633431,0.764389348664033,-0.4051598445823003,0.4205351741098647,-1.377163021270966,0.7533964010326004
-0.9024655076485004,0.14510268385610603,0.1608736364388952,0.9396779232111422,-0.2640818601411428,1.063899416286141,0.791871294921999,-1.8339401333122287,-0.589553083023323,0.150286980028071,0.008551872001846164,0.7490848396816767,-0.1395899867398768,-0.9398514180409372,-0.19534247814936015,0.002513438197876641,-1.0001474566620354,0.3172769085172598,-1.2814394169498686,-0.5537887709741464
0.7077035924520795,1.3138573915596434,1.017123318505078,0.3831833854878339,1.9992379408948915,2.459499074686742,-1.7964239890324898,-2.4903619627379783,1.2967275565992864,1.9150726049170506,-0.06440973781561113,-0.17109671829458414,0.41342027794039976,0.5249689629038495,1.155195617204145,-0.887018732959772,-0.6684567702931905,0.22919092531144244,-0.7435910323217083,0.16804414120743474
-0.4300503790351292,0.5798939371574621,1.2879195002122434,0.6698452093900756,-1.1596924977733933,1.017542873450403,1.2146319235855447,-0.5730856941337763,-0.2579793664385434,-0.4697892324133758,-2.2996894150535536,-0.4488327425719375,0.48487442011807114,0.003651570258113919,-0.5807101402916045,0.018951161403915662,-0.7410819057423341,0.1131809901181458,1.2778893788155252,0.39724352788480866
-0.07273231498068285,0.2068356640862874,0.04473503846543536,0.7077623627433236,0.9771166965643144,0.26329161937013085,0.016476972430917863,-0.6462271952210843,-0.6738260647930002,0.01729286905877336,-0.2602810132102192,0.49259989929711373,2.2873513461998476,-1.341489560521952,0.730196946538451,0.46087207887295173,-1.488749742450938,0.3900480294915556,-1.64380210069451,-1.1794612094795514
0.8273326149821781,0.025189676030499826,-0.34021765227616285,0.9525201205958046,-0.3578503315758556,1.6128778055163215,-0.8837021071783838,-0.4127421151601551,-0.004391277864355945,0.8365777752384062,-1.3396997271947018,-0.9423326399443052,0.18750755319899887,-0.6048855257202619,-0.26307261649905656,0.8517705095846251,0.26163015209975793,-0.4686489381765288,0.4276475406439709,-0.414548165933386
0.4491679855180755,-0.15012367917707228,-0.6806199646107483,1.2045486689078149,2.1512946601346283,2.581359117733709,0.08756634131706395,-1.1181562944155379,0.7945182035312736,1.2555009545847542,-1.0207350630413328,-0.035456127521404486,-1.1266712612050618,-0.03761942306095986,-0.3033114698473767,-1.1533568464545654,-0.14519829713183022,0.1341639310841999,-1.4166193941179608,-0.8260968240838868
-2.1608063924534724,0.6020745551730222,0.45292982992830255,-0.5910129593901468,0.5889057738716018,1.1313555493015894,0.8917594278208026,1.0884659131054701,-0.7474502643858961,1.476034493145247,-0.3981281804739165,0.5131730481730116,-0.49048271715802183,0.8465790830507193,-0.7115379481535347,-0.352265039373365,-1.233710900340229,1.9542869401279426,-0.06986386196601364,-2.169036028122044
0.12550242707158488,0.045293113389615274,-1.0932956348015332,-0.5800415741158134,0.6566122121729646,1.9012643179382487,1.5952437728765316,-0.11095456090202643,0.1430833937845299,-0.5477190505042777,-1.0388976779645038,0.9315972152506377,0.30103170366281945,0.20994935330860107,-0.03592379352454996,-0.9150447666616638,0.2324799047982853,-0.1780111372599885,1.34097618351241,-0.38819677903733935
-0.05710053679935858,1.0405279938313667,-0.1413539395863144,0.14642230028278452,1.6318771939718473,-2.171985205625795,0.8917850688192572,2.004575657990954,0.4022903284152485,-1.2089080339594211,-0.5575339040403747,-0.4380652727848677,-0.6317238054187295,0.9459603169272989,-0.2578620823032277,-1.2563219085489241,1.2989755757995458,0.09688281630696911,0.839774499077259,0.8170669225210853
0.38820390298526897,1.314607686388799,-0.008702633687833593,0.8946219553800675,-0.07299875496355084,-0.1396829742250144,0.9077277261555349,-1.8329525882149984,0.5917052646814059,-1.101774356975944,0.16829910908499432,0.22913723273981382,-0.974918410231503,0.7229206628654523,0.9153716409172719,0.48394061379739906,0.5822552667147476,0.5189337906614351,0.430374300356783,0.4715800048137634
-0.11549432464143537,0.6426059975670523,-1.0285771644108075,0.849153718337564,0.5448050239944077,0.35724700685163274,-0.8260756055769438,1.3975731935836901,0.5775218233095739,1.661597069513102,0.4981311076558038,1.0552287410038244,1.1776135190981327,-1.751495592884273,0.18110444455508232,-0.6503623209815645,-1.1885885885878056,-0.1755185495230773,-0.6595225776616674,-0.5503571309267853
-0.5951572264118007,1.1329742891626329,-0.2540595961517189,1.0146164013891161,-0.8496903717847123,0.06288972307691201,0.32841890386449357,1.6460777308853523,-0.38066603535358334,-2.430680470001545,-0.5874094432374152,0.024177302112255758,-0.15543606623878017,0.7744625843611377,0.5861960955789896,-0.11267482527626463,0.4822344751445195,0.8422996502467383,1.1014616463627631,-0.9547194116467383
0.08212130343444053,-1.9541056325433872,-0.2859161983678531,-1.5210645893274173,-0.7616900820733294,0.3583974843754614,0.6673440879978617,-1.0531490985253784,-0.9234868110126618,-0.8570280736909794,-1.6879499141358898,-1.4700189171782285,-1.3551549526358802,1.536419883413411,-0.8975120277043404,0.6977613777131274,1.3547754322811245,-1.3244381571677128,-1.4512250782682865,0.8517809041411467
0.6606668595535614,0.9611291701004733,-0.9668517125158541,0.9064325777653831,-0.8452890681443491,-1.8064102647845242,-2.156082137958524,-0.6437024935903843,0.4747584034472062,1.0446996860341957,2.253201954798831,-0.48645466237352947,1.1702362097068373,-2.9128180897573066,-0.5132162870856649,-2.0555626423011306,1.6048021095688396,-1.117113418373007,0.5581815571954054,1.205823562346342
1.007435105108517,-0.18127645849819485,-0.10794452398863684,1.0795458037150805,-0.0785315396088109,0.10332450336323336,-1.0657527958868591,0.9387897093335025,-0.029829582339555637,-0.7235682357823477,1.2530414422974632,0.8724126619834884,0.21107225290444465,-1.0924882020018134,0.626150942657155,0.06715735129966419,-0.19599628645805242,0.872146440159964,-1.2770559986632186,-0.8231590060291485
0.897998795889323,-0.7911509572318828,0.22751391949392719,0.13607827458282798,1.3543906772858008,0.16783411960331096,0.37145980221937824,-0.42505375956989205,-0.45002766076516737,-0.8132701591399935,-0.45871890264272686,-0.6860500781620661,1.0488470177706921,-1.0218784126939315,-2.264488908924162,-1.4224651407105908,1.0865119867582513,-1.4951047148616943,0.11794201466348204,1.2767503837926066
-0.25484192016100654,0.2879840322323925,-0.19296649598977206,-0.14230580528027542,-0.8685826273198537,-0.6822404737430023,-2.0113297390199842,0.5646553528048419,0.11297458766974443,1.4307039621836386,1.834579540941847,0.365391747264769,1.165367625966307,-0.8152032638813265,0.7328098752746359,0.33521343726904057,-0.6881074138952464,-0.6069519020262295,-0.6990007526688815,0.34751412495954975
0.7360365503048936,0.05980898247177944,1.1334192711030844,-1.2833464424820737,0.4764361185408267,0.10552318170061142,-1.1049588883266295,0.05865970917882109,-0.013553818562760764,-0.03817686406235053,-0.7379732860555952,-1.157144219560785,0.8650527623023118,-0.14837772673115868,-0.7280827780888576,-1.1823391445463634,0.8449919316347279,0.28600781188614155,0.13044597455338156,0.45716886177647853
-0.19814742075907094,0.33352964239544924,0.02264198259747888,-0.5494557158198673,0.7941561822168954,-0.4574487472286206,1.3254271842916128,-0.08913057263743956,-1.1835497020755035,-0.07295503148301442,-1.1904701612326007,-0.03606145664597992,-1.3544596048207158,0.908630852970159,0.46781780624496005,0.19569806752996527,1.7325134745457056,-1.1280928701110307,0.873299239218646,1.5266977944084643
-1.5836970118100329,-0.047949723323808875,-0.30462147849522736,1.1415937041376945,0.5827007177059723,0.31388198951766405,0.12005142320036312,-0.18320917755419358,0.16634687529402734,1.2194977330290975,-0.7189932759869746,-1.7336419847677602,-0.9521968287847,0.4662871402563256,-2.129793589176726,-0.539954686771657,-0.5213939755378361,0.4999875268727659,-1.884411770254605,-1.2094768872251818
2.4665182088507414,0.6732440089358162,0.2425735658625333,-0.5931930849355879,1.3205002334419453,0.5988303739093437,-0.6068705426023752,0.17378671354348313,-0.5661056330925539,0.15397602899035906,-1.0386199929438105,-0.6925845684096258,0.5594063978009511,0.0821884834459711,-0.19342199410187855,0.7750461201154554,2.511815960013962,0.2729862926677657,1.4981871634230104,1.0896006476882936
2.602072989061342,0.15277956307524249,-1.1886755228448695,-0.7017156903028425,1.4548682986711954,0.674742364009702,-0.9656896034310951,-1.1175418036520428,0.9581452427037226,-0.47542846814380213,1.1505341581385577,-0.25694753401561093,-0.2596282852712225,0.3821343274840986,1.498348187934034,1.238650685049185,1.547636195576751,-0.0007799375374009819,-1.1338750396093669,-0.2768653408961706
0.39788981233422593,-2.023262028404497,-0.7111866987303567,-0.29146823359014123,-0.6360799199761298,-0.6516805822445759,0.8459205997711046,1.232023289734094,-2.9576223432999074,-0.04689772207882218,0.12019012409484382,0.15414090949451217,-0.09739869228091187,1.4430158913159588,0.2149302976029985,2.018366571549958,0.8447999025569102,-0.4350075163429961,-3.24739330413121,-0.6602304839233495
-0.893981839139112,0.23801573918724922,0.1460668931434448,1.2038781102486007,-0.7647016659362876,0.43414879721043903,1.0458547180992714,0.41624586636284944,-0.6276409922487547,-0.2255810287573758,0.45994425008281575,1.8262030075689986,1.5850650630980123,-1.2083163737692588,1.6837357246777958,0.5931900621195645,-2.1255252307780865,0.22888447061052053,0.7328569616393666,-0.8306019909868848
0.09269676244912842,0.6592534572589462,-0.5894616801070878,-1.1586474612806752,1.8209575083896858,0.6196675613688076,1.1227159980679997,-0.22175415083984398,0.8644159858275334,-0.988025817271929,-0.03153073305590835,-0.7409553677755497,0.48587449244467174,0.13570325571654426,-0.8617511012738877,-0.556660023348456,0.8330413498128405,-0.5713563900811014,1.0164634391788578,0.28974820822719666
0.7700030405069581,-0.647347737156791,0.22784726734508054,-0.28276408220184013,1.5973715297154376,-0.442713808507734,-0.6814075368261528,-1.8677617708630754,0.9022648268982358,1.6031343265073064,0.9391490250742833,2.284230338952839,-0.16954998066844146,1.2822884398125671,1.5985384282145534,-1.7337475370682314,-0.5059106301901187,-1.3138335621339396,0.8957227539958916,1.9306884489393468
-0.4391170722285188,-0.3155373288987714,-0.3308983049728884,-0.08170614130346512,-1.467588959975451,1.5054635484714771,0.08573996540836346,-0.5481101478044865,-1.1329822252595179,1.8371855727604238,-1.5658353628263038,0.46217920381845834,1.4469982337547431,-0.39424911076454333,0.2828314005038551,1.1595111240255735,-1.0713857961807205,-1.8102476117122388,-0.5868465027257166,1.0054113122665445
-0.3489604519711041,-2.2590455600753296,-0.058481518491932116,0.4905938000963975,0.21870738023841324,-1.8612819240412055,1.4572068750618306,0.3138879270731319,-1.858602416750804,-0.1826942875769809,-0.9216153688632653,0.08845055166893823,-1.1969505502347142,1.4477285896901626,-1.7745617067479984,-1.6501620235781727,0.9757705873242063,0.07303830401275813,-1.433624858206422,0.12084724596012647
0.18960119409158294,0.3624780031117061,-1.4095151885358743,-0.2866448723922592,1.0920097672021065,-0.03228031794910506,-0.6919794120781257,-1.7634599169044531,0.8138842512524153,1.251633671103284,-0.6287192253754346,-0.7036004964113014,-0.2655922254265969,1.3652747776812815,-1.09012274584197,-1.4396589356226546,1.27333788769802,-1.084936090504942,0.26208781993596536,0.7129528277378552
-1.3742042209505085,0.8676560838244042,0.693129384737716,0.0977360282922335,-1.5109791486349216,0.5631608849242062,0.5649576227596647,0.10462624955158065,-0.28986365084285354,-0.23385226494788078,-0.18887444308537948,-1.0468885227647557,1.6011557585523186,-0.7368851504346589,-1.8017726452145537,-0.9969958052470927,-0.6033945155598696,1.0719319665741398,1.1892257866964513,-1.2441937082890597
-0.5458645576865179,-1.3224299676596374,-1.2264771988831324,-0.17862775744449794,-0.025902966305636668,-0.34938969822300087,0.436368231017011,1.4825627494189337,0.27233024542211004,0.5733550386259851,-0.7375279806279192,-0.922752457619215,1.3821880880034025,-1.3560131685641126,-2.358416356049745,-0.8769213064121866,-0.7238084871581929,-0.6465349735320375,-0.5121895419009818,-0.6423643062442557
-0.34976816947647693,0.41023272423672297,-0.33964024498908046,-0.5565600257824795,1.0796309832194226,1.004091481314451,0.12708393284604946,-0.4751032700019485,0.5982324980282524,-0.5950195576544622,-0.10655071896666748,-0.71155146835416,-1.548587556330449,-0.02312806575035403,-0.06132610333865377,0.2501190249947269,0.4784192949786385,1.2152621412848739,-0.7630437893580558,-1.3857207848813116
-0.8706135984957739,0.39203526509066267,-0.09544637857308616,-1.4763178077639003,1.7698627838771528,0.8085091834683684,0.34413309404131653,0.32405493556338916,0.5348117092352458,-1.587995001760074,0.8474458941429572,0.5043274906912909,0.33550622700673566,0.33438578178615497,0.033744181102531225,-1.490984683940314,0.10679832544427992,0.5947495908825138,1.6607935282307862,-1.0046770759895176
0.18396025852788797,-0.4713730008660632,-1.0456440606452744,1.2423132236550913,-0.6545529540489052,-0.9638452826097352,0.32780859290268305,1.6733485792664125,-1.3481690305940495,1.1553234440968707,-0.1961284219422082,-1.014530287232058,-1.3142773208816934,-0.1658303097852853,-0.29553469200305055,0.9813088555544471,1.7831197204347056,-0.8837839855627726,-0.17656522378479628,0.3325085248764182
-0.4676408184984153,0.93771105570931,1.2708405646153085,-1.1942308912759085,0.974806484422889,0.6570964827369422,0.3142991964368183,-0.10222762390051193,0.3739020701431235,-0.25146125893882987,-0.6273196834626921,-1.123381838124037,0.0027861050945977147,1.5185046861513367,-0.6632237634623295,0.40787597915965,0.1779451717201578,-0.09439182420213904,1.598160129986266,0.5431297466270782
1.4631139465703984,-0.44573895432146965,0.14835612819226515,-0.6713341189497756,-0.8810278902396289,1.5692919022354725,-1.6161824594681806,-0.17331873822737906,-0.9020764491093293,-0.4390794791197223,-0.6074125998303637,0.7819936862761753,0.859967022382829,0.22600082893396695,-0.26609079632083266,-1.2136365095313697,1.0793094351297596,1.5898061738293197,1.1136371597452133,-1.335554977841719
-0.9655682834344685,1.4525551973355533,1.0251077901510723,-0.1365359507851737,0.6606279923103385,0.34595355763616603,-0.21754064542399945,-0.21488097035576084,0.3737409615452812,1.9519775813353797,-0.10967865093643923,-0.07562029056292913,-0.9392724496747726,0.20830915098184108,0.9368774005093489,1.3965610983211896,-0.8993051129628754,-0.809687761324687,-1.061642031129884,1.8512617948142582
1.2748740719332223,-2.7354277127134314,-0.12459640622107288,-1.721051211273754,0.06970650662955473,-0.3258497715898528,-0.0684052683439956,0.7801743001321607,-0.5947831054960901,0.5127851586001255,-1.0650760157640886,0.7320790450388225,-0.06415427468375415,1.174962309952476,0.9601318403652045,1.9996964472932388,-0.6963622404646753,-0.9980392487134474,-1.6208225724454794,0.3639002651314642
-0.606680064368034,1.5156872646010546,-0.02485522688149999,1.3559206717581747,-0.8864356684186445,0.4521836458918796,-0.5958865655641984,0.08018779494017243,1.5096484265298438,1.3191937352268595,-0.1757518485431885,0.6900750143156801,2.2225183645402145,-2.18986049623274,-0.7563967684504226,-2.0527058088061096,-2.3748423376281895,0.9674191779352321,0.43877506910573544,-1.0508368617741501
-1.410219445686632,0.6629016138628975,1.8996705656229806,-0.3311382383059121,0.8566132181613948,-0.0814252033157853,0.08476814068726085,0.953383755470556,0.8320818189587025,0.7360350956570487,0.7886354642914658,-0.38105504723201145,0.6595232498426254,-1.0702746569161063,-0.836050436805526,-0.3322275690276527,-1.6307923662300188,-0.2982764212680291,1.0649048002221253,1.2087277049433454
-0.20231977462574943,-0.10367888167642676,-0.2508732765399055,0.0019089650696817926,1.180626752034547,0.22352995963924532,0.41526405309142705,0.5350814871963022,0.35961057315184086,0.8500812870765896,0.9053020134280636,0.591270526310893,0.5776296544372556,-0.5877488829385552,-0.30169285340547125,-0.6258947506628832,-0.44405880861703156,-0.8143450269426269,0.5282655110716947,0.6637439259951559
-1.4051681361416213,-0.506705252402784,-2.5880441936145586,1.416507584700659,0.4798685076924623,-1.1571353987780866,1.6395649969417831,-0.9463842644219562,0.39045924778764807,0.06929003212476464,1.1921350298475903,1.5016814806975378,-1.37513469162026,0.21429282126299015,0.24567377376488353,-3.076543048016289,0.10617732525090068,0.7022986083613085,0.4564494899320749,-2.3148372837447884
-1.494304922488791,1.263731886479029,2.672333248187433,-1.3807193073075517,0.6545972145860941,1.6317446366418658,1.0531299237678264,1.6337587738913906,-0.0018250957270496938,-0.9376641423991852,-1.5152045163483872,-0.7473376035657405,-1.6111763525316236,1.267823883046071,-0.738423327754497,0.4952729494229119,-0.4484783959897344,1.9338673736428635,1.4132809034354312,-0.20803832533608574
0.6332503431085367,-0.6415480963352356,1.0203660638697973,0.33754900456307985,-0.6474529107627041,-0.1485161223482346,-0.37634660404882814,-0.923372847898331,-2.489688232270332,0.8379946560230727,-1.131773079976885,-0.2257004184058586,0.68822425090564,-0.15949286972513557,-0.347633314961197,-0.12939815196964272,1.2340798311480121,-1.043322724685876,-0.9048725986821444,1.5238532066175057
-0.0680211313085916,-0.9258319833657481,1.658760629405547,0.4816057333089802,-0.14633957870363642,-0.3175406479577668,-0.3686334425374168,0.3007996364660676,-0.4560268865428097,0.17919489954212703,1.5367469732081234,-0.7182003369691574,-1.4401652136143914,2.3337730652427653,-0.10152227752257081,1.3198398039766932,0.18348604388974687,-1.056040277128273,-0.2996559935660637,1.6532692169994236
-0.3357236742400407,-1.5096546102312547,-0.5183287125165247,-0.717346440619757,0.6010043216573459,-0.346985701411835,0.7794672609042634,-1.1052219655772157,-0.710462108007441,-1.0900305200474683,-0.5286709264811045,0.7085882714675359,1.5215464695420287,-1.2252049038248012,1.3133459506639493,-0.38497017186811,-1.0948882090098195,-0.3892560348204518,-1.16105893593798,-1.2704258947438203
-0.025492658887303548,-1.4680447548672453,1.7882538878838068,-0.8017089408812104,-0.18630014811369278,-0.665332856305614,-0.7904843436417466,-0.1680879566610357,0.005217474155322147,0.6047267558113966,0.6887833487992023,0.7327935874403341,1.7305895204353883,-1.1545254240276643,0.44499877267673843,-0.8759290023489055,-2.0636039585511416,-0.39487276958447065,-1.6224966443257842,1.13663378982016
0.3017605731237423,0.2251844290436346,0.43850498895582374,1.3152875004123636,0.5676484253838993,-1.541519789169378,0.02036247005284857,0.6780532879196526,-0.1994072076073495,-0.3619664921736196,-0.43445217319493745,-0.23093856538963065,0.24575906088488803,-1.2376045812418068,-0.2559402443801943,-0.19826808668064566,0.0035613747699795276,0.4577286298320285,-0.07391860968785952,-0.04455900551973579
0.5936261889953226,-1.6781646762471936,0.48300019828001317,-1.4339113058557855,-0.400836999402987,-1.245915422994853,-0.11279217994191881,1.3517072792856633,0.1632229116656068,-1.368870190954868,-0.23337179660941096,0.4309873833354918,-0.2844298345196889,1.0351335590044128,0.00048449942133501695,-0.1384608881656468,0.07799452095129296,-0.3258996295931958,0.1655208520487998,1.1064616130982876
2.0917721102644746,-0.9692230805780757,-0.7587421371617932,0.8474529552855911,-1.7623825461809621,-0.23033736680288097,-1.0468264514845689,-1.244467999186336,-0.09774572867635974,0.8410034920933536,1.5243721719326184,1.230896738569178,-2.2971647130479487,1.0448859493163158,1.5895181816553952,-0.5887659833767045,1.9796888052628834,0.1003914600250811,-0.00284722991778624,0.6421529445269486
0.7815989280354279,0.08629464954834408,-0.21114862646994784,0.7487693035327654,1.01102567571614,0.360706980594148,1.5500030392310693,0.023640601129522446,0.0796830055928472,-0.35227863915862584,-2.002822595391325,-0.6028486484642214,-0.21066832232724833,0.3332545342363618,-0.7052141664034286,0.6214786551214718,0.4795551431126969,-0.6787121580662924,0.8106851263725121,0.521162972359005
3.0416653353334246,1.693643443575974,-1.026432393510187,-0.1605839892882923,1.789577078272637,0.3145021758598429,-1.5843716538234016,-0.8647660433193972,1.910360001492694,0.7841638917505591,-0.7403953152922457,-2.3105439206283873,-0.32322755472440395,-0.48861479429372157,0.4055294822529861,1.8036950395034341,2.2476102868902346,-0.21777682761283992,0.05465893491435244,0.4023456917365022
-0.4293923313946069,1.232534276260588,0.844960263404557,-1.152544882813522,0.8055684199617094,-0.13759508268644716,-1.4103198390221126,1.504208917713581,0.2574911008498618,0.28273501143105817,0.5196124802003249,-0.44219095290907384,1.7052244516605952,-1.0679247000833945,-0.13991229998067323,-0.5934811041387755,-0.6203780515023677,0.6445654037528699,-1.2233899554014258,-0.17401925325499615
-0.9223222688508923,0.06790750259446895,-1.616567680802921,-0.039270084300170385,0.7704693313252422,-1.1520679337236155,0.448759077681367,-0.28222205386890764,1.4031074271009196,0.10771571925653482,1.3659397723856928,1.6062464828552199,-0.8093201664591063,0.5564933278128299,1.22553458342709,0.27429435599888613,-1.039540477118144,-1.0393043330935923,1.1890240468129556,-0.09831529597995554
0.37309553513250193,-0.6094943414429377,1.4705644722012545,-0.08455169258164416,-0.5208663568159223,0.8249349223384028,0.42704773105347166,0.13914581469709403,-0.8267096223723917,-0.832233189673261,-1.5783997259113667,0.212990902449887,-0.6403651616281634,0.04640237101476073,0.7904081560165381,0.861209607794128,-0.1351881984266195,0.9179413497900801,0.17873814243544664,0.2795685682032477
-0.6329586513682178,1.605133527841992,0.9528501843057618,1.750932244372303,1.456125253619157,0.3780276837384569,0.023898847155403618,-1.6235576509073806,2.004590864943357,0.8265273884687285,0.5672571735559636,0.26932117972453473,0.27133711185877457,-1.0740834721746841,1.0262404416413706,-0.6318355292567308,-2.0937371737786736,-0.3769690518671565,0.13005558610487197,0.7571138592786015
1.7556847447068378,1.8009263471682904,-1.441954812249761,1.4687568165024922,1.981145217737665,0.26526494007505824,0.8417586892065085,1.110135712318374,0.9930430162591034,-0.023729708899117966,0.17607335624892403,0.2573099987140698,-1.4004264497811436,-0.09986585488220333,1.133658938643358,1.2277159913194358,1.7375322387260792,-0.06974721753190077,1.4557752855288042,0.45045115744613584
-0.06425672766132637,-1.3944001744537138,0.3189878505245045,-1.9280138602809256,0.32453380170894147,-0.5340283003438479,-0.9647439036737121,0.9794059828044303,-1.0808407771925252,0.2472976778340788,0.34208418217142755,0.28631456950781947,-0.2635230049701548,1.007007425963972,1.2810108261002433,1.62632727558774,0.06556310348538673,-1.4500656963369445,-1.1527179170361705,0.9185137768871806
0.21953187985805064,-0.21201239693933843,0.4654014931000394,0.9947863579662221,-0.845160185818752,-0.5079794722684627,-0.6882400918361498,1.8321843319577424,-1.5258845383447979,-0.17717395209817227,0.1825730853560599,-0.4994622164054258,-0.07880862510478864,-0.3458424017860671,0.04523223471620752,0.899525986729155,0.8291149751249227,-0.4295480313542546,-0.7668090608133794,0.49820590451636554
1.3338750526853917,1.2394803787724356,0.018774790001813375,-0.4602397037180098,2.48264451771579,-0.705538706168391,0.9644375616898107,-0.741378853626732,1.5245296613416397,-0.7276200664657982,1.5840870211093783,-1.7626262327237434,0.6584405591253714,-0.5866097585706489,-1.4316628579927662,-0.39425119164910866,1.8585032370465036,-0.2970449724986503,1.449368101467487,1.464073623014036
-0.06533376056596792,2.0174037744592748,-0.20566402983849844,0.7873036554496974,1.4504794303719428,-1.281329673548086,0.4595725410846005,0.6137172942078978,0.6122909330595767,-0.7018907297238834,-1.9517524378177828,-2.7947348670886787,-1.8022527373761934,1.299999899248608,-1.117746286463032,1.0796789645110156,1.704181971950797,0.851728848872663,-1.081911546473839,0.07059868758912909
-0.9808318028065944,-0.7733117832391844,1.12094256660333,-1.515565498828776,-1.6028052849893608,0.031028632527479512,-0.5217995260564933,-0.14202459178237556,-0.5302593221910203,-0.2726405392617643,0.5217191223248239,0.09910398992313163,-1.0685661396555384,1.5600680312243769,0.7197022020779652,-0.7953423129645898,0.18393464177316665,0.4288665191518744,0.5349202473674762,0.01925027070610136
-0.08805993717884031,2.5114844763125905,-0.5577626193791964,0.5221129168577777,0.8790450987526276,0.67849281702372,-1.9449898671135584,-0.22573107790409777,1.7409488689892834,0.03331637014159521,0.5526890761168156,-1.4858205814033572,1.163702689577253,-0.33015689512802576,-0.9638615741501576,-0.22162003696366622,-0.02039073273783873,1.2634225992915,0.6479349125240063,-1.7378310376508321
-0.9218194357568484,-0.3690191335942286,-0.4212752574207604,-0.4162118192280016,-0.7299415780847361,0.943088776172271,0.7941744534555135,1.5935748741392912,0.549218874514086,-0.8451402610915711,-1.0813219272609151,-0.517759747817007,0.498123641688802,-0.6924295442410975,-0.1516459769881482,0.46021360748740947,-1.3167482147235825,0.20960239724863045,0.9006984044937956,-1.7133875487969286
1.6006632369866118,-0.04074356341633843,1.3922066364335932,-0.8176533983333059,-0.8075521136431204,-1.7350683616575004,-0.4515504499650595,0.36149345070567324,0.5056354238809606,-0.9700617010980228,1.6686329351666416,-0.7093347040510549,0.8137205161523915,0.24311981897567023,-0.4966145231482331,0.1553204373822586,0.7827530317312115,1.7749711534470591,0.8641942616780101,0.3304508992023829
-1.568582549473374,-0.017808495357484553,0.5392181350298506,-0.8153386471569171,0.610391633061637,0.7973049539737952,-0.04465463911320742,-2.3348484757314854,-0.5731443809205747,1.6441031742397625,-0.4342305967201126,0.5421362337261948,2.2734103177728326,-1.0798952057402975,1.5102696150316128,0.7546402174213993,-2.6461478290270426,-0.9728718330815226,-1.1771089765414398,-0.3716656786369032
0.24088949270057797,0.4465407583698491,0.538794456596641,0.38741673087707856,-1.0663526092447109,-0.48638150697078264,0.4389059405140225,0.49205949985105946,1.6922916130393029,-2.4988081719784465,-1.0453506363700986,-1.0976271932162165,-0.6573618525936117,1.9006613024032522,-0.7360672058419437,0.1832581198803,-0.2893645309805457,0.8353471853848337,1.6081046217284696,-0.4223993201267767
1.0930735548699597,-1.7375193246768725,0.5311963182650195,0.563532296169724,0.31680022807555125,-1.8836797574728377,0.12274934786614981,-0.6517768198541021,-0.9621296461176003,1.6995251653772767,0.29900394832283517,-0.34040680545674706,0.06889521403339374,-0.1390341126974983,-0.011086767058274839,0.4912583171186978,0.6836591773580168,-2.584602431505976,-0.5119258895773585,2.8355185798218394
0.8395913942540087,1.1232613267975429,0.3809840610681444,0.422841625029239,0.16621579464527791,-0.3858535161824631,-0.5711437751025207,0.7721586124525618,1.1682132143430146,0.6548497644818904,0.8017766352351974,-0.014078382615605135,0.5729572308247438,-0.8099465782017701,0.39745349341841285,0.47485876287429185,-0.24136756517742167,0.4909302620819124,1.3089495459229885,0.5735592989894219
-2.2584266259252526,0.08604731581930854,-2.18256447741225,-1.7350938220553063,0.3410414254012605,-1.4044427624491214,1.2762108888925514,-0.9777630340265121,-0.10540349100762067,1.0959589312554572,1.873373572876221,1.6344381158292831,0.6238548169323619,1.2520596691894545,1.2139635358532455,-0.6940284421158985,-0.9018610282298741,-0.4990561848111064,0.1278269793513578,-1.3210965830043302
-0.6525886447021101,-1.3985153525563665,1.5052187441855027,-1.7513796685235743,0.2825424523036767,-2.7233859261790365,-0.26341070983525683,0.7609303621041518,-0.09562630892442078,1.2571704370616474,1.303666018154096,-0.20743200819950652,-1.0645717044425242,1.848814311214002,-0.8485403844470177,-1.9132595403664319,0.12149381060530838,1.3429184095375213,-0.7943543938306991,0.5622664303400259
1.1258960134158242,-1.8708878134293763,0.6746615839957942,-1.7127877633062882,-0.7250370661688849,-0.7256261310750008,-0.29859627972772224,-0.8828322772496043,-1.4856942185417878,-1.1979620189038054,0.24279438303097262,1.5255052662811597,0.4250573908368787,0.4109704809277475,1.1999920583091288,-0.027042735478768263,0.8073562352488487,-1.0010305241410529,0.1627240810361256,1.5539097465289469
1.0365133023016444,-0.8284580211712513,-0.8438473240531282,-1.5894193969367245,1.0985086839688574,1.3897789088649746,0.9499736985659458,0.23252027949019416,-0.7213677508524413,-0.3049347478453931,-0.7200825987090091,1.3524656782338655,0.5186778427468953,-0.7599174625318035,-0.12488035179226009,0.47636775379676244,0.7974767918287397,-0.44568198556197636,1.6803497294268588,0.12461928274231719
1.196131800133413,-0.9911462082327805,-0.49642833888947013,0.46488411957159526,0.22093672357193184,-0.03096278295838876,-0.7170665787364875,-0.6309328961148097,-0.15923107002128306,-0.14504897108387918,-1.4714895219770863,-0.3495951311850355,-0.2071574629645178,0.8673950025122565,0.48062286457688347,0.060188148031944645,0.7578709506314567,-1.534388837766394,-0.5370809807289642,0.8903944128648308
-0.5013927682027445,0.030583267249631684,-1.7857597208348255,-0.20572594146443837,-1.8912250275996312,-1.2720610725951365,0.16881102477493962,-0.3212979988688187,0.9791152830628562,0.6513635475971499,0.5337347182949905,0.7279862488479878,0.8615115520826072,-1.1919982332354702,-0.32496393206614405,-0.4901916033259031,-0.7643492188883146,-0.45999770224520076,0.5043220566482677,-0.06308696316125771
-0.7117984321317173,-1.7021738489425733,-0.4185301785572575,1.4731004077808203,-1.141598179008725,0.24353743258221067,-0.2942458450611649,0.3502347495112278,-1.26140059010893,1.7827395565065938,-0.21053119308431312,1.388706512930182,-0.88431553715963,0.23565949097535224,0.4551399404320824,0.42297515735179014,-1.495181670550615,0.28460677599910356,-2.0619685521361233,-1.1238013568728074
0.026918266430472966,0.8872556894749756,-0.9966594617659575,0.7315777632241023,0.20654471959246853,0.7409987883371607,-0.6440793472201489,0.7884087808120721,0.34709267797136056,2.0482179999026044,-1.5348162020365754,-1.4967284633094655,1.9531256259536738,-1.0570164843848109,-0.7501322893625862,1.0224354536948264,-0.3998226525110977,-1.984519076497316,-0.18504521710819288,0.9926329176414863
-0.3931061354772725,-1.1932425395163793,0.4407361029538993,-0.5473936890090407,-1.238322803480644,-1.617604166275964,-0.7274060884452187,-0.6161487591438874,1.0979146381017564,1.2260870366090004,2.2977698190955045,-0.02432713925705251,0.2827419124103516,-0.9095399964883045,-0.8697709697054606,-0.7706312255584414,-1.1538158210125147,-0.47449202013441993,-0.7785648333280208,1.1288116499017895
-0.3838946575307129,-0.895103663700514,0.5774177104175254,-1.82962176544636,-0.39776305584914345,0.8734991986323527,0.4054364180342509,0.08179003583899697,-0.7583904617576932,-0.29042806421409184,-0.2136153691909153,0.30850705249162447,-0.7794859850701252,1.7262710300821456,0.11265147135040224,1.0863845213300978,0.16359464296213957,0.1780039750805056,1.4045023464531703,-0.34232404685527323
-1.4121654954565326,0.09627668530538545,1.4680371712866354,-0.44076674315047526,-0.4670976155409617,-0.5626173830507,0.015529978341664533,0.2643378059545466,-0.5436234996306615,-1.2451547914545402,1.566378091372458,0.08948813098360844,-0.3099845903527949,-0.13954455884277664,0.032703626644385926,0.2163660411649048,-0.5999737306816301,0.5112501369310373,-0.4668566828255152,0.08345444016971863
1.1222120661033768,0.15115720818913161,-0.6070433679086485,0.2340651389187973,1.5670789373759684,0.6228013329382015,-0.5816625181120981,2.1979729573221034,-1.2959499639496572,-0.449697326750341,0.43573131515416774,1.6970612977101127,2.224732924778503,-2.2220241320848046,1.9374482867798553,0.9741574178409809,-0.3927090459485858,0.6199902533756738,-1.065810702505419,-1.4281698906371991
0.26772211808783103,0.9895996365603431,-1.3309292901767598,-0.3247918925011818,0.4778655301699066,0.428371898605903,0.00036786276887195877,-0.7599559172161908,1.2147861739841812,-0.5996969922795876,-0.25323239930188,-0.46509991396246736,0.6443165305085922,-0.6289586389223143,-1.2198520839610087,-1.2262594007836145,0.5112615168428484,0.8274922662641692,0.15113009842987227,-1.048412172404304
0.3419046462963451,-1.585333497276978,0.19939254825551478,-1.0975782551792201,-0.9807305851304348,-0.41880437726669456,0.06383728246357052,-0.35881439616298855,-1.0441449405458478,-0.36675970077159387,0.23670667082344823,0.5949107302725632,-0.5873440069378393,0.2663985477453638,-0.2208148883648329,0.4196463026588422,0.651479295542848,-0.3385589512115457,-0.24042150923034566,0.8436383982458874
0.9098364720427723,-0.46916538459002993,-1.0042862302456947,-0.4965618553323375,0.7269824961732778,2.433521930217004,0.21151694170800667,-0.6298911870350908,0.13649947267926946,0.5687308841662394,0.10437613554945997,1.7021609858578535,1.0406274286004287,-0.9050726317496952,-0.21705178431238678,-1.8531428018309173,-0.08475247112489125,0.23932280381868262,0.39617653943170644,-0.897741741017229
1.2017243778396713,-1.3711673619602858,0.09932429800040779,-1.5304462103450587,-0.2137210833908976,0.5316241704588982,0.9040997669849281,-0.37597893447490904,-2.0747306892049675,-1.0404622757944337,-2.030994197336598,0.25522956947745923,-0.9617355748670336,1.2970231444668228,0.5478507435723379,2.18206044031839,1.5332233779459254,-0.008249016774713831,-0.8711498530323432,0.46708822656178633
0.5286735942720259,-0.3307096374135704,-0.7803875938853155,1.1990562560007314,-0.3401502004041518,-0.35772533463047457,-1.422759049804187,0.6891435672965224,-1.5197723349039591,-1.1507539038859969,-0.32786682625545016,-0.21461604742677728,0.7469374181565888,-0.34676722988258574,0.17832461746372302,1.6656638946280633,0.6867347533081786,-1.3213935922095688,-1.6551909290085154,0.21614796917408022
1.2222416345576472,-0.04217375268620919,-0.9699171783365335,0.6285883604805995,1.5528388437351466,-0.548140162584089,-0.22671310020900493,-0.2081592567806424,-0.8572360967986024,-0.40502394021862237,1.0662315390278312,0.8603272348535744,0.9263239553699735,-1.7435330796503161,1.1578286454852775,-0.9502097595164228,1.6147884365985659,-1.369198559623764,0.4258223393738143,0.6269512682934414
0.13079375597951445,0.8803512197150994,0.1106199073358587,0.23234238844498312,-0.9980885568033081,0.898972780065495,-1.3293235244207595,0.23618998484112608,-1.480378299837634,0.9919079690960783,-0.20334980066387606,1.3948183552034943,0.8222180143306166,-1.089324592672572,1.7770636385653038,1.3282515531184633,-0.5283390829189486,1.566328450088999,-0.8699606117858039,-1.4389402341288007
-0.2554568268040694,-0.8455417186165418,-0.467416616828731,-0.8220011765559943,-0.36114093088636523,0.3507328929534281,2.7193953669312894,0.6767943559830457,-0.8894045690208855,-0.944722969855111,-0.8659123098887486,0.7378338080306444,0.04940338291782897,0.30374988816023857,0.9432914845043463,1.2741579602950999,-0.41620777293671113,0.7302737848118931,0.6968508447081985,-1.2143009789067982
-0.6494531354702615,-0.26602162829545883,0.41156198224630985,-0.7625908267114715,-0.8547217716101656,0.1673847453977197,0.5521842098098702,-0.37080559144884095,0.8809056642469664,0.10788288782911346,-0.03459381801541111,1.0720216979918953,-0.8456693926155854,1.1798060105191355,-0.144272710773204,-0.8629104553907777,-0.6399166408594006,-0.08170136620437451,2.2671572677026117,0.9412057141877993
-1.3730135548841165,1.3374881215941177,-0.7489935874638267,0.19277207411248026,-0.8803656586103302,-0.01068089038759419,0.7134167703948157,1.0261744505273271,0.9524426884987469,-0.013666551787138409,0.8257094231537193,0.3836511193411871,-0.48201820463608686,-0.04105332095970502,1.565362789476817,0.8069198894819337,-0.7294566032137403,-1.5972124415352542,1.320498811817505,0.8651922593793815
0.8983474297220349,1.7460608323735276,-1.6650933539583848,2.5508994906203424,0.35069861807425484,-0.3548664826941115,-1.1976368214118613,-1.32277402172885,1.353187233302378,1.7641283695981718,1.1241853502408468,-2.227937656238651,0.16655118461710597,-1.6460830999014475,-2.202494279487977,-1.906237159908639,2.030206748369753,-0.3789426364253822,0.10515188144559134,0.09546430737283342
-0.09300913420692232,-0.27593526049604966,-1.0343892590596235,0.27755038497876944,-1.1773759528527294,0.3013696473488979,0.2488129045652774,-1.6741761968148197,1.1434798416276866,-0.23486210468177202,-0.08826310760759813,-1.0881290706423672,-0.37134106392163385,-0.29711426762331744,-1.2220077162964142,-0.593041358672661,0.4935597510582011,-1.3577515476011957,1.0778083781524632,0.5536446363672649
2.046709314229942,0.2142101413968838,-0.7674930829769709,1.3782970385113367,0.0822212285298579,0.5047552803730853,-2.399763008973012,-0.13402380211040418,0.6483893553066762,0.5963399257458744,-0.6083081799107679,-0.7412723222530293,-0.736434150861094,-0.6080849835175187,0.8293768814844431,0.22276296869152523,1.6575222260984692,-1.9574182156509055,-0.11930495887558953,1.6734895977250923
-1.4991184046592165,1.198756278280704,1.220001619835209,0.32873035539038875,-0.11564480402958942,1.091369652054634,0.08560588539262405,0.40589844247782336,0.08796721306976261,0.26089530808554434,-0.8826287418160706,-0.23398373969576544,-1.459211186938552,0.5923936387415826,-0.24615812032999498,0.15452303590698854,-0.5381763345799001,0.750343190978772,0.7568852334691163,-0.003363550917719449
0.4701186762165189,0.37395063134429046,0.49091230692433785,-1.5063491364281603,2.035480067866779,-0.7560302892695954,1.8440325788438894,-1.3910348533861807,-0.11116952591784135,-1.5649533202363013,0.6277823920146836,0.8039365791166454,-0.5265875660926107,1.3113121312185347,1.1620029159962302,1.1672146853689926,1.1613042306433086,-0.43393694171751296,1.8175149988868748,1.9786816421410258
-1.0671751266880949,-0.2340718488505224,-1.2089184491918297,1.3474745304240816,-1.1133546066420368,0.003925731527347043,0.2668808615834884,1.1381586116085673,-0.4697725371638731,-0.5802479844455529,0.6873674836962304,0.9149816165493724,-1.359379848718809,-1.1079670252118052,0.147855151495638,-0.49950873844030047,-0.08208984879109699,0.11389740511065592,-0.16260045134053752,-1.5003959500558037
-0.8678293751709222,1.719240271039358,0.3055893057870629,-0.33624883925601484,0.7134109597172205,1.7780827990432508,1.2030969435299046,-0.8683970490308246,1.0643758730935637,-0.04890794156147894,-0.9287911307831443,-0.40484811719425107,-0.7321639036128368,0.6566661643655851,-0.4646930608374449,-1.982037753390877,0.1677835487152071,0.920251638630576,1.0740351300136717,-0.5046125993415002
1.7255808633111194,-0.17074547804623075,-0.4555038025512026,-1.3395783224841662,1.310298756777109,1.1324696767675875,-0.812286410942182,-0.998111512636734,0.08726866471117216,-1.6756312488003469,0.07088685427295525,2.8167705445292706,2.1316267859305724,-1.9022484904083006,2.124492440184414,0.32925799253778465,-0.4811304001064994,-0.6498890462353334,0.8430243876156377,0.46019237709453864
-0.5952609323421262,-1.5945390781022317,0.7008996941220209,-0.7516680963175096,-1.3168107570803909,-0.22047480711048195,-0.22920978229571118,0.22219751732702797,-1.8560198827903633,0.9793282449888713,1.1000739757101479,1.0766021937310615,1.0471621416060548,-1.071096657935804,-0.3217888491324221,0.2653776758607058,-0.7492910005521807,-0.19331478441907507,-1.1673090316306909,0.41456806067831076
-0.9450172417632896,0.6585719311243102,1.0073736304924135,0.1263691925423801,-1.8223837286234776,-1.0953780084065399,-1.609913822677472,0.6666540217925842,0.2532294573750884,0.6212924725670412,-0.2755842249215358,-2.5409612131624164,-0.41484884261908134,-0.023409356083025832,-2.0125597483426785,-0.8545082388933254,0.5636626931255089,0.5661587602266449,-0.5671703330128745,0.2466932783764252
1.1768362112588475,-0.9724051606537318,2.294403459461978,0.23583229511206466,-1.2115032901402238,-0.9406684262846279,-0.8011170687621273,1.0693293014757905,0.10757155140187839,0.9886009471605592,0.5676704090619072,0.14245648567647695,-0.10222366147140151,0.8508056223704418,-0.1311272961724105,0.12248761322873931,-1.145631713359173,1.7742329273745359,-1.93911193830014,0.33748417290528465
-1.515619425966201,1.0780914951802407,-0.5323038002499155,-0.047594836246773055,-1.0457606847460548,1.3484056330094976,0.6377024595440435,-0.11153322625403891,0.29220182611622075,-0.09815974534801798,0.6423398256384886,0.5395521838732992,0.672691653505753,-1.6099668538956489,-0.3635295237847285,-1.1559342151748255,-0.833640182955077,1.1122056545393866,1.0756424899302697,-1.6894457362589663
-0.5648414915333368,-1.0643605469167732,1.1227657326722604,1.7650036645521894,0.8372199492790661,-0.7786867307223353,-0.07992839945045362,1.576601724199977,-1.656071004902043,0.7661334011956847,-0.2774365910021491,0.6101886004278216,0.7676163811912923,-1.0156394831592144,-1.2120243337849648,-0.8525653584363422,-0.9952585449565868,0.1400124639711281,-1.4754910399894985,0.24996997256528128
-1.714933415187477,0.7759456635355519,0.48524406501742695,1.36085633532029,-0.6270882749453919,-0.875033687049371,1.8601058760483276,0.8679787159613546,2.0824036181002312,0.6758667205903026,-0.5345864510417799,0.20702968571556674,-0.928621974460311,-0.548006570948114,-0.24153335495047668,-1.2398747088330526,-2.105606110801735,-1.1391304065133732,1.3176602070967103,1.6777558108012214
2.2962010934412467,0.6792513043406384,-0.8497570266020035,0.7548172891961786,0.3772320566766482,-1.024862943528203,-0.35074237843871336,0.222777125177357,0.5220907850136342,-2.2629075806262278,0.3870345658974911,-1.0549574385426017,1.5130082853805435,-1.4691056691535216,-0.340082693857282,1.363621589441292,1.5639493846416777,-0.9942725641883785,0.2681135980967381,0.9611495538933519
-0.5914572646241365,-1.5038942758505178,0.4973336980616114,-0.2391982352930095,0.23766141210846622,-0.2700453227269944,-0.2654985767801716,-0.6070385941878459,-0.17120070452541103,-0.3320121551921073,-0.6337456398259126,-0.2047948316053199,-0.6504783579446415,1.3352013206069802,-0.13295747492302948,-0.5548214827128859,-0.609153636414795,-0.5402310977331404,-0.6556076782667406,-0.19990228046975325
-0.98542422270609,0.4960700103554288,-1.070294951859046,1.4568257204744726,0.13573342373323957,-1.3798480276881555,1.2766688486993523,-1.9594771827448272,2.92191596611789,-1.3765054953314402,1.8791783433399545,0.08292656957431334,1.0849593397714006,-0.3330546620719461,-0.7817603531092022,-1.4093346405445848,-2.048707562161203,-0.6024819747543072,1.1354174185410078,-0.3447805542389383
-1.4845241568022973,-0.8379912847393198,-0.8650543180013726,0.4182916744047854,-0.9448313881750735,1.3900316540012476,-0.18100182863340958,0.9107059108146619,-0.4507712256737068,1.0143517181777548,0.3385486709727716,-1.0950174305336382,-1.040034000959924,-0.1144681623320815,-1.3291954976993499,-0.24582252968134047,0.3329690543171756,-2.0665062073301423,-0.29997158330168244,0.31391999587256064
-0.17752779307145422,-0.4514911561089913,-2.207424152601193,-0.013774883977422006,-0.8290757974643198,-0.0065258890345114735,0.7925422566371579,-2.1026492464579283,0.71712338810544,1.4680838344825426,0.11604702234613057,1.4405050183719497,-0.6419353686623178,0.05311364163948635,1.0827740891023219,0.19376251097114983,-0.5320396822751057,-2.2980357965415332,-0.5476933346681606,0.9961275607202487
0.8012476271523493,0.05925712467740159,0.5770817920612774,1.5044319692954653,-1.1370475227520718,0.536581769589985,-0.7939700142747717,0.21376403954484174,-1.0426115071289084,0.678421767519138,-0.9193530302214798,-0.6178897398666535,-0.19840100532442126,-0.013962068389637068,0.807080595194989,1.4883542858450365,0.5013640213330961,-0.9861117621406918,-0.5164839654142163,1.0507138053241847
0.355503082402878,0.7534213315588819,0.18532947079026682,0.40702405167369554,0.576626802658285,-0.23691425627027105,-0.13014054709917497,0.19726091584175456,-0.18127263552700526,0.3919657358862743,1.2036137240682498,-0.2409039024715214,-0.12915139946897042,0.2115031691269972,0.3183651426585038,0.4782885752984155,0.8570014366653764,-0.8291695601003479,0.09989210610300917,1.217331707374517
-1.625057626614543,0.18904996720271833,0.221597888021586,-0.858016652764013,-0.2043723581385658,-0.3385437524109442,0.5154068328874258,-1.1339966839699605,-0.7976131801697544,0.341879498819046,0.8830635760793006,-0.18538153523499956,0.5014983635220607,0.3670013614899489,-0.3628401478085447,-0.49217193254601754,-0.10420082138850259,-0.7091702513881393,0.0889074031111851,0.20824605232032234
-0.34436711939695897,-1.28097734680318,-0.31426042046462543,1.4426486578221291,-0.42638980365760837,0.1513112576380335,0.2215015952916335,0.7706089121717355,-1.697307693043537,1.0746948805512166,-1.0733017939707854,1.1625525229862141,-0.5299752169274973,0.7777815919495094,1.649947554422412,0.7861465102516635,-0.8671553779993625,-1.1922244194318523,-2.3712932554409614,0.36682541080866193
-1.4719373009927916,0.9933025791433071,0.09495043593581617,-1.1873377658135638,0.404593375521866,-1.099802563079118,0.8214177750064885,1.2765901169377256,0.8745202802934829,0.6414779064762236,1.6774848743982647,-0.40656287955828396,0.9350648368320819,-0.14029567922068661,-1.6457756517384383,-0.7487913655900733,-0.7379300972155225,0.5619861484208879,0.5650507778359786,-0.020024458004549512
0.4373408508753122,-0.8254697425311998,-1.3792401388763962,-0.7953471082756941,-2.32445300124953,1.2195090525269918,1.1178481298988043,-1.379996849051254,-0.30105867784733625,0.5738013173116512,-1.116446724605293,0.8974305711021604,0.9701617123877239,-1.2467323098113212,0.49147559101773475,-0.4141453179822335,-0.09891052701222511,-0.6905899894280446,1.4461668448141471,-0.573012192726365
-0.5485339712523726,0.5814795114943657,-0.5844012466740549,-1.2199618521416942,1.041542220888524,-0.07688771342694728,1.3956525166565874,0.31199331472253594,0.6652964661690935,-0.8315032442369251,-1.9206481150524166,-0.9307720595822161,-0.5807819584970556,1.312153837566302,-0.541639411734352,0.46349746405298803,-0.03329278693446014,1.355269705645409,-0.8381681209281717,-1.1235369304823672
-0.3000472901381365,0.8384335537062211,-1.665554743401604,0.8328414292562076,0.05860435676561172,-0.1444900388307557,-0.09773112063603157,0.34997590830816355,0.3051021047851321,0.7675764571822957,-0.007718161271664732,0.5424245714167274,1.2613907311587156,-1.9529173949237513,0.7807893629180055,1.3498515306122727,-1.1827599687805321,-0.42802794794362775,-0.817031149442077,-0.8898611381052934
0.19445549052355068,-1.0575744905021127,-0.3750465730163025,-1.3254851063398576,-0.2088084717171617,-2.103833755021161,0.7050411601084502,1.1220344243782336,0.4758120031127857,-0.06069603619575968,1.8394556500337254,1.0073304888857886,-0.3728469842457099,0.8294059426917497,0.1369663811994543,-0.07268944291916443,-0.2109571782056949,0.9911650047946149,0.38098299758896464,-0.508229301840896
1.1572708101801854,-0.1870431636846154,-0.8723869285695495,0.40066595330620536,-0.3046104646291897,-0.7658146413129655,-0.6360229149030455,-1.4742132653313942,0.6267737304005031,-0.4229422769917066,1.3565995642488493,-0.021703412621486125,-0.6366037251855244,0.43670207881467243,0.21416954847650263,0.46106106759308096,1.0002311675393005,0.43176401382984075,0.5002274325151099,-0.4867780838753963
1.4099622027056427,1.687774750582818,-0.26627522202124815,0.5664623531038706,-0.2044253044115694,1.2202567972562715,-1.7656461286909093,1.0393240554999723,-0.48638137739293524,0.05582438303992093,0.513991415028556,-0.7298236011733822,1.3494372118846132,-0.7233984689771165,0.20820480677133338,0.7289715620721647,0.9989175293199121,2.044790962597838,-1.2856504053894626,-1.8729404770245601
-1.4163176325888334,1.5250359473184802,-0.7242287540985151,0.750661422208351,1.1864603620512264,-1.0247346378969642,0.7839356658167649,0.5744714143185683,0.8400670731794782,-1.0571923878563845,-0.8370314960755664,-1.0356017593803304,1.535774064051289,-0.9637357979877916,-0.8055090151822658,0.24764607572019,-1.4249981024648002,0.7469275676326341,-0.8546087821340701,-1.6132635014187455
-0.008096347906739233,-0.30842747372319124,-0.6301037313807163,0.44350518008192225,-0.09350401697528982,0.36620784704988035,1.1034843582103968,-0.2273379755188416,-0.22672528899172684,-0.44167827679624877,-0.25151367560921,-0.7480175414505383,-0.8550290765172703,0.11171079325235102,-0.006378243376297286,1.706418420681279,0.4816892903971477,-1.048780174664691,0.09301878100626984,0.16564479714555214
-1.0553606631085617,-2.1135433090921545,0.551502164475849,-1.609882577360414,0.06465070501797164,-0.6978394551004,2.589291039835841,-1.9227734704701294,-2.3760560768146233,-0.3742017039893525,-0.7640174420406315,1.5215998376425213,-0.6436893339701262,1.5906326059498974,1.3047063398407777,0.12824974916753737,0.0680918361276606,-1.2318175890052003,0.3023780443480819,1.0156038451418314
0.8811690577654505,0.8698251230130599,0.9254234184248212,0.3319816246625986,-0.700323138394703,0.9400217907553955,-1.2133900517949168,-0.6945191964782269,0.09624898970517602,0.40564297091857265,-0.0038825966537529054,0.5205985527653378,-0.5404964567852882,-0.8600864385454142,1.8622137579269677,1.2774173903704413,-0.07894115382834627,0.6931475866236368,0.1811564518145352,0.30014474670098185
-1.8207965609134364,-1.1141325518121874,-0.14219498227325364,-1.0436528658476192,-1.4233373422496312,0.013329061291576415,-0.416211029735511,0.21228988003975313,-0.33244156259609864,0.1532454913336431,1.8035487973514606,0.6129849909647537,0.5622389464349141,0.05061049163374895,-0.3362405932094895,0.007746558999122561,-1.3222882812644885,-1.5744541079442176,-0.39974298454943624,0.3930105891879052
-1.1116930214566225,-1.9270169191365325,-1.0645606400356242,1.12989177552913,0.14593442231225953,-0.19358683528050477,2.1094257412055324,-0.3948798686928352,0.27758942428611216,-1.4489794049764846,-0.06998327648244118,1.6273242303390911,-2.016366147009787,0.13160919331611437,0.03662725778880416,-2.0349912092899034,-0.9997738467897596,1.4005802073134832,0.024027213149675958,-2.414587475004219
-0.43809932586876676,0.7331306618411619,-2.4271969524384764,0.38817927618797343,-0.535144650282824,-0.3518080886046101,-0.16010146237121656,-0.6485597537245029,0.7830215923690386,1.3799960038553991,0.08861937354272434,-1.0208087418710936,-0.49548726550315414,0.5425016614758835,-0.8551143265880268,0.6202144635148789,0.8974619055225121,-1.7098250004664226,0.9049356522617908,-0.022702591448714112
0.9654589510280296,0.01297626007419299,1.4615008212909553,-2.004672981225192,-0.7751071316963689,2.5862284459356637,0.07725510376905753,-0.6311388293880323,-0.4445856715576087,-3.0997062143596796,-2.34295146137534,-1.2724073736295818,1.7801088963487675,-0.0868886065708399,-0.7994706223726051,0.5609019706323808,0.531864486037931,0.4260897924595094,1.4311996125518291,-0.3948625241992021
0.1677739138534537,0.4196020186476596,0.7227497081334311,-0.1648162030974562,-0.46215671692791177,2.470406521172125,-0.24828370388226886,0.11792499242391309,0.09518424011733914,-1.0592301063656242,-1.9254169072853284,0.15471083442468395,-0.33685215355513815,0.5019860824727962,0.7301397959444882,1.4932401234080446,-1.147236394175053,0.8591619765065782,-1.676663722948091,-0.7456780786939768
-0.31842250868565297,0.3953958719039889,1.2537305525311153,-2.10908183649545,1.0551495442928793,0.8157398354970099,0.20414350790346955,0.8100990998301901,2.3057646339537023,-0.8056094066278594,1.3755600067233418,1.0524526380313544,-1.1676574324678664,1.0231020873705063,1.0486636580300492,0.5861934545653686,-1.7813614790228445,1.4839416754426065,0.48114418461879227,-0.27878745133697136
-1.123034415700108,0.7948911327777741,0.9678192366310937,-0.8929287203907524,0.08299282598922322,1.2562120183407643,2.2970610831312563,1.3957942610127276,-0.5419209797530844,-0.3732658351170781,-0.6367848745071967,-1.7161890937875175,-1.23600865315488,1.9678364578292975,-1.314864218430979,1.7106442103030068,0.48111663252294257,1.0705613056258005,0.6400324865999767,-0.6491042445851218
0.4214490318018449,-1.7517887615861862,-0.580513980569025,-0.6012034698972837,-1.3044343009132342,2.570611351579992,0.5945632311827191,-1.3012394824400157,-1.4065699931737357,-0.9492240076198041,-1.6311852817443375,-0.30319405129233856,0.4715654144227489,0.17985073888168276,-1.0835060411818571,0.23752573100087845,0.42460349516634627,-0.048984714055420445,-0.7413885876739805,-1.282415877647803
1.1201252902693886,0.9089300064278866,1.2406770886810403,-0.15187779095781095,0.11801588257797715,-1.7220004718046975,-1.7638711342851474,0.9916865554857471,0.9362002206291454,0.275059433729598,1.955630564606324,0.6101525910946966,0.018050835544917352,-0.7850568530130166,0.40370499566942225,-0.3871116380086596,0.3283549695637915,0.6434870867511399,0.4274580207859282,1.5667617693714102
0.8756292405351089,0.3741565124653064,0.8678339066908503,-0.6659789334549605,0.8452088945652007,0.3119651825563307,-1.1413056260932313,0.16532365333126775,1.0125452158312602,-1.0199412123795852,0.762414532568888,-0.05110633355393221,0.2586893368262075,0.36748932908034826,0.754484846704539,-0.15157247921483225,-0.07050726701326712,0.8135120186066058,0.30217545566701914,-0.229707843779043
-0.4114334078241142,1.2901006374037038,1.4264691249570889,-0.28837380123862255,1.4578840458458395,-0.29507530819635563,0.14003307004764126,-1.3505262932001605,-0.021538591389922285,1.1994609838923451,-0.3598948709353873,-0.17759191520331413,1.3603365764582305,-0.5355555333597277,0.6325032429564126,0.6662785057095724,-1.0541919110559757,-0.8034706693797379,-0.8151087377689388,1.6986166232264308
-0.20377719690247992,-0.9606709433995434,0.004090839910910246,0.1333935623526346,0.008388516825372162,0.06594252257418558,0.8000039050852729,-1.680629350350323,-0.30071891363702735,-1.0644567532364022,-0.1322176752140575,1.5124641787360704,-1.13359714934463,0.2528980734894044,0.8587858013617367,0.27823328442357825,-0.5779380327671292,0.5547499826417395,-0.28635118031707085,-0.38720895381145376
-0.29388296898253147,-0.5124501964519521,-0.04501477562179643,0.5720503373826813,-0.6138767537106685,0.41027829024431556,-0.0752120487293943,1.198022607067716,0.5663109994140423,-0.06633047725149661,0.4274917373215253,-0.8971411124637089,1.0968372093542256,-0.5293200387553241,-1.827095281885783,-0.2792063298678229,-0.9526607038732766,-0.8232418631663341,-0.7100654154441938,0.19501599391302551
1.2783316745949003,-0.47210556109904733,1.24265206057131,1.0919495259138625,-0.3652124590971159,0.6353355951099641,0.11092240402200214,0.1418781880972753,0.04179980904680881,0.13253591556479258,-0.8290292502290044,0.5344327681023462,-0.9846190598279712,0.23688691898668232,-0.8371326157349583,-0.9977726430729339,0.1944760303265814,2.1469659060209105,0.5617545885274651,-0.29164889055978094
-0.32226202182718017,1.3596182588781582,1.1045380626144015,0.6058425404058418,0.6171691698743399,0.013276381420057016,-1.0055313361194418,1.4381004558728172,1.0471142301773477,-0.21896480986349184,0.6117208370528094,-1.0572428534221097,-1.1970049655447348,0.8560801073970347,-0.06466886316348834,0.34896095958923934,0.07027516716941522,0.638495512028669,0.387361443209654,0.20523320928447306
-0.11598034062277154,1.1186205322329155,-0.37674659901234214,2.0015245954658636,2.2755492371351425,-0.23698821277432652,0.18590253565983175,-0.41269455532799876,0.49721182386265045,0.4163080206470279,0.47718005785819606,-0.5448575343211681,-1.167087145390231,0.40138883628388283,-0.8962085619054841,-1.5248071381415182,0.745604965457265,2.0082922384676425,0.10102453484889855,-1.9101143680827632
-0.8537105976927885,-0.6893825007280729,-0.20311335316875923,-0.7478953995101406,-1.4307656674029312,-0.6872705978674848,1.3604063457504507,-0.06801355430231898,1.162937604688198,-0.1259977919536434,0.4789457835992849,0.28898082514456835,-1.0463808131816628,0.6091005256020873,0.49386667343693574,0.23947386787416605,-0.9535490315243537,-0.7064018102291796,1.294791711019743,0.5448488245759351
