X1,X2,X3,X4,X5,X6,X7,X8,X9,X10,X11,X12,X13,X14,X15,X16,X17,X18,X19,X20
-0.6608327463111697,0.35140442655018483,0.2512349977314071,-1.1816388064766297,0.4197368748211381,0.6414284521636611,-0.9295926908737507,0.8467840150227479,0.7168767104310033,1.0883527822031651,0.08094245188994409,0.5119991724870633,0.42972884016887514,0.4948679814082008,0.7681547978076112,-0.8377718926978782,-0.3202144774686055,-0.3293645179201696,-0.31535487622417224,1.2334491049482454
0.7764115274472113,-0.950964583910336,-0.026009985195925872,-0.5954396477098093,-0.17919119217026722,-0.7755788140921547,0.8468029036986354,0.6730254212428662,0.7582815378066097,-1.3443386142259761,1.534540853497317,-0.3889897400757054,-1.0670302121662212,1.4928421336525082,0.8643463929045929,1.221655777967476,-0.1062659696816644,-0.31566750195823534,0.29825253560833104,-0.2037654481131416
1.7842165595145087,0.49546021456240735,-1.3061260753754238,1.2476966109778538,1.8465458452793184,2.079362245776009,-0.6330813488294261,-0.16913256653681144,0.23028766402342768,-0.09246619217321787,-0.3014787428633331,-0.17656652522719696,0.8386911583631039,-0.23556624310761792,-0.3157211955618469,-0.4780027385631549,0.27506707544051506,-0.5290725973570451,0.595508929054526,-0.39693286255516724
-0.9115912014712085,-1.0720722938599612,1.562192533651587,-0.3722062099662357,-0.4012320151550233,0.3229615583349855,-0.26820687556383405,1.0907479964627285,0.03378628706954564,-0.8391738835583643,1.0918251718600247,1.1918270797583956,-0.079175713472726,0.8223717237664432,0.4477724395398423,0.13563112937617386,-0.14829010915650903,-1.2346167797300196,-0.5184494402414543,-1.4459827163809242
0.07248454595197833,0.24816232556749904,-0.01522674731683597,0.9229648737525579,1.1515620466415313,-1.6488707298742704,0.28823159748215765,-0.041478539914538266,0.3099470381173057,-0.9427248015671527,0.8257156645404227,0.17524097605371453,-0.9849703919881454,1.5830415272691218,1.1228953026966966,0.4165548528290122,2.0416264010570155,0.2966298136587585,1.1114135240366285,0.7414708913727858
0.08342525587327229,0.6424112444791321,-0.2251000517776353,2.17046618312547,0.30687580454301977,0.39929475085088156,1.2498044548806955,-0.0017392665489128112,-0.7760501301889139,-0.9694045818644209,0.9830974962816804,-1.0782389488321091,-1.571762234990905,-0.08504679510931518,-2.11206328415594,1.8822198575241222,0.3826635634464055,-0.25331116302253476,0.641344699661338,0.8756937407780064
0.048598685294561496,-0.27520035850067054,1.9499548330801124,-1.3139620332768063,0.22369061088419998,-0.4653747380923719,-0.2650580716916738,0.5255698377030571,0.7205173635048571,0.32773109125732636,1.6551727893665353,-0.4919501545519323,1.3152046230725056,-0.08246413110194357,-0.24173085566942948,-2.1174716742953854,-0.097873513383621,1.7580916614024573,0.25358817766750313,-0.7642364040131427
1.529795410957378,-0.3642515527186617,1.4879433399600788,-0.5143488870653502,1.0827680122601573,0.6745709105212909,-0.8956023029717793,-0.19663053258992888,1.428219575273782,1.6608923997454152,1.0328234253079343,-1.3123366149164273,0.6447903885344413,-0.08507317390949308,-0.20452581958206958,-1.816843468762628,-1.6806559682888704,0.14502986222870798,-0.34758782623297874,-0.7167613109050043
1.311364199595888,-2.586011358047106,-0.7732033155379014,1.6223735922154432,-0.7113954951108142,0.13770365678840363,-1.1469535742139172,-0.4563265696909631,-0.20186225301789396,0.7100770393252281,-0.46862565775943554,-0.36452572461508287,1.3083486860978661,-0.6001043408508575,0.8543134195054806,-0.8587022446945399,-0.38202454745408937,-2.413756616733866,-0.3897789596753549,-0.42644329964173566
1.0331324832332702,-0.5199887812724527,1.5069591945442777,1.0167104869558414,1.8546573841304665,0.05844304293517199,0.1349276990855265,-2.142082779070201,-0.95507760154814,1.517561522706596,0.6569552897046677,0.4081130522778115,-0.2865366824395193,-1.331091114194551,-2.244271782629693,-3.0157724422664596,-1.1483936899215836,-0.03190364386918934,-0.02121301595475694,0.15417922544325388
0.7981712379689212,-1.8048832861676118,-0.8104751045523173,-0.41734283467666417,-0.07058746301144861,-0.564855359626445,0.7836070103277171,-1.4732665147437167,1.0108797190621268,1.3258902390014222,-0.8692894499028927,-1.0110506111514836,-0.6066301873306716,0.37980712140851774,1.0177517880495592,-0.7947555704866913,-0.7549031469682883,-0.519064254588953,-0.7160106586175484,0.2248965459418636
-0.08185016567660981,0.9022557528915573,-0.5546182863538345,-0.3699478339192937,0.41424187892260733,-0.44581707443837504,0.13808007272001285,0.7661045863290822,0.9925704368022423,-0.06720446021024798,-0.817252975012309,-1.003664232609693,0.012303143019500149,0.4986756390638106,0.8319891954232186,0.5184349804015483,0.8939520871675596,0.3603921587664875,-0.1311215478396749,1.127710176918575
2.172425953772982,0.15745807127101683,-0.5646833948867438,0.08371670276660076,0.20736682289348152,-0.9167365791031523,1.4339291669496181,0.7068047998526389,0.41420946294473243,-0.7681352809880806,0.9684477880106552,-1.0793514782375435,-0.2998795199008839,0.5617998991004669,-0.25653593017630005,0.2616969238072556,1.3054739023186361,1.5186914127835114,-0.12081782699942831,-0.1869621813177538
0.08201791215569736,-0.08534240939916216,1.7553805714325434,-0.398177966231692,0.6601963582235049,0.29368275836779484,0.9414972352105895,-0.7161298219720746,-0.3217984953180583,0.7352142704940158,1.740402048615907,0.5844338586069137,-0.4618883732357555,0.042233962454958196,-1.981290522644091,-1.0826828569693798,0.28232228347800853,1.0309659138580682,-0.02937473121713004,0.4569780341233343
-1.3451623862833246,-0.38238199250013594,0.6896511475673772,0.3766927097621429,-0.6268443113417794,1.557588694354887,0.37675949636071443,1.5452924236224763,0.5076171231115842,0.8248330777178629,-0.3599097004498079,-0.3788004813985944,-0.19002665350211068,0.785288881581168,0.7501432153673833,-0.3997564587963632,-0.057847466706737745,0.7037415776422848,-0.5028652161018791,-0.6258085255897327
0.3110586576377125,0.5647222768206842,1.050852164771924,1.4850176538580167,-0.2532236985529206,-2.060615797228772,-0.14737074925008337,1.0350610236780808,-0.07201594447616076,0.6886872858624945,0.21163947043493855,0.3348850663057259,0.4311547478620593,-0.8515849879322638,0.061390952732638525,-1.9445794157690963,-1.449071929192429,0.6612320359630844,-1.9002073921305676,-1.4092936702522203
-0.40531645584203785,-0.7625777088106354,-0.45818333990552584,-1.368754432025557,-0.9289409701175203,0.4597116290040652,-0.4267328453444128,-1.230277313756549,-1.034104028540935,-1.10563275965573,-1.1390035926577515,-0.07609425108498126,0.872379493338698,-1.4196278978805579,-0.615414196595206,-0.3545065020371967,-0.22026075263019246,0.22561589263787227,0.24052467709603909,-2.1489161498404457
1.6841836832749266,1.7748507454768767,-1.3152444237630019,-1.0744665513959644,0.3927147332311366,1.2250083198228554,-0.7438900710062767,-0.06869568246818926,-0.28343648670081967,-0.639901102411454,-0.3844368393074325,-0.6370863519570491,-1.9671576312102057,0.8539052460459999,-0.5460010303628791,0.8283431213700868,0.9062059796986199,0.9787719242621978,0.44002397950843575,1.762408110235088
-1.5196692915165655,-1.70650910025926,0.1660952032288011,-0.3451182296253029,-1.1025576791761642,-2.0871505600288516,1.1294179370016373,-0.4074850018156107,0.2919161403223903,-1.3353194564308224,0.0810815435644963,3.0489953415201008,-0.5708426424489003,0.8980519782407629,1.1894025871916827,1.84638690180754,-0.6363066648496105,-0.24407011056743563,-0.21623526313025535,0.1011667692598201
0.32910401525031446,-1.0676259332858336,0.007441754684894943,-0.5652069377030143,-2.256373591482246,-1.4659728042586246,-0.6151122552366916,0.7170718578314716,0.7767277842238194,1.0613136530432605,-0.18168067310784217,0.11024462629614303,1.335729242205931,-0.21456774317105978,1.070142561116632,-0.6874081999793069,-0.6274727722427602,-1.9548157211884938,-2.18144909765437,-1.45279595355054
-1.864480226931144,0.31774297738481216,0.02458938370876917,0.019645398939068307,-0.7977836601450373,-0.7811327275489325,-0.196800212440895,0.275989407123611,-1.5175629403258246,-0.4676997702224619,-0.5492311812757578,-0.7105970190275214,1.056325220288906,-1.1394694796817935,0.44483120154639705,1.0875723320809787,0.6104468859954857,1.7740375788839615,0.561589798639697,-0.3039144260310778
0.7445260766925023,0.962609046247106,0.4076047419009426,-1.0239048905550339,0.2649610558666685,-0.6549274233086609,-0.4917091219055259,-0.7178095100793788,-1.699544766198071,-1.023438374593402,0.7625105738048749,0.9570007813746451,2.0042377942215515,-1.2527473699987979,-0.2356148424497959,0.43522137529829,0.9994658626148356,-0.07810124129965353,1.752270018389012,2.233677006485649
0.6086978417704674,-0.09185496527998376,1.9222454710115722,2.0068392461212605,1.4691709628209877,-0.12167734716884379,-0.49278972400985027,-0.6027287736554792,-1.2055474940932644,0.6663471208532867,2.8816853634974535,0.6349420590956925,0.5975867449211021,-0.7529356256532072,-1.2706648920068395,-1.0188754555613524,-1.1773295368230834,-0.2269889391341799,0.30451326925161815,-0.031010902617714196
0.5358564306789729,-0.7013798535772178,-0.9788801741315741,-1.0532919169842763,0.25868254279251585,0.9084450411107041,1.0271321797148658,-0.09440156201377853,0.36807584323239223,0.9426788230110166,-0.9737209672020071,-0.7438627644936802,-1.6679276315588816,0.25479785359832724,-0.4184433705427203,1.3261493948628413,-0.8778940243614225,0.8897708653106627,0.7168250222678992,0.07915928696806034
0.1334480015005822,-1.9841206517576986,0.23912808873420632,0.4649730332212788,0.48787773910025206,-0.43591413126828593,2.218162165880252,-1.1768344448916785,-1.0437610201794636,0.6745556678055185,-0.44576737403317385,0.24384161076144933,-2.841203863279666,0.4437237997846815,-1.6754559442554922,-1.0838617206085905,1.2299557420530005,0.7892323329829867,-0.074069931949759,-0.15887597381971755
0.2517543851628663,-0.6078256971721278,-0.1718713864218883,1.8824336148970804,0.07302683656661693,0.1689164578432964,0.5299488463992436,-0.534968539351992,-1.11977236715133,0.05602551720257175,0.7549867064717021,-0.30532213272938624,-0.1572010362212584,-0.3178708178028006,-0.6018595736699313,1.3213141031050566,0.29867254654385905,0.2511707020022459,1.340620969955124,-0.2802913873101591
1.3316719365287522,-0.27841855820431266,-1.9575766374735633,0.05817271252057353,-1.6232541387577173,0.2339115744411469,-0.9314031395963104,0.19607340045240662,-2.1182360623509826,-0.38334146491029625,-1.093052510772474,-0.3831441968532953,0.2765685242624141,-1.8916340073032227,-1.7023023666039738,0.5407585249908322,0.21856929203287473,-1.9296839786387072,-0.9799980189639212,-0.7584425266222982
-0.7821628836066203,0.24639591588756438,-0.9973066072811919,-1.2979585065262347,0.33809563051010705,-0.6696024374535222,2.1980736693755127,-0.4160843047614412,1.322093470797805,-0.6733788604946939,-3.104834496467714,0.8936359787534283,-0.5219025289099782,0.3541093033452187,1.0974217016693657,0.017204006922681023,0.2556318912527438,2.469053558173371,0.22058189779689139,-0.5136365040010471
0.741109504782075,0.7390729267050531,0.4937694952098877,0.9684177901644835,-0.00179350237687292,1.3186657544868117,0.7242633025531422,1.3731422563659847,-0.4256711310959487,-0.5665187014346231,0.8168923259593076,-0.4803721216189169,-1.4454465123670268,0.7505090203093858,-0.36839936420993524,-0.06727510886237319,-0.2509565557644912,-0.14964905684798246,-0.46389704791679015,-1.3274655341981625
0.4228733441346666,-0.5482941614572993,-0.6286091832829428,0.8948271935100041,0.048697463384812116,0.33820001941817707,-1.049878471617865,-1.3712488341924056,1.0555877240368732,0.9983345645803652,-0.45994103225929633,-0.8540172882391363,0.8870070742801294,-0.5781095358398689,0.19028399884169758,-0.8234420403945114,-1.524494585869192,0.3002056518720049,-0.39614206280676073,0.468981546845777
0.2825745044838131,0.38563304636519935,0.5669033518330114,0.3936999391440689,0.17891043605621684,0.19335811141088338,0.26538605228188283,-0.13779597280986236,-0.6248820988904581,0.9685507741654316,0.017601229113240188,-1.1698279899036614,-0.7924933643700158,-0.841834569035826,-1.5875876591620295,-1.7180770873284592,-0.6119669327535707,0.6867746267846799,-1.336596306751072,0.10643085952347398
2.090082994938627,0.46198362059829995,-2.3546158328857234,1.4307037791378092,0.40227241583002527,0.24324894537125918,-1.4804083876633132,0.0738057379283925,-0.5220831014952142,1.0140654520085437,-0.8778774992471765,-2.1114128669734944,1.2521459798746795,-1.6121239196226251,-0.7478382513408633,0.03778292735287612,0.23890196194408547,-0.5120560414026901,0.2629554357703179,2.10706812571789
0.19810503889657913,-0.17953539348785574,0.7929946339923648,0.07179546828484866,0.549076933024541,1.1625988786409642,-1.9397242100065748,-1.1914391828881403,0.8684925222290094,-0.09336911109302493,1.8622636635725667,-0.9587547988276012,0.8109028968405655,0.8652282456086055,0.13023587599002037,1.6782313681652856,0.7324662012651555,0.35337852775781325,1.759536697229006,0.16837062233419442
-0.07834937789248728,-0.6290826351424896,0.5508199029979991,0.5336004105883217,1.343146845541819,0.6137037461381812,0.705403898501481,0.08058863238719502,-1.5570003304471949,0.16158315290861347,-0.08145626941712895,-1.123617727651787,-1.1723825729482962,-0.8771392550204156,-2.022726120792536,-0.18384608765336916,0.6304267627063628,-0.3321755361105057,1.7824651137645169,0.6826030724481791
-0.2252335732246927,0.33092036676570896,1.3533006772979657,-1.995687401423668,-1.2499860485027106,0.2998717121810353,-1.5862590052961758,-0.03511626751898487,0.06868371895881116,-0.7756291490839272,1.2061458368363902,0.11698706206819351,1.2552380261128844,-0.04236856361150482,-0.08724698880907784,0.021480613251522375,0.022163597263604475,0.04014632811901781,0.30517652627337316,-0.4126242855097675
0.6915602739527523,1.6236399542814153,-0.29241193053003905,0.09994272879391373,0.7754235706423497,-0.44074822480194126,0.7628463079788952,-0.2520940935461437,-0.2432386828711528,0.36011698439760365,0.39773603635450977,0.2320871916028257,-0.6013700015810717,0.6587255564999931,0.28364135785208666,-0.32949200242914733,1.0652302101151623,0.7256021738736015,0.7031393934886933,1.646164672686235
0.5596425713622083,-0.11646431352852663,0.353647389946902,0.21052198165686006,-0.1256708539868715,-0.6251030533044987,0.12281655970300466,-1.6018036396733735,-1.4791552336291294,0.5423375924436863,0.8517772464625059,-0.649225617729484,0.3337755256217354,-1.245995972232019,-0.8925375996527134,0.015621472227394103,-0.6751465481115552,0.532153622488583,-0.13387840434500659,0.6944068136139468
-0.6158229015860277,0.20699288516649278,0.552968165222195,-1.2782205823191992,1.8312774026516647,0.32909055859531194,2.719225408475322,0.9034593517414935,1.156611381483637,1.0376941241254376,0.6577857235899885,1.425728184183855,-1.3749195892160628,0.7705689502432819,-1.1243523052344322,0.008160901437396272,-1.1505577080970493,1.9253561086124926,-0.21726999624102933,0.04457930636970353
-0.2485091942110571,1.777119035271939,-0.2964063404186632,0.8640339672257702,0.36966409317004467,-0.5364743953181572,1.120719206491821,0.7936150601008513,-0.06588757574017932,1.7272617779299513,-0.5662436473077326,-0.18495097419893308,-0.12600983739994376,-0.5576707800982816,-1.2815802690162161,-0.746861771578691,0.8675121127601186,1.6532854350134993,-0.07503369918764738,0.7910689726441847
-0.09666710756802387,0.5918626838521216,-0.8203123451181012,0.37951149798451855,-0.5574313672936548,0.35501693427611536,-0.17131253472711055,0.494169534215755,1.6609940822684934,0.6194981740415385,-0.9515795235681522,-1.013304357716752,0.2697514756722784,0.3200011885618716,-0.3350307009923864,-0.33818606530627626,0.8610610930662903,0.5236231289310629,-1.4341217382631477,-0.19502851943497201
-0.5934101906729058,-1.0285156630568106,-0.43450816209652615,0.7783052465937422,-0.9030142389331376,1.1747113322948457,0.5862008156358433,0.18015046474325858,1.5448610027387875,-1.1530165244050044,-0.8138749445115441,0.2605761359942126,-0.6515122387408953,1.959449521403027,1.6439847313589937,-0.5365586751938369,0.9403456509811501,-0.008043605896403003,-0.3315694386469795,-1.4322021489686774
0.14782391153119961,-1.28015988234516,-0.5567787730035298,0.098187777745741,0.2693003232702837,-2.4592430691179437,0.2466309571871293,-1.0881562744515525,-1.4458696042763888,0.6662261846638335,0.11275331786115961,0.21344696166313726,-0.8698978287412106,-1.3435895270464118,-1.3349619027770026,0.5607720381204501,-0.744326291735917,-0.7772747592767526,0.6236512809284895,1.4332147206148556
-0.11607904000795793,0.7717584581530776,-1.1087157216974688,-0.6229108767863293,-0.8976329965800576,1.5670091213684967,0.15580527652127438,0.15763786088427206,-0.38651698188301054,-1.5191057045573175,-1.083056976290021,0.7498133923282039,0.3272426751693577,0.4112767829652106,1.3049306044288878,0.4235411845546606,0.2831429593640275,1.2372070055709945,-0.189621867670249,-1.976238484623101
0.3370160696439914,1.1121130420682883,-0.8828384641750323,1.3600933377223003,-0.3281563103400455,-0.13067860668387055,-0.5935857387729775,1.2953987152311466,0.1291176925516285,-1.2329308187659251,0.18746041186369453,0.5460878245571457,0.49080189215975456,0.19027444698079254,0.3292442051432128,1.1692392862422338,0.23315390720077522,-0.36079097599980064,-0.4122936475821548,-0.33983982363519916
-1.1428331796139073,-0.06325588046757757,1.2378600074142114,0.10593449677848477,-0.9530293483265752,0.5256790516269912,-1.4527420242927715,-0.7703964382516848,-0.35325788865231916,0.0317886420536034,-0.06141926279167106,1.2959846785236837,0.39170613136401,0.7620847649109703,1.4307098226079897,-1.1014322294420902,0.6727660919841076,-0.3518902396911248,-1.3168304011325378,-0.8696413072963146
0.5285866896861252,0.3054446365963356,-0.3881635996619823,-0.21736352669090123,-0.6080602360472386,-0.5958301619132678,1.379488952676037,0.15791031688296964,0.42585555015356924,0.034535523279267184,-0.7638012608493165,0.7758686540698851,-1.0391445992479047,0.3079595233186649,0.6899034093260301,-0.2693094008590538,-1.5047784943554885,1.3961145076407757,-0.07976269116867783,-2.034333374188727
1.4781461892474697,-0.05743841998556794,-0.9306833296929466,1.37979056162697,-0.18604900065923613,-0.2786807116726816,1.1120751901260597,-0.7376383114520982,0.1578341294846171,0.11010344322373293,-1.2459876267642465,0.4919762462511361,-0.16096363528680607,-0.5268780763663465,-0.1853914988068522,-0.46623758475081967,-0.7705624844529171,-0.30132201686587107,-0.32133920627534585,0.02492595372648977
0.6823732582730148,1.9684108964087936,-0.8962277061367744,-0.5259134463304768,-0.6551492670998853,1.010766649102087,0.6957219781079375,2.0956159116794524,-0.04073666053929019,-0.4489095862890132,0.9883421096094988,0.11721626226159741,0.4372586816833793,0.7022251539179151,-0.4252794238862407,0.9931505646571864,1.90449340926378,-0.16916121994194497,-0.6244986886337387,0.6299301425601098
-0.6485387905178791,0.1684846662884982,0.23636411935156032,-1.1527275487972266,-0.7770930553580339,-0.24915557053551657,-0.17507765111308826,-0.015162307981594656,-1.0291626210548441,-1.0992451949446693,0.7519941984557805,1.8335986921001053,0.29683964342920083,0.08040753574074573,0.06193179109193765,0.862857053510735,0.35872332249683386,-0.33370093750121527,0.6422073945322581,0.9373996418922309
0.5863362852842509,0.031126866738033342,-0.5141490161952875,-0.37356090449615886,-0.08943299444906042,0.7931297535616295,1.294782562568686,0.6456297248782749,-0.5460626596708262,1.1768174147401875,-0.049768136181410697,-0.06666488122836794,0.409548638817468,-1.0159065970244567,-0.5648537063868023,0.6519607386939119,-1.4819712725371832,-0.6100007064861344,-0.3395307363656637,0.22210814493493328
-0.08082168416756681,0.45948839689873494,1.2074633162744062,-2.0026509989665278,1.0716345710562467,-0.05029067068054131,1.4259432762549027,0.6197482791547791,-0.3502332711975783,1.537901607396826,0.5418700158407491,-0.45208512156216335,-1.281686227466065,-0.005837256151726718,-0.9797032924898176,-1.3718405677075394,-0.36692736555260225,2.048945052806719,-0.1523778873806869,-0.490824640359159
-0.9605305093947465,0.9406090645259587,-1.117267249798817,1.226626372794091,-3.321633974811007,-1.1175333644990693,-1.1273726835628055,-0.11688224043921995,0.3953634563341905,-0.43709655978678236,-2.3641858710049184,-0.039187383794775245,0.8470158883723303,-0.5153911912053307,1.0001193469936374,1.1120691934913627,0.30682993513787815,0.4955988260633987,-3.078086106759811,-0.13574409618458402
-1.8570762986601554,-0.4628499204521046,2.3707588265518322,0.3246450719382995,2.5788699849797267,1.5031272128988178,-0.6114796519394372,-0.6303403400756384,0.1993187764585367,1.469077454665195,0.7808801884607228,0.25122621893427355,-0.6083847824276498,-0.6142688732015678,-2.2389572384028242,-2.026597884064046,-1.5988373617898803,-0.2710510894849925,1.6543896684635857,0.05720240534043083
-0.48073371282023797,-0.8995739207591472,0.08573022183498402,-1.1047385219593115,-0.7943497639463079,1.1259473611043758,0.6376724127766993,-0.2848016758877904,-0.2045064890647254,-3.021025585693915,-0.31698452457146004,1.2615970014628446,-0.9109793996830238,0.9043734380495028,0.047687780363023465,0.6380772796777353,0.6421776661809888,-1.0588558526220435,-0.055477622848278375,-1.2553165160942445
0.1565145815820536,0.6508797145395943,0.5543793313867635,0.4260296865944558,-0.2912094489964844,-0.2912081138051078,0.8744475526222337,-0.19132085519731315,0.3371151521899254,0.34613729388938325,1.9777515773099354,0.17510987301778927,-0.7713091532608332,1.8313827509136655,0.4086898392525871,0.8782219246875669,1.7938566605120863,1.4262785942372715,0.3739350570607033,2.2119405232588476
-0.41593788778436874,0.43246294547897246,-1.2936791297526824,0.7525590168350776,-0.9430856571737962,-0.3655002465696533,-0.9106029726167315,0.0005500167228728444,0.6388235045469005,0.46466653594181023,-0.5985298646765407,-0.8838623974680412,-0.29437356454942637,0.070527540287748,0.2885639810646611,1.92001194204333,-0.4281557892107258,-0.5202917620225297,0.1116004474086962,1.4867706100030609
1.3741291254100596,-0.0833675918130717,0.11683466481089479,-1.0382948159050245,1.0761139384692477,1.8443765522982911,-0.017310025261596484,-0.024173735637119748,1.2276180055259365,-0.3712196871158352,0.3165164882627999,-1.2103799880719017,-1.2546784947396794,0.895635368059517,-0.11878447942935702,-0.29759964225267277,-1.2075823142561055,-0.013199958130999948,-0.4763272499177874,0.16557646306807478
-1.2991638296519705,0.28294988426396106,1.2386473308976593,2.65270943498298,1.4648701914861535,-0.589099040702172,1.3841474565244194,-1.1674094720503376,0.10484932046486552,0.7255814155960121,-0.04994843532749524,-0.6119386170824519,-0.3248235822776529,-0.6471413030283913,-0.7275476370146836,-0.44154158686286527,-0.8207719073410071,2.0052564797206696,0.7627185198304626,-0.49225180073943087
-0.34618071588311955,0.6239262169551839,1.0945869329513136,-0.608813537205453,-0.10321629154320461,0.924885160542229,0.16680705821590272,-0.6152255302391676,0.7210177154609424,0.16967931012567386,0.7406472061985916,-0.3215071700219001,-0.4115998224785745,0.6672329032168568,0.0018949312844567623,-0.3691035739927772,-0.6180721543906793,0.8215282639168301,0.3404261744777328,0.41253952957812745
-2.174223162783768,-0.8473494237155287,2.900184329528157,1.587065883578102,1.349510306420114,-0.548293440059825,1.0126014808258523,-1.382789198533481,-0.016798515107280813,1.1656064063457092,1.609521868257535,1.963181094615223,-0.642027796497376,-0.2636313146972129,-0.9550524308856303,-0.8919805461984818,-2.8071302592166325,1.1924241059970984,1.4528210733860623,0.9655849591276738
-1.1686173038142296,0.7133510818001767,-2.217386705340598,-0.24189590285333107,-1.222698505063709,-0.8927098669960764,0.8361080201020782,1.5206036976606518,0.8227639272292946,0.8389898683718545,-3.3916792281491297,-0.8307708909482829,-0.7097346770230991,-0.5647562981180759,-0.4413274743096592,-0.29470186847161667,0.7601817230126947,-0.3223834709239042,-1.2982455451556791,-0.09592102135827668
-0.16858060436134042,-0.10960739235452083,-0.6049872797587157,0.48863708606909506,-1.3287569016709089,-1.5115902142881836,-0.009366249280284943,0.36028059135796575,0.748060658032462,1.469203973950561,-0.25446397944358523,-0.716353960879595,1.161094874987924,-0.7697753624314302,0.24098110907093137,0.4550348026791768,-0.8350715237973765,-0.156997508757219,-1.3004540619985192,-0.006279176659092972
-1.3958391908631371,-0.25298843228957774,1.297661715951678,-0.6014850765911686,1.8436019547989517,-0.757317169576265,1.766671110017527,0.175792438857536,1.9815685883105916,-0.8773600849561961,1.1063398960823185,0.5585117657170676,-1.0178554157133826,2.0311999294292407,0.8295330029175577,0.26977439196337305,0.5620186535198605,0.2033503599893469,0.5236869966051717,-0.09346611713804101
-1.6950837745441911,2.32538635839761,0.07201704330064587,0.7741496594069164,-0.9206455987797365,-0.07010709198952282,-0.6308335556296051,0.5728786839890005,1.1486860307076028,-0.2432194838284966,-0.5233955631201641,0.005448346281763711,0.7123668250947252,-0.13925666007066045,-0.03928317008810674,1.8368569015514609,-0.35439920161240673,1.5829728666481588,0.5958803361722959,0.7611211008122774
0.49992842775265556,-0.4393695965375162,1.0741977108872642,-0.9755428203704684,0.20486795427142734,-0.15233569998405197,0.7041736770838121,0.33674999211520373,0.4385741627028285,-0.3329648804060904,1.6527391501063238,-1.2868166647143404,-0.28376917910081084,0.6873037972593738,0.12611604410785826,-0.8610631494858999,0.1898898189406947,0.7193591738381588,-0.10211751951473169,0.4320976339990842
1.1530830194444093,1.6086162861614597,-1.177924430237113,0.4115459938822234,0.43168089027341483,0.9556423759347166,-0.29578089707613114,0.9014348685299134,-1.15157105151834,0.13719795401429657,-0.48764354543533844,-1.423338829343719,1.8815921016401143,-1.7457646241130858,-0.5881708144672916,0.14823142205658002,0.4340732524573235,1.0341174744134487,1.5658900960970628,-0.7504149702409544
-1.1716793248755148,-1.4122847120694189,1.0987902799007645,2.4298422745000035,0.7950872995482813,-0.9384962691183207,-1.1173497118161404,0.14085388694321913,-1.1493580868973032,-0.6789940492062875,1.1322148358397361,0.21393367492528667,0.7178938165904715,-0.6021512207217459,-0.5094208784151485,-0.43920113061068783,0.8192770338309224,0.3228247123501895,1.2661096760877186,-0.03275025812172778
-2.643832060875871,-0.1606597946769936,1.878941053317765,-1.6820455151558447,-0.44652651849091485,0.3887932341625763,0.4782209716655236,0.03403431570245646,0.4550644149652889,-0.07915062115057228,0.12596007576537252,0.824606060511893,1.237124056284281,-0.07165720699718119,0.9337649426937353,-1.558137204878571,-1.0645112647782211,0.4754506459132429,-0.29860040696503465,-1.352037153715113
0.5890527882578755,-0.8885063602842563,-1.0624004246125223,0.6354311487805179,-3.144852667236738,-1.143725336757215,-0.9341125995957897,0.9490653254704596,-1.1249385079447851,1.2739374527236842,-0.7257711527721403,-1.9367288493220283,0.6276865893365613,-1.1706323409879238,0.02159708872523373,-0.5064556645291428,0.3774342630190279,-0.8512996954373938,-3.51163411413772,-1.3266162139107225
0.13158654192228822,1.5141689748868283,-0.9947386063042741,0.7027238136875419,-0.30348826887842806,0.9568817468678015,0.6688359747141321,1.6060087102067777,-0.06397303120092407,-1.1189686100084073,-0.34435057570298017,-0.5001840787474894,0.03684497064116939,0.6347976515494782,0.40167926507211305,1.7854331487839565,1.8790239883810327,0.42700149249847963,-0.3789102003436034,0.5277172714328676
-1.8486554819482242,1.562100092284079,-0.20323562648286486,-0.6157906177670212,-1.038041682242002,1.3503049006350718,-0.9684550967920171,0.0626378854134661,0.6319696829295118,-1.0837484509028141,-1.4713852064098794,0.12248701247617487,-0.5074181399547276,0.7697211557672421,-0.0781593304169174,-0.3899236584547344,1.486827753102015,1.0516987565830667,-0.2352682384861975,-0.14596418409114184
0.12675148716005571,0.5812734104687381,-1.3217637306523102,-0.5496301322399927,0.36736901564684166,-1.2328011314780318,1.2771944757091023,0.5416552989798746,0.34456389312586916,0.2935544207090241,-0.5659531248742806,1.0643682268386616,-1.9568608895509443,0.9860615141598265,0.06211072618635744,1.5880458901629395,0.4931893540172569,-0.7030280577060264,-0.44837477756871086,0.5938458811360448
-1.3591978315855808,-0.10893919710254017,-0.2428651115395775,-0.9683236192081786,0.864568951089415,-0.6836460310179148,1.3675312298455673,0.10823954886735083,-0.07562503139736672,0.4265327984526034,-0.28536742792814185,0.058828925588293925,-1.5235569470503163,-0.3799402006632529,-1.2900875835502308,1.0926927326639806,-0.951291104587582,-0.09453882025494141,1.1791441257109634,1.0496095245001804
-1.4163935636917588,-0.49980022005936636,0.8668898941167984,0.05494589402722184,-1.0250068719153045,-0.06136986475300656,-0.4827590946070809,2.1198172924004473,1.3562299656491554,-1.4777387772264376,0.6978401978374529,1.2397279753077441,-0.5190000590084789,2.582701433803305,2.223035159030263,0.05275476425192957,1.2786551754024653,-0.7362111993208218,-1.238508202324506,-1.117998082138414
0.5485717559803297,0.380643799013043,-0.8032966189272778,-0.46363686174473573,1.1158982371554058,-0.10018294552785305,0.19465193507492035,-0.05469776179302931,-1.2158880068405709,0.8223399623155494,-0.0959540649166809,-1.5844508026625075,-1.3183320128242568,-0.6030928816732415,-1.5146988105886612,0.8584335278546856,0.7029472932888364,0.5939596442361591,1.2905766728299692,0.8775547307587211
0.45440950489394344,0.6434971175092313,-0.21687072329044046,-1.84107628197707,-2.303237737145029,0.519361338293356,-1.7609445505005668,1.661059827181523,1.8447458356311752,0.4808613875289342,-0.4540827002873673,-0.9039699735025583,1.4617941232314167,1.2004467895734539,2.6597816337405527,-0.2726289247732047,0.28120804208095423,0.22630889199449447,-2.5649223846927924,-0.3943088017208766
-0.5486745484299563,0.0712009608950879,0.25343534399832757,-0.9627398812913232,0.3023830298505502,1.1060927108043257,-0.9399610616624116,0.45569480558854475,0.5723415185109852,-1.552128110428754,0.5868576444438058,0.7733534613381094,1.3586758684626388,0.7229113813699111,0.9542723524618051,0.7956572292463626,0.9014233060453731,0.3746372805996502,0.3102655421423629,0.2510581870821453
-0.3353835968244999,-0.661471194568987,-0.25620879432766236,-1.214802172106628,-0.2659592731227108,-1.4461203678076895,1.1020129169515431,0.7705831185468394,1.0676925043465897,-0.6845127530458116,0.8839376363819904,1.7741246924077625,1.6695121420175616,-0.05483052183224917,0.49209464633810174,1.198014641605991,-0.7340749960908347,0.6274196686973863,0.4185299037265651,-0.8182999573579957
-1.0228760274241522,0.7570050728281291,0.019315671678224407,1.4360840760794675,-0.3873219527513455,0.49017033815007405,-1.2122321203256698,1.2724681048583135,-0.8784564747276301,-0.4313029445892513,0.4478348928115921,-0.541058110868471,-0.08375826007706443,-0.28878039853320564,-0.21572989266053424,0.5165346678663179,-0.3309515782760302,-0.6813614840275518,1.14799848687241,-1.7466658733953566
0.7299210692577223,-0.6327875177402996,-1.1043591957589398,-1.5766137523526875,-0.8945161726420487,-0.3635012559969336,-0.11696902078844158,0.5649805491151184,0.11272489084884349,-1.5713434494238745,-0.27719899518505275,-0.24224779104301286,-0.024093358335975635,0.5864907431211824,0.834302283616745,1.817602230284932,1.228591212947247,-0.3268721605475478,0.10342872883233757,0.7336332697063247
-0.6719589167457583,-1.1104730609786142,0.8215809785324093,-0.03339975419272066,1.197089765215467,0.16362810812397574,0.20535268880054014,-0.3970494026782766,0.14060018097324287,1.3942238705392007,0.19956467370814934,1.2291557566791076,0.9299681641583966,-0.41884675092326035,-0.28636530952496786,-1.206416640298224,-0.3002064232446033,-1.0114584589984428,1.0457730028551846,0.8068041043075005
-1.258820739358551,0.1383403635870894,0.3350259512234919,0.6127550441212741,1.5844867105086538,0.02817615890815699,1.2532511882687771,-0.034695772821739454,-0.035564529254939685,0.29553632430067905,0.22523098365055777,0.7308317694048396,-1.5885098364551429,0.482659757411285,-1.4041393503654953,-0.6949774349203318,0.655606819252929,-1.014954464291446,-0.009521222837788192,0.8010903740309879
0.5083062926594781,-1.5120626527367422,-0.0227350948510191,-1.4161131464489907,-0.551229204510386,-1.1597912929429488,0.5477324384824425,-1.2668629839479426,-0.5232537761658417,0.9623494054734584,0.5126534455450503,-0.7991986274345662,-0.2700736574836577,-0.6219211301365084,-0.7684969284664327,1.3693329417544449,-0.46322356016595784,-0.3543573008154353,1.0370896128497484,0.18273437045905175
-1.1740396749722926,0.9577535511003107,0.3870389679620932,1.4833765709652729,1.1346233090455191,0.10866434748915771,2.474354419288548,-1.8484153231482507,-2.725870621958115,1.1278292852003189,-0.7465577265795625,1.8941633142606196,-0.8663657709799079,-2.241231225633176,-2.857565910431894,-0.035080362863367825,-0.9617391940741583,-0.1636849680682176,1.128023892581177,2.2750875103155637
1.587540291149433,-1.0595396718083145,-0.9419460885820904,1.1692221181212976,0.9285804647886078,0.0035620515475148166,-0.3362176341575239,1.1085559268656975,-0.18485149005636156,-1.2295975498849132,0.8056912468314046,0.022201855278919148,-0.48478698736269327,0.6450932130389189,0.15824310186337817,-0.39695145614122507,0.6784314889854498,-0.7580217601745476,-0.3037196174486808,-0.8693269658469417
-0.41028170703000316,-1.0097631035750156,0.9320010518631802,-0.9185216450403678,-0.21187225655188496,1.1534344986135068,-0.734439629587592,-0.6083955415240411,0.229271187668665,0.7869293520243835,0.4807833445662577,-1.071242563796788,0.7461890986239943,-0.20146235640576735,-0.4490905359352344,-1.398099715365057,0.14060270137938774,-0.11680465308880136,0.23527683113736325,-0.5426384377714202
0.39457983657673845,0.05600754174928255,-0.23366450912185138,1.370353350298655,0.34593093771301375,-2.196937598464544,0.8937264380283163,-1.6900543110148203,0.426924508374692,1.6422759341602946,-0.34833336764258765,-1.9348678242149822,0.6028131555153701,-1.3678647750940816,-0.5312207326662302,1.1662275391147965,-0.8617939979708266,0.9189808068875135,1.0094590629555555,0.80326956762889
2.652907683409147,0.7255750653637227,-0.6436413270801936,-0.2696021169546961,-0.5107852787722846,-0.1726821774766054,-1.2934809497964272,0.06441474740620026,-1.1871470907439963,0.3059236211300704,1.3050934702025974,0.18981698753286616,0.668957344037455,-0.5760666457357567,-0.4133004899699139,0.5522676921322119,-0.14594613980661997,-1.2617898440529414,0.5201006800508472,0.8384140869161313
-0.5561268840416722,-0.6989965443422897,-0.5941230682098575,-0.8056049118334526,-0.8170902255690565,-1.4206479886291927,0.747112254484364,1.6512314564912067,-0.46415116820528746,0.37936241724795056,-0.7334703581792904,0.2014699735579333,-0.7354545289552196,-0.11843631166300773,0.12259611736351966,0.9487740181774657,0.29985412884552354,-1.3392919686021771,-1.0131341171567472,-0.00240734902421247
0.037665330679629114,-0.1481301207743023,-0.4035412117879235,0.8481886626157096,1.1847761841865132,0.89271184623844,-1.2201551154152497,-0.6798869381810531,1.1424959145780396,1.1079315392853872,-0.8223928891214336,-1.080791334829015,-0.319545091852055,-0.04181206737748367,-0.23974346831166038,-0.43607486667730144,-0.6303204636509518,-0.6141539620172193,-0.10765606690871651,0.31551395300038454
0.17131811599231006,0.22181288796848903,-0.5147872606165821,1.3407841893178591,-0.23380124000153052,-1.0998090857603755,0.42414988391875946,-0.7161778405351173,-0.8867296354459577,-0.33456940360070364,1.1954846868831943,0.35638362217773006,-0.579356234085118,-0.02343497981312103,-0.5381662893426185,2.1704246605335635,-0.022136737099234454,-0.8864753921626021,0.6504578787016343,1.452512056388835
-0.9435694752609195,2.1632032872361484,-0.5621629849871204,1.7972016199087837,0.8994736620419308,0.15232139305578063,0.18885440803941167,0.567665054999782,0.2278608891515837,-1.2850764552308007,0.09858880322171794,1.1984816766237798,1.2560036732279485,0.1213925428474829,0.7348945992613681,0.6551203846573753,0.5573364936404377,1.6064320249598858,0.26108057733182377,-0.4027628276531635
0.6057562967838319,-1.0479263171966147,-0.6348738496959848,0.9943103761106722,0.8795993469081038,0.2473488277856661,0.4967532220998485,-0.3563372995029812,0.8021373306666457,0.4744110296407482,-0.6694714675323962,0.6350353898071232,0.17035683621511713,0.0545031966215749,0.17308711490526799,-0.6554358821219709,-0.4248934254998544,-0.06212612977079311,-0.8510568010445101,-0.7376371244305843
-0.8125729747967532,-1.1044904506675222,0.49258271912974816,-1.3270235792151497,-1.1025189214130442,1.0016135372364277,-2.8023585313944466,0.5346157621289226,-0.4708534076130929,-0.20662355230149873,0.2599666495173352,-2.7014444014571657,1.7128104747006758,-0.37696017850838615,0.8406558964752121,0.35209059061832776,1.244602964240815,-2.8820531424140743,-0.23616497484684215,0.4667480175948127
-0.6183790340779606,0.6104642165884981,0.8242812312236032,-0.1275432646244656,2.182068911482597,2.4442898764589733,0.09527518710033624,-0.027359515084283328,-1.2969495782744678,-1.2094149081556849,0.3700633979939435,1.3212999665290548,-1.0384439195573139,0.12938723330740035,-1.3404155723968496,-1.7299078725413242,0.48254238242053243,0.04209719198296636,1.0058818333785022,-0.6998511591120823
2.6529900328277893,-0.42517364974249894,-0.9155417256537595,-0.05898669330630871,0.29509572073130985,-1.102811501715185,-0.013593267820010706,-0.37228604878021165,-0.2807102389772389,1.4448102771538844,0.6860793289056168,0.18476778664586807,-0.06317226455884728,-0.5409364754518534,-1.1278428355413943,0.5159808140044486,-0.07930644420367214,-1.018064303262221,-1.4506152338173701,1.7452068637382434
1.2943675223986102,1.154836428582221,-1.1345454749769321,-1.9525015847923979,0.2591768024093953,1.6815434587621327,-0.85144109227829,1.3577214035355931,0.5537827330843681,-0.3964890759275468,-1.031787475114101,-0.9181859130828427,0.46000312820998335,0.01224070694578129,0.42662450828659165,-0.44317931059400134,0.12192661526240114,-0.34468578787291365,-0.34815315192303425,-0.6471524782876802
-0.7666329595063406,1.6771686080467587,0.8937657621192634,0.06194924808590831,1.5713926335491792,1.4156212726097726,0.09564761717469872,-0.45815427665594255,-1.1971943783280117,-1.7714183227128681,1.0710713509314624,1.1823079844861377,-0.5850512933217283,0.20986202628498285,-0.8592947467087573,0.26066754749512944,0.4477320609170392,0.19719659806686982,1.043198925073447,1.1373587436301422
0.9813098006278588,1.585614274945883,1.055303645168872,-0.25364421518036606,0.6613542924521141,1.2626657294140098,-2.1199115110768383,-0.7138893737308891,0.09758329038775271,0.190104588371344,1.6903358037393847,-0.8996639744297573,1.289380253772719,0.17851826766911663,0.5882377823233118,-0.018925899486044066,-0.33379931386032896,-0.142249212855973,1.1989180486464848,0.6846857529530999
-0.18153793067646287,-0.42823685621227225,0.9036144252874141,-0.08065962366117325,0.4474142973086028,0.6662686962390257,-0.8305305354350818,-0.36521794049082384,-0.6174702201233047,-0.8041027318970725,1.5715740618604368,0.24080578655847906,-0.08614887127625763,1.2877095762818231,0.924743800174627,-0.04114145690233755,1.7367934129696154,-0.4148224467915597,0.16831048578525384,-0.16762832597968916
-1.7921267573302655,0.9522439286140473,1.5834899009440386,-0.05801759394713049,-0.46885669784454864,-0.16547765266284561,-1.2324292989994066,-1.49002475956116,-1.4816747780614967,-0.40071479726068765,1.7861779434434266,1.4998218889119757,1.6865913558600483,-0.5481029626395718,1.2133950603679067,0.9220776209811822,-1.3948952720439096,-0.0945521538258593,-0.004193232837885,-0.5431683135961235
-0.08760047669826261,0.04148862204465094,-0.36223750110644237,0.0931924497779797,-1.3194244638692805,-0.08610461287444131,0.7034295486255837,0.17989494523910268,0.7929971771675918,0.027782044049938334,-0.8756163547901743,-1.1592223337424403,-1.0416644287595596,0.5725962443085942,0.8030489817442316,0.14635908570612477,-0.6551804365504579,1.1578019239055268,-0.45209724780498084,-0.6209922027559857
0.1487833674003542,-0.7053467908468756,-0.648392035179508,-0.3994193977454941,-0.9010352413135962,-0.02371011701818497,0.08515970357100959,1.2543933084949435,-0.6225847825036009,-0.6692796554392494,-1.021309580539275,1.6154803244078482,0.1439129659429103,0.32386352496950366,0.8535780295912793,0.25661842846549565,1.1843561136741916,-0.9813339077055185,-1.3157372748762746,-0.3123160305639352
0.6084911655909165,-0.402970637994505,0.5580443891714065,-0.6525197971681957,0.3431445923998461,1.7539290740876035,-0.48699960031513395,-1.4190322389900414,-0.7369002431936881,-0.14429019603897483,1.3105583971598957,-0.24926623231930384,0.9477166334521233,0.07282173735342373,0.30885182783152115,-0.05581454649273088,0.13901368244631723,0.8932437952342324,1.0744183847122344,-0.8311860237356327
1.3114079947464854,0.4136558613452847,-0.9369013440079909,0.4293852627795103,0.3089286843727136,-0.1575189167302294,0.4078866680621125,1.5406718133453068,-0.9603984367954869,0.05870902959341939,0.0184995278239309,-0.16311589181702157,-0.6852761333160223,0.06661996149431025,-0.30103557564878897,0.5311294123649332,1.1127837125557292,0.1854888966719801,-0.031655278686326144,0.3876065997867371
-0.9721872622981763,-1.8106279197408586,1.1906002972008465,0.12488080856296094,-0.13561154228187944,0.25805424657690873,-1.1373909404075573,-0.8292416054556518,0.4632346778506848,0.23631156079402155,1.0719896464670313,1.1293725548884102,0.8143035483870436,0.42985610658485984,0.2844734051560847,-1.091124640199643,-0.13346590159090463,-1.608900153651123,-0.8970109669218286,-0.7505925112318446
0.4038468367361034,-0.20737258276984705,0.8938720159430724,-1.0857993583758905,0.5821699576713111,0.3252254566588502,0.7912958080593072,0.7937185573935447,0.24589557589537483,0.8411107946957209,0.45021533090104593,-0.4871330476883614,0.17295305113147277,-0.4429033012689391,-0.617429668530905,-2.1067317079723438,-0.927399485549968,0.8921094288416114,-0.33187276351248507,-1.9716878303728702
2.5921747886090163,0.3173134642849514,-1.6266005143421531,-1.4926824377375607,0.06345877310502746,0.25097024945082713,-1.0662047327069448,0.9695380282241883,-0.7335265255689792,0.6138339425700288,-0.34378657533296925,-0.5877675291509937,0.46233536037657913,-0.3130634481773706,0.6681175305382376,1.2989326683318687,0.4073986020463289,-0.01756024909578745,0.7171114341550936,0.17555285667957576
-0.03064384787987479,-0.07223482360985707,-0.5737777690381234,-1.143994556118424,-0.11790979089757377,-0.29906966379782,1.6188017892240656,-0.8608170558290362,-2.182732855283733,1.114677245872197,0.04226897825272495,1.283138369636777,-1.4955433193428485,-0.6390820476723245,-0.9837065628347171,1.176200073039717,-0.6526420393943314,-0.3984941352017638,0.15257396811344734,2.2965643363033483
0.3037010738138508,0.17882369553235897,-2.0290393468126515,-0.30785671881294396,-0.6238671289741705,-0.3716944969069166,-1.072896220418675,1.0296319571535248,-2.0018531154360395,-0.4151197891451006,-1.4690826718868524,-0.17815308305310687,0.22152156666480732,-1.6322173286018578,-0.5080719583703265,0.6244563461893218,0.24301998990062637,-0.7486553676169144,-0.17793813625320778,-0.054398296373998095
-0.636851528097483,0.39506343708446867,1.436455591361973,0.0428949099261261,0.653827888292372,-0.4554148163765537,-0.7683650234520734,-0.6363946768350593,1.2954526524593741,0.8742608142841203,1.117699720632659,0.30935390647493194,0.9803026436909312,0.07896648642498048,0.668107138986562,-0.4885896364173237,-1.7755198545143402,0.7357437282436415,-0.2928429853457209,0.6266568812522699
0.854855078995644,1.1496167156591586,-0.7141614666999413,-0.9381626316375822,0.21644499652595126,2.462489121038095,-0.9464103971149828,0.6258901548778067,-0.14329142719145535,-0.709561470564939,-0.8849865691990916,-0.81016384190193,0.33128889601702005,0.31970929098975126,0.6575598210597079,-0.49738689755164384,0.9980856596200651,-0.5963406998495043,-0.6486344392548292,-0.6182270924339279
-0.011697975705159416,0.8409025603772827,-0.36440225592823206,-0.3046666818298257,0.019618412639342227,1.2586670298827383,-1.062878683749836,1.8049271160298246,-0.11904098248124707,-2.156225454604011,0.16794628770088832,-0.5423312661741597,0.6080083145411388,0.7756324537855284,0.5849374604142502,0.44649000447913134,2.1699903089702706,-0.6742461658916703,-0.6037364781755674,0.087160454840241
-0.2899085374092772,-0.11610108521897006,1.6409015528859734,1.7363452722501902,-0.6207757736841517,-1.5411555864325144,-0.4616907204729547,0.016071293082530844,-0.6723861529222,-0.8077245654979315,1.447406392721506,1.6435724839858414,-0.0788990773962011,0.9045631528443312,0.9969217509622722,-1.0543306352449195,0.9253998591521955,-1.1221299680740022,-1.1319076038947287,-1.332187071185914
-0.9717845548722414,0.04763746676047603,1.4079570595792765,0.28860342668711564,0.45839436876944295,0.23127940874912067,0.7227520941002238,-0.24721402633263784,1.5637167587853746,2.0219672406375584,-0.5130069692942333,-0.6083979973210424,-1.5260332965535537,0.825578086207511,-0.2678283649528928,-1.7924201595807534,-0.7227297979677525,-1.0298785307678202,-0.470626267087036,0.26851760442523503
0.4386813217810149,-1.3409401562098764,-1.206170463066908,1.0668125615652435,-0.29571649160215313,0.22055736887217378,0.5154312025113366,-0.8846084594558403,0.6349300702596746,-0.04518878236218281,-0.44449669646761564,-1.0427634307254479,-0.4710983863070552,-0.4347189184502397,-1.3201314869646201,0.99172225233979,-0.523190161281739,-0.9382944747694908,0.672469649054609,0.5360256425617932
0.5754663449891554,0.0992118961280919,0.2497998758362524,0.9770105198904953,0.889899614863153,-2.218411859928782,0.8798361157529486,-0.27187932980013063,-0.316240733059459,1.1260912314146563,0.4522910010247845,0.4713004774773814,0.33178436889823604,-0.7459176787392419,-0.11966514970384615,-0.050059599398754824,-0.4834950206969259,1.4127024733913476,0.8926008759262802,0.34625254467859146
-0.3089767717005623,-0.4104073278410909,0.7269833714296131,-1.4528420329911544,0.39597896035202707,2.0623920456962215,-0.7428122982003736,-0.8658799955617033,0.5825839041089093,0.9768103129354212,-0.879189704245716,-0.9064381521193221,0.44839753779588726,-0.04359740283582602,0.5879124712390325,-2.190688330018171,-0.8032151105371295,1.1439072637507564,0.37132480734734646,-1.1426633761459426
-0.73441563094841,0.1570765427995662,-0.569811620173985,0.6324624152498505,0.5180240301074992,2.0143348608768523,-2.2544114895361878,-1.0252701585545787,0.22532004779953135,-0.32922459152869293,-1.3455158173425776,-0.5071103440764047,1.068048413731177,-1.0052344522799312,-1.0846724334466262,-0.5730123881028716,0.03188419862764409,-0.28117151024957227,1.014464385960784,1.4914819099893362
0.45312656332633283,-0.3615178199666448,-0.7668119231319466,-2.163036257289906,0.9027317791131545,-0.5435340190753715,0.7056915604380568,1.3505985771179714,0.024074229133729315,-0.6262012938611508,-1.321828690771912,-0.5415202406843909,-1.0629070141472483,0.5314562617752971,0.3462322219741008,0.4081059517612379,1.8222692591461855,0.2766535653864184,1.1810306552371705,0.08193377521196245
-0.14366989820569603,0.41252203416117833,-0.4708238169869307,1.002047162227536,1.1588692861627061,-0.31082374834728504,-0.6544879567203313,-2.1579918035797476,-1.1199662151744552,0.5132313054422841,-0.5370086357441416,0.8247713787928626,-0.4131573649603323,-1.958165139001995,-1.7382850574719815,0.6205449861858645,-2.7542968425445524,0.22077441350885482,1.3873278326633642,0.2883778772774831
0.7877714776659792,0.399681584934977,1.2522009471525823,1.4593084664589082,-0.15119317391417328,1.6780656815275177,-2.204475189431516,-1.7898752499181394,-0.20680893126933464,-1.0191982180203387,1.9321982804449556,-0.38910540297319024,1.4066934070613175,0.10543002172502829,0.028106629148738585,-0.14100603112455148,-0.018080842609555,-0.5579976650905615,1.1044748706966576,0.971785739382347
0.7555201323100258,0.8275077709291614,0.4542463778396924,-0.7321910304132779,-2.0250082619204615,-1.2909542999249888,-0.4580674444012381,2.269069529516304,-0.21445836013906733,-0.7939692003848791,1.351070752424117,1.0338586653592154,-0.17723279672812597,0.405693015689907,-0.11093023935908305,0.7171002281187066,-0.1247591736662956,-1.8429133176709247,-1.7971732219971397,-0.88605713816111
-0.6133791526787615,-1.54970554409591,-0.16300017510290166,0.25241232617965714,-0.41859221293414395,-1.2102633193191885,0.49609906112080143,-0.4050620890539265,0.7715300667970639,0.8419919049130742,-0.5168844112312497,0.7426307002019537,-0.10203809864201258,-0.513012987340114,0.3571439536491845,-0.8162552719727905,-2.6555048316111387,-1.216376194771656,-0.12506073955011626,0.26999711079128547
-0.10668413742404739,-1.751289643500519,0.06281979131856662,0.46318915586292153,-0.40958435992554537,0.10779462899666764,0.9580876046185761,-3.0122032350488768,0.810087092160407,0.316493380169063,0.7376491681208832,-0.31500632713348115,-0.6155113926559715,-0.12759572220808751,-1.1605484694616626,-0.4525592633572019,-1.880392588828221,-0.21428608318489856,-0.25918245992827377,-0.1197429004217356
-1.1362212852831115,-0.4830871641515815,2.8608089160166745,-0.8544775886279421,0.8283253967720389,-0.39071693628404053,0.457777706961564,0.3558180834158351,-2.5409233576649153,-1.0920016519350169,3.0520090617469178,2.657570138273961,1.6353469036723125,-0.6961324311544695,-0.776179001521522,0.15623247062827522,0.7454313551074292,-0.480599439542828,1.8615418498266847,-1.6152112293848617
1.6845970022209429,1.0397505491790526,-0.3661072456991812,-0.5393043104816136,-1.8022449902342628,-0.26042984031817296,-0.5388124165718271,1.3555095176616325,-0.959123926547041,0.8346301604039904,-1.0215720577257053,-2.507359744380587,0.0030808956964766938,-1.2883350023175044,-1.2139509799682902,-1.3470403693550979,0.794653342978283,1.3038202165888713,-1.0213268171355019,-0.6133545167694665
0.22073615511493094,-0.6514420062615754,0.32920787681196356,0.5967189654631913,1.202734048669739,-0.323568220696209,0.29415497172126276,-0.7705564326967723,-1.4776020041648255,-0.5668080471780226,0.13764169248506394,0.15513867817410754,0.14531687287507067,-1.0752684077386556,-0.7945055000339509,-0.9400220294380461,0.1747318353354971,-1.0344222821482778,0.46209530427854395,0.03133458409644821
-0.08972708572906771,-1.0519499447701068,-0.7048048199816674,0.11416768515385184,-1.2918211274259268,-0.8806464066508918,0.744627351957273,-1.2345855241893597,-0.4940772056854203,-0.9470055727975168,0.1579540920008855,0.8112033631034069,1.1582767597084846,-0.78189185318117,0.18374410234868374,1.657520757597571,-0.674142288027592,1.6160327076637535,-0.5917912676095893,-0.5024364543871086
-0.2124698973120682,0.18955636012346738,-2.5402294584265186,-2.773591785467933,-1.725636440841796,-1.1974908029828624,-0.5768547105426608,-0.9352154257464915,0.19819276676955325,0.660609049751864,-1.8650969073992112,-1.168655805411052,0.7218435254511648,-1.0582776641628506,0.4431527963668222,2.1994281210713873,-0.2763696440249345,-0.5050450084658369,-0.7182013950785405,0.28628460339330725
0.5038526774190082,-1.8571509087888036,0.29868059211817055,0.322596293135516,0.421806921950105,0.3105700309289917,-1.4049607230430066,-0.19044695634762668,1.5983761986775569,0.1903970740823142,0.271339609427511,-0.453194335152627,0.6471673776672751,0.3642300533851237,0.3990194541248067,-0.358833877720591,-0.7072835547711483,-2.1551033732479574,-0.3629112923602469,-0.6343973983741787
-0.5024636583981391,-2.219294131886527,2.7266200511814547,0.26546220363886586,0.2034713824359671,-0.575419322530551,1.0428776831983082,-2.1710156095620463,2.3068141412154937,0.4894615293840559,2.003947499572269,-0.9463024321617706,-1.3056138949696452,2.2241476180284954,0.8463722280746206,-0.3600675855736409,-0.45820614037208995,0.4366786214238158,0.21052778088889326,-0.41993500110274234
-0.623201165136362,2.23038395009973,-0.4588307106956502,0.3193366635113885,-0.31730697232753285,-0.38389345163448696,0.651837655066184,1.068945554467718,1.1007306052433956,-1.0600184962456958,-0.7389738479807818,-0.06991161310227968,-0.8454704914851671,0.8904657822198812,0.4028148919735862,1.340282017610504,0.5639779206856887,2.1974592310608863,-0.5240195004030374,-1.6347709025006842
0.2923550429115768,1.0481125366742075,-0.10599061314974709,-0.1644361615420129,-0.9688863674217596,-0.46593129418810086,0.21884210927215178,-1.465448895550004,0.288245623730491,-0.1623192209060281,-0.021084040372139016,-0.28193098116277165,0.9743921692140223,-0.810828583905479,-0.3409124028051787,0.586742811315252,-0.7596656192746625,1.706720561607861,1.019420561953552,0.6228049575794987
-0.8129051865876191,3.0169117255180615,-0.18237893189754112,0.05274026821668714,-0.6495127851748336,-0.4042863467859016,0.14385979579519578,1.3394500640237774,1.0002890213173627,-1.0620869079343178,-0.722366382426683,0.0884547332331074,1.1182238123815182,-0.29460580540885556,0.0942296501154373,0.6899385122842068,0.18626448821048544,0.1939442284691465,0.31594136541262513,1.6581934647988743
2.2013298072375775,0.3720044062518098,-1.6172823909613814,0.2987972126946452,-0.913086494433869,0.6883552819522997,-0.5901813481681079,-0.6639735501779269,-0.062367284688557706,-1.6443744260543158,0.37466704250859845,-0.13837538647049374,0.28004812461766243,0.7145200638909797,1.3099343078229893,0.9264223292954824,0.20690495750205665,0.9921127314915568,0.20563249743600218,-0.6440346284284263
1.217813067474589,0.5427329866155525,-0.7247722103858746,-0.41373390897959944,-0.35402312612049597,-3.1691302077122945,-0.6610563944803624,2.056732219784798,-1.4957270277261336,-0.15682830518324462,-0.7651713092370052,-1.7811044259980595,0.6748386778445725,-1.7672941493728505,-0.015081756191993569,1.5347178159806778,0.9179236800075802,-0.4942256558382217,-1.3519949570527108,-1.207915805563961
1.2818554326213503,0.8371559037373693,-0.9174752620917234,-1.2348414954821842,-0.26081234254244773,0.16725270953438645,-0.8545310940502089,-0.5011355782618171,-0.958441444292522,-0.6166081298472875,-0.666200549167142,0.05444711741588247,0.6576228027690241,-0.19917928310165772,1.16469728818211,-0.5323813451021023,0.7540518641146947,0.0032455553054819395,0.9141839170172734,0.8820718614028851
-0.9864268269269849,-0.49185389389541206,-0.6806409618387353,-0.23620799325235667,-0.07892730642680985,0.21253271567003948,-0.3620744876521966,-1.6679832493469018,0.11781552274050348,0.5621728269979539,-1.4437607787244404,-1.2250581190825633,0.04448288116650534,-1.316633998617658,-0.8159572901680856,1.9448804993746343,-1.2328866728336698,0.649841376120488,1.5849566066417704,1.7647562436107707
0.02819286455775301,-1.2608598365131307,0.7011266346665193,1.2990548419656434,0.9465790090378986,-0.46723532445037474,0.7446686015218869,0.44188419251222183,1.7143627368412808,0.4548006988741007,0.6529710032611312,0.8782706646012332,-0.9922575911492497,1.34382381298718,0.6981409418723366,-1.167210369976218,-1.0936359408024652,0.47977726980692725,0.15129199110119404,-0.4893049221583382
1.1548774098287076,-1.4794405578545806,-1.2834453057063662,1.2391129334167297,-0.16894413540093578,-0.11240902239232835,1.3072078008590056,-0.7063441476115718,-0.2182687019876389,0.6478443752736498,-1.0557351241113673,0.29146643633333186,-0.785316698011003,-0.26929324012141037,0.2582258699635661,-0.24224503066513198,-1.1417837671690194,0.2922837922650498,0.4474826028336135,-0.6311847685125848
-0.5021123108212503,1.7459978161276521,0.5556023206178714,-1.2074474281235243,-0.7809386087087322,0.4000841376255691,-1.9005390393017199,1.8469058841743133,-0.6206562263936041,-1.7881176370081302,0.52272728050774,1.4330962557179334,0.8630461312896922,0.41804877754977626,1.0210562866351118,0.5203751679087666,0.5618237108628783,-1.2628737501111922,-0.6395868996562747,-0.5643684848446413
-0.4035711959947345,0.03160283452231331,1.163194590595412,-0.104049627961804,1.4261460775503356,-0.48210970299018907,1.0494115481004584,-1.4990139607272581,-1.0682579486452277,1.1424608257199766,0.2372308421512046,0.3698816860618271,0.4176058108853089,-1.40040594870493,-1.5767889841840945,-1.0812517689570262,-0.25329777930002756,0.21090744735455247,0.5099172775779097,0.21046882015218518
-0.820278487748914,0.1157803144862413,-0.19250856518225407,0.45125252374241603,-0.910035638685811,0.3751545268419452,1.106949119630722,0.4339890474852322,0.007413407265224353,-1.957375518355045,-0.868592963455757,1.6030997159888034,-0.024765249167641393,0.621337159906895,1.3207216981927838,0.6337821529764154,-0.03666041739283826,-0.1357130645810116,-0.7453830997045944,-2.3326588400415496
-1.0147834906903084,-0.7305869584116103,1.1483076664658871,0.24897230513767024,0.07992736575861888,1.1618723493969898,0.03385229615157459,0.1912105035680696,-0.2217935153121691,-0.16771869451858995,0.41961089415387026,-0.20728850270828672,0.2432311882980172,0.4497896020128296,0.3952173597379519,-1.932856760393746,0.7396096066665601,1.5059650341980195,-0.38331465417891536,-2.479356077126858
-0.22684375113197455,-2.066844585654004,0.45601542413448076,-0.2120255103005201,-1.4664165519932442,-2.1207405574107057,-0.5587120153498869,-0.3197463640311616,0.9641365424718664,0.13680716479453875,-1.0067210917829452,0.4129395831140519,0.3136649422256357,0.2913212351999584,1.3871727738790878,-1.3751327934129196,0.14566915166117994,-1.4281800096433872,-1.151486182785346,-1.5752119123813257
-0.8098992320909004,-0.18242707926688592,-0.21898143169764495,1.6815167460345173,0.43610276061846615,0.7139732477155176,-0.01879824868971319,1.4827372297602868,2.0798315258000537,-1.1809753220405483,-0.4031212357265829,-0.9619236775481877,-1.0476104785853835,2.6149599507086045,2.0124397602355897,-0.7770416226938112,1.9987833811130893,-1.3954546815039015,-0.33998547463406975,-0.6440863759087261
-0.6999122622692432,-1.541004980950199,-0.4864287345966684,-0.24101455734245508,0.08260426031740123,-0.5592380765549576,-0.5008895186471263,-0.003970501906221995,1.16198879938771,0.4686584625271773,-1.2595637410231801,0.009610342698849614,0.4031420937314974,0.6956699065262612,0.875395893317958,-0.39313195464709316,1.889267603230039,-0.4020052155389079,0.42615191225302307,0.9763609791582357
-0.7424849953273371,-0.1590647106956413,0.1211397185585528,-0.23145425015648882,-0.3855397120331128,0.8823009331312646,-0.20582745307520722,-1.5061978753631282,0.3407008224557576,-0.3045985539806843,-0.46307351600055335,0.849109120919713,-0.7661728554553064,1.415723511122506,1.468542398546615,0.5839129490009951,0.5367846566807206,0.24536824798566698,-0.3802714287994988,0.6176972892388436
2.186663407739377,-0.260627536142676,-1.4979553074442404,0.9523489774997996,1.6169636188392962,1.0976522886880622,0.26007828180853265,0.20773231552759663,-0.7370536711757215,-0.8563877038242149,-0.34791453384082616,-0.38927193258359005,-1.6452779833757005,0.34086489495396377,-0.32278959898817083,-1.1975230692849674,0.32320352819712395,-2.1177273188856,0.2805325290427421,0.2420363145330132
-0.8079129997575779,-2.0403338210193804,0.5994695485479301,-0.7263251666720388,-0.04246069277892535,0.5758608121775308,-0.0006368281147290639,-0.5393294151417581,1.2540639571130772,-0.08475205506218239,-0.9818360845563094,0.6934263981317051,-2.3452903075426303,1.5137215540370754,1.132829048125205,-0.6546905588581544,-1.7367369205648877,-0.7054402471398457,-0.29510828154212065,-1.7389264858895093
0.3091677420015531,-1.6470447001621777,0.656789790237786,-1.3322886902512532,1.124238014199784,-0.6130919480467979,-0.4034516862707631,-1.5481361082474092,-0.012150465837747858,0.26898315666173656,-0.011809933492304508,0.36115470042196385,1.6163773771756298,-0.40483871089203544,0.4630010289159085,-0.876231427909266,1.1253823977978326,0.6290202558677894,1.2898978241477301,0.47989000692823675
0.16783437243267924,0.15588820463174777,0.288144968570642,-2.262403485726689,-2.2015091703285865,0.4099941289559386,-0.9168030159929216,0.06616953096791205,1.1232393166848968,-2.007703761572095,0.4523356472984595,1.5042240197812387,0.5784660259900016,2.1678074658793896,2.4300498913203774,1.506039103472937,1.3044389818485582,0.194160571516396,-0.888931147728672,-1.2486656797190694
0.7615698797530156,0.5046679745789509,-0.6285105314188705,-0.4378946719816289,0.25021132694878667,-0.6805622994803736,-0.5456666255395868,-0.26340278852951726,-0.2194475444033576,0.4007956726915133,0.1417248676309077,-0.3697324570869917,1.535508311975204,-0.6742687626937205,0.5625473264187767,0.029662756265147902,0.29030305910329063,0.0565859226978858,-0.08162873148553616,0.6969830580175799
0.6688727115536043,-1.3379540615160925,-0.27104781316382665,0.07576147842733602,-0.10915645661331469,-0.7745204157799875,0.36084532893825344,0.06728314859033219,0.6970790091839366,-0.019015596692871103,1.2637209202702693,-0.31952201951682896,-0.598767107512385,2.131559139965189,1.7716176861883954,1.0432218775554258,2.053565189496675,-0.5005415852996503,0.027552705156901895,-0.24791421092989124
0.2041842794417612,0.6836065317459404,-1.0813525591380195,-0.0647162337142382,1.1632555245480025,-0.5111759591700626,-0.3546129519250904,-1.6020702601427843,-1.5766859422924522,0.8480423091527945,-1.3256931009031914,-0.7476954271372334,0.19611083592646578,-2.5745371392813627,-1.0606602882403107,-0.10901781151465247,-2.211058625681562,0.5834331537433829,1.7642682502144844,1.1553686299427124
0.21447470799627338,0.5786569505555772,-1.0915246648994918,-0.9009320873674045,-0.8571596005815638,-0.06283047823763968,-1.9374148185832112,0.7109031801781114,-0.1696261779083995,-0.5423831688240233,-1.5018290197594266,-1.079021723239228,-0.18072068618655793,0.17588989149300338,1.120176768756468,0.3889403245007849,1.0731788080501745,-1.5528905281245697,-1.4654276397424795,-0.3429127076602372
0.7421798154645606,-0.002384711266554226,-0.21863867998008846,0.2374242152131303,0.1843625660199887,0.3494697308731394,0.47640192118548175,0.496616986314546,0.6654802870438714,0.04007669377149094,-0.45557544378177034,-0.3220547242102609,-1.8886797961691475,0.43210138233947504,-1.7294392933817306,-1.2279076990525624,0.21843068102568922,-0.30334675056061283,-0.18210591853523933,-0.025345821212193066
-0.02681617118161176,0.16010859628629534,0.6469618247657613,-0.8228206563100434,-0.38890488684943164,0.26938272778038636,-1.8237427039672045,0.6530512394795072,-0.11704142023108335,0.610285423912491,-0.3390706905790456,0.07191669718655537,2.331609108451665,-1.246560394471609,-0.6355720777470242,-0.864638266088455,0.7562622292631237,0.13796598169913954,0.0564497025914488,0.18822061030708762
-0.024601795823676494,-2.3257111664561085,0.2675529249408229,-1.14398246728902,-0.698215845477108,-0.04135863706350341,1.847113983720018,0.32686875201092713,-0.018691707384583808,-0.5086490133404715,-0.222194481305506,0.6103657051763882,-1.5422293086944898,1.066815283400847,1.0361972485161774,-0.019923609728945673,-0.5663944602780934,-0.19573805076677317,-1.035416196307783,-2.552430172907902
-0.1511916703656479,0.3339581070979189,-0.5121576314419133,1.4600949495585094,0.4226258554084762,-0.4164592817214627,1.2145760573115816,0.8118122795925425,-0.6662157388018807,2.2660421763414718,-0.5576774883686637,-0.39377244433947517,0.1428335237547946,-1.7449509972541246,-1.4365241146236196,-0.9533040961175566,-1.4369396059723836,-0.3500886174303296,-0.9367438272242625,0.7002632811395931
0.6224510884632728,0.9003695884914841,-0.6471463875747292,1.4779601383497418,0.7404870632027306,-0.4367545896498412,-0.07036381152838488,-0.14359279772246306,0.2979535749257359,-1.0426822479908218,-0.9405176349556986,0.1306059911030976,0.6498370253172742,-0.4410387747109758,-0.45902081243441906,-0.5660343647287734,1.2325845502867692,-0.17909932026848138,-0.1545206292664957,-0.28873556748245915
-1.2579638597133527,1.5029057239022603,-1.1470243637472368,-0.5649436598823042,-2.3180840822233995,0.3942898508529355,-1.7382673406083138,0.11668029890489069,-0.5980159736634636,-1.1762801307800037,-1.9593716006384707,-0.13318033366464208,0.6818060506211804,-0.1658571967183397,0.9721010458685617,0.13916606865848155,1.638626751707822,0.14518884192000803,-1.132360360910486,0.7743819369805282
1.9515070215086785,1.6210489124878327,-1.0243356690033087,0.2775742454430803,0.3404902187241479,0.027266702155556384,-0.06596052119997735,0.04907027336547777,0.4041493107309202,0.3452274030489547,0.14664175360848708,-1.3324319155862117,0.8275790102158674,-0.05757395087279002,1.202713304827453,0.6848933354551919,-0.5140007215441864,0.35746705338550816,-0.10572308744697968,0.5658180337530997
-1.0644924296724316,1.011125743242561,1.4317393774765637,0.7100592511905327,0.5487789789827472,0.29407894027298814,0.49104710654766787,0.6706968863134969,1.0809211910328944,0.0021996657736709714,1.1286246495898042,2.507770200679942,0.8222143211387674,1.0048317537841407,0.4659781889713011,-0.9353249496541729,0.04785079056500773,2.060855927947501,1.064872394907005,0.5503349214449607
-0.3472471110048545,-1.2311264140083806,-0.2911456649850032,-0.8235680351524615,2.908657299571483,2.836714251225722,-1.1358717863738557,-1.56267812018588,-0.37567809071608166,-0.21983261521075734,-0.9113790692495872,-1.3786644385430953,-2.298454792643314,1.0248736774922946,0.6174723387931781,-0.1303712454275812,0.12167105475127722,-0.732175043536203,2.890730237864245,0.5188652973570993
0.38731613855146535,1.1298323517833624,-0.4520509009983616,0.3902490108167582,0.7962506029494442,1.7243896916522785,0.7139018574577394,2.011287876185872,0.4071579266404326,-1.677504479153204,0.9118798128443798,1.5917502699099157,-0.22923664586230938,1.9929072619570798,0.7913861649369149,0.24069382967085315,2.067412420226972,-0.46421998065897907,0.5647508143750146,-0.1890311201776285
-0.7298052702318868,-0.32740392073148394,0.42536986854221764,-0.1925644995541074,-0.6550618909548143,0.8661446739157308,0.5562375620422527,0.5642048572090081,-0.36362265587630593,-2.265456844675821,0.2788582457616633,-0.8234471472660136,-0.6805597829430082,0.8715202826551894,-0.24446246912835293,0.36461625293660727,2.069140691187154,-0.7643163081616969,-0.982689446976701,-1.6864869408638465
-1.5182594479224707,0.5820829728451027,0.6007402780531047,-0.19974427102445655,1.822943695823333,-0.6731357759245452,0.7716530143259269,-0.2500352645895649,1.183377720188496,2.2970625109279514,-0.7445000671151065,-0.6503620887291699,-0.23102558423639372,-0.5911654397098632,-0.6428517757813583,-1.2340870418904604,-1.1363276675093266,-0.2740868983037637,0.5900876727727751,1.959870217598277
1.419267936069448,2.0042304854965143,-2.158292810139465,0.5242771236314944,0.8784275836002013,0.2868122587659098,0.8105908876187945,0.6214821922888749,-2.132802510782551,1.4691906886680672,-1.1528544396125633,-0.4918934806849022,-0.7800022241756724,-2.2374875429509578,-2.2914493872337727,1.2608938544262511,-1.149322326406084,0.6458826649476485,1.4254803499809843,1.924780716677013
0.9929254086412707,0.09921697181487682,0.1453585798809317,0.0042734236117994585,-0.6663889462297374,-0.26156402438661286,0.15958211047610088,-0.3026310283447777,0.10185468648064448,-0.5595009244278996,-0.03115158723796513,-0.41126531700391006,-0.46994637103864445,-0.18164324683534291,-0.4150465572947705,-0.830392396043481,-0.8659017254579343,1.4156568683910875,-0.441062804355804,-1.0715151479678935
-0.21167212202622457,-1.0510174831609682,-0.06638184459942977,0.4434797385811796,-0.6594854782656744,0.7146180143324249,-0.09943508678214635,0.8563826843860045,-0.10898077987331972,-0.34064500642524687,-0.3932751641777138,-0.0925347470735595,-1.4655584440326592,1.282621987376404,0.8876746462139701,0.39526892599581964,0.6749574503720094,-2.25832694024698,-0.41306470112803173,-0.5921581119758524
-1.3442627673876082,0.41413298954549327,0.06375913526668442,0.4292160329950459,0.03746191729636875,0.4669512210774869,1.0619922703719846,-2.2481836659356706,-1.5041933088262178,0.3228529564353909,-0.6845900855233735,1.0220054445942983,-0.14932228475012813,-1.0310517396573677,-0.7779301932121995,-0.041845191825296335,-0.42040620868029993,1.0275842061066236,-0.2004711018518194,0.6754181516634058
-0.6616304216927341,0.26255136957118214,0.42007557176785165,0.5862931487833367,-0.5412311734411779,0.7033840814170953,-2.3958733297912937,-0.5032329377528794,-0.8439478286531645,-0.4066208876280137,0.9649997803824413,0.28701600786290554,1.9548608558626357,-0.548710116550453,0.1453171271089679,0.3424532748575486,0.48748331177479876,-1.1665495610747452,-0.0235428306783102,-0.6721197125312423
-0.11001582404007647,1.5753716586114295,1.655242637884207,-0.5096408888186905,0.686927010881109,1.424410527822483,-0.3667583836297657,0.1603005793341993,-1.5163141408527707,-2.312182375909935,2.4103029381088414,2.5334693430361104,0.5371077497863541,1.7417003242004614,1.9943704729843101,1.4539048085675517,1.4832118310974598,-1.1375826105255,1.7011085048385735,0.5818142824614547
-1.352034185026219,1.0524515386576132,-1.5881143263685848,-0.4036155942427496,-0.8141331430145892,-1.1430559185328835,1.1105576058279876,-1.1490289836766148,1.2510262173567765,-0.42418840414104525,-1.5685457633271485,0.24174246055632928,-1.2663898643274274,0.3193627245734434,-0.6250776276402051,1.6159959087257632,0.08139262010793538,0.673589657899368,0.3123785081578076,1.0358125994637157
-2.713754088619031,-0.7254611240268503,0.37672203408623683,-1.114764462205103,-0.22857353939679803,-0.7294030234110748,0.011207898338500619,1.0520780296708312,1.3970735002544183,-1.4513984294973,-1.0739120140466374,0.9302427995376729,-0.3770836152654838,0.43595090237853873,0.052827010963128355,-0.12113519566646887,-0.017426054217538508,-0.8248807713360584,-0.07442847058742322,-0.24979434903419756
0.9618906296543216,1.2135444169161713,-1.8791021875071527,2.7144467680994193,-1.1608554250475402,-1.3843063236266697,-0.39622751054003785,1.60272963571287,0.08390359708405022,0.26466006816856585,-0.8869059555747187,-1.0661527794583496,-0.7151354206161367,-0.05668397056189279,0.13034168918353334,0.4867250988894219,0.4187244003438976,-0.37983486827275403,-1.7012502321705871,-0.14545821054323288
-1.650713999577476,-0.8476961611225795,0.2736239343692953,1.2332102300079772,-0.8156110226691526,0.21497386842766045,0.9840609608347327,1.5650731498300263,1.6090369925149535,0.15515765561902936,-1.185410449927731,0.8735206173378619,0.25871330716582425,0.5548591811394721,1.1343707889296841,-0.6429318506560469,-0.9136984513602493,0.34071331524956333,-0.8674905049641395,-2.4636741197008694
-0.980530603585214,-0.7462410414316784,1.0070313232802837,-0.3708347843598634,-1.3760254685622837,-0.20676772125286727,0.36357267455194026,-1.137530756218978,1.9661043794155149,0.8601192870732604,0.6816338850961935,-0.19884679097483696,0.6377934895387676,0.8319403961497359,1.0629072872000411,1.3625969482341287,-1.288542240715594,1.4036849165700986,-0.7997171251908033,-0.230934925288668
-0.11462935521249626,-0.1377157050094323,-0.6254862251100968,-1.3786132289725044,1.077664509424603,0.3603785575225834,0.9221476301338621,-1.2622826403822218,-1.31500774902701,1.3987973425054119,-0.5297822196784467,-1.4209145007188944,0.13877450504487787,-2.535111106550606,-2.903293447026507,-0.1339581002557871,-1.157208370548716,1.5061550035224283,1.849502232016264,1.5839396908627914
-0.4599130902460299,-0.5971010583246414,0.6306107923626117,-1.2487176747666786,-0.42906517751051576,0.5440374500084801,0.6144523898992134,0.15838070544247831,0.5005844666355811,0.6611336858984133,0.3151875817175494,-0.6734138417577973,-0.09256750510436682,0.3024019816459463,-0.3036066470898664,-0.03192654727759014,0.05882202062125197,1.2309768432843031,0.022566382186091735,-0.29719063853488004
-0.04799782481147576,-1.011870682354076,-0.43844714637137455,0.061148144423166594,0.026090468575229984,-1.8611113322047668,0.9770956895918753,-0.06842042859246607,2.454964238605824,0.4167710961184139,-0.7845966723183903,0.30224593753466095,-0.07660571405098524,0.5101361287134765,0.5556955470840629,-0.021291731004707694,-0.8533831217986868,-0.18427353403658375,-2.0167217048687784,-0.3988434604665413
0.09682362725519637,0.14313590909180857,1.3528439009372508,0.5903179682611253,0.19981056809520562,-0.545472356326499,-1.4242245932887347,-0.4973127354666235,-0.9316290878549657,1.7519729339011743,1.6463650816057966,-1.3360307173405153,1.5097624117168185,-1.1667156618772674,-0.405632790018404,-0.862575842955211,-0.36733908548443034,0.1560583605978194,1.1761529426610715,0.8306242847719301
-0.2498910167366757,0.7658446033588839,0.496728004317587,0.8870846452890739,-1.2009362597525317,0.724805694038898,0.8333209546777962,-0.8795219703616587,0.9715559527085512,0.49142398332326737,0.9559796684997653,0.29996500645743734,-1.326029125985641,1.7931025018306654,0.7157566432656787,-0.3878083523629677,-0.43078294205782647,1.7926361881116213,-0.4878294210909003,0.05638028356860049
0.4904318497239999,0.27032461434966026,-1.29453157699802,-0.3482505945249341,-0.1735353509338232,-0.6981360025852706,0.12980993719854295,-0.8950168636442725,-0.07213433235264283,0.5709043178202561,-0.48168837631915123,0.48008441665320667,-0.17667401201687172,-0.7799527347004056,-0.15291081129191497,1.2924138943475456,-1.933987414788724,-0.6804564209109007,-0.44408952202027474,1.828192191203003
-0.9204131411296098,-0.1234169811873455,0.8300496091242958,0.5731027199835657,0.452153877580615,0.5852180299516734,-0.55165519852678,-0.1366468431840747,-1.0927472305085562,1.2978155900258652,0.051830200143332415,1.042806804648077,1.4293859141876397,-1.3575907417057067,-0.31167517572946307,-0.8172019256917428,-1.0460961254679757,0.9698134253262939,1.316006357872148,-0.5646101619154733
-0.3132252980569315,0.28065514056847735,1.228056694632303,-2.6050663828382237,-0.35508741113914694,1.4438647389621304,-2.8550856812294074,0.5526047088912007,0.013617268700783213,-0.5662502637214424,0.32632056593441383,-0.24256170780937705,1.7120274223750847,0.3307440048292983,1.5141934847102896,-0.6552700880872476,0.6419160332114561,-2.065582638066017,-1.1249275206666964,0.2460576654474761
-1.0629335016224164,1.1575271329114605,0.8083278947299081,0.5620688373549638,-2.0157116785949363,-0.25569934419738244,-0.08255574374392571,0.22747428578313353,-0.13196997458999052,-1.2234090921030703,-0.5119243844291478,1.5845164140660597,0.24943923442377733,-0.4874678025229625,-0.5067983797141301,-0.9141815148904967,-0.9826755274204795,-0.4227409443653578,-1.005985657377235,-1.472311767979984
-0.9326554813336947,-1.146597042766547,0.4999780568042744,-0.20117735456449298,-0.23957473341689683,-0.9720995906788316,0.739981624783723,-0.5187950989145067,-0.6318037769366641,1.8433516813230786,-0.7294123779799713,0.5709835386758335,-0.991231530974226,-0.5939482187861996,-0.5613205723939357,-1.0471518861016442,-1.026784651690489,-1.668770559648959,-1.5999930673542655,0.37914434483998943
0.8712757785274631,1.4611540791024287,0.47990925771338405,0.4230412419584653,1.7371856994092978,1.7261451339703606,1.4875996047040128,1.0054255974252209,0.9924490481616248,-0.528125599627932,-0.023695877118440595,1.8920417377341872,-1.4364156932794212,1.919267414931477,0.30662210980853366,-0.8259990516677755,0.73988908025075,0.931328968734414,0.8795810703229281,0.6282676903789927
-0.5125713848314394,-0.6000708683271879,-0.4504594080755439,-0.05495015967280141,0.9603636353763002,-1.2501952676268746,-0.08353026952178969,0.5688110538229967,-0.22345276407303105,-1.6592708315728368,-0.7860543819437052,0.7230138781316877,0.5865768881131478,-0.2639587187202139,1.1763225276516487,0.817145094925266,0.2862258065393187,-0.6508236413645323,0.7707609560858137,0.12264740731463288
-0.0217148204033445,0.0074513220774353305,0.290201168746175,-0.3525179483681689,-0.778144607221761,-0.0625969576550975,-0.2681843654384708,2.2662843256015153,0.30484775167049033,-1.1337729435952266,-0.3527269885291707,-0.540582695723288,-0.8469480059966565,1.0841028609670114,0.5318728448474118,-0.6355445267938519,1.6700528115803757,-0.6323070205995681,-1.7600744912127435,-1.0270998251694654
3.055005715966721,1.0282243463735703,-1.6485338773003844,0.15039235850287036,1.5125888999814923,-0.24816611662766325,0.5906043457901589,1.1757684679859772,0.017507968545028642,1.046921093424093,-0.5431898480103269,-1.0697334048977258,-0.6629681153571746,-1.0326907558518872,-1.4649240263960484,0.22644319820787365,-0.9670114030255409,0.009119389722949464,1.1463620984518341,1.4685328746788255
-0.8576251721957971,-1.0884799767422724,-0.38745117813330626,0.46148733481690624,-0.05767935304015702,-2.5943971105885133,1.0605817009004068,0.3502783463319414,1.6683911020158622,0.2618170225118558,-1.0494284826360887,0.6783653700548279,-2.2425734766282908,1.6652464435530343,0.9475018147334334,0.015310336871730355,0.660538507017368,-1.2109412144204028,-2.3713619864966575,-0.7215448440920458
1.1677823172348527,0.6123179053964757,-0.4594802804158291,-0.09034565405240805,1.0935920685171883,0.28513496562351676,-0.8530465468213606,0.442515552345507,-3.29868213238883,1.0631064043108533,0.15393111541553767,-2.2893604642191145,-1.126838505331169,-2.2476592323748186,-2.366463496515339,0.6016681837967209,-0.4081122836455957,-0.4162765780531363,1.6769079208656217,1.882088079421456
-0.07503145851516603,-1.3110280598372148,0.019396346461360098,0.4435105512117547,-1.3241173996193911,-1.652595377085545,0.40325260775072475,0.092255275100119,0.6638824729632645,0.40822269006023065,0.04418502854517635,1.1580035936296356,0.5383296525157696,-0.35453491350024774,0.330899994636519,1.1191686415391233,-1.6805220109246404,-2.759487978793376,-1.4492397987953616,0.3300004187315624
0.7131968245064632,-1.6622159775593057,0.5696141922002653,1.0807939634856842,0.6827306341746614,-0.19949024713384403,-0.3040855738378466,-0.027860505237221597,1.4206397633501595,-0.7497029215707168,1.269028005007603,0.9882986874989449,1.3038895150922234,1.1042946378830585,0.8421944290426517,-1.0742399185789941,0.9376746572547595,0.4660544697339152,-0.12464685641908965,-0.7153650291096407
0.7457893466242714,-0.02142866457291883,0.9987104218596099,0.27016633276638474,0.5808902296771365,-0.35140126867029975,-0.6857057040628465,0.11482694323915972,-0.05425282341603311,2.3948561858687407,0.6675120617549388,-1.1675481716121674,1.3554087389441523,-1.1827398782218748,-0.46446491216389757,-1.7988619308244136,-0.9779417076756746,-0.3359925273941442,-0.5329323457268982,0.9327657370616408
0.3553326494968012,-0.5965414046840661,-0.5673626026433295,-0.1419790205404066,-0.12765604094031152,-0.36297176656614216,-1.0869079134152184,-1.945442268268424,-1.0277348938332296,-1.0527322144648248,0.011654411058220425,-1.2622811776697356,2.4955752313094504,-1.804051974230575,0.10491108619701328,1.7597711109637617,0.24151320227932432,1.532190715913978,2.585621052074725,0.6501185250505205
