X1,X2,X3,X4,X5,X6,X7,X8,X9,X10,X11,X12,X13,X14,X15,X16,X17,X18,X19,X20
0.22152864590277174,-1.0227775510803465,-0.5784372992692758,-0.993183093136671,0.8121502610431443,0.6838931998541828,-1.0723068604644876,0.3578065204477415,-0.029298886814916398,-0.8185567176613876,-1.7352929399983812,-1.572506032008708,0.7366966203135479,-0.22264239795788332,-0.18073403044601533,-0.29810855126342667,0.7450037072956841,0.006014851849678861,-0.8969262209935345,0.08360185210499689
0.42676587424862955,1.3301215028181284,-0.7632146079990924,0.27192130344474064,1.0244710597578586,-0.8282007350724067,0.2768532218037969,0.1543345132448561,-0.1488167849062367,-0.4288519252908002,-0.010454575791621538,-0.283695543724358,0.194607386255945,-0.9563227321807901,-1.0599864596220145,-0.3837516252377521,-0.336277520912587,-0.4734285373311091,-0.7036886917274767,-2.085329688242088
1.2664613378145448,0.8396454900622986,-0.525700998616976,-0.3328270892169247,0.08210995805696754,-1.1401795712560445,-0.4901190963204924,-0.2281072054541693,0.46284411777134704,0.9176578310126363,0.32967281889040884,0.13118896159604457,1.3873710438268014,-1.737770333276984,0.6088049334473439,1.559590888236483,0.9882855691696725,-0.5070873573702198,0.6489566873671081,0.682936257141813
-0.5895093837773798,0.2533546468406829,-0.07690402105115715,-0.8601468052262382,-0.7401773765568298,0.5174183018116988,-1.2242548336529868,-0.5285294096647192,0.43422415457027336,0.784776240299652,0.589093863323781,1.2124074391732347,0.8761127115978352,0.6485904406522541,0.10026017528144393,0.31564349082153603,-0.5797986949796605,0.2734556351487052,0.2933137288895204,1.9143097982033104
0.17766553548884706,1.3835865413756385,-0.4210407056068486,-0.29778891318342043,2.7150110572256785,2.374956264292734,0.4416627206427896,-0.5072683465262746,0.21954722180281563,-0.7376276157837385,-2.9617357973414764,0.9938581533188323,-0.647041209758752,2.0878586297026143,1.649720776895691,-2.316909221021476,0.7682933456312697,0.016151285080154405,1.1769105602935934,0.8353403917684649
0.42226995114276644,0.6943510450484306,1.8640201334766124,-0.6387128107372023,-0.13107217949749295,0.20488867860786622,0.05034303291303676,-1.6093323525875436,-0.4945195663144335,-1.4299287129038156,-1.6912349651521736,-0.19833781699090677,-0.2071003342490354,0.27194363294346086,-0.8910461628492734,0.38048435110269263,-0.16422307366479766,0.9018399548827947,-0.43370769311122465,0.8047260776828692
-0.8900439391843019,-1.5333613963425778,-0.637598361550743,0.4483424154228589,-1.0936298465583287,-1.6326537777461636,0.5753549330262739,1.1105781893968911,0.6206731993829522,0.8306168097427473,1.7605318882413252,-1.3338671264337012,0.8098393275068383,-2.501068474754786,1.0326625596984371,1.7119597388868142,-0.3427693791537224,-1.1661420525379598,-0.2957226564753229,-0.6598436607573568
-0.6986610584435397,-0.1646248497621768,0.06135679495213747,-0.2719103321668815,-0.6131226174788319,0.09604297140820449,0.006537555234828532,0.5924053702958159,-0.9414361464379986,0.5226086674551587,0.958999950879953,-0.20771674656779388,0.8142129104153278,0.36518222042821513,1.0876462539222476,0.48431016354003686,-0.030568726439201273,-0.12949760887943507,-0.5035373862933837,0.718940625002613
-0.9802892698730478,0.6518615993959926,-0.9743730151861406,-0.29680530808237554,1.2462776780485896,0.6073867612873106,-0.5835937089603831,0.20157185380918924,0.10643041949617901,-1.1311832691975985,0.9318560573293044,1.378201941930233,-0.46560235806559486,0.12749651200604517,-1.870739428651235,-0.7133339996231871,-1.4124174653118513,-0.7296542724891563,0.21817603681572445,-0.7915539103700142
-1.6891054278074025,-1.163312997588913,-0.7151477241410731,1.4959754727871997,0.8091691040181426,-0.1877449065498509,-0.8458159132129124,1.6119694215790459,1.2169686325987075,-0.05622973962953104,-1.2005475427138679,-1.5904909836870709,0.46295315083298577,1.6713191868786363,0.7784650624693589,-1.2901484748950103,0.8647936481235053,-0.7795277819541487,-1.7933091413455182,-0.5299639352089663
0.22825701085876682,-0.17956998372432884,0.5945506244587606,-0.8224894011309497,0.08372287282059226,1.0637452749102896,0.863898073041537,-0.4967115256729237,0.5912907607264228,-0.5602260240070539,0.16568533572496832,-1.098491946942582,0.1634772173764133,0.39476431414273466,-0.5798103058566307,-0.5752812452911127,0.919042707171434,-0.039727900441286455,0.06613625640691728,-0.15923186106255882
0.12239629483622134,-1.243750946627554,0.4175332332790284,-0.39195931293037606,-1.1060760311318885,-0.6565301063059481,-0.11477952690754463,0.0038375682386006197,1.8289422393085926,0.122853714861302,-0.646287876471753,-0.8400313341483904,-0.3693588680328586,-0.8881860591731403,0.8538541575683822,0.969267321876754,0.021579203534925148,0.649305992087745,1.0094740583104231,0.4278762762052788
-1.6143729106432791,1.0771912617008645,-0.9560414815806249,1.2454418940176188,-1.2160972321705192,-0.695379825705918,0.20395594250305812,0.4380102311050455,-0.7733332728102226,0.33556334813178074,0.19453821851079334,1.2692504492079808,0.5965935281144166,0.9294377311918084,-0.010712157511262163,-0.6101930360648365,-0.2467231549149717,-0.8589400506333832,-0.4473123759432874,-0.1881428412282317
-0.3376263398801363,0.3357336762699677,0.5288920717647853,-0.5428718474822818,-0.8033045342996457,-0.3006360556847023,-0.3292053498067061,0.7084301771899925,-0.7379583376812713,-0.7884423286922946,0.22707127594700124,1.2403569286435097,-1.246073896453794,-1.21189635526882,-2.088152827063699,1.6001133690875267,0.5665670230593771,-1.2169731559817598,2.0295008132322447,0.5028916850282221
1.6521856247628006,0.6172645923710045,0.17876792230828198,0.005329256729875452,0.0049380986633198376,-0.3463705099667472,1.6036973686652805,-0.20327793480695655,0.11027964061065282,-2.430161388309957,-1.2132243299537633,2.008243994323319,-1.5167222504096323,-1.4101739931967459,-1.675822779607145,0.1774506602301291,0.5922480413344106,-0.5467978343647885,1.4173769959663791,-0.6417065044652203
-0.32100409334399865,1.4859795818777908,0.5249567778944638,0.09121014873081265,0.25155890435770945,0.3272636587372098,-0.6421899790124345,-1.5105822239625548,0.4548441702101126,-0.9624486395744392,1.6027415166474166,-0.09692801628905447,1.4120303589005707,0.6207590361592306,0.17590101694798901,-2.0103220006974354,-0.856940958930075,1.4910272431398193,-0.9865124795011977,-0.7394755091978411
-0.5500680008112627,-0.5889262047627402,0.4922799774298513,-0.44492878488581705,1.126179442916586,0.8171916356573178,-1.4473000010352741,-0.16781259391130482,-1.865069444925351,-0.5151033296425577,-0.5653618222996847,0.663647375753662,-1.2212087086607988,-0.477486552060344,-0.30423533965512856,1.3760344680616945,-1.3981370171216165,1.0957244688447012,1.1343692279043875,1.6501037564739915
0.7093968827911891,-1.4839956852262157,1.518307872963348,0.8647946367984863,-1.662138242055547,-0.9921848925917992,0.3096620181812348,0.30658206012084394,-1.5974025324188186,-0.2703197783501837,-0.4758110291382576,0.7267539128039647,-1.972562831547316,0.22728665376821833,-0.2962886436212966,-0.08237707393070276,-0.6068778206723893,0.9936423528844557,0.3804454850229979,-0.3993963259068284
-1.6460372384565427,-0.2160343654413465,-1.3362438438795319,-0.11921976559950254,0.5151518696806149,1.3822960242323223,0.009540915548627155,-0.4018821167916906,-2.5546635760147764,0.8436146766216671,0.5100034605253141,-1.6841945807128436,-1.0410304860457649,-0.8525994094044642,-0.2554290077162138,1.3557474531891736,0.03394896318665267,-1.5087680345330097,-1.5843986073173408,-0.8895629955017271
-2.007196534912746,-0.3227886022825945,-1.0497724070263577,-0.4776936869951181,0.4219597269714668,0.7749832812746928,-0.5325017804056733,0.9142807129975735,0.8714491046430859,0.18864891278998924,0.40426135442800454,1.3685701992541957,-0.816061531948081,1.2020987704796977,1.8762030051790473,0.039667816815728923,-0.2611057401600626,-1.6156381122531787,1.2213003412726144,1.1745913587409875
-0.43772299533946,0.20212170751849612,0.7442872693814572,0.5286554832231304,-0.014655080732212422,-1.632410891297281,0.3801639625088788,-1.0351350095610423,0.8012208627590524,0.13631221452203152,-0.05847905875317767,-0.2929127168601084,1.6258022901253217,-0.5341200247673137,-1.6663133232829421,1.1492166657065335,-0.06526006872291792,-0.033937226805119444,-1.9087824054286895,0.3367950878154628
-1.0427452241847734,-1.0743949267177753,0.004794693127260332,0.5546582127483837,0.8832814897134225,-0.8047736208277415,-0.36833653869413563,0.2355443992800036,-0.8712751454831986,0.4980939671101933,0.2877166718272222,-0.43850071724987616,0.5969983327873835,-0.02900095077102058,0.6959366783974349,0.7770212956492145,1.4358277713341603,0.19207846167760018,-0.5292038590502843,0.5581758804002647
0.3491592512112285,2.4408246450662316,0.5924717310671787,0.508623655404965,0.8158717963318266,0.17736091931962314,0.22308804980199917,-2.3742293309312927,-0.7584978590989236,1.628774971632795,-1.1079023470712899,1.23366894672633,-2.2859517634451265,0.9899116013509245,-0.24897342681726517,-0.441264615825267,0.2562093904645424,0.2549731183247934,1.6012102838813858,0.14681960872235253
-0.8747023682793109,-0.710880097757831,2.513672968249611,1.1187153248515584,0.4196150427240555,-0.9086676744081451,-1.159010272280188,0.5121514497019313,0.24663641605290465,2.3219838665280914,-0.9400068468864418,0.3185618807699546,-1.4298409846257294,1.5999272870541046,0.09970250207679832,1.611640404169575,-0.8322625293477903,-1.029240488153253,-0.4852826358649116,1.3972883238713085
1.7826103567812681,-1.2027600646474808,0.28977791162267696,-0.8634345771654082,-0.5328507025574708,0.10644021504476328,1.0630400313320922,-0.8306944308448787,0.5470127266579039,0.3094276452576708,-1.4297498118201653,-1.0033289878805385,-1.1260618489529461,-1.572497010145689,-1.0456671366546384,0.9334902342279837,0.6873584694953205,0.489406587522407,-0.6090067758763842,-0.6944240633655048
-0.03313581214336876,1.646945040737396,0.42800654230252694,1.8608046200779187,0.9778014795867983,0.9053950365301724,1.741911386044826,-0.2275848732513117,-0.5057965368903282,-0.4407386114372985,0.9180141816721491,-1.5417652913957296,0.6719095414418276,1.0748367816595052,-0.4901091233958067,-2.3979992258219505,1.0208636369840345,1.7349080427692765,-1.3358890348158339,-2.086855266080013
-1.1662816658372854,0.0006740211110674579,-0.31595687000390155,-1.3387827846973464,-0.7317678874296321,0.8222901303934664,-1.5149195966535625,-0.4496002172989806,0.9078485381209178,0.01729636301371011,0.24472833338839522,0.7012876677462594,-0.9076598287270367,0.2708174510857997,1.84664253615726,0.28735986832006555,-1.8217348426447924,-0.3974442333028717,1.1295870688446292,0.984646790262173
-0.3617295719758898,0.18019645899553421,1.2042803470383134,1.0747712460709355,0.41722919298418426,-1.253025810105036,-1.398946325679994,1.0218787020150144,0.588448576484715,-1.1634038771398554,0.2848384157189476,0.752059298980843,1.165246456718229,0.8766677152031028,-0.8919129416255736,-0.7912288318291739,0.173551217609483,0.4327388444954156,0.7655932083162176,0.6861240229897512
-0.5911634059654397,-2.6033834223823997,1.789383497599207,1.4686715972458313,-1.6579654341840435,-2.7860162605838266,-0.09649704502032683,1.6610412871937046,2.062894999972995,1.149796368032376,-0.17797570832500903,-1.2695822864229325,-0.47420304210515063,-0.7402346833724612,-0.30859378272772664,1.8501389608387593,1.0989649615013977,-0.11251062170696546,0.06506606509677805,0.120398606473087
1.213899325624286,0.015150321852919969,0.5246334823350182,-1.355223784981127,-0.08558430063725259,0.5389144022499565,0.3432766615900129,-0.3863399368592564,0.03903669630941034,-0.7270043568461836,-1.382528834530468,1.8393740497054518,-0.8269884117210419,0.3348225981912481,-1.5460683587519786,0.7939316067085339,0.4601418886022185,-1.413698914543823,0.30759190850230855,1.2081759292094227
-2.239255053312551,-1.1950143011597136,-1.7437220969541325,-1.5808694578207436,-0.41741766608912634,1.0382933380227422,0.8860015921056648,0.8248087713943889,1.9480957926221092,0.38939624723121324,3.0291827234038027,-0.14033671913581483,1.676126901694443,0.5080688104265253,-0.8980790785800205,-0.20319761599383176,0.22073661826637653,-1.5359365278553665,-1.557968383587413,-0.19845360832185865
1.7388989249251356,0.3831989584541405,-2.482467399612285,-1.589718280596624,0.06454040671323888,-0.6009210528081659,-0.21409322603033476,-0.6492796556811536,0.26703703139663376,0.6280179815784396,-1.1283129052496188,0.8809639061117311,2.2556458232995147,-1.0241473708153568,-1.4707870856634389,-1.7376171363972988,0.49048435303229754,1.0815763279067439,0.3722759925212748,-0.7932642103038354
-0.23988934794373246,1.5467277436169764,-0.305477856157759,-0.52822607030468,0.6855032871721881,2.0089984534236636,0.4887202965981093,-0.4036345871417398,-0.6976595806305276,0.3605800628576751,0.3433472613405855,-0.3181291606397153,0.8106910469772207,0.6438556477347892,-1.7401212268556674,0.66346186081413,0.706626323118372,-0.5149547395972557,-0.25281949415647426,1.1662714627137276
-1.759544271668056,0.5268201044802593,0.8157014758993927,-0.08051966125809926,-0.09220969828177183,0.6142146643590848,-1.2991454099148787,-0.11036901595524042,-1.0670421745675334,-0.785574091750739,0.6861134475967676,-0.479107594289935,1.2639823709530662,0.262028613684684,1.0415380583112404,0.09128807934951036,-0.528540993686204,1.6504048147293116,0.23871816755962172,1.424095251404093
0.7483223495195677,-0.7578463390095574,0.5292508439155532,1.7353363545347473,-0.9771564140314704,-0.10921786852847144,1.2345843875116433,1.0990347988507922,0.03168359039753871,1.3585443387463234,-0.03630191684452637,-1.38844398048624,-0.15370258408468304,1.17400750551584,1.9877169310984384,-1.883658205846082,0.8032220570768096,0.6294975615639604,-2.092470808440895,-2.127875606415746
1.3510425196079792,-0.5617283079782576,1.9138371416582218,-0.43546600404472463,1.4456221625473529,-1.17873925945569,0.7629621584521424,-0.882844040262061,0.0654653527086559,1.0316421504884905,-0.5928244547278324,0.713251100674017,-0.15473365164634584,-0.6722181297535291,1.1015865887998804,1.5527633336390145,1.5693509509482697,-0.6647816147041126,-0.06800549708894403,1.0080575752059464
-0.564572812778165,-1.4773041515688494,2.556887890787628,-0.914166611904738,-0.7002720571670167,0.4364581087893933,-1.0178935208163875,-0.17816262222190593,-0.011068019530006206,0.5244584479303054,0.1689466840191046,-0.8970283699203733,-0.4138257941470532,0.1814264272681932,1.1595235905093877,1.2865423265697338,-0.35969278467707877,0.35648589727325136,-0.08772597927735133,1.5193847262838422
1.1288946316098123,-1.016250841993824,-0.13847824443482842,-0.8269940670617715,-0.7865589664618851,0.13856709438219486,0.9694493015069701,-0.5372669271822713,-1.008504969633021,-0.7040002138160523,0.846697280289876,0.26836116592975334,-0.8295834969796609,-2.183509800249029,1.76863296207588,0.575812851156945,-1.0611448327719346,1.3255225973573854,0.910865647407424,-0.4731987763161833
-0.18256823674951356,0.2457667210351247,0.4734313900149633,-0.9137730062271144,0.558052751296209,1.196047532376459,0.1465210385149932,0.5809076535192026,-0.8333961182007459,-0.2672816114590134,-0.36207606221177285,0.8111201691125369,-0.3515759210569912,1.0442592375401745,1.4989353603004687,0.2933499685276426,-0.1524164252294327,-0.11907028319654929,1.6177255472368706,1.8909532762760168
-1.4988776819321867,-0.8906322610045928,-0.8118359263146708,-1.577778735066371,0.24044241298221827,0.9158768163432794,-1.1302784406133743,0.6596497817760898,-0.7769864448845143,-1.0333555503019154,-0.22998834510182264,-0.2136107531311758,1.0187095540703421,-0.828256776464334,-1.5880905072415206,-0.17781440786576636,0.8286616686741559,-1.4874449524276818,-0.09233032636130269,0.43104225021529297
1.5129741416659266,-0.7185500483039291,0.17285381585808435,-0.705923973476102,0.527517591072162,0.26166577105170763,1.2219443733238873,-0.5641521569556807,-0.8494222081259367,0.5644895396273607,-0.9821598976243433,0.13793935190048412,-0.1628074638067841,-0.9006643018683671,-0.5327199570323973,-0.8371404200018582,0.8723858206418228,1.1622740985919975,1.1601184343164157,-0.31458288806686546
1.0809349687831655,-0.018059385382614906,-0.754631133573683,-0.9155299783161215,-1.5873779023350911,0.893236470561461,-1.0269443035396357,-0.800658397547786,-0.7056955942707741,-0.8082239935441166,-0.27239598111115215,1.0011772503375191,-1.320192288421704,0.5339620324436705,0.8025379938597679,0.2844861678234465,-1.3667643321273664,0.924241064672218,0.49574221688267295,0.6389666624463747
-0.8580445795223612,-1.562304243106068,0.7585533060018417,-3.9582085402310114,0.8327769729610127,2.8876028995214424,-0.5352297311141746,0.3294776835954426,1.1545090389336976,-1.1389711151768678,-0.4250750748810177,-0.10989288364171651,0.3712622525329739,-0.47697874961028114,-1.530848508368551,0.7841527077775975,-0.1997215702692203,0.35422808951111906,1.9337515754874612,2.792816173433436
-0.20617558107817724,-0.3585647780347533,-0.9064320563327469,0.08204517781728145,0.6619529229054361,2.209326714316463,0.37008290747579026,-0.10682973742395764,-0.18945006764257893,-2.2194205161501275,-1.5179185175921208,-0.20591615097794502,-0.17981828812971987,2.398273770878231,-0.5604369797689922,-3.3264275910429033,1.1973584456052764,1.336690478249195,-0.5019163228822657,-0.1965833558599855
0.3161763474943295,0.8343361125431765,1.7888049482375805,2.141467074951664,-2.028480964422911,-0.2392543576268525,0.9943309754580223,0.32557948108418566,1.4475066964982248,-0.14372780105223928,0.31839073358739917,-1.0877426931399063,-0.16378161226349983,0.18300197792536993,-0.3740026226396573,-0.6679101294113805,-0.8031435603639101,1.3621605677680413,-1.5985297592591199,-1.5230353050011776
0.41556726772401137,-0.6520176203776699,0.8179704168299637,0.8014380855887793,-0.9411180765559363,-0.945854953263825,-0.6920847124233258,1.2582855643268835,0.13868618826225393,-0.6217423733455066,-0.21466012784609695,1.0342629201817664,-0.7105052127484894,0.4116209788018611,-0.9975077049606812,0.45007152851651305,-1.428065955353419,0.4250406196520083,0.6470124208069713,0.5266656446605329
0.8218143230504167,-0.8597795761948953,-1.4678638024836237,-1.6181644306197576,0.9881647813205395,-0.09393465491478516,0.07103287740211257,-1.1173223839156783,-0.17445986465007196,0.5132710790578858,0.812258318899123,-1.0722742461363564,-0.1378646380514195,-2.0307394938489383,1.0139096151276514,0.4789424263475414,-0.19281282931855243,0.6443943652346387,1.088632125608164,-0.7614452374278106
-0.7829195539537221,0.5110883080637113,-0.37527520524082314,0.16543677939143112,1.478925782001728,0.19467528865258715,-0.7557306151945571,-0.40148934964719213,-0.8273981120259472,1.4482817856016854,-0.031517837626330265,-0.44018495101430005,0.31981678173527867,0.12762928196972356,1.3113519217123306,0.07792379772095102,-0.6073669241159367,-0.07753326295594704,-0.31754638352352366,0.3266310534387612
1.2684440081477129,0.31987553865989543,0.9536935980842839,0.6418319396503367,-0.8065129813244973,-0.29330680413373056,0.5226251457504593,-0.019151506733248207,-1.1546066167679507,0.23101728452394552,-1.0229839296077,0.7330950373461903,0.012842221417633682,0.3570024392946287,0.893520334903996,-0.026888599884587465,0.5224582984982712,0.9703989203315871,-0.9546232941763113,0.03232352072786798
0.3474943696752158,0.9135111665988338,1.4417760553471612,-1.2251144881081029,0.3569350170954544,1.08976840387658,0.6083623271294033,-2.29158762249337,1.2705768633085894,1.3646084695201977,0.35319256270925187,-0.8051257741889406,-0.9597725464427862,0.573406090293244,-1.0775967090135996,0.6092473310340841,-1.4736145614161555,1.0200660287466603,-0.18310700670510713,0.2139411477161765
-0.20839322142343636,-1.4000184099352166,0.9075319499466742,0.12722293006607266,0.35763067478768484,-0.3189495788492356,-0.04766325355146244,1.4485261965584733,0.7779665271774399,0.6906248476635773,0.02818595182424753,-1.3838457217668467,-0.3078203055522405,-0.3807304718688057,-0.7657499783490846,0.9107694726128462,0.42364088056357785,-0.6972106188267948,-0.1547283422502972,-0.023157469674992805
0.47535203573199725,0.5708634877453586,-1.4936270733863057,-1.1704755684005648,0.6290592461823942,1.8624229950296256,0.08891094389309805,0.46563182096451006,-0.5111259020320505,-2.560994246094254,-0.8875187634200521,0.8885157843620347,0.08046842909611902,0.7538262376599658,-1.0886327865210044,-1.4852356952650831,0.256763698239083,-0.6566493573994118,-0.29228136268818583,-0.21959745850330364
0.1946148537446071,-1.1057013822902706,-0.13953506608459582,-0.783954925590976,0.5336792295626053,0.3973745047502669,-0.27535797605886414,0.8006359409000813,0.03188589256669303,-1.486533273655865,0.8753632900887457,0.06513275451891377,0.7733156382897499,-0.7795462772920471,-0.26876928448858295,-0.033765915256361446,0.27913802626624296,0.45439334802951364,-0.15695637442038518,0.2052290486842338
0.3884931298119769,0.5999309497974366,-0.30145804141496246,0.9769487741812602,1.2498479301711154,-0.6706715201374253,-0.25716027489837257,-0.898529363695895,0.5130196114660545,-0.3442172751528529,-0.2103355564874599,-1.2902407480907878,0.6830887013466881,0.4318259785074723,-1.322695714343178,-0.31206898260826477,1.6455004468877665,0.09268173546551066,-2.291555070264135,-0.9530802602432459
1.4359622473460856,-0.34149311608097427,0.8875604566037254,-0.52578185718736,1.4840543878875956,1.2193231477349922,-0.09455922276249062,-1.4327561503517607,-0.16753720203230138,-0.11124079021690605,-0.1302725152652568,-1.2068184419709713,-0.4750874359686823,1.2430190704790456,0.44913722133096556,-0.4994584564377428,-0.8624943987658331,1.708637593042127,-1.3716930656970752,0.28462376419395863
-0.599992384808445,0.8335365934035069,0.5523127406896629,2.007716941665555,-0.3734371962990632,-1.5471368868095077,0.3467717239501415,0.12663776773270263,0.738071278353528,-0.4173295436827867,-0.586020801038574,-0.20777351933362287,-0.3310979206607619,-0.13219382390679257,0.3557656914299729,-1.8324925694861156,-0.9006325363054618,0.6520658880806941,-0.6225363763540834,-2.177370814099201
0.6524485921086364,-0.6510842634831377,-0.7778673254949832,0.6604442984026326,-2.3395703033282627,-1.9973520018579407,1.5384522156870146,0.4405266655782657,0.41976408938241205,-0.160632859451201,0.6935539448574477,0.28983121158623315,-0.011501112193065082,-1.4198118567021007,-0.8816358027612196,-1.1428679978276048,-0.23829397456036522,0.003990061226915282,-0.5539113139444531,-2.8653244412315875
0.5205699456839619,1.8363384909266995,1.2487110620336401,0.03428872034619294,-0.286250401720162,1.2499007266422164,0.5254721986625281,-0.4996224878998769,-1.8391518820170258,0.8380482948233393,-0.4010742141717245,1.5436790726418672,-0.8389086956749828,1.0115990651034883,0.39254604629325984,-0.4117209400306878,-0.48433829624928054,0.3262227670484923,1.3694517954677392,0.7957693906209748
-0.3382452462242898,0.15951112845129603,0.5284728413999783,-0.23970813981633796,0.8882907897880412,0.4590871015264797,0.10371007979655043,-1.3461044214703897,0.19859553627201254,1.5487563702304445,-0.44153479897885506,-0.2458189561471436,-0.58000556844693,1.2800835153597412,-1.5424294172195492,0.5553354255809939,0.02855718657978222,0.4771994913836924,-0.06724195552095807,1.0162228641271838
-1.2776420511318773,1.390286867755354,0.05713922896386286,-0.03996848185766693,-1.6947590343028398,1.2627476640412776,-0.7584067137890852,-0.1092723944457162,1.3860022134444931,1.1389325157954737,0.24632247211006464,0.214103158162644,1.0253323338569722,1.843225900277049,1.6138217761585498,-1.1771327004698606,-1.1284793986849297,1.0219088832810168,0.7260723083641958,1.2675354320547476
0.5057387682691827,-1.3476130671456024,1.2170068262912344,-0.67345546255271,-0.4677023004427844,-0.7619372332256326,2.0366021743527685,-0.11172908717492248,0.8932959534299203,2.4468577581641577,0.6990978018622742,-2.0233791100306147,1.6332454038135462,-2.6008921421083997,-1.3645036252573972,2.242731333389437,1.3526543673380635,1.0403082768782588,0.5128172890795413,1.0078273887807168
-0.7686517518481949,0.23822423537157722,-1.0890373403035114,1.8526988550183987,-0.6682225201600104,-1.4877757213843084,-2.092868725955802,1.8297111528117471,-0.9970260540843874,0.9990893588756231,-1.1136112298552179,0.4955850203458377,2.294232838039677,0.007234635217075928,0.10626130336832892,1.314961967261672,0.5434965053318889,-1.3797731267381068,-1.2751862340562878,1.4223370699385256
0.34784423579821266,0.020734503051910283,-1.7757551181425781,-1.0085814235698296,0.609002024174359,0.38809323880373925,0.4653099243477496,-1.1234044071833504,0.821085597997652,-0.7367955894574898,-0.40614792452420945,0.019303955206435745,-0.3002755198916816,0.35087528861656186,0.700420488309201,-1.054265639371753,1.0776338386210287,-0.535300648270506,-0.8544047932931033,-1.1727983701961695
1.4730405070373516,-0.27820813331108296,-0.3633261478648489,-0.0952089814321625,-0.19525366409782083,0.08521514052631078,0.007193472205343308,-0.40027080605839604,-0.8188520714207523,-0.5019853762032888,-1.2494489698056845,0.45977341420672674,-0.708866170946294,-0.19087823822739985,-1.2792562179420952,-0.2882344676734832,1.0254876935796695,-0.056771051286561264,0.15889076087320675,-0.17625889877515974
1.777033592322418,-1.4614147525820484,-0.5079193717007637,-2.6321959524006817,0.9461375450482911,1.7542228078596558,-0.17637320083632257,-0.5213984692660446,0.007138917268640248,-1.745493886989474,-1.1050398505185979,0.695080152439753,-2.1621909256381038,0.7930671469795777,0.3144358160698097,-1.4116665867558003,0.8287564106931908,1.0957767293005913,1.7063001182546813,0.004145115027262349
1.971361274220365,0.36079422595829913,0.9735527534762077,-0.13873330040465012,1.6855867525726813,-0.36490287931673165,1.7887106931881342,-1.0207962246498057,-0.19872624332013733,-0.2271393659645126,-0.8110541664278355,-0.1356313296237689,-0.9930443618942457,-1.5466943842745193,1.6729673233251716,0.5986720678799802,1.2185212613794192,0.011120220174405731,0.3260624895391799,-0.8099401081100557
0.8156182961196897,-0.03622704528013473,-0.23345795575732026,0.7534923976877217,0.8898683496165323,-0.2991253700422779,-0.24105578702742703,0.2247697071927342,-0.34416356468434284,-0.26698164675858377,-1.4728298754597149,0.9144649230943823,-1.0966468967126173,0.7154844691733304,0.8578600131910592,-1.0260026407351415,1.1049061394836173,-0.6246265677549141,0.5928279369673164,-0.23614979096571567
-0.8919406524531197,0.041394073281512775,0.9203960111395623,0.9193766851189303,0.005338435100923772,0.031968814498685987,-0.5696582122666576,0.20419525331988014,-0.49297145821510424,-0.514256506689634,-0.43985477109058985,0.8821472305225344,0.4536225910017986,0.8612513541946955,1.2875571710627767,0.4091211417052373,-1.66827923515157,-0.1943541086389214,-0.9218745162365001,1.3860312817687062
-1.390572312965531,0.16929487405041355,-0.14452395478035085,0.7731993505035514,0.06849760511846859,-0.6595019025226165,-1.153525065942861,0.6361210870823604,-0.11579303987621993,1.0316478958817,0.2986615473553814,-0.09713303045273647,0.051824708895142846,-0.16562630645461296,0.10635283418108464,0.9847846939617948,-1.3911257565333375,-1.1058973621557018,-0.12521261828373098,0.3895018233115397
-1.1425168860475314,0.4206901529301602,0.5780226212897006,0.753203742989598,0.046430101653705196,-0.16276556373446496,-1.014517599367393,0.1252801399473763,0.15785589503778671,-0.19258385139117468,0.3198593230703767,-1.690053185515348,0.47188250509152246,0.1397369030139808,-1.9479882414458125,0.17259436944086573,-0.3904668427259702,-0.10683609501350398,-0.521330908256644,-0.11386031330784835
0.3207893527027084,1.138548192150986,0.21809063028324283,0.3752768403993853,0.46939336847743457,-0.2785702480029655,0.8577292990836354,-0.5096991349852598,-0.913243229745085,-0.40869578282501706,1.2992708708498575,1.6061866899859287,-0.8832518478764164,-0.5827361032009134,1.411981132341417,0.4239718738676566,0.2572126197581779,-0.9431858483795207,0.5373683884463206,-0.5018360095666229
-2.0525251944048155,1.2164772585303492,-0.7205922288955702,1.0478235140200842,0.2778503795536295,0.15931891761722294,-1.2930512004562218,0.5106185454360078,2.327141086500603,0.4309670717232189,0.058632662740380384,-0.940019639170523,1.5076272045157109,1.4249320918530848,0.24443568914069327,-0.0816198068993099,-0.5025598260385055,-2.274155125027813,-2.0436208813415355,0.29430841037797634
-0.6552365178154845,0.6050579442912893,-1.3616059096329884,-0.6189170376087411,-0.34408736121083955,-0.17562517770095604,-2.0294007609580924,0.3389460595339554,-1.2913670105188548,-0.5562600621005209,0.7386289611764884,0.3167299809754681,2.038968982305838,-0.22173400120243686,-0.8918269700978785,0.6907803823201493,-0.9590796141791502,-1.0023300944868163,-1.0358050144744293,0.8995341726064809
0.3955057115066547,0.5546167465096598,0.9549721560620426,-1.4312333514150333,0.7964022074017773,0.7326149759113927,0.3149654274431934,-1.1105350345251679,0.5855357060841413,0.11770989780814942,-0.5020195257484139,0.8640286854579676,-1.1251227752952613,1.1000458950734777,-0.27823335551266354,0.5533133721265898,0.11929081978142292,-0.5779386730803748,1.4267899686509824,1.2761379545220821
0.5147431562682852,0.7280841030598542,0.6621615140272156,1.5184028819831619,-1.5435320963252694,-0.7278681939051159,0.30475343406977945,0.09653111053865374,1.1805071261794422,1.87410585168678,-0.7110577726175494,-0.39675537195723254,0.6475404010317443,-0.040479498635493986,1.691991673907822,0.34428295808954035,1.0048768570595223,0.3201351799188076,-0.42841544343968757,0.18378637734789857
-0.3308929164788006,-1.7872861770858894,0.8695953477681202,0.7729848054660718,0.8707015644621466,0.06515540186101267,-0.5484524845516839,0.5859674106786443,-0.005210098253613714,1.0302523081852655,-1.0012891381843616,-1.6435642105721275,-0.9272176088866966,0.033569855270745304,1.4736855884529112,0.8273875913314792,-0.6833053772412412,0.7776372732235849,-0.8460881160004619,0.37103689254577465
0.1742692747636163,1.5364903923805353,0.5423627024942204,0.506829729324206,0.8617252195353268,0.5385492083256694,0.14412418498967483,-0.7507335155039085,-0.9912019839137544,-0.03322998806132798,0.7456112058231018,-1.0165341778476167,-0.20347322146159752,-0.930919027399077,-0.47276642982958283,0.9783620918413285,-1.4422625203519044,1.0050812246627947,-0.33043983611944144,-0.42442038432387297
0.93981572551046,0.0987815028944994,-1.1939093086738215,0.12408700690899953,0.5306156183331563,0.9919809691018514,-0.09878256549533199,0.09429174180596761,-1.7372456895822488,-0.16746242336946018,1.2263535879525123,0.7419216740681517,-1.4231365521124848,1.2458855186221278,-0.37587503951013673,-0.13745289516380663,-1.6452867223647776,-1.109309764721391,-0.34352009883336443,-0.42951769330456324
-0.7868220334509999,-1.3857472391813948,-1.0972227531085805,-1.3932388155909257,1.0959594282932785,0.6096524364557961,-1.2012566652370598,0.7373644201565199,0.08140549448440502,-1.36306055160153,0.2171665819349652,-0.4711755563321935,0.8185124731759168,-0.8136970407483097,-1.415352895866808,-0.0217917721112749,0.3017927642453982,0.11686509592673672,0.1902127237152256,0.1018576432442962
-1.006035858261571,-0.5714817408720704,0.2889025743638029,-0.41435077370300866,-0.568489487111807,0.6352156170413685,-0.7256189528428005,0.7186153976727024,0.11307613371107161,-1.4234048565313169,0.7976976791193207,-0.3670217113819615,1.6226124214029145,-0.03287165405799521,0.4476010955289154,-0.9089667824616938,1.3234386169460264,1.3286414538714368,0.6097582848181605,0.8995158796408778
0.7993678061036217,0.5786259678284627,1.5242760001592819,-0.08962785934487753,-1.0589783386321425,0.8232788679394824,1.0082345868734042,0.14176062691556265,0.7460707206659708,0.18369391626907342,1.6711035327447634,-0.156274880913735,-0.770060860240536,0.41356497039326506,1.443617742162415,0.9129908363023534,-1.3103152008565615,0.2678827918260934,0.24926753103217045,0.24608611977847514
-0.9587041942085803,0.1286937735377857,-0.9174849193971957,1.2554481247062514,-0.09235578500482462,-1.1248815460713273,0.3617009960676036,0.20048181266938772,-0.8701230649105844,0.9270111506897868,1.220339786637005,-0.40636878388637443,-0.4006126609341647,0.20315675827401056,-0.24865361515258608,0.352704735505723,-1.2380401039362814,-1.0261807225317288,-1.1826768384061448,-1.3838175143676277
0.03223773492632155,-0.22681874772927854,-0.05846443036022291,1.0839830493241625,-1.08946923231407,-0.48300522161477155,1.2964946397742678,0.7053659652602887,0.9603452789083807,1.5525235323537074,-0.649382706979035,-1.0516115654535172,-0.9426332584757591,-0.8435824521300818,-0.420153199642726,1.179545883430129,0.23758547523191884,-1.4178128665833045,0.6353383688648023,-0.4079944275905429
-1.8295943421844487,-0.5259371434413431,0.6593601639795834,0.7741159270907437,0.4031860211948365,-0.4177306115573474,-0.3109470589124016,1.8449074010954645,-0.9593892376627712,-0.9950350854737042,0.9029231643489781,0.08852229735401217,0.6198203504574008,-0.644620042035968,-0.894651519991389,1.0317467305112702,-1.4086949485419147,-0.9353181183806203,0.057358994368866455,0.5154740977558172
1.2188365406586783,-1.9454360186973416,-0.0569434468917739,-0.1846250507662804,0.44667235369858077,0.12991047340707348,1.0481504915381405,1.0944558577774492,-1.0385197524746914,0.30499842638893515,-1.0431991471495417,-0.4069390233847673,-0.7349405471742229,-0.1777225562290259,-1.022013229353736,-0.010691921017409182,0.7458606483732614,0.03532804507770895,0.5824828299529898,-0.033805998762298964
-0.6958067600640897,-0.4873412170551761,0.43097079934285276,0.33536899610838417,-1.5483776277202523,0.12801994977293596,1.058437416922904,0.3174149614905328,0.35045796744974744,1.0615608679647364,0.48974157106964267,-1.7582246501632541,1.3511924140075047,-0.8204569710285293,-0.251845455578661,-0.19998981330787285,0.7653802534110269,0.7776212737979658,-0.22172591736354907,-0.2763758810672318
1.1695920102605222,-1.506118955615307,-0.14104796127727948,-0.8287604178968754,1.1277102979355709,0.7017834526214355,1.4188571478328535,-0.0647516547850132,-0.5741920886848652,0.007909937614032957,-2.124300559668681,-1.169549240934335,-2.4728243346680197,0.5098245500273328,-1.5264705533414293,-0.27481503277739777,1.6405472817735616,0.08683204271210632,1.075925155456184,-0.7885657324872711
-0.007972345495866097,-0.714408248124025,-0.7672120178472481,-0.8583390616239641,-0.23087184828901033,0.16058767315066744,-0.16424930397690238,1.0199701628932312,0.5438872540282661,-0.2559304853787364,0.7008640766289941,0.6110722518240246,0.14582974637430954,-0.9895962649074092,1.4572000889668515,0.19556925268501169,-0.7316649648503553,-0.8454838005130941,0.8718967862437297,0.24279234586738455
0.5387010541935706,0.1485639094024103,0.9518522745030591,-0.15482147476916716,-0.06715633628778456,0.2898771475901128,-0.36924462283937753,-0.2174809914225761,-0.7580682482522931,-0.2838181637183789,1.439596107230978,1.2542537102907485,-0.9853058412253681,-0.09844831493978341,0.8073056710702138,1.9036797648058088,-0.8346126628008641,-0.2930054395264643,0.19549381562377308,1.1412821899660859
-1.6990620723784595,-0.68511278599334,0.05842193913706799,1.4563511946039835,-1.991101432415226,-0.8734113471321321,0.48997185986295416,1.9848466337349109,0.603439804426268,-0.3769339626408653,1.9184151412017802,0.8422094838106469,-0.11018348006154834,0.9389772596360698,-0.26228080916525903,-0.4869478705216689,-1.602586588720088,-0.4392517864298032,0.8828626604698452,-0.1812063710883823
1.5324540514667546,0.11699653901233252,-0.8516754490961458,-0.5963316544161027,-1.3468933192464285,-0.1436999901509551,1.5620690272180546,-0.9791124657477039,-0.7477173524869294,0.6277375231496457,-0.439033955152044,-0.20625242384828618,-1.9126852796291496,-1.2353510947555992,-0.9348946802558801,-0.049978579831319175,-0.2799384578261728,0.7232915948349984,2.8429909727861307,-1.2265330688996823
1.6001224620402186,0.9959543871507424,-0.17877991681306232,-1.0328008067553784,1.1360417254635233,0.08886236148914524,-0.5013750833854536,-1.5209609082278954,0.440016700080943,-0.17036003815185358,-1.9105882756199177,0.9708044152016179,-1.0174779299165089,0.6077356528601512,0.013909669126579722,0.5338299205389132,0.8282790332859513,-0.1325621450223075,0.7950764891262145,0.9965440756435551
-1.4983115507014557,0.5420142262006211,-0.4212568058735005,-0.27619385326121876,-0.5484355432960757,0.2081580506903352,-0.5431072482165485,1.2361536141891662,-1.094153091727596,0.12674726351565235,1.4971416294411533,0.1937859766936871,1.8041396082749932,0.20346392222515083,-0.012154874500908231,0.19213910202913273,1.0549499589559808,0.10704579260946438,2.3010478506445353,1.714433119263177
-0.43257142812300103,-2.2532448258693454,0.3331380500828122,1.14997550875708,-1.2034744617228106,-2.877674962154478,-0.015058748109487386,2.6086159333334256,-1.0871439310679334,-1.5688645933381233,2.0335005590685853,0.28388618422282724,2.4798196812874065,-2.2216751426671486,0.10187554635617642,0.3320726212752554,-0.9684226218529076,0.18237420474327343,-0.38532735737641927,-0.45423457458253547
0.5676063451708444,0.34093686689966823,0.030245488202178327,1.3239050070524454,-0.7502200481260448,-0.6064684284268115,0.3471641404711937,0.10780722116960394,0.7784859778339418,-0.370610244285599,-0.47107103272533,-0.6018145999431255,0.4839847681702712,0.0033547324885278952,1.5869761737353987,-1.8294293475470946,0.763039291867208,2.0943384764817097,-0.3470117806315887,-1.458404674738076
0.2282441512370467,1.0617789128715094,-0.11812794065851082,-1.182099299271979,0.00713460119418621,0.23573266378503965,-1.9185282910332238,-2.4508996574238386,-2.0190445833694857,0.6262296101274678,-0.9930594018690696,-0.051822605504673276,-0.679505720703584,1.5466311474937822,-1.9978831606559564,-0.22453820976237016,-0.16409030355358337,-0.2607748563454334,-1.1706125920645196,0.3994287772700276
0.7821358880365142,0.8516314618390538,0.16558657161519696,-0.6896241429206114,0.7613649853871371,1.232897366829836,0.9116052486714896,-0.5745903382574359,1.1231724945271875,-1.1590510996771124,0.638783794268419,-1.2377825927157122,0.3217861001391363,-0.8074445907234971,-0.34291324109533633,-1.123871344928924,2.4594842741392378,1.0966740395025063,0.6470424304870374,-0.9986829937806162
-0.3323351187168657,-0.6419945962691586,-0.4752310100073861,0.29821304331583043,0.132969287555454,-0.3827949136801187,0.8113832717724396,1.0300985954220498,-0.5901555464572389,-0.6988390182047421,0.6963691836640872,-0.22620319211448633,1.3424989286415636,-1.9195960954695999,0.6246203996492452,-0.02577100038045661,-0.13163157805760245,0.295589599964161,-0.30917655917673215,-0.8039996272033714
0.2642708816813074,0.420011120911901,1.2939115668465948,1.7891651403998925,-0.8021769784508216,0.26812393733400974,1.327021170250536,0.506645673726797,0.24826582320824678,-2.076474063131931,-0.8001635071100617,-1.3391581464659499,-0.8296040133232354,0.4595889977051216,-0.26362481368496726,-0.2172505575870746,0.7629121153059523,-0.08285983268617131,-1.037737879968278,-0.9474104035844491
2.073541874210767,-3.576314588462875,-1.0353182412995736,-0.11813122855858883,-1.1745074487182388,-0.26207189718452173,0.23351693913100297,1.1155552512095048,1.963903644311488,-0.004750914611454424,-2.9121991061076864,-1.137054173345931,-1.6023836629742687,-1.1749018333843402,-0.7103640481876955,0.45044815102710967,1.517640768919085,0.5896910588167061,-0.20989641951593407,-0.554343649673673
-0.02712031779590134,2.3740404967753848,-0.5392905018113182,0.3899740913274349,-0.8886749376067673,1.3205341283579077,0.09521747631823267,-0.34805254276946324,0.010159705965280387,-0.6490805650162814,0.31157975189119813,0.5967289739718493,0.5155992086035588,0.7073344001976434,1.5278236715984954,-0.42203148249241157,-0.7135358646326035,0.013396194249307389,-0.18921432005674907,0.3208220795178669
0.06925040398943785,1.1330829704677794,-0.6026109429668698,0.2416789782488263,0.9477493451192858,0.35546718443513003,-0.7623055244732253,-0.47567488894067356,-0.41176207956431843,1.0663026625285987,-0.9925273921934211,1.177833176005426,-0.4283704213110809,1.3751929689638414,-0.23409002537685794,-0.6638072692168492,0.17980686535348686,-1.3263166587485846,0.2746046183209517,0.5972944324034037
0.03420652777893591,-0.14942421705119813,-0.561936515232536,0.2513804228824112,-0.3114494268626245,-1.3188409074881329,-2.1520913148148653,0.7811866523870061,1.2373463390660953,0.36618446009181443,0.5403563943357734,1.399854386407086,1.03119632899514,0.6298209621762989,0.5666572414336862,-0.1502749910692447,-2.2256236490849104,0.06168539502474163,0.5426293816337646,1.016150659644838
-1.5093338844982318,-1.5791652714751208,2.0996393553955897,-0.0760688928779193,0.19765838407944686,-0.32185390162109806,-2.075934555775222,0.8626093589922649,0.41943594571559634,0.33590549494103217,0.04104876248425231,-1.3713947647440412,-0.6272396773479416,0.3764554473107304,-0.5211432822241059,1.5590242872424904,-0.47760308439645205,0.2427890151100084,0.9440065672348702,1.9402460517560813
-0.7007737733826137,0.7184549173723841,0.5435661049625565,1.358108478807865,-0.3074185801981362,0.013789880347408693,-0.07065784230715012,-0.2522351663577735,0.25638386978073535,-0.7816878778372657,-0.035024345783221715,-0.4654606664112276,0.27295139244207633,1.301068603065174,-0.47645382298886857,-1.5344415911784712,0.12623163044981617,0.012948071234625267,-2.261601856944528,-1.332345807542368
-0.8656878129914269,0.818003094928783,0.7106625336026862,0.6554544642150999,0.5492014233889905,-1.9140396390825125,0.8629351737210706,-1.2222649071092644,-1.9122283464583922,1.4163377826366819,2.004028597093498,-0.4839737765809452,0.13245919286185995,-1.1466822276947684,0.4068056471311186,0.7874786760866564,-0.07107676243480184,-0.3221049888100776,1.3634011373292965,-0.5157261952228921
-1.2689767311382751,-1.484731237528408,-1.2765054212627265,0.9081957443487924,-1.4708687957324713,-1.0924662032042676,-1.4795876968515351,-0.0702281905139493,0.7262546858645681,0.06747488250213478,-0.3872713579854794,-0.14413728838459527,-0.4375159730916628,-0.04779382711280851,0.7399397421429788,-0.10867930794820209,-0.4549839181909281,0.10778359481574411,-0.7938374153746156,-0.35114032794882843
0.780262648451256,1.1557213007968912,-0.22757865690742793,-1.066065833562803,-0.5034413807206298,0.8898974107356145,-1.1155008903623582,-3.256110446933502,0.23470504755963836,-0.6820905911324576,-0.5281758479081083,0.23814124401788656,-1.0130381578002552,-0.16270409114694606,-1.4312711765486783,-0.2450839033627147,-0.8560708650438216,1.9028026224004677,-1.229354069065234,-0.7237276755221813
-1.245531601437299,-0.3176473871000142,-1.0993365248852052,-0.10914361599465613,1.6446224673601506,0.35729472360358216,0.15943867376712795,1.2088019827938303,0.8834160805577556,0.5986915217190978,1.8397060112280113,-1.3608144753104279,2.0772185496297007,-0.74019988682039,-0.3719120472748405,-0.6400716773748543,-0.0710671470883203,0.4025082667941096,-0.18190481770645117,-0.6427085681186138
-0.01634329130898347,1.0426694026934697,1.065397072998351,-0.2775407847191505,-0.09065947646407543,-0.2011091407322266,-0.5730730015014521,-1.6474078303473716,-0.096150307874173,0.746401386744306,-1.4429506752032355,0.4356456124485191,0.5989996685489966,2.4655225555038762,0.8753147316806433,-0.2821937282108275,0.0698717817704265,-0.2450633135315969,0.2280961728521212,2.0108759296700027
0.5136192150437596,-0.6610974649967659,-1.2037698392936758,-0.4715016922842656,0.7844661797801787,0.4151791857980128,-0.3226112247860492,-0.8789399102916812,0.1128828120204046,0.948174383739186,-1.8652538752215235,-0.5208702235459653,-1.75503265215848,0.8382911077062356,0.6401596996767512,-0.3023269736091462,-0.37163661900478423,-0.21635086943240023,-0.82767737847119,-0.8712426764363951
-1.65981034467945,0.5409277648778676,-1.5739434632366194,0.80653288839397,-0.7345412042136681,0.927742402653613,-0.9986180006026014,1.8139665208981306,0.40818330566618066,-1.6075094049543772,1.007344892881722,0.09236072990075027,1.3674739223284214,0.5787499347028415,-1.420437268906407,-1.1076717674844079,-1.0797086521927883,-0.5592984820981336,0.3908052208886612,0.1674669808572117
-0.32949303163020105,-1.2073693905782559,0.09688041038587587,2.193353327984424,-2.223434638752471,-2.8139924962855285,-1.0002683443639786,1.2314704284758715,-0.5298364501812208,0.5662725111729285,-1.1269446208723595,0.6929873635807949,0.2656092598060083,-0.39942667019514505,0.16739888188969312,-0.05382259988357546,0.21592656765917462,-0.14192010040281827,-2.0246888104085285,-0.8805246740952762
-0.26534365631126433,0.731713343233826,-0.13227861683613445,-0.8481966292532797,0.6732248457708173,-0.8158937117294673,-1.927805059214481,-2.1668165105927826,-1.527824967925119,0.556656901536083,0.8820042754002292,0.2733970589825082,0.08596804445351519,-0.7498933957406767,-0.23854907691674881,1.9741499245481227,-2.0722981526496227,0.24514558404548345,-0.5263212826526288,0.8969418796692344
0.464320138004921,-0.573225472594049,-0.39381337212105194,-0.2566851266987812,-1.5833166189055226,1.3602499257270897,1.1272355465409176,-0.03278903163542998,0.36879972259607113,-0.1663214135384496,-2.101769550213958,-0.8540893175117799,-1.7043759820102993,0.4831375599555706,0.4472083421206,-1.407717998425836,1.4327190786526425,1.0270660769674107,1.5585667104253078,-0.46366104631375976
-0.7122390915712095,1.7502930835991182,-0.45814761724735237,0.1121925485357866,-0.35954393029493237,0.6906767139535243,-0.822402784626248,-0.7146671322095444,-1.2374942035306309,0.049451469923389786,-1.0977764601481221,1.0567196105043672,-1.1437960403507685,1.705081641113147,-0.29567970142464484,-0.5824655807089903,-1.4449206141961657,-0.20883965629942375,0.1539021730742486,0.2473607298259258
-0.29793350662906787,1.0029180814711431,1.7762052808054996,0.9768291360876826,-1.3775187324015328,-0.6508286648539304,0.4606561650013886,-0.6964558958656383,1.0528280848138185,1.6102372280600525,0.9598899604028396,-0.5820383881206922,0.16156489705769833,0.13562187275728865,-0.5508988529780178,0.30491249980070345,1.2939212062629464,0.04044324353377686,-0.04372638214103697,-0.12103276716440438
0.06614282041969664,-1.1535458842759885,-0.7833714651674473,-0.5717918966480887,1.1688025032688862,-0.36184760394348214,0.8856146160912165,1.1092764892255118,-0.8618514726890842,-0.8640258568577789,1.102410130655411,0.08937704379928935,0.8218236425972971,-1.296762358789284,-2.283542511725365,0.027834504904675463,0.06521499188987455,-0.7822559013524527,0.4837318426274165,-0.5104936034139453
0.10680813406499313,0.558385610557037,0.19460747410712853,1.5539932295311003,-0.1561433370523913,-0.423468507994948,-0.6831866744012524,-0.32449466962270007,-1.0977147876237416,-1.8524901003739316,-0.4451302158328287,-0.37656698915241016,0.006089758134364023,-0.7636396287326538,0.23631367101422354,0.8761897876073171,-1.5022927257851102,0.27881145540259755,-1.972521399900188,-0.44039469451746815
-1.1052261433053967,0.30335072661522844,-1.6382802597675292,-0.7076985184900814,-0.20713724084472063,1.7856931978421227,0.021268986067656943,1.1237633117736974,0.9214357794529454,-0.052236239256192876,-1.1610363443801415,0.9055193360894819,-0.19891207000805017,0.5656722861236583,-0.4838094277141854,-0.17525752397009325,-0.08358323324339242,-2.141479693503225,1.0938393713793302,1.2320826690018183
1.3760476478672676,1.651798474329116,-0.6411566582182171,0.03419740632072258,-0.6273979142024766,-0.7029433299030573,-0.7951777172918164,-1.2792932827894352,-0.4253685578854564,1.2910615061216455,-0.599840910973888,2.759731143103313,-0.1667561398299858,0.5616722004653084,0.8972116880524488,0.08208593319025832,-0.9361389480683935,-0.5673231303319075,0.24750643238809683,0.9180500704598358
0.6193798469547376,0.6814944952305287,-1.352569364218142,0.5084937278480042,-1.0666003975512428,0.6255776854340066,1.6287567555296942,-0.3052520163533368,-0.5451098738283638,0.8411268230463034,-0.6607216870160754,0.42472371653937424,-1.3007273102551813,-0.41345577573306946,-1.1181550438712138,1.3723508836652731,0.8705982109070654,-2.344534388289917,-1.8332802833555133,-0.9766492231669647
1.198853965943353,-0.9714425409904698,-0.16061142723503832,-1.4759558726869646,0.2399684343330017,0.34245229807933775,0.9527308588900081,-0.6307777050222283,1.6150273298621558,1.6925695236784903,0.21609951232297098,-1.7223529954246237,-0.16699165088921974,-0.7966595221546854,0.6291927495877983,0.8085685472504316,0.3934974397230208,0.9477892488011302,0.44968098382099053,-0.06446657162834787
-1.3751921079077987,0.36713631584067935,1.5189437305691735,0.40958478330594555,-0.09906122963872127,0.6681518335336517,-0.2950355992999064,-0.39422516846928873,0.9503834166074394,0.595621108605316,0.5813957943312162,-1.494667264945987,-0.4216827446573443,0.7961469716032131,1.180297354929489,0.7628458191595484,1.2326837962920505,0.5133701742548396,-0.1914091722847759,0.7157695200950394
1.3595077571311884,-0.1382615218307542,-0.5495602782689597,0.14148295819010542,1.2914160223850686,-1.461852581299697,1.4414856954537394,0.1654061403397903,-1.3760144283407658,0.7450572649118592,-0.4302663172399455,-0.1692873068125544,0.839884896404747,-2.2223103678690377,0.37902528936272084,-0.0728368972067657,2.27282343885099,-0.6425801510120492,0.30568981709545356,-1.5094673428540788
-0.33763119546738435,-0.9037072880982385,-0.6765717315376781,-0.10084157697487517,0.6531729130476799,-0.6627654160125533,0.455398729723893,1.1744126803246753,1.2499290056834613,-0.3358986188108373,0.1695101155046468,-0.858248817472048,0.26059255581572216,-1.4383236678639304,-1.308912942225212,-0.04058306661952755,0.2979359136916153,-0.8089317094445743,0.4751349132625623,-1.1593567989080609
0.17917479703936456,0.3900833519369235,0.28804507358096537,1.2191359270670186,0.7752477087680628,-0.5734587512620289,2.1690533435358654,0.3736711773925043,0.5396258539872514,0.6344960934909556,0.3988924562436623,-0.9856976916081437,0.8835782113323696,0.4324473032745601,-0.20004530167686874,-0.856065756821118,0.9826390293986433,1.0836881567390015,-0.5554330501167277,-1.2731726508982466
1.245930636865631,0.6625420352728146,0.36186299388120235,-0.404285682000603,0.8148269955739224,0.3892206890272151,-0.010081845050284057,-2.05011191503323,1.0194190876791211,1.465858527204107,1.4122566642482692,-1.5437167226976005,0.9084607386524957,0.5964741542586111,0.2951884307903187,0.7912020305098106,0.31532218559698205,1.1231198405068321,-1.4046160797354426,0.6046098609303266
0.5385452047385427,0.742769674712332,1.809945431628131,-0.7472415260615318,-0.6369065859786459,-0.16678471284959898,1.1115741659592997,-1.0718545487741173,-0.08712739321329134,0.8674671589707621,0.3553915442611149,-1.0072147733376438,0.3459720582312203,-0.7892812081372867,0.5504426963808299,2.0921004821380556,1.1913558400987898,-0.2760642266744027,-1.4253731353998635,0.37218542102075247
-0.07367901977057248,0.08336845544155479,-0.513513493088743,-0.9427538669104144,1.6848952228186291,1.5262966381492022,1.0603935631974852,0.5480487676225174,-0.17815834531383276,-1.0716723217076212,0.6265788499451256,1.129329853271421,-1.068593054133501,0.5580255824826221,1.3821805998918373,-0.13684969493275984,-0.8180914258261002,-0.47285812327901405,1.147173541484498,0.10506815977143859
0.784429218455043,0.9556450515776458,0.4897090082001223,-0.5328574693729591,0.36411084128660787,0.4955011131081183,1.5359027595889962,-1.0577629270657107,2.452915357321577,0.5983900525345482,0.790096476487022,0.04136859246337459,0.1357578767563313,0.17982631576927843,-0.8997063797076926,-1.3139395452338767,0.0008204573031626777,1.0002280161469124,-0.37186528413665276,-1.0941864202223113
-0.41085918458251514,0.3251015010173976,-0.6497653331122063,-2.9621582657093084,1.477085678408607,1.5109587612070365,-2.193795953796266,-0.06748264060000542,-0.8764548919222059,-1.5616571484256094,-0.6604155105309003,2.5799033056191325,0.5160018759727251,0.8217341059351181,0.33155176670121556,0.2849046438672005,-0.9123150841086993,-2.178753479523074,2.293127244864468,3.1121259302809494
-1.7557232974747186,-0.7681914752856674,0.9844580178256661,1.039437339015203,-0.06418808103503909,-0.335081437406675,-0.5073241878301274,1.2509644969704992,1.6202510854780015,-0.0639684703808843,0.6050958150771278,-1.0031841732548432,0.7042615130754432,0.014000750859465994,-0.15689102334135024,0.5287488972851747,0.6056234381758681,0.3090938093806259,-0.4135217030289334,0.49584072385828537
0.5636634112690581,-1.983328925921318,-1.9914286383188273,-0.5564170353408991,0.5334534308887127,0.6694887103687356,1.7089849394147196,0.174845120071071,-0.48249064749464543,0.35063686730547416,0.7454017063477861,-0.5422859587882616,-1.009155402642246,-0.3489223636050058,-0.4901136198705216,-0.9978915780263592,-0.6377371107521165,1.4258490218825919,0.35940853572565823,-1.5315528293736382
0.6619500568556644,-0.6100918748299742,0.6728293004760116,-0.2155345268494781,0.5236243989115841,-0.11523842512989649,0.2203045093389316,-0.3472616939786234,-1.9172407131490596,-1.4526477602924581,-0.17816207013820756,1.9842525508308642,0.2361184662786416,-0.4144680203221684,1.988373682803818,-0.06972714898066862,1.452406912738847,0.31629099016938694,-0.4395325016555113,0.6391934888376553
0.4921683648254428,0.1491391586166391,0.31435243278713026,0.2823254706762146,1.000828289566598,-1.6838835591462895,0.6246467125344305,-0.22856443455703612,0.9342126445799082,1.7853720722845878,0.6274650788606699,-0.3119150574916917,0.28070086012199535,-0.38314691741284357,-0.7239083380859,0.5733399359313163,0.7322977752565331,0.6504761801288127,0.6312409352179978,-0.3437327513701688
1.450308373770801,-1.5921246054174627,2.2792953463056267,-1.5000917876236795,2.818422898713968,-0.3767531878891155,-1.566181093126722,-0.20828560355931622,-0.5760029147312198,-0.6410968062253245,-1.37130521570602,-0.7801283391806061,-0.10520052214225929,-1.1918124523871687,1.4858452823215669,1.0067431877448973,-0.6155741845732688,1.7358987822851824,1.2084431669356468,1.5050174743872382
-0.6038853374852765,-0.14937763721555233,0.19062950075628987,0.5658853774300333,-2.0982341971300844,0.9289174540224153,0.018232733375529647,0.9607482034288076,1.5938869351218137,-0.17504009278860835,1.1054720847373916,-0.9233367846438296,-0.2207011568573091,-0.016688893617640192,-0.10076564002656097,0.5155120974946515,1.6342126244600323,-0.06413323014619872,0.1129200650028298,0.24662483849728636
0.22495191534064354,-0.8858710401523393,1.505398273168789,1.2764700592364173,0.5393966938833257,0.15570335608463595,0.8477334976643258,1.1305043409233972,-1.2644164516977987,-0.7078211442103906,0.15367577288133014,-1.2024572948292005,0.8802174893244736,0.7264905733421352,-0.005464807816538827,-1.5106304020600754,-0.23952642409471062,2.0767594020113664,-0.7581767169616048,-0.5161546924359179
0.5129777356743469,0.3642849436980196,1.5943955670485062,1.3054310147287647,0.48934652548401664,-1.7700991166560063,-0.310081787996145,-1.0150135143248489,-0.5571417537526762,-0.12371192396078894,0.8483726575209205,0.9654298302241237,-1.365305686630904,1.463290574773022,0.35847636682115136,-1.3089183452630104,-0.268396498061614,2.3610061135338136,0.08086799757688622,-1.1615755777448415
1.2543182740523264,1.5983165494308615,0.0721484059509575,0.5555328939403936,1.519387132746662,1.4212791631292943,0.39388149753804297,-0.8977972248445384,0.2858471461230782,-1.1148914518712836,-1.029404061366219,0.7363199068632957,-1.7599798638858728,0.8620727002490924,0.7539804455237926,-1.1316160038183645,-0.7063890841148026,0.5516100719174506,0.5934484773199724,-0.5199614483898558
-1.495422592841439,0.21701111938961343,-0.8206143128075128,0.6319594497376282,-0.3122187859299318,0.0159762503579325,-1.7405273607228766,1.006201081477688,0.23375493372005274,-0.9143520024858891,-0.7380467605214964,0.30680659200604443,-0.3204229585016131,0.3753536993676115,0.22833863591395312,-0.9943834762168783,-0.9316602785354992,-0.613196410429752,-0.6688337753445232,-0.9914372177812487
-0.22617545890408286,-0.6450922963731488,-1.6926561171706702,-3.8243318650190217,0.9318622426677254,2.107518634831659,0.5815930698675437,-0.23020170171030754,0.5442062149807683,0.41141294408947343,1.4673392287909084,0.07138797921052009,1.1557360593764594,-0.4919003211311625,-0.4531004918853829,-0.043906486472146414,1.4102323753418264,-1.2847935100641557,1.6429154238821593,0.9990976937808496
-1.263338913027923,3.6072178519224583,-1.1048453998554701,0.5770342162738855,0.500305526919571,0.6576087524836599,-1.6895956956175755,-1.2466341862144628,-0.588579640017208,-2.1920380104098953,1.0684336657120561,2.0953949316436797,1.1107649213588153,1.6532939069925752,-0.02817468087477469,-1.3583959077104248,-2.276119351661478,-0.6382490448363093,-1.4872265059888532,-0.2071941369576729
0.8630267422293446,-2.1712913350866114,-0.7038126346261582,-1.8816829144305376,1.947049073515682,-0.032782563205869544,-0.9642137237603216,-0.15584040896861742,0.21146057464031726,0.03845471005350664,-0.09392938751263596,-0.5601425113325058,1.0032697613185326,-1.1689770452747033,-0.3515803786270615,-0.022085749650563057,-0.9244145134247465,0.9763306288057515,0.41213119131136017,0.7488761954169796
0.6614310662142693,1.4100042407467395,0.7905136362241642,0.7657488032427381,-1.9464543777149854,-1.3386309390635085,1.2086254611619087,-1.192904112514252,0.6132452418756169,-0.6788833299754808,-0.16914258784414787,1.3299713078303894,-1.2154385662660778,0.30693496534906184,0.456492348976477,-1.4667852559014176,-0.4449124251060978,0.05070723081024491,0.1400586543215794,-1.8351895433163512
-1.701771802951472,-0.7497794437793869,-0.5497112836659445,-0.83109770750098,-0.7930297492410792,0.33406790657365615,-1.9315711058586713,0.8769288612488468,-0.5899577093845998,1.001117476459933,1.1679632837935021,-0.31551783807440736,0.23880645244958135,0.5928015055523549,0.19524211983400092,1.3084553120209923,1.0969883385069283,-0.9977116720040632,0.6379134330705365,1.6258522229389891
-1.5397650704183405,-1.013467089724075,-0.03634739979773867,1.3240347956489849,1.2322588358603475,-0.8981560514210813,-0.8193165874643838,2.449446953455003,-0.8431027570962615,-1.1255289530640842,0.0913248889951733,-0.5249665664462992,1.4499409811342436,0.0014849590354890925,-0.9291506947869769,-0.5329403146718686,-1.121075518099517,-1.1814898002398853,-1.1688199121004048,-0.4039645913405109
0.6720960319613342,0.11582281871073455,0.8643334165155214,1.3899797768364597,0.2799736685850543,-3.1403593174128765,-1.4590075845498283,-0.47037851425415445,2.120990245107696,0.6983655741289869,0.9034999459056758,0.02483070288233804,0.7548767385620341,-1.3878159516234037,1.0899097478908795,-0.04712797499457316,-0.6150648711325745,2.80737120789399,0.8339646278879936,-0.6390002271051616
-0.9348617879652825,0.9290823408913359,-1.871304876428452,0.3083801786932268,-0.6237629795926326,0.536130961492841,-0.34597281486197184,0.6605410981045815,1.00121790745271,0.8417819888415492,0.36680877492893754,0.7027142933671889,0.7089736722844343,1.9283968606466142,0.8198179657124454,-0.565765347527061,1.272042788537007,-0.9589593367555137,-0.038255865787842985,0.5685328694562012
0.8413331322706281,2.012584039073314,0.2408027110745437,0.7257484342178335,-1.2303929801602849,-1.4909315399953824,0.003335010613957037,-0.5953806162052562,0.34888921191895417,0.22256264250458455,2.078878306171779,2.2682320076068048,-0.033888417278230235,0.1540494293228631,-1.6888535816744052,-0.4640289179704097,-0.14037673544974763,-0.07972545370129594,1.4766675357753267,-0.4383050878568163
-0.43412856458462434,-0.5613669977861754,0.5569304025775786,0.1641705494387165,-0.4847722227118437,0.5467026952586926,-0.5923480611449012,1.508707794902744,0.009946299792701872,-0.2244625260082368,0.0041936175386677,0.3028556722902953,0.16794689890360154,0.7275767284365047,2.0057578981003172,-0.34046672650199283,0.7630154039731448,-0.8671634163953966,0.6837578668008628,1.0389734780713569
1.2243791414650438,-0.5465970274246916,0.24107311260333786,0.02667438165938896,-1.0475896446515849,0.6062876308615249,1.0103313359091413,0.6869807109967594,0.698010813177653,-1.9304707834252253,-1.5221411717275144,0.34914576406164394,-0.756566213966193,-0.25162441858740797,-0.04619440961496674,-0.9660159250150152,0.2342556616639243,0.04258252354517746,0.5969887146011309,-0.6174275146583655
1.0901077593258053,-0.6954853824059432,0.2521239197005875,-0.6883991582035616,0.6976164705326954,-0.20484083267332318,1.4995640009000477,-0.5771383692197183,0.4323172579488878,0.2817560657503889,0.3171342995569954,1.118884401281153,-0.4397673883779119,0.18623381978748446,0.642545104274975,0.8808651070018176,-0.8465405033646841,-1.1647201154012152,-1.0901429803787255,0.029379196503590263
0.47120615350593026,-0.06458868728118294,-0.44347256890715464,0.7553237999791645,-0.4949723271439496,-0.635310198537372,-1.1649653248435885,0.6793741955131442,-1.7179175527188124,-0.030171764952840418,-1.302619627517588,1.0492681679752534,-0.891907921693086,1.0541605764918494,-0.2581788833347746,-0.45860722509210516,0.3853132987145247,-0.370441326564144,0.5849634500830606,0.18373796272995802
-1.3610073330642811,0.29671498214814523,0.2771595733008552,0.5873207435982442,-0.0709400599218951,-0.2895492126195897,0.04575723835067069,1.5501667986767216,0.6820928054666068,-0.3157065573109366,1.1485385579655936,-0.5696181102399052,2.1867394433934777,-1.1695165205786755,0.3512053539095458,-0.6411799762929691,0.8673030788065657,-0.051410287758568055,-0.6578361461611403,-0.7634264893794012
-0.053198983154506406,-0.2760148374924513,2.012437752522755,-0.04577106008000524,2.0115966873668167,-1.2753916268725964,-0.07710284522938625,-0.024842798184949312,-0.23499738119149868,0.5438787836007303,0.4900145576453697,-1.7821461984911684,0.5572176842290523,-2.502894834584698,-1.6699310461625785,2.8575928458452773,1.0354403830968766,-0.9764806832453973,0.32724007183164394,0.43975833868798575
-0.09836702103064597,0.08767158185110639,0.11744330633086195,-0.11346454342148427,0.7152242231808323,0.646206914481365,0.6870749610685751,-0.28324324237088955,0.4167851421062752,-1.2099621871604698,-1.2841370834120645,-0.6740862815442566,-0.4888697699779421,0.3158953910066071,0.1416903802934145,-2.218311611976092,0.28626396135013127,-0.48721732427953784,-0.49527856770935813,-1.6913132592910378
-0.1235651664983443,0.7493792250573541,-0.41446176341492696,0.006207143560938251,1.129187870215851,-0.27444540991352884,0.4194082659512234,-0.9310222425902384,1.0548235632679022,0.5913064536275171,1.0710643169065213,-1.4545849634415025,1.3175840269845625,-0.7061328107669005,-0.00019121199601961376,0.3413258430928757,1.0385464634656167,0.6506583103256525,-0.605078334946274,-0.5664443791578523
1.331045210299454,1.0682675674576447,0.2857100873545746,0.5169407198703927,-0.4337793590829923,-0.3298250573059566,-0.864039344984106,-1.982255152759725,1.7878662780598,0.012544203934129682,0.5936765581469655,-0.4462857042382161,-1.6627467015015185,1.01887581354521,0.15186827599631683,-0.11697123811115594,-2.038959023497425,2.2513447433280054,0.018955871041859338,-0.586256939821627
-2.0140701569769326,1.2759474757855607,-1.1237123593339753,-0.44673789351609305,-1.1763032738480597,1.5160651828980314,-0.6224270580567038,-0.21874347656076626,-0.37155654699776414,1.2515624886260455,-0.31144650438829996,0.286370963200592,0.6631320843450612,1.4083480932749572,0.15025993931204745,-0.6202862481412872,0.4379503438567473,-1.4923741802317043,0.09776736341390285,1.1152810062026741
0.8090509382555315,0.43764295218615856,-0.24787435291218016,1.6247749411146426,-0.1366290412770895,-0.8455739985345221,-0.5238465744367149,-0.05429200716534233,-0.34205382119982153,0.051605992288326845,-2.1765681346939916,-0.0573163126276342,0.2592509930640327,0.9351678005965571,0.6246359854022332,-1.4868040424014575,-0.6261139320145367,-0.6740175015958032,-2.3541052849252617,-1.424875616517544
1.2033280686714876,0.9159392104789646,-1.6730621038574156,0.641326684937164,-0.9000800548432091,-1.048174876762891,-0.6040211597385831,0.06500249221030019,-1.1286446598026412,-1.4356447082020622,-0.48096963514278457,2.1421536041229783,1.1092295894372366,-1.1160550194246566,-0.15957957349147128,-0.7905814974627347,0.10604639855510822,-0.04190816925839431,-1.4775503335439144,-1.2241293882870263
0.7182869719723463,0.5746269750411096,-1.3142980773589459,-2.028676115089792,0.9660793379893597,0.6334513170536525,-2.1136407781010282,-0.9615030793783912,-1.1401064025310612,1.683097841040727,0.618870760500037,0.2005106035678705,1.236995171203328,-1.06207182714622,-0.7026979199134527,0.4753860080100765,-1.885199062718494,1.1404537502544232,1.7382901011951455,1.4446550303304493
-0.2965526797916692,-0.8382767442997845,-0.4356938364531558,0.67370296612399,0.8376769289130704,-1.290510353354043,-1.2210047946817983,-1.085566328440684,0.7029666524850547,-0.4223220358186101,-0.3060871554744144,-2.1180084738747613,-0.582852317362054,-2.0476303331128465,0.49057817306950624,0.12801937626693005,-2.159284632623206,2.097351018624117,-1.13408995839497,-1.98871836288608
-0.03582849207739088,-0.7480957376625813,0.7121034451858584,-0.048799641370505936,0.6153653907531776,-0.0391255122388181,0.7052050914584422,0.006652110154991048,0.7867383351891722,-0.8119040413331325,0.46674122305439847,-0.8844598104485069,0.15083820972315748,-0.4707144895023531,-0.613039118743188,1.2651196651671321,-0.19810584182792645,-0.28597747902108045,-0.38916014186140546,0.4518620966576314
-0.7637328321597125,-1.1040356164300735,0.09975685049891996,0.8005167049125596,-0.4044309187934374,-1.587474027380777,0.33997641717927857,0.9327604088819776,-0.18937266895141172,-0.3209838984483506,0.08237780336625265,-0.5404691182898085,-0.08083555876187193,-1.0289011773755714,-2.484110545193884,-0.10683907336979104,1.3867920585624633,0.3010144369394389,0.7673332477283539,-0.9206819563321601
-0.3621733969572431,-0.9769896765383184,2.0244774574394175,-0.5990503027947393,-1.9558875657747148,1.1426889373917384,-1.1605563050841268,0.8246852043034167,0.5247529585407669,-0.8660790098906958,0.753789294862463,-0.5968595470851882,-1.7480560578567061,0.815855341862138,-0.5081738621246875,0.5401623861401639,-1.3299230142261254,1.1047476444583026,1.6893842121008529,1.0559518347470178
-1.884267247161441,0.3761056796119531,-1.4357254378869768,0.0950263777212681,0.4725243877549081,0.1148814315262535,-1.6470455484417694,0.11625849713709854,-0.03178113448876499,-0.26378664476729596,0.5389677230821758,1.657098922778259,-0.4256086217832179,1.059250815669105,2.4128741025495253,-0.054948062413343546,-1.3484594922715796,-1.8632791634985066,-0.017961081820830203,0.47539462577667674
1.346804142091345,0.3680586126766524,-0.08783138364307815,0.30691147018050363,-0.42114154100433526,-1.040691890146145,1.331006805384478,0.5327537620366112,-2.095503660431103,-0.4442900522103876,0.6192401172141925,0.5503827158591117,1.1191857421658105,-1.5877381313154675,0.46347349989688436,0.9986155636242722,1.679085410770332,-1.0011361239819432,-0.7808865021312024,-0.5182152258491124
-0.4088183260176828,-0.662292321489476,0.01590498919764838,-0.1717730412972356,1.4588100620084368,0.8643120718577888,-1.2413979799150028,1.2690112819521353,-1.6749375509288646,-0.35186707136952056,0.638585960573189,-0.13946885638867745,0.16763336443032245,1.163299937476407,0.5463291163027467,1.0046359729428158,-0.29759372392951444,-0.920156438477668,0.16668209824344288,1.9292833367707238
-1.1025723042803526,-0.06053650923032395,0.7724398052053376,-0.3502291428666487,2.362976907944062,-0.1922857371469342,0.1977562035598449,-0.58239541083906,1.6510311049101087,0.8649740385648427,1.768195783188209,-1.0765572595760093,0.28093734106448837,-0.43435403186696403,0.8868457275414771,1.2343286140779568,-0.34820327248459093,1.049846169103396,0.014963791413646304,0.13870549983160008
1.2361466213987766,0.9166782646708163,-1.0744350482657803,-0.851250402664777,1.4986949301308612,1.4522918766662554,1.2053815441827618,-0.6872524955546866,-2.8532592039143614,0.39570687679172595,-0.9878535507673908,1.8558555760018276,-0.5199131060979748,1.3664597262834193,0.12984357963270582,-1.1269572884249173,0.07287836853670823,-1.4251543522217889,0.07928917871552046,0.18388565659460684
-1.983234972591696,-0.6877693687479179,0.18456964599743772,1.6120908408179946,-0.4861325789983004,-0.8874713962413194,0.1408116063624811,1.5835778651745838,-1.0380305428120196,1.158866392936998,1.192407022938723,-0.23976408106389666,0.7414088852519386,0.341657788866949,1.202068934871379,0.1037635613705735,-0.48920507515876827,-1.160379861350041,-0.40809381615616575,0.163910420458178
1.7147679233744046,1.615355966207975,0.22975211283108607,0.2538654593755284,0.2784163340920533,0.06078350996314584,-0.034116594003297626,-1.9341694366347937,-1.0282409076646417,1.0526982503048763,-1.104005166312113,0.02512487667826843,-0.23689366016115193,0.020413452239997066,0.5794222054147599,0.22499251196761935,0.06415664184764758,1.641229226308352,0.7002610067887509,0.37473514300884375
1.7212803026660868,0.10300201450940116,-0.32813227264723693,0.13812200126237978,-0.31862991427399956,-0.5103493049244976,0.5526733633303802,0.8493244563919166,1.239500016597622,-0.26935652137633026,0.11428014470859427,1.485153087282656,-0.38095203122382476,-0.024462288755714684,0.5114731290906941,0.1752338768902609,-0.025630513368330513,-1.866287956836553,0.12565274450302308,-0.16530031350224292
-0.09076510879047867,-0.6912895418986228,-0.3626730334231091,-0.7541517183375461,-0.5979205697952746,0.13662407048768216,1.6217163294324397,0.5760683791002474,1.0351854577338906,-0.4829707234280681,0.3138896453381852,0.131308779640781,0.5264614842879497,-0.68059252164378,0.953508401023186,-0.6690458318060698,0.7532882799073083,0.08455030678428788,0.9224269020905193,-0.3270192333405249
1.5688625755224743,0.584081780392754,1.5124035405176444,0.839987600681199,0.20531134528824907,-1.730811080352853,0.1561358069822065,-2.3136055629617847,0.6851798490579605,0.6431593935473426,-0.3901728830818048,-1.0529849617758271,-0.1078461096378505,-0.7501733513738069,-0.6459605894271971,0.160260697041898,0.04777652509845911,2.18313650611567,-1.2834237619412243,-0.9916347785230732
-0.6904163462509648,-0.14901438414602605,0.011289444787971458,-0.5101789578256072,-1.2719488286406324,-0.6376109567658451,-0.42046809851853106,0.18832621247813172,1.5338077988889278,-1.0531776894669542,2.100440134591563,0.7541376920494826,0.5187375288576822,-0.9042452010690758,-0.9294446564578067,0.9745871684566585,-1.529261862340335,-0.2187011269049428,0.8757085441895289,0.386470212299574
0.05414529907632178,-0.5823186327379082,-1.9350156401661145,0.4889838935044836,-0.13460145161118475,0.43716706662097754,1.2522614687775298,1.1093682993998653,-0.2064459227291841,-1.1014345537112558,0.06410911170133186,0.1089602597614254,-1.2798413892322573,0.5446621943101034,-0.03146852212305803,-2.7805863207380956,-2.1993038803218354,0.01982567589876524,0.7388855095286497,-2.5764769573772335
-0.1590449428180819,0.4525597183533985,1.6107808544925235,0.5593664289620268,-0.4049965025523257,0.8388947068795551,2.010573511987077,0.24728301357361593,-1.8076733135689975,-1.7551387140334112,1.2096022002010884,-0.6714918903870208,-0.06344544672288503,-0.4417552223652678,-0.05286733639066382,0.15542269303595116,0.1891403184517852,-0.3786278178803993,-1.5377248881422163,-1.012329895789413
0.3091384358973778,-0.0629224296001237,-0.0933222467022462,-0.27633257262373423,0.15667877676919814,-0.2905638513198304,0.3301089735872366,0.4910898360027317,-0.2550663159258028,1.6842188378629268,-0.2569366750062681,0.8154062140261708,0.21368717121947856,1.6344275359224303,-0.256237833913906,1.573003723033433,0.1818394051391077,-1.9539003680334788,-0.9632954079994728,1.649701172869839
-0.499432164642764,-0.48312337796242866,-0.04685451030307466,-0.42339869878834563,0.6307826041201982,-0.13899097916460507,-0.6429286992288669,0.7905888869124651,1.661304645047602,-0.6798082228952002,0.43603162487345404,-1.0181199311757516,-0.6296555131553823,-0.9294685351289911,0.41349523020563633,0.6702750276942674,-1.4667269927349984,0.08044137473188061,1.2341993016867832,-0.1327053992589698
1.0325183303305612,-0.19250933294509626,-1.6553861483190753,1.8174158090153918,-1.980230124099008,-1.1708393363179304,0.012945052132260491,0.41522466212558035,-0.42148361388832606,1.1534368964319364,-0.5786254340107305,1.7668257243868155,-0.7609718570081193,0.03411156900055012,1.9880601058729679,-1.16007939909834,0.18022470118038278,0.20565347992084868,-1.0240030575518024,-1.6786115335615728
-0.4691016398601805,0.579576077614137,0.011603016785491947,-1.0610334341112424,-0.044248599578072284,1.4863643560829156,0.256886586194766,0.6508857760993505,-1.5187008568138376,-2.0468456723449746,0.18118935278324866,0.6790798912179011,1.581864207001835,-0.876483161613401,-1.8372060120878009,0.44790620314242313,0.7464540623336602,-1.1387450124742058,0.14525424707096088,1.2426113615426977
0.6831726007630652,-0.6556509955260806,-1.2923180833776757,-0.3394429857685976,-0.985742771231973,-0.3871789742127232,0.16527173568386713,0.32087159300804263,0.16285097050818562,0.47364419036663197,0.5241055253436057,0.15954650218370595,-0.06776911869118128,-0.5684730886357698,-0.20731809137640125,-0.7510235262157512,0.8198839873434068,1.3321026531873938,2.071274913323411,-0.3230337115639004
1.0163814382451462,1.0407801793754272,1.8460982037149032,-1.5168556321239746,-0.8668585313313184,1.274971436714914,0.4924495035396538,-2.5177986181379426,-0.7087236319136295,-0.7879537670046874,0.5014901286176788,0.14450480870824672,-1.3063349012345864,-0.7521543561767089,-1.6872606829570957,1.1640052187725878,-0.4309318754401329,1.2488085048190858,1.2612670402061534,0.7372039972424699
-1.1361637210091982,0.9261140705735673,-1.948661799477408,0.3796008496177232,-1.0799727513247657,-0.056995509923115605,-0.9905340659399813,-1.04911558658337,1.1828897160106109,1.8605868574330322,-0.15205353936132834,1.000521309668909,-1.3189750705222034,1.7314454008160773,0.22228993960538665,-0.8749359080099635,-0.3550196768614739,0.11203076822007652,-0.018819451472450736,-0.44572968991604084
0.7517134670092137,-0.7432871887364796,1.0827117724446613,-0.050339641448976714,-0.08918128517072653,-0.38145147462359674,-0.45252748457987224,0.3895884682338418,-0.4977239314699103,-0.9782017166253941,1.1971134041976152,0.7247151055987483,-0.5462408590912948,-0.04160971401763152,1.859482903146724,0.9850323900820646,0.20181661917333796,-0.3594555336492414,0.14093811947629376,0.5794549111300471
1.1477364917861013,0.04569204391142218,-0.7204129318905689,-0.40258922751477194,-0.2385507636167517,-1.0587956655572186,1.3563775218004348,-1.1283006774952278,0.7917094227208002,1.731343244951269,0.2964165608754514,-0.7326981833758653,1.181905439941561,-1.529053202382118,0.43582287849385204,0.21881702419217636,1.3063588911017987,1.684302273693891,0.6231639973643289,-0.5748432821107268
0.8820746194344776,0.7794216078332137,0.5100919862260017,0.3190682463764788,-0.6135439190118189,0.8311375116177752,2.4962480431046274,0.19917151798253446,0.5935560511911366,-0.07026149153073301,-1.4036089851219449,-0.04089385439341435,-0.7067507683018488,0.16172012029549038,1.0558840666899563,0.14697980646118564,2.17975513784655,-1.0975960343852895,0.18765365159840486,-0.011043989562072127
1.3616134980573134,-0.4654440400247808,0.3296656143118455,0.02124710380560447,-1.187622587251424,0.7882332181995749,2.3060675833908166,-0.3826248763920422,-0.5914896440506512,0.8221497475176777,-0.7418285113780051,0.48160744828796437,-2.8355068510220045,0.4108064466209167,0.6706992467829718,0.45905669927545545,-0.9351591413456658,-0.6404641808105592,0.3043210069830627,-0.844908719203061
-1.9667786047633173,0.8406395525606998,0.6293877391753113,0.6237057004927828,-2.1436562997666897,-0.819435056292733,0.5532603988473977,0.6886546172510088,0.9302905694251058,-0.6299811679395226,0.04335946126986842,1.4280664322522985,0.4970936631966534,0.37527654360676416,-1.2143775904107472,-1.1790681899754398,-1.111686670957256,-1.0382610591983732,0.784974502976945,-0.34301588109771036
0.11450924107765885,0.7843784948482616,-1.233382554830105,-1.2169140136668533,0.2609113815650853,0.5786632682274766,0.5664112339248365,-0.46808063696828345,0.16056378514743083,0.8787825575711171,-1.8894246009294424,-0.6802764411755866,1.3291308705337779,-0.5774503428119544,-0.029348768947919126,-0.6367814746341937,2.5624934292134753,-0.03486017253667181,0.3373468030854181,-0.11825170304258005
-0.7052994898665186,-0.08504886386393239,-1.8689227561766657,-0.296335457650957,1.2135601894136874,0.9174745703627861,-1.178789425149918,1.3693230095225395,-1.018878750071559,-1.3521479992359389,-0.1948176819116962,1.874721046710896,0.5984551873371506,1.7776546506296373,-0.4332660786868012,-1.4989184150087231,-0.834138893802947,-1.9278661788382911,-0.19244210101784134,0.6065446800378977
-0.2785610606565145,0.16368210296708632,0.20433505157856086,0.08894438939207178,0.23542969927552304,-0.4938495916985003,0.13543324330349507,-0.5688333506046299,1.7894803724545978,1.7479088522501958,0.7037397127738596,-1.1916679133980694,0.8347207636287625,-0.4169118490906803,0.257896043756567,0.12426071648995064,0.8282568193385696,0.06339574366088344,-0.3941022476977286,-0.34075821120218863
-1.042307479615416,-0.2069072775963825,0.7568453448610084,0.39836071310558363,-0.3182911173581701,-0.2064242236669354,-0.2735701225070438,0.38099174840739264,-0.9012533584460644,2.1971276023291417,-0.5503168707860128,-1.1771029420101202,0.5754995380610419,-0.11525783246607522,-0.25534055872925443,1.9154296115881668,0.5537534405225293,-0.5805313431055742,-0.020297888661462545,1.5881838745850478
0.15567992193514044,-0.5961962853197126,-1.4647027373655848,0.1503892014933753,0.4598153410292411,1.2921772142780883,1.4715418810143268,2.298004097898898,-1.1807148510646934,-1.248982384982345,-0.6833280237191257,-0.030489914659922998,0.402773988070975,0.2458139800038026,0.14405529491056024,-0.7246363512313304,1.684550967457812,-1.5733361237488934,-0.7002339727523245,-0.6105808645500386
0.0013534202367774708,-0.7328541082258591,-0.26611443706273435,1.0767399595959761,-2.068618188393467,-1.1371509595547875,0.9276257873230171,1.1965554206166147,-0.8919059104736069,0.03977451199162776,0.5082222959304331,0.5732624923843153,0.4803454835931152,-0.8221790254685196,-0.22656374889362893,-0.9537713107850566,-0.17639198149327315,0.7270109273146416,0.015596507359620409,-1.287917709683049
0.2550961068717778,-0.4320048533890039,-1.271212091839189,-0.6040774963526736,0.6334375238712503,-0.7869242884071115,-1.259525355565593,-1.0822353911799383,0.6590818219081573,1.1427406322887532,-1.7302225491746102,-0.9482687109995585,0.8750102305527718,-0.528296254861427,-0.49286175097018253,0.31230680350173806,0.58989243758797,-0.4493306078453009,-2.866595212229604,-0.6914733927744281
