X1,X2,X3,X4,X5,X6,X7,X8,X9,X10,X11,X12,X13,X14,X15,X16,X17,X18,X19,X20
-0.7019723804209428,-1.1452868074182967,0.30247666403285256,-1.7910045349080148,-0.17872659440579328,0.1438943333725274,-0.3387652108111491,1.9586482284254125,1.6822713178740902,-0.5038271790524541,-0.08375695988372404,-0.46523352141732255,1.2835510616940393,-0.3202240953057518,0.9108452290606787,-0.6014728677003773,0.5729049443672288,0.6193138834789031,0.5986810355520501,1.089288534311947
0.9279680910825872,0.4946431221655026,-0.8058278409765367,1.0192457027569284,0.20822298703859743,-0.17030764139586702,0.5220379658804438,-0.8278709680055498,0.6249196902407973,-0.18654332744930102,1.2142781921230632,0.07287301455131953,0.5643325572772854,0.7779480011048027,-0.016323339456464945,0.766529196670515,-0.5439906736387301,0.5558124522622754,-1.0886541598270574,-0.7502970906004028
-1.6256998197575678,0.505663060151099,0.6750009365340632,-0.447305265783969,0.3533947896313173,1.0283505662084365,-1.9010975396808185,1.0588300910758157,-0.4763858642194132,1.6819146236993887,-0.5540111017928757,0.9903298325055402,0.6276265524125848,-0.9528869620765581,-0.92811773964111,0.16912143139935523,0.6983282603846883,1.999635208554332,0.36931864765302513,0.0898373524168108
-1.1912690312714351,0.31662335209364967,-0.439134145204833,1.2408812551065214,0.9430892497895149,0.7429394987331198,-1.134478646344472,0.9020263062751086,0.5177717026039254,0.05861500153765933,-0.37306726867052886,-1.7819294558661551,0.6753693138608798,0.5724873729063523,0.19418133634373597,2.2409719374843133,-0.870992736496329,-1.6155855470730476,-0.18765615033209274,0.48555300652768707
-0.31548264060119036,-0.7241923980055149,1.2572877867524646,0.11607889530911857,0.0542320645929948,0.944898780019367,1.6389362514245194,-0.05546885703661803,1.2681887628760447,-1.5227238306307396,-0.2866512394040124,-0.9512018876075894,0.943929257793867,-0.92729392416107,0.8892885630472077,1.5187842941175622,-0.6379032682854319,0.327370293113916,-0.5704263796608896,-0.8547325410958422
0.16285364695460194,-0.4251995400570703,-1.8016102425141045,-0.16458036096270348,-0.9443062163042034,0.6292894298897764,1.093686018443446,-1.4796686808253636,-1.3013763803180443,1.2574931786628307,0.5617125889806205,-0.22211113688510092,-0.23059911149529358,-0.7859569649511099,-1.0383547365491816,-0.679726856074699,0.8761395449990821,-2.6254490399036152,0.8258580787092831,0.4507368563587141
-0.9673280491402871,0.007124614729576209,0.3350885886534416,0.24176363034434833,-0.2741118676826503,0.030698821030076005,2.7053450461629924,-0.29601837533173914,0.9471709491091982,-0.04071173527562168,-0.40964666820365486,-0.47400977961719415,1.675245210276808,-0.4455532907341844,-0.7791947489385926,-1.6118565703981436,-0.3910144054652306,0.7706363970274368,1.078639863143476,1.2607922166806649
0.7567800696766731,-0.5941706314026258,-0.543471782010271,-1.2248839986893372,0.49191969632742943,-0.09919982437820325,-0.33272766000849235,0.8854127243239,0.03823573775444394,-0.8838923745784206,-0.16823711526867033,0.6075036026608978,1.4371627395745592,0.67858238853449,-0.05883026338017289,1.600240311350476,-0.716440393057499,0.6022785918085675,-2.4549042311005325,-1.465993051327263
-1.0616442046939272,1.1246133810818733,1.0819306093896848,0.23421277710923274,-0.4471268683299511,0.44964460559151126,-0.7672456035488688,0.7986199882676207,0.6897337512500291,1.093365474778059,-1.0350357106165686,-0.31432919023137035,-0.013126801724986524,-1.3696686052290599,0.899774149359586,0.008118302560917612,2.2036604493785537,-0.4872453318780504,0.6319218290646562,1.1603488359157128
-1.6956829828389832,1.1727899190154834,-1.9346709724057927,-0.004181802566013224,-0.17251729330936405,0.1276562444251891,0.4273229650084284,1.6561834992097262,-1.010025530631711,-0.8296187627900506,-0.8514464064734716,0.4172136940636443,-0.5825792764958269,-1.0910892593652832,2.009047014312192,-0.24023651404336677,0.7094986023950935,0.37887415464119534,1.229024860044417,1.0818268798905115
0.43278081943970625,1.03630563533937,-1.2253075077706228,1.3041340735773612,-1.0296100181918937,0.2274705394077296,2.3076134532688513,-0.6665544074473658,-0.39371195327104763,-2.5245212601147538,-0.19363748669232825,-1.3839781601830126,-0.6468393043830887,1.4725442150260581,0.5407832534494367,-1.5905738893908843,-1.048037529715792,0.2713519490990955,1.2392973027010357,0.5146724630004121
-0.27731496299999453,1.0361018516214338,-0.1393770821790854,-0.9021640239369446,-2.5308067457456005,0.8721275406447955,0.8172898878782687,-0.865580649245823,0.11912630756842604,-1.298330078404642,-0.19885908439617994,-0.9457701097455065,-1.0120930522938405,0.012912681315578961,0.0698053959025473,-0.4617984771367034,0.530570089279338,0.15719416968053979,0.989865854644882,0.39827864461678253
-1.0886207424176768,-0.11399981760588918,1.4456275935118463,1.6411066831106353,1.01265267471477,0.17644653144848685,-0.6800753407939504,-1.3268193641134856,0.5261093039662581,2.1585203227879544,1.8115730882442573,0.35946900518819086,0.3677563900222734,-0.9504403242410736,-1.5382314227410576,-0.5770466556316293,-0.09883260373667993,0.5214197726804748,1.2392504727415812,0.5642506821526238
1.063162528673554,-0.039262484089245875,-1.146366233925769,0.32028720756855794,-0.20703298368032383,-1.7297972057391477,0.04727223654435259,0.26492943270479424,-0.28068842659095106,-1.5028564386024363,1.5976689236390236,0.6505809048568804,0.005055034150767339,0.12741186396753057,1.010150954372142,-0.7679092275230326,-0.19469476597373064,-0.280970664183806,-0.49409636588809763,0.7698729444525289
-1.5498760788609747,0.777677348442364,-0.3376640934104552,-0.35741862273016667,0.17755580054075448,0.7528806487400129,1.5526972153841165,-1.355358844453915,-1.173269010282001,-0.22660741995350098,-0.8266918768696206,0.05051775235044722,-0.27981453639505194,0.727801727024452,0.21616204216429474,-1.0975006278256063,-0.7532716110713491,-0.9769483289426505,1.7435613006989197,1.1081045081438035
-0.4794195906223336,2.581940342710074,-2.147133082566567,2.460194034617739,-0.8620232892841723,2.815190252680463,-0.6894960466588703,-1.2528467457926065,-0.8436653116744991,1.3195285683442666,-1.354305840348416,-0.5446251325183719,-2.481210989487192,-0.8866600472071882,-0.3474580121792536,-0.5388476576706407,2.1302829245137667,-1.5468677727693891,1.773155116808205,0.007014010534429304
-0.08043527800224433,0.3651528995423104,-0.15969043733724492,1.2329062412953165,0.37031497277716924,-0.78492887936682,0.2716027290507143,0.34923140458498847,-0.8372885770539,0.18139986976267372,-0.45574451461905463,-0.3585377036118854,-0.08560445169536597,-0.6192817769403532,0.09085535381526985,0.435036284860465,-0.2461390592789529,-1.0962358273731476,-0.23130413040188802,0.11230941154735198
0.6301249319198708,-0.22023540136060712,-1.7302068768282919,0.39195653724887525,0.22592977315649837,-0.19577561940565166,0.8988272656491256,-1.2674968362276238,-1.1311343405654934,-1.3905268302049862,-0.7674288279097637,2.4815534184077213,0.149567333982402,1.5335585839666706,-0.25649258629731875,-0.6887510502499662,-1.0816027656512301,-0.10041819355829999,-1.242762023665492,-1.293061219175524
0.2849004718621106,2.330394338253679,-0.26777887385138516,1.0181730609224418,1.4064587546603668,-0.019836325428143918,-1.15368331851077,-1.194140226349947,-0.9810952207034984,1.0401807201351818,-2.0700058527887353,0.10165130957535203,-1.6227454467128473,0.8983711578011768,0.0016586887699069186,-0.11747627066332403,-1.0243523121062224,0.3640220013208563,0.17032187669125415,-0.17954350955983348
-1.7486524351893096,0.9157457422594442,1.8791284921397735,1.0139468180129585,0.21673310601964435,2.2049627792886244,0.5240033816883573,-0.3573661135315266,-0.012206032192123423,1.318461806926232,-0.8207209543970337,-1.5941814627920792,0.5692683171346445,0.32946996493852027,-1.8091562659668299,0.36062804190443254,-0.7126834090330556,0.7556601020874021,1.154906606186327,-0.1638265489622774
0.09799847292913265,0.8647147204669334,0.3035627021135866,-0.590269093186254,-1.3978697815640717,0.6783540817329687,0.0325765255163279,0.06797694477502655,-0.8795549299277482,0.029874910343299647,-0.7359348485595716,-1.0911254637043042,-0.6049420620485354,-0.8183786638921888,0.3089300290177875,1.1961360946300452,0.19184184584942912,-1.661054755684153,0.002739235241352971,-0.02734594321880542
0.6652884691000335,0.736324787819065,-0.14980285974315036,0.33579027593731087,-1.8912349476528025,-0.005512993556184427,0.09785963025311359,-0.9686305496309441,0.8506416021616602,0.3310381407247936,-0.03452328798667795,-1.7199008505481481,-1.5479883215225232,-0.564942540816688,1.2911473718420774,-0.7930121398022292,2.1924231592048082,-0.8066093096374876,1.0776810924686095,1.455494084817744
-1.050033950694082,-0.2044100312675278,-1.2781142396902336,0.23994805978142406,-0.7602799704389405,1.1111375105913128,-0.8089461569312993,0.17785453660363826,-0.9184846083154465,1.174125582225334,-0.23667347109495057,-0.21220423966571628,-0.2523226731473688,-1.0845591172520486,0.32304675605840705,-1.7258901986320105,1.472573030928216,-1.4408988832398582,2.0130875680900813,1.8472233368951827
0.5304227660259407,1.0649603304529844,0.6403879152781791,0.47053344798117547,-1.1863481530080677,-0.4587629659899428,-0.10838364106471472,-0.9968979147902962,0.12816487157785184,0.3193771823808729,-1.4359497184859737,0.8677730667751953,-0.09333260124412124,-1.427543651482121,-1.1161034758511328,-0.32883320399612387,2.2451194600541093,-0.17369867462477528,-0.247990972695008,0.7811594251623941
-0.3067822755622484,0.208783766989081,-1.550463022535279,-0.46115092602909413,-0.16660232828595364,0.7656721222534504,0.1363474907805986,0.20437743423742272,-0.9847887219767918,-0.9402379504207296,-0.23206182048863996,0.3572262977029396,0.2945104482228496,0.46153609480989916,0.2689290452822435,1.315672485599339,-1.027896660802303,0.05289797739100295,-0.9564061124169223,-1.1139513761789195
-0.7725875787358382,-1.5346940736360555,-0.7021965583812341,-0.3604545321669797,-1.5490465302828793,1.217751029027053,1.9442188118505264,-0.3202846306269255,1.7237093838049133,0.4526286805221929,0.9927417445827487,0.21072364865837445,2.0633624462014835,-0.8294732827533774,-1.3390434724934404,-0.7606919701720667,0.7483649452301978,0.7565506830686272,0.2619951369375404,0.35338494237287854
-0.06884479900113336,-1.019731680479236,0.41404390692681653,0.6733557038828315,0.3215834081827486,0.21715329068891454,-0.1061676900673927,0.8588903193233302,0.9692061258993556,0.5346666071319577,-0.6725854977737282,1.178463574382822,1.618687395730714,-0.446989241396586,0.13398837715443293,1.1155626183034006,-0.2441234014963242,-1.1978529266532962,-1.4309932210348146,-1.0791486014657434
0.0019142978968049891,-0.6070956963156622,0.06138614231600318,0.23545162985258258,-0.5536052472758508,0.10959897621764517,-0.030297648888292603,-0.29228093629330676,1.0634306741476574,-0.4852001919015364,-0.03408575798955783,0.6763185972733795,1.1581036964622728,-0.9467095115078324,-0.11168500290670537,0.593031543064262,0.5004499657258259,0.9314071555413657,-0.7116460209696528,-0.4958212246611183
0.34818851986107974,-1.095671615229137,1.4802393807131593,0.8070011935544338,-1.0719839437210363,-0.37896307909846344,-1.4605902645506803,1.726622950045318,-0.45491173335737334,1.7514032368526136,0.12928441010998704,-0.46464856726839715,1.1901757788855332,-1.8570595339542255,-1.8122296336348642,0.08016258586073279,0.6162904459246487,-1.0440502303192214,-0.16744001442449194,0.8299658428374177
0.4509289420716574,0.9735573208515682,1.7335377177567644,0.857072472862202,0.6467092944128129,-0.13224099718333368,-0.6005195050439526,-0.9105621461095917,0.9436693674622403,1.3377378900460422,-1.4428763391513404,0.6526679280591176,-0.0823007715348091,0.13326920227244585,-1.3799751307997417,0.5449421256087801,0.5350980430564155,-0.6095766957402002,-0.8504836112451298,-0.9955568145064586
-0.8699038292822246,-0.16068731704305658,-0.037022171602285076,-0.4723473259114244,1.3458633524913701,-0.6332542143748636,-2.479229361227647,1.320403109499583,-0.7561681026901064,0.4240896683211596,-0.8163094407206987,0.34352515622921187,0.7341533591756079,0.2066323319204702,-1.199959386674378,0.13016366687197128,-1.0169849598433192,1.390855720736934,0.02280759428979813,1.1850060945607097
0.07697218215354182,-1.268754080251851,0.4435730735406918,-0.6685651629168481,0.06487673358135695,0.5074632279086159,2.3793899507835103,-1.4532507938159789,-0.4887986927755881,-1.2643165450745466,0.25601912799663634,1.717731108730081,0.3356554829342182,-0.22440395220694176,0.7045738178954589,-0.44341863177339313,-1.382756267946113,-0.2563788896541735,-0.2628639691169003,-1.8024173115654696
0.9404278265555965,-1.3311373572436254,0.797170990005685,-0.7352743538172841,0.028475676380859002,0.3606573874881165,1.3164950410559764,1.4021121351948866,0.9717165955553211,-0.6439326529024606,0.7849228764032248,-1.8494111577887768,1.6021263197674265,-1.1477057765489163,0.041813982529870376,-0.13089011945727008,-0.5764154862690744,1.0095905377857526,-0.01664099083135979,1.0008566589277477
-1.179034067591032,0.895750464655896,1.3861875663249188,1.234844183384355,1.3438883394566479,0.4807818328100356,-0.1855623545532833,-1.0703004402509169,-0.07122720489198647,-0.34097355775363253,0.15612708875628484,0.23174294761737235,-1.5737946675000316,1.5596054972370228,0.5679152717212941,0.25817878501054686,-0.817114525875452,0.20933156052616167,0.5857150347558358,-1.1117960345524123
0.6548233412080217,0.9110514068359786,0.264659196377803,1.553138960494307,0.7831094880561331,-0.8160435773980687,-2.192006112863967,1.4895590805740537,-1.4216746883240203,-1.0166953013746565,0.6625434548350603,-0.31462822049587086,-1.2331425781192806,0.36131260720491626,2.132742534777867,-0.8127309618392914,-1.3227944884998843,0.17150213353256707,0.18284808341356568,0.9303941407459843
2.360393353156915,-0.26038952492921247,-1.4922695061627484,0.20923220133633058,1.338813236792052,0.08635863450681706,0.36115910655067335,-1.591474855256951,-0.9770113142606115,-0.3854567019496028,0.6657402869120076,0.18387239075400708,-0.6881206477892083,1.0352248447057795,0.8641132559726441,0.2814236419444298,-1.1666934534257034,-0.1280680949924559,-1.7879991084836535,-1.673926556615358
-1.931265093235942,-0.9736828180446349,0.48814058137529065,-0.46497865215492884,-0.7733590651472622,0.7950056829370936,-0.5731270440386974,0.5204551951375359,0.6183195677977551,1.4694906147796865,-0.23522739929658934,-0.6435694708663607,0.08870002829817897,-0.9241064119310627,-1.0392450148997252,0.07670862211037585,0.9752774015361024,-2.2360552999257615,1.4502866245407784,0.3493439000735484
-1.359330864689815,0.8453100005525191,-0.019225073853306962,-0.8524530392259634,-2.656066597211618,-0.11630418169780457,0.5041276029812537,0.08076700184474243,0.019421433088133995,-0.356529341340601,-0.8478318826195597,0.36030185616122434,-0.3151522583430816,-2.5305690057491637,0.5536616977378321,-0.31110717511591546,2.6423639866154773,-2.403514033220359,1.4806614387100019,1.7803709243453572
0.7552032690324242,2.1070517489473977,0.032729423292797495,0.6210136351216722,-0.17405893201496433,-0.2072549467144283,0.45809884215413016,-1.5671842628567374,-0.31924008299562806,0.9603315037620039,-3.0871664466502504,-0.06331417291284763,-0.22067475052358446,0.7508333453604721,-0.5608622821088544,-0.1332789911853399,-0.30695562482291516,1.2539118504180486,-0.393602178171876,0.02406206216697308
0.3739897592492243,-0.2531167598884118,-1.3726395225070138,-1.0267727323143527,-0.19307880002660166,0.2969622850122985,0.4498171597686131,1.273007735916284,0.004847603068641953,-1.007882118833051,-0.5806558807828364,0.04651734314620487,0.7056026869290408,-0.18113522556380146,1.1048052637144856,-0.5060087466651736,-0.3333385180777848,0.9315867729142091,-0.021398420684709332,-0.19944227786218208
-0.45158437907946214,-0.7208735293364197,1.0074881526636514,1.5332163088198818,0.3161171748988011,-0.06311571038819304,-0.1773675343778754,-0.10320370699912826,0.4479128500590313,0.27527791379323435,1.3051452572025768,-0.5875038135009918,-0.6589099809114101,0.9661601900329957,-0.6454510527402947,1.5491242624316948,-0.5733669885983651,-0.3670737211294535,-0.41103974160618845,-1.4839136049279515
0.20724113373663205,-0.7055570645883391,-1.5748114329062173,-0.6581111327546845,1.651223539467586,0.4148881334605076,1.1216274210460448,0.5340193377601083,-0.3047159117383286,-0.18710620416008236,0.7450499503745768,1.4841811289043727,0.5013763975187513,0.30379765064537345,1.0227377038686212,0.030937065627953796,-0.06865369402515313,0.8036353214422107,-1.2946807359037518,-1.7383720201248256
-1.578113337603325,1.2286297199833882,0.6488299011328187,-0.34725933636744427,-1.4415935678870127,0.5918510296729902,-0.7697135244166755,1.0289909290605392,0.7044426890710959,-0.9644644830476229,-0.5354591742563147,-1.6348984780935847,-0.8211757537475592,-1.0460177099899157,-0.28770287700858854,-0.03544484769335706,1.2264809960684484,0.8806977080794769,2.327709587570244,2.0938873112709815
-0.36234152643745315,-1.46544133301622,0.5525392667449275,-0.1917905758385168,-1.1477409480726286,0.2188884738941853,1.453815034821487,-0.6084731881840655,1.3854216179978136,-1.1808827017559653,0.8766615423567697,0.9201698133494103,1.2872146503497217,-0.27346190331332776,-0.427506127059298,-0.3304678453939541,0.47865039883554766,0.37261408427683446,-0.17814313397671228,-0.9303405946532075
0.29452093834354587,0.35242747892357346,1.7512176723027264,-0.36619326563386334,1.546820879307298,-0.7071160034428778,0.8044679763546075,-0.7442008312715708,-1.4744467266708114,-0.23646388513354116,2.2704101823063634,0.33044728089316455,-0.6790597180365475,0.8078219380804039,0.5676766519698865,-1.0058417115601224,-1.8771155624353009,-0.2627014955457869,0.19903576490288927,-0.2568530766660479
-2.2313337003663753,-1.1605349533123281,-1.3777181064165978,-0.6162706889091151,-0.7141627343401129,1.968489144130241,0.5231226471678098,0.7807731394226195,-0.0693839469139799,-0.2610876718941769,1.630019817139499,0.04309221251868521,0.8857911083276836,-0.28909095354304704,-0.07510778267266566,-1.3176883496323257,0.577309675064063,-0.7612947938678704,2.0558541425593755,0.5318612594376925
0.5244798948634324,0.648650019001345,0.4138127647724199,0.6217559788180375,-1.6391553245603783,-1.584859449306825,-0.8799237114759947,0.20389218485335153,0.751622699387657,0.3492431586090134,-0.5754233021448415,-0.6892723306475197,0.028185367705927396,-1.2100971303893455,-0.5681365527005255,0.641462866364797,1.0934280637570386,-1.7528453128106813,-0.2862480491352552,0.9463276770322632
-0.9009392156548987,-0.9438722175651318,-0.3567639470448795,-1.4601383576638756,1.5163663901413402,0.6931921039135795,-0.14646118358662263,0.4887147899713498,-0.9678428908183301,-0.39473942147426944,0.1557302289532151,2.326790882200675,0.23451781046643408,0.5091704828399629,1.0665143620580602,-2.2817244983504086,-0.13469392384771073,2.0556739109460214,0.5388956367659049,-0.4953065723413839
0.1837159525695874,0.8426952457640563,-0.08837932249977674,0.10273156875704895,-0.8853503690594147,0.7249990358307893,0.9324953212082674,-0.6184030287797476,-2.2548359258910216,-0.5980988556308244,0.8010279661968325,0.020772555471602307,-1.939907107842827,-1.379333258579772,1.7769043866285108,-1.8401006667392399,0.863185524635644,0.5964014910241204,1.9404509159102048,-0.33106721808725514
0.8254395361534763,-1.788213888061043,-0.16540309720261195,-1.4748818550172778,0.2641192108646816,-0.9707475265936371,0.5139583499090337,1.4798987535791532,1.6889547634795015,0.26612486928198903,0.8902214121001331,0.14148724978636346,1.348931463365626,-0.1699141484375263,0.5205202173554985,0.4778588137227193,-0.5162573521385234,0.49693574849711775,-1.185254065683758,-0.6930469851733081
-0.0741523030518546,0.9566779690151924,-1.1143519833227333,0.16014237992742644,1.0031828877463556,0.4786250802469591,-0.026821116939224416,0.41890502408057656,-0.9779385024478393,-0.7983968789440473,0.12142393537691643,1.3489799463364778,-0.4837315665004646,0.5490522480612253,1.647692007562225,0.5453534925141781,-0.6498806127336755,0.988858118462093,-0.28587820061494046,-1.7020226727270729
-0.328313216108578,-0.2961562840180863,1.3509088185593114,0.8367906154602228,-0.32703698905579026,0.011677195746002792,0.37698616497888565,-0.7505297588083414,-1.4986964938461702,-0.04544880284692768,1.9552570752562355,2.136438230271504,-0.6806807239965385,-1.3925186820711646,-0.6933817634930446,-1.480223164421872,1.0353123458474511,-0.8237845596712867,0.8417651482006293,-0.47136323658085744
-0.27988557210003945,-0.019539396874482546,0.6060556246754214,-0.6673486801066829,-2.203845702766075,-1.1526513635957805,1.2839327580270463,0.387294587884192,0.5837907521205682,0.15158491282523245,0.6754234535508417,-1.005677133384077,0.5044190503520996,-2.3408229414211488,1.0197222792987448,1.4068005321667705,2.3985379644795013,-0.9573480781217054,-0.0008020639591762183,1.7493487330545239
-0.022172991354484133,-0.8018003958846716,-0.47196369458589493,0.7710126000523542,0.29908372415910306,0.3405999063463687,0.043861666561235156,0.20802842517370132,2.308671875832993,0.07536080548079604,1.1817201418839391,0.23606893494182982,0.7285268119987635,0.3386404070896408,-0.6868541444300116,1.485914305390921,0.6357797772031583,0.36116323727431937,-1.6379301534921114,-1.3854301554754764
-0.7938574826051453,0.4595752872402206,-0.24410507058629655,-0.6567948262609505,1.209950914029671,0.9116751560987227,-2.137479038985049,1.0281549565786743,0.3930664998185169,2.3122654008975285,0.22496050406152834,-1.619637926125712,-0.15421763731826366,0.6358935552495435,-0.34041675293368384,0.29377991734792075,-0.15803008168032678,0.4492518074593789,0.7826936009800283,1.1060217502062606
0.9750651433956214,0.022944318002044908,-0.7645673985993519,-1.822851144466673,0.33000804200908435,-1.238062307564571,1.7555115345147647,-2.5150916573145152,0.2702896850491525,-2.293810070244799,0.47605080980606646,1.1887396275778306,-0.5297612166021044,1.877901285906754,0.556529970202519,-0.2892608641126301,-1.1241281399764773,1.6489532968663883,-1.1917496975229553,-1.5762611018224244
-1.1812536329167342,-0.6807392801682427,-1.0220475155506474,0.19920590768112317,-0.2492401841323303,0.9388145351909064,0.31566321657970026,-0.40594267861036676,-0.22386332680241747,-1.181583958750345,-0.649176246839905,2.1709464014600655,-0.7319197803623237,-0.9434507194800239,-0.2994112469539887,-1.6183509336137345,1.2471624892783724,-0.5519378469059666,1.307583387627537,-0.9363603979209836
-1.0352073044697034,-0.648250360347202,0.1457096806515875,-0.799169071702521,0.3351198438649119,1.535618552914245,-0.2419915968794643,1.033458855369538,-0.14408027171431817,0.5526225414962953,0.14071559765507566,-0.8345891810230408,0.5409425321521553,-0.25061861665245855,-0.6228372424907384,1.323379297378638,-0.6708859262330138,0.15659628947797688,-0.09423658977068738,-0.6665639127496252
2.513120865660002,-0.23932061072618424,0.7947940724408377,1.2443954059249474,2.65810038447397,-1.115451882845163,-1.2713697313717416,-0.42269193710729297,1.2236139142935498,-0.05498586914231696,-0.10088360513848928,2.200590395053258,-0.26391198434039476,2.380443415982811,-0.10512615967793172,0.5255185951313349,-1.0322759493671414,0.9698646373476123,-3.2478703906388717,-2.538013330697492
-1.1943976946592185,0.09506655124444637,-0.9339077887546262,0.1576787485683842,-0.03722632790924195,1.1426763912788902,0.505371938335501,1.2846880532399556,0.2537405756829647,-0.30861431987365656,-0.7692244654885849,0.21547805066662454,1.3107422218227731,-0.6450592361104842,0.16589692751957583,-0.8247820350794443,1.7747892167959844,-1.4455887194595494,1.1893983855381671,0.5203667839024718
-0.21778940685150683,0.734953988507998,-1.999464595294937,-0.3280340687113993,0.9225361883034855,0.32913819938612415,0.9781540803926518,-0.8198973255951154,-1.4155846529510134,0.05177427071125083,0.002874220512537017,0.9364449354664095,-0.5736497881747349,0.36333913197093326,0.09393921350077389,-1.3499010458072944,-0.7249081539768735,0.38054509314853063,0.2912647783001184,0.10096160098277068
1.5593494225365505,-1.1660813414933469,1.2378443261621712,-0.8972849915836089,0.39588638839047047,-1.789471518887036,-0.08017386008747951,0.11577980222350313,0.5750411726314785,0.5106416238959034,0.7631405712401675,-0.45194305858434336,0.11734654299420144,1.2782264607304803,-0.5290801257446746,-0.4648338705204536,-1.7634998114274891,-1.0631862363912554,-0.5360222008682419,0.5483608515341093
0.3757302187089308,0.48651210477965917,-1.1292397782448296,-0.10508024612385687,-0.9121332776633767,-0.6237250168983114,-0.4975911278948231,0.18435438956207612,0.11824446037979232,0.12833914502760102,-0.9593970653508966,-0.015321298808901675,-0.19891845388933796,0.20017352022951276,0.4381528583038721,1.0925971514803527,0.35701783189598896,-2.4534284083587004,-0.8921473039211231,0.2290449089380523
-0.22597767236375785,0.15752113813118562,-2.1704508200656756,-0.46304979502752225,0.7165550702463077,1.843915960220674,0.7726428175313069,-0.1425404870281438,-1.4454510102873068,-0.062487936067118416,-0.005743073108844475,0.9761025499862657,-0.7153195755585968,-0.4712927219599682,1.2615327274257606,-2.3121706797406483,0.21326201853964083,-0.3330139178721472,1.2664178519373475,-0.09837418526456373
-0.9997066212030021,0.7624778534146206,1.3539486896085489,2.3656299418023083,1.5041027940698841,-0.6611260904648919,0.5232547551788939,-0.6503698949344198,0.41319750248390713,-0.30279633116629806,-0.5732378627403688,-0.9451421897982889,0.20513323406345998,0.8484477263171571,-0.053604298659406836,0.9532728689805692,-1.3828590741215447,2.24962319135063,-0.14719785790602424,-0.9169017302145742
0.962810770305616,0.9032401188149967,-1.6244146119974863,-1.9322681954440912,-0.5149466766467747,-0.6762683720252438,0.06336316642553158,0.2408895770926719,-0.023339177766106018,-0.2161104949175508,-1.8651852955581418,2.0927787392411186,0.3772747906046897,0.838223280068388,0.4063675590280244,-1.1197495251097804,0.20594078184595851,-1.3212001866907357,-1.1821205630045017,0.23730521589767076
-1.5763091292801361,-0.9663067179087789,0.606723648806999,0.6643663268021657,1.1878013154349962,0.4232796074990141,-1.1123166177418669,-0.8293249175287543,-0.4043863257217315,3.309415966175342,0.4937445602344802,-0.7485150328693915,-0.04852237378993114,0.5061452445080842,-1.9166542703194511,0.8586613311870996,-0.006683609999232857,-0.003154897026750379,0.4434382899048418,-0.25226791744298616
0.6400199970222221,1.8867565727979634,0.30407320783529446,-0.06748850760328758,0.39077512922971347,0.6525713792136423,-1.216627671346832,0.32077843530385103,-0.9535054873407794,0.2008918864963052,-1.8968385656303008,0.1996837317241411,-0.5805634000559868,-1.1151023140895444,0.6049298024775064,0.2479479234263639,0.11031938544220914,-0.7687576935193536,-0.21326803085570012,0.46125277812714305
-0.23186667572519193,0.9879762791619542,-0.5588824951785172,1.7157763460178985,0.9307847156127896,-0.06351301372022113,-1.1921489938057612,-0.5490607759577155,-0.21769166782008317,0.6210804054027881,-0.7114994779012489,1.566347696672159,-0.4696627776482797,-0.3512764473892899,-0.45097972840904754,-1.2130769843418205,0.4273256794898844,-0.1702639132169449,0.18796438967018622,0.38679193402563855
-0.7203490145292721,1.2731071747526972,-0.31136588524837455,-0.40202960446179326,-0.808744502470144,-0.11259868636743289,-0.9022981430710451,-0.7710570238678722,0.613828259957905,0.6315170122995527,-2.05364015402638,-0.794144310910858,-0.4688929861488938,-0.08933271053016478,-1.3154319649244177,1.155500727941686,1.1655485193010362,-1.2487227014237183,0.14810081088398086,0.88939550188325
-1.1189021766018687,0.9723842228692785,1.4351837744164984,1.569753377846153,-0.7230145975637842,-0.5247789391078833,0.01281023670363627,-0.3212789797248086,1.725211906483754,0.5434718037927168,-0.41776098219116964,-0.4442363274838273,-1.4239159237725996,0.9570389325118517,-0.3534806770854981,-0.23014187023019286,0.4729557800717015,0.7440257108669246,1.122861998609015,0.2695523797854425
-1.4150818450628284,-0.9361087113184449,-0.03084038793269282,-0.42293870500543046,-0.3547099715245557,0.6903282972762408,-0.9447466229689269,1.1771328812991015,0.4478808545290746,2.219748724659722,-0.17839804879736962,1.7040485071097977,2.1389828860222773,-2.493144501973639,-2.9380018270599093,0.19648313271412607,1.5981910525528005,1.6888218625201743,-0.043302888769823626,-0.4608897359802442
-0.31196372030550085,-0.524239189064547,1.6245207187967752,0.9499900325353099,2.0015186821937454,1.501601723234968,-0.9987663515859634,0.0031394569877644693,0.8147669537771166,1.3815935910989527,-0.4318979520683514,0.581165217746934,0.2511761407744588,0.5808034218040973,-1.4899117860019424,1.6550856053909782,-0.295640808062828,0.8280303877722178,-1.3343943887416108,-2.268530499195026
-0.7129338234839455,-0.6921087430596016,-1.0983416223271176,0.5237551268296284,-2.0353970757834685,2.504829059826551,1.2942778971771138,1.545050290413488,0.22829180292867177,-1.563594274459385,1.337483794679647,-1.1579738469315304,-0.3426177278876017,-1.4664768540336226,-0.11754774366300622,-0.29277569840168416,1.4883271374864484,-0.3555585166158485,1.3664750924430158,-0.999261030225408
0.8587195539502529,-1.9420598438261116,0.949579735818988,-0.02509376690911702,1.2369543547089483,-2.610757052953225,1.0340942579530312,-0.417637239569925,2.1647311686105994,0.06303547078445222,1.38451428939406,-1.8639930217372642,1.034777601314571,1.7879326070188224,-1.1739371310965567,-0.24068751632914875,-1.2332914745186072,0.2658993526044784,0.04253645557096729,1.6756135198294946
0.9899088654791892,0.8477228287600418,-1.0822851811396383,1.3747420808372712,2.626171042144551,-0.6690536026535682,-0.21573726901548487,-0.24479054738884035,-2.1326578208353713,0.1565066810801032,0.23233808103358225,-1.0698011401827925,-1.052133122132391,1.1173897447199814,-0.4616721130038933,0.6573914568702507,-2.590627422564005,0.5439849053450861,-0.6353291789499569,-0.7079895083589125
-0.6422356736141348,0.5464364179517422,0.3121637918933996,2.0742571414078377,1.781013789260853,1.6166646138374174,-0.5344350929804913,-0.7697265481391116,0.27123361751528985,2.886881799012568,0.10086886112906755,-2.0149513461261472,-1.195152176970591,0.5406984256178209,-0.9844159142367008,1.9172103570636911,-0.17583673965856636,0.3426628083657522,0.45765083896992453,-1.0043865984887594
-1.8349857836939458,-0.013547125487638489,-1.1385399478688925,-0.5800176876791525,-0.8412240200520102,-0.06574990931697915,0.4009133308368147,-0.6829227835629034,-0.3132843426583817,0.6174884424626721,-0.028659222596921906,-0.19076530725569027,0.16349789709056908,-0.8924859597326796,-1.4980136479549506,-0.6188438031411416,1.3605546888314177,-1.1330843248961693,1.6556717369183467,1.5489915828452716
-0.4709253214084378,-0.32764515351053847,-0.18566388030970757,-2.081336875248066,0.16619081478923298,0.10722172604972949,0.36517082891379615,0.0779508365582973,0.9348335275106426,0.92433093055257,1.4483173341409261,-0.2750504288969046,0.7667730539954918,0.45897859108681593,0.41615815997843475,-2.3649995650106503,0.08018912300287045,0.7401997360655602,1.5744420499259335,2.554557800534409
1.3711857066178588,0.3572486986589905,-0.812161886880118,-0.06405392097217597,-0.9833752233812496,-0.7206375342558788,0.03350068330885904,-0.11036164274603182,-0.8708362903923853,0.546401420385397,-0.15035521744754166,-1.1883040357830554,-0.26833942995105226,0.26211987437492423,0.6437791745494812,0.005272161877005126,0.785368053760083,-0.01497841011746725,-0.03416719581190242,0.8147679360299802
1.1107517880486486,-0.6190368672440232,-0.7778383581438982,-0.5329918701830371,-0.3406236486990678,-0.4563598789388468,0.40658991961937146,0.09259755931249515,1.394444667220551,-1.0694362150970864,0.2194519574399373,-1.17328534428269,-0.1488330168248292,0.4991387522428173,0.3588402142088094,0.8899684438558255,0.24405901656961876,1.6441005418933095,-0.44718619782442875,-0.8693663340250426
0.9822583346120747,0.4756097224467587,0.2762964500097197,-2.1925599682626467,-0.3461576841341805,-0.1087003238491435,-1.422648418062133,0.6400303825235113,-1.9587970491591844,0.5033346055935649,-0.6719866260483314,0.5892827238218582,-0.8679100299337368,-0.9522349033044488,0.0905636224553219,-0.6839964580954939,-0.13554298955288235,-0.23245657152163784,0.006487218798465363,0.7872724482768155
0.7659993140430698,-1.8447576774776444,-0.5306761537251035,-0.089308665986374,1.1425699765994457,-0.9666326580406761,-1.4514970450137277,0.2382780549372931,0.13312397928976186,2.3348107883772027,0.9950637083177148,-0.9074260553196929,1.7352446135412236,0.34580299828959804,-2.3426079386147785,0.42008874940204705,-1.210462744469992,0.34222806246328286,-0.5938448880585052,0.5655968217977739
0.9540842092236378,-1.6262174504057059,0.48968409372757254,-0.864724906112073,-0.995340229533827,0.9766212198088055,-0.30462682990879764,1.689641040176163,2.601869344033358,0.044759081167655715,1.8967436273236513,-0.10476130028030464,0.7755687111777747,0.4914649596893692,-0.14620999578788352,0.32527954810072046,1.1838017173298043,0.869249078385787,-1.4201955880344315,-1.2002003256221356
-0.1689205311925438,-0.026149057654109176,-0.4822206443543353,1.703152350781462,0.3355155701765769,-0.43703800192303754,1.556075607898589,-0.9680776096329313,-2.304173613951136,-0.9779536887714788,1.1596252695694258,0.6663749743747976,-1.4327788139067963,0.45848884527259354,0.6667235132082187,-2.4704458583744096,-0.9127473524208287,0.04022257072651082,1.7226828144507849,0.22137604149209167
-0.4147534161504393,-1.195500014330515,0.5305997166045112,0.8243541860402521,-0.2662791609468383,-0.36293996648606064,-1.7448256687107333,2.657977517019259,0.9531651911617413,0.8511356056562648,-0.5754199656653876,-1.2810215018090756,0.4377113048403556,-0.5102184134862957,-0.004107243167422345,1.4124722985229647,0.9387179532144162,-1.4189086415892298,-0.18073869643118762,0.5867134706782561
1.2694174609772926,-1.0615645817317623,-0.8965448729481929,0.443196101927086,-1.9464136904637064,-1.8156734816330904,0.39544821045805023,-0.947648678971984,1.1988707560738565,0.013629500034467392,0.10339939704751383,-0.8012887193069747,0.4242797087650295,0.1737455300131966,-1.0149389993391646,-0.2809071461596491,0.38394478671214494,-0.5321531519517633,-0.36617974836235234,0.6544521938060615
0.0006243832522367065,-1.3697462518838233,1.899531819975466,-0.35833600967104695,-0.02658042436122201,-0.9930448754000861,-1.0378599399261579,0.3012513841290641,2.076584993564043,0.03173210050637598,-0.03565445791741498,-1.1192512943803896,1.3244170879095163,1.273792285197774,-2.204874447232258,0.24360186929519942,-0.7569297919603262,0.30511828545888414,-0.4048462317071526,0.9885723337619785
0.8439515562893594,-0.6026077116052199,1.0280190578213657,0.43954185509521626,0.31385689006871265,-0.525012354563427,0.06341638174711504,1.1010452097683716,0.9992615491596442,-0.9685331584671546,0.9552472895535207,-1.138693611060894,0.07105919548886178,0.2027828167929489,1.068049631691034,0.6911448357505598,-0.12000278021781077,0.6464414376340325,-0.17840699693047637,0.21452102353119895
-0.4383965746663013,-0.9551155102290437,1.4671563842050324,-0.11611756789707255,0.8468687882960624,-0.9815407189136912,-0.6194150275839644,0.034501807546201246,-0.032196509169768364,1.439441454239438,0.18669383378162835,-1.2411682049415895,0.12302692411045761,0.40045447464067313,-0.8790700676941628,-0.05063012991809376,-0.25112150334457,-1.41272821721141,0.7547605059395467,1.346347129566189
-1.2685329364896085,-0.28400625916764827,0.2247263784229367,-0.09326620596453152,0.5766312818217468,0.0989919006657443,-0.7119611782420117,1.1900574824816472,1.9484996710930098,0.6686315492492557,0.7411728930654488,-0.7267285209547286,-0.2815060144472703,0.6904550045990658,0.6568899520790112,1.866460019603393,1.3326235604727308,-0.6481091760439677,-0.061810306868078126,-0.06029613107748425
-0.47345214914810807,0.28603677497901175,0.7961721151823165,0.3752257869178099,-1.1301517591672605,0.26426136984270227,-0.20093150732221624,-1.7542404377339749,0.11807057251376969,0.1328350515444665,-0.7737887530610917,-1.7438272811735644,-0.5388923518111051,0.35255918621100585,-1.6836111241848,-0.38006350082155693,-0.5787041044099879,-0.44847606063871154,1.3880723885168422,0.93446710519234
2.579140986812534,0.05615847549730364,0.6517632429283056,0.6805443310634095,0.0933511374966564,-1.7207191490555092,0.9917425891654004,0.09039647240296526,-0.5395147645714303,-2.1423366543656575,-1.0534751942874285,-0.5790029901569257,-0.2271464078006736,0.9787693840105117,0.3409903608344068,0.4245102719849224,-2.901011615458097,-0.14776625087575468,-1.4100990464999767,-0.5849807268488142
1.2372381794946032,0.10231937325775194,1.2147229874180452,2.055612572472454,0.5432972917839607,-0.19721576416590914,-0.2187701836837195,-1.6680003263383045,-0.7053445517354106,0.21925662406061508,0.9289455886399179,-1.5264176490433228,-2.077864677051363,1.1722794049269298,-0.23479237074601417,-0.1545699749513355,-1.1973423146757123,1.4772654287391427,0.2481203239390321,-1.1581599589624407
0.3717991052130817,0.36035961907173214,0.11785455238417221,0.48683178936962784,0.4405412393697673,0.5042543293830534,0.8386853755719639,-2.206692406350502,-2.0712994774154714,-1.0250397527232744,0.6840412963952316,1.5936449770356915,-1.846066719873833,1.4257362709157957,0.3375971421997385,-1.9174000329269172,-1.0937559259828638,-0.8415563212434468,0.4220026204963077,-1.158235226965716
-0.7469573620635164,-0.699069615962614,-0.9037268484730583,-0.02204238803050088,-0.06091226435382155,0.9116344533901803,1.0615439099240127,-0.6378797826849428,-1.3163180648880686,0.12599007268544168,1.1129750540843153,0.7347191011727464,0.2534078218040789,-0.5240670392058969,0.5453384247362228,-0.9683027031992607,-0.19673371296580172,-0.24745643471541465,0.5707365063998424,0.3108857001027482
0.9159483946257216,1.5404400868653119,0.6343811771329118,-0.020245403395375696,1.4051028231915699,0.719727074715195,-0.3822339267701592,-1.3987960681224396,-0.6488858959770606,0.7354800381520346,-0.8700798052590328,0.9924617889897677,-1.1114459244811046,0.3956025767547961,0.49757758219964027,0.010605136764243177,-0.3297864326790355,1.8264254342691137,-1.043095799645049,-1.599966295416245
0.15351547725704803,0.9570268310928063,-1.0069355348078624,-0.9505709031862188,-0.885539394474564,-0.8127149203068653,-1.52140146792296,0.4092516515703663,0.7197655804683937,-0.364641783707225,-0.46459700500341156,-0.8207714599249964,-1.0451929218884324,0.42036997123318115,0.06517347585468852,0.854781665388723,0.44045077006481387,-0.42048411732664814,0.09772424793834006,1.0668227416279228
-1.092338802312613,-0.7084595505421791,0.14837877874749494,-0.9069127137826835,0.06448158673352568,-0.5967070967806711,-1.113756091084155,1.9049142789336593,1.811140543850396,-0.09055276144948914,0.14482099560961936,0.4843701052195008,1.6452611871183953,-0.5277027096928614,-0.6966035335563658,0.6461597371451204,0.7722864527478981,1.959795157014798,-0.19050160099072533,0.49345543456407015
1.2164829983952663,1.7655153074104841,0.33216325365700883,1.5155080910967182,0.06063147866234911,1.6962827176706792,0.2156741239936974,-0.5378594081006547,0.38319819988011233,-1.8317720144270444,-2.375688034348168,0.17884940131808338,-1.3258322440519716,0.4783326905488642,1.9721185362249876,0.1168931263108025,0.680112626457147,0.13102335650857783,-0.7540196078284553,-1.0443128474410575
1.5918169147787835,2.42125064379346,0.7929032733654895,-0.4678852097912404,-0.6837670599157172,0.022909419530336362,0.05190402093530791,-0.5311544162029157,-1.0375001257628242,0.1930354451729175,-2.695775776807946,-0.1347890984584598,-1.3274588461700192,-0.33080934988069555,-0.12197692917937367,-0.6000895847694134,0.9481914068392714,0.7380554463492182,0.014257251208830255,0.9963967902669495
1.6167853576607434,-1.2401325061969586,-0.5086261384892299,1.2652989922970792,-0.43886794011598423,-1.1375121421126961,0.5570766776103804,-1.9997981185516638,-0.34691798332774726,1.756281199711377,-0.7746807277141737,0.2719245153759081,0.745719698820972,0.0760853603148531,-0.9353643761921676,-0.048860048553388886,0.054968323429873685,1.2866290117443164,-1.3706687253167376,-0.797912338404508
-1.147241088563175,0.717076491176387,-0.9368309196183672,-0.6418654265241567,-0.44871552631037614,2.952591381006418,0.926069159973266,0.5522214150253023,-1.1286486123111044,-1.9888910742760901,-0.12129032529089673,1.7994860189258148,-1.1513734389478718,-1.2237677184729896,2.0701650529022357,-1.0558926421129815,1.5952421293890502,1.3694028726309337,1.093424942268179,-1.1928332208326407
-0.025139715318766527,-0.3347597896920574,0.6047288408340317,0.7587214803965291,0.6683290233105339,1.166882521441844,0.4080526491657802,-0.3454075822697295,-0.25648732420022574,0.07652042749859178,1.7415574574807697,0.9155613142044847,0.651161642345556,-0.5862145823476059,-0.4429394430044581,-0.939841116633543,0.17700364903675433,-0.4928355306374872,0.23185627330006914,-0.07819119576346836
-0.9479364728024778,-1.3642450119398668,1.1026786680529164,-0.3453962974311316,-0.8578103948794651,-0.5477728416152703,1.1057818303099152,-1.230177617042435,0.7270470819049619,-0.8063775522399095,0.7538395014893068,-0.871595816224596,0.12495377339979302,0.5731043463174829,-0.2143915422544154,-0.7424380319253508,-0.1982549599305032,0.490575112619927,1.0444824155598096,0.46302764817317865
-1.079732783075038,-0.908676168285523,0.5573395636103601,-0.29795611133119004,0.8460015123009167,-0.05223115121935121,-0.36394410277645806,0.45688121869715664,-0.3794097894075961,-0.1868174829996372,-0.8357163532142743,-0.17867434655238348,0.1519692343238724,0.6308393181652086,0.06910573227408713,0.9739197939640594,-0.4102600151066486,1.3231716797602664,-0.23701533805445682,-0.43207734558621685
-1.1152696392140924,-0.533867679822816,-1.0920932224010484,1.2001773527199262,0.2687242734764345,-0.8525458869153021,-0.895119128254985,1.2008762617335673,0.018470527896287437,0.258440885044901,0.17332924306158776,-1.3394171685777898,0.8862507565853838,-0.5712758156758717,-0.6096609049261829,-0.41560929303506994,0.2706893461425828,0.4396616697401996,1.6373714701461184,2.144498990571206
0.46512027908680736,1.4548308047796075,1.2718553224667093,0.47944001035782885,0.25667544009898524,0.18960954144322525,1.9273029405245485,-1.833142753677452,-2.0208318247606765,-1.231325955381494,0.13320696043875746,-1.1488374116514104,-2.1321501896540616,1.1043052223911876,0.8282310420498478,-0.7087386521548401,-1.2270533862545974,1.0254859584227496,1.0394039949229985,-0.29909083172426054
0.23835508010720974,-0.07238440278526533,0.7878638513067906,0.538049087117104,0.5070517907196396,0.09182872296871472,0.7444288919833062,-0.9602794626035553,1.376974681738694,-0.4807604605677129,1.3713735892600818,-0.6985115475595131,0.2856016112252741,1.3838541393103632,-0.7934767171428393,-0.3974818417531152,-0.7092049986680414,0.7233427745269787,-0.03183822610632315,-0.824715842504382
0.9673477893610796,-0.7928633623266085,-0.23296127135200945,-1.2787312586242967,-1.417222698537663,-0.33852904132960854,-0.7547781484112938,-0.5341278383534004,-1.0554015213191652,1.0230973660797311,-0.42055223257079666,1.2588501291644574,1.7097322552300809,-0.6139687798858255,-1.2367974733777223,-0.9228559082218075,0.25832996095393546,-2.7924392961204294,-0.6464129409817557,1.0707787417572776
1.5655169616563351,0.1497210906291914,-0.13854508478854877,-1.4621128795304112,0.8685380279880244,-0.37631938793801367,0.9883943791445681,-0.6488579213556638,1.1344860901981608,-0.5860116940424825,-0.8005044582512784,0.37612432657108785,0.8965142886714611,0.3034234402321633,1.7858706520649532,1.4468748489655632,-0.40381621572821996,-0.6304032727853507,-1.972009226731222,-0.6961178144378398
1.908653147780863,-0.10085630707157604,-0.6732422636999598,0.136682581818552,0.04023323511644683,-1.4021493602554855,-1.8346537325181278,0.3081352662377282,0.29378260143135737,0.35102747652439104,-0.6097351052480766,1.2706683523794533,1.0283807665509048,-0.6670917731996572,-0.01305214384461962,0.2598775458139178,0.283248253498107,-1.4784884964658307,-1.920604787648644,0.42618298165364354
0.624024146147341,1.0782042645549685,0.9899314715464751,-0.7570099596783727,0.8870535236395305,-0.2685144021892628,-1.9534401911896102,0.4208294699874569,-1.1579404037671268,0.9833518280048672,0.21363312695521425,0.5685105077191263,-1.9338669694458368,0.7982882826712403,0.8535798485046295,0.5867869955662396,0.014046103396731928,-0.9079976207790624,-1.0434215582875344,-0.7952251352700027
0.8145532893309646,-0.06968834148575268,0.3926989206445579,-0.8673639096868719,-0.02413467105808334,-2.264550980999022,-2.9220593998910416,0.5880412275407694,-0.08895399060036918,1.2474157077151988,-0.7755044110542967,-0.37175082355363015,0.8771621259845547,-0.30645026488191074,-2.563467783389929,1.9924045208423775,-1.6560311652980817,0.7983832423405993,-2.019211367436446,0.7360531994026986
-0.8472897584018477,-0.3586139632190216,0.05274317612472684,0.14905116142737945,0.17283938066617247,0.9113823043132273,-0.7712887911103857,0.9497853066504544,0.8236629241999468,0.18376679862356227,0.24810291877031287,0.4496421245074976,0.5414786631691109,-0.8940930618265492,-0.25542646229998806,0.9339204782524971,0.3398747798789737,-0.32240804154949565,-0.2106340179737042,-0.4637869354418287
-1.2613480333513172,-2.6439312903814844,0.359275357465085,-0.7422243865029945,-0.545411879573817,1.3048032964141874,0.8301295426456746,1.7164001878194197,1.854935736563839,0.05863148623890465,1.4355246582658046,0.9616633431992391,2.050360029604865,-0.3674913828017388,-0.29800300578761285,0.36473396795211904,1.191398104249897,-1.2297602259574254,0.08088974630944845,-1.472168899292652
0.6874762824717102,1.0241148091165309,-0.07101725415475642,0.24372352705193479,1.1169548507897136,0.5997254791479774,0.7717400216934945,-1.5391735957896995,0.26474836752086134,-0.19152046487374216,-0.9181883812175209,-0.898897680016603,-0.8796474562717956,1.9833380054062897,0.7192187760842066,1.3204109522349208,-1.3670417762936078,0.09724799140936907,-1.132422048937482,-1.657633385082294
-0.06659185416259288,1.4104072923201445,-0.11787358035716317,0.5844077616852736,-0.2606671461236075,0.7894141541294606,0.802343140043895,0.3187786055178732,0.43548685049688474,-0.46382409822676246,-1.1197673331737694,-0.5492116226016275,-0.905898555223206,-0.49065488296532006,1.7124369662372343,-0.04106802338388029,1.1831535820086923,1.3626000815069643,0.7806462328471656,0.46582836139522804
-0.2824180276265813,-1.0947143562760935,0.8803810283486543,0.3207024860005629,-0.5036515163787437,0.3133164754621204,0.31817110107153224,-0.6027859670700415,0.8376368934890316,-0.7916742952605578,-0.1824981268986064,0.3214923081930361,0.9957903829673312,0.28178278246399824,-0.4019433201200818,-0.2697978040054286,0.2908807183247539,0.016363001187959546,0.13393512562163784,-0.3854522541869273
0.00565841055039761,-2.257198290907585,-0.7894382688822711,0.26677491322228214,-0.3472222294036993,-1.3209950421844907,-0.41940697059691884,0.12380033669476184,0.5308424033105434,1.4878458056214277,0.7028818128589369,0.7476968180613655,1.3691843728211481,-1.4439679943381818,-1.089899826634228,-0.440870101937651,1.1112107981291766,-1.199605139216643,-0.05075608296283348,0.5698846199628083
1.8610616901387151,1.167499966499852,1.9048020323318462,-0.4017632508430479,0.5176127244575021,-0.21708548363334537,-0.8678556905716446,-0.4787235095332735,-0.4834490732579892,1.2444710413361337,-0.9195595586630535,0.5279285762237506,-0.8536658002337166,-0.2262128971315012,-0.28854761631162756,0.7856760892638961,0.4147088462013903,0.8833015982281849,-1.5031597162936512,-0.4816028305887211
0.06704000005370186,1.2308048554756046,-0.3394970626794273,0.24454784518503106,0.5919951037832522,0.7971321215422861,-0.4500111665335923,0.031985371459827466,-1.5811106418298166,-0.46292156346945795,-1.0084683238159229,1.0758327844602849,-0.515831920928346,0.1776246363951557,0.8109565015111326,-2.225683413418875,-0.3720567313752804,0.6928908915490912,0.9556191682050639,0.45233657029626106
0.011075684817127035,-1.4567065324293254,0.3148073104589798,-2.1284355577767666,0.11857077439769141,-0.7047424501830909,0.09576734328558771,-0.41615455116739586,-0.787808262340864,-0.8263596697001272,2.836783220492632,0.6167449412327305,-0.45208993512739576,0.8127959025210009,0.22688266335715518,0.5222093443523038,-1.0966377929612197,0.17202484275634441,-0.3426091356094738,-1.4141854637281563
-0.02005469549394359,0.7842951651711071,0.12019530528592068,0.662752661806702,-0.11359860503039428,-0.17456169611780284,1.1645584340774473,-2.0471940449523562,-1.0359682794823148,-0.47820096474730966,1.9389125381891248,-0.21485053214272637,-1.9526317990734003,1.6270290275731605,-0.2101599493217727,-1.3518259925058136,-0.43297905970548434,1.279652679609795,0.9256229640312116,-0.17645416271632508
0.8931239898315982,0.14459010647822887,1.068757944133592,0.22513265217814687,-0.36149088105066596,-0.5554509590520266,0.5654474019539638,0.1828219076050112,1.1581781530359425,-0.017754052117018353,-0.05852794186800414,-0.6586518121803043,0.5885931206831468,-0.11035182707341876,0.4861946348583022,-0.2771922058727626,1.2255512889072966,-0.2388982037736385,-0.09811410907581596,0.801345310627567
0.11158515486178229,-1.476455497253824,0.3598083138234623,-2.277258725841482,-0.09890048614805126,-0.9853919636309376,1.2493247742721592,1.471399991404557,1.2075430594888046,-0.021322275293618548,1.1445210779235164,0.4241595232963079,1.7327908731514408,0.1133947819919856,1.4724506148342327,-0.1533728730493607,-0.1451909829213504,-0.7412478196148643,-0.7597527133747395,0.22188520824756322
1.2310757114985418,-1.259873845955396,1.108232290840003,-0.8554231705530726,0.8257999629727835,-1.270709056291184,1.0837874227150397,-0.9161002356764971,1.2728146156395659,0.9868191060955732,0.37397525907274703,-0.09510228862681902,1.707257088809627,0.8548996741507263,-1.855536112208837,-0.5367303552282129,-1.4154265452064074,-0.15330945968264606,-1.0150166681765922,0.5500924650043353
-0.3835568138303605,0.12952174794920218,-0.25011668244609614,1.0104958727020414,1.345750555512823,-0.3854956314658305,-0.5539958730494025,0.532738952879322,-0.42875510565565433,0.6473200494353686,-0.2921561369891212,-0.5993808687032418,-0.3468917818102701,0.04345799853717738,-0.30028491105151683,-0.6523921048585419,-0.4398522832988775,-0.12479425083716575,1.1216945521626496,0.9594660733419873
-0.6360361830531834,1.071054618970816,1.0571534755202692,0.7647855040179671,-1.622792039952769,1.988123779099519,1.1211661843110907,0.25235208565580314,1.5481002760097067,-1.7755773019767491,-0.771556483752104,-1.0630512506357448,-0.8571958991383082,-0.5127013981373367,1.2852137532811558,1.8706738294215524,1.7452084063427333,-0.23209311511001118,0.28912979666486394,-1.520124398170452
0.08335843945685815,0.7414437855436,0.06573754800304152,0.9815824930008972,0.449745039272044,-0.5116646407828374,-0.6492220014238975,1.7000128666726908,0.653101727474304,0.44821713777582456,0.4774259914346105,-0.4619113653378987,-0.050237387043916816,-0.2980611805986669,0.3568248623345369,0.9446051077446608,1.2968631801790038,1.148315245558042,-0.4638666430505198,-0.22019281462079945
-2.5976207708506664,1.7566449672302884,0.7075668510996831,0.1403346972906107,0.12772232947416615,1.7864087096057408,-0.4947072470436154,1.4528877610992954,0.6516581615888624,-0.5994810556680051,-0.09992082047527732,-0.734895483319665,-0.5913011915014013,-0.5105180085024406,2.563606982859521,1.5030732836032266,1.276260957267526,-1.0404665037967025,0.8808258599320697,0.6839302230497358
0.8823000953025377,-0.7445801411472784,-1.1778869038304267,-0.44262384613846634,0.42129711687680405,-0.017342611317101835,1.0940750999552376,-0.1498909412464551,0.14642663846353074,0.6674606414561995,0.8364729271098391,-0.1418443839664107,0.9719601878485536,0.5306412762103723,-0.24512639797918642,-0.33555297837141057,-0.1704982571435806,1.2937665655445412,-0.329175477741815,-0.06680084603722744
1.7136170222988254,-0.790525283114607,-0.03173026790050826,0.304207351591696,0.45417641100390194,-0.7013163083507774,0.3234178411660464,-0.02373360945139358,0.46639586002671685,0.06234435509834362,-1.1060186164074057,-0.11714686496816448,1.6485820029095677,1.7636902422846479,-0.8792621799088186,-1.0202250308219383,-1.5423433831684406,-0.7550365882611793,-1.340966276265678,0.3810436706091467
1.2292662567861783,-0.4155793644040285,-1.4063535841000308,-0.5674004029313775,1.0835516255194384,-1.2155805495204919,-0.3786336126695355,-0.18615461681586143,1.0881594981345355,-1.2994485151253725,-0.7919858595769574,-0.1412450417417052,-0.2745661493302356,1.7432354771414416,-0.10581431364013742,0.6965640261349401,-1.337433997348718,2.4200628786105143,-1.377575771951,-1.0436922662433588
0.4312277483604628,1.4988562017018856,0.4477128819955392,0.9626664869049157,-0.70576483584063,-0.39305568420690434,0.0847483228917549,-0.489829659942338,0.4048770534992846,0.4597934219509709,-1.2055641547754652,-1.544898875198548,-0.0818196893103094,-0.9002439380184686,0.2161490077278487,0.18885788579558485,0.48521646782208183,0.9419410180139526,0.34339014985023597,0.5973193615855922
1.478427509645312,-0.22074474827747056,2.3121164910195295,-0.3579391321497338,-0.8593898509589556,-0.7442036147844343,-0.43018196994925856,0.6340147784825423,-0.4568797952987661,0.12267691845702057,0.8680516785827329,-1.6856509190331004,-0.642385882136694,-0.5950840482075511,0.21247295883727113,0.7822022872155541,-0.5535781998849975,0.27496402798817077,-0.4421153800162945,-0.385158640199312
0.6100186314389359,-1.5359980325964966,-1.4357321142968476,-2.048071087284845,-1.917730120922756,-1.680155255486558,0.13928589915308853,0.9642151002488207,1.1405203774043933,-1.116367464469115,0.02236089537165346,-0.39296759366081974,1.6577640514487402,-0.07858585640600732,-0.36723879606167653,1.195644128884176,-0.15505351182286306,0.30216159549422444,-1.316207854450836,0.12447390515582324
-0.3520929442624328,-0.8566615430456054,1.5402168121407853,-0.7544280664603832,-1.3316271119948224,1.0199282622363726,0.10299789693741945,-0.33165427780252427,0.5129315221611981,-0.679065546209395,-0.047742771162883835,-0.011527418848010626,1.217789448131878,-0.46245963641554927,-2.069413297924058,1.201202525897946,-0.19005175959292175,0.7217663620771799,-1.0267242899014979,-1.0675862525051838
-1.4106140091932426,-0.6538217329823183,-1.332511320732644,-0.9947188084040979,1.4420896441792408,0.9135410724581535,0.8346222358521875,-1.5789623739370553,-0.3345235837206915,0.40857113262192407,0.42001578039791976,2.3459973019542546,0.1921890951991211,0.6711654983582038,-1.5851715698046667,-1.923563303497148,-0.3645319093546983,0.18668517505977536,0.6816902419540448,-0.7294592085221011
-1.7965810705266747,-1.047616960157805,-0.48671898200320585,-0.03197897562096546,-1.3988260124451883,1.0480330341092259,-1.762503367115293,1.5350444562606134,0.03399139852231253,1.463389507962294,1.1142480292125898,0.16136448747950177,-0.06869599531165839,-1.9423332405084326,-0.967633206450791,-1.3390696180711712,1.3737378852626083,-1.2147383990942595,2.2674793747961624,1.526885408577756
-0.889741766023656,-0.18087482821797485,-0.06958699982067114,-1.8754684089810518,-1.673474842566638,-1.45171502861185,-0.3792092210514961,0.8907892622268085,-1.197957768476705,0.9185731260532469,0.1468559382701591,0.8802551788966644,0.9417785083610526,-2.332912873784085,-0.18428948848818902,-0.6124725205908481,0.8149551711186664,-2.35837012856235,0.5664130321229756,2.774713842304256
-0.8215326151644033,-0.3793843217600418,-0.09406242883186056,1.609707937569514,0.8062332444799648,0.3164586322901078,0.43403061890553785,-0.20415025915868,-0.3129503667350517,-0.4124966721176991,0.2088229314586743,0.5819932778892308,0.3887299828929814,0.03306709522154723,0.1427032901353145,-0.6218452340507223,-0.49096421668920237,0.1951344342877681,0.4082523885900679,-0.33669801638845964
-0.4706152159758291,0.7847876891050503,-1.3810890903192306,-0.20226642915157242,-0.21949046281691947,-0.19514469652660973,0.19046889147269888,0.6225657654440171,-0.6476002025305068,-1.8749476714642463,-0.9532503835710993,0.10096507399527899,0.131002667897968,-0.22799947263331583,1.2055566956708845,-0.046709656354550044,-0.7369858295730018,0.9913383012935435,0.2766205985145147,0.5801944364171852
-1.1870933312596754,0.5323187020395451,-0.5110156587978535,-1.3099493580570845,-1.1664478401605747,0.9918895373771098,-0.45164993378603635,1.8464427337007634,0.8610921098241073,0.01579141605973397,-0.5117733128269308,-1.857150293856248,1.0843087118627048,-1.5116047839709026,0.6989549547152185,0.931597902813809,1.1169804474372123,-0.2877211824094195,1.110390440719507,1.7173874665057394
0.8854715205795198,-0.33261628511847907,-0.0866530066757814,-0.5171189924644681,0.43005818138776186,-0.4232132703121613,0.32411435116871545,1.1430174498969181,-1.622393293976355,-0.7254227060481517,0.09360444940600085,0.8748555918698413,-0.17695138254750026,0.887507716145532,2.605693411556145,-0.46659083743451335,-1.4298171288696244,-0.6276671418100537,-0.5833801153910565,-0.2454996033464766
0.5500314712687695,1.0034669697696204,-0.13723713817607525,0.6487876655540412,-1.1621677777680304,-0.8980912831411151,-0.998688666420729,0.17487752680503332,0.5247024950257101,-1.2591948778900988,-0.405939476743738,0.9263615795361286,-0.12951049849662702,-0.49593649593606604,-0.4420743753731378,0.6283141303091286,0.6280036133848256,-0.6596501172421289,-0.9011237443342578,0.11342616267060673
0.09141207334075656,-1.0218460449440485,-2.1526536509618897,-0.6953522586845181,-0.0608545141571834,-0.16687684660340046,0.07167001257121171,1.5346754505198454,-1.2686023819828338,-0.2717679009198315,2.292817397328778,-0.6905851610552213,-0.06021608350619817,0.4267890341547167,1.1679090954834892,-1.4111042978206165,-0.668272985345315,-0.6446438526408976,1.3421087313000988,1.6792904465913947
0.5150726440236442,0.41775178713092237,-0.1830692262636181,-0.7847707627323679,0.11008831044424765,0.8239718104476158,-0.16078265502086653,-0.8595758842761576,-1.0068888176044255,-1.3616321865812442,-0.43445680287317,-0.004991657672531206,-1.0597420561365518,1.2787796308641186,0.2667676858442394,1.0418470718244663,-0.6257690187523979,-0.010626199370291661,-0.961719388900984,-1.1718635525939605
-1.596409097640011,0.3794143430462708,-1.1447752551468684,0.07638222154874978,-0.8365973518732323,1.7261094547653844,2.0347267669838676,-0.5452225766665988,-0.8859351995697368,-0.5431979173052486,-0.3311192697026751,-0.11643570100893473,0.16702742006933022,-1.182898359250301,0.15706555059533067,-0.332038025610661,0.609803323097396,-0.562000379501869,1.3793814916997367,-0.08882407163970532
0.7375371036615332,1.2365859853100756,0.6885587631701824,-0.6462535291152759,1.9600080469144172,-1.8504953093539847,0.6959116266309541,-0.4878099967097081,0.3830088114683531,0.6149776613109252,-0.220992390614002,0.06379485758353359,-0.9608644218103513,1.9316853312592817,0.7837218836360286,-0.5910082317839221,-0.48301087871580844,1.0395208261130497,-0.26077867630484436,1.0926765809987604
1.071421202965998,0.18454467327476953,-0.20488795657087328,-1.3792907032147004,-0.8999621719454668,-0.7648676837959547,0.4142848299409557,0.09792337010951868,0.0064592558543528165,0.13797367541420136,0.8450194044000868,-1.7678087382764314,-0.1360884340876267,0.9878666148948977,0.7221668030199737,0.619057872167413,-1.4074204466076858,-1.481341313387778,-0.4351883863235557,1.0528519356731587
-1.0069525787657299,1.4457319362269294,-0.3399326452468036,0.864237739424834,1.5051106251855961,0.370733533771156,0.4419817581494509,-1.0761281283090391,-1.7669299130466647,-0.29354847699980374,-1.1093402726757096,1.4403941672257936,-0.6008500345914184,0.8752451219052355,0.032277168960232375,-0.7515481413123744,-1.0150763689662827,0.36154570749685716,0.5342571076508396,-0.13380470920975376
0.3742346335741052,0.2941012439381824,-1.312097221659548,-2.0166213016299825,-0.20704583062810364,0.009265401813820847,1.2655821873398918,0.16572207755651783,-1.3611598353804235,-1.058141832875761,0.5840006440532934,0.41634790139093397,-0.1401170883869035,0.1970598148028474,1.6481148200344495,0.3003122211634721,-0.33234272042071034,-1.3210428808686439,-0.5829159810049651,-0.6534301972141077
-0.14635514862960464,-0.5559847568692945,0.712788277750364,-0.7604999359795952,-1.2756455327801046,0.2157258506321865,-0.3012581566863481,0.5740881041978304,1.395376883062768,-0.7295981317442776,1.4768453572747016,-2.0173932909131382,0.1439263212199069,1.1404796573206697,-1.998685071100851,1.490175714856366,-0.5531502356402793,-0.40220438367260136,-0.22229113996952285,-0.14369870871624713
0.792182720329766,-0.16248601411877578,-1.0479283792287846,0.9156388621636293,1.7515481206783552,1.0967005142925805,0.22197065749374295,-1.7308052739207402,0.17825868178493867,1.0655848598102247,0.39311905547744597,-0.0058957875031160146,0.4356726480384598,0.906888593075886,-1.3264804626144067,0.5365606179922559,-0.8043375280655576,0.6502689808002066,-1.1633359813921234,-1.284879422678089
0.025031580692416174,1.8035249517430194,-0.3408678316778459,0.40919818720612056,1.4212315931757709,1.6260133439137552,0.06121837526275461,-1.020590340415698,0.3331705560633501,0.3517789199624813,0.2616577995890142,1.4387488338549892,-1.5994219034765,1.6957225432974812,1.571605045288149,0.1715013566299361,0.1556368778404241,0.021854531810770756,-0.38771867258972,-1.8581817930489934
-1.6933780237317746,-0.3728504198908797,0.057813703387386214,-0.8425679779418886,-1.4155660849289295,1.3034569907634057,-0.1234636558747307,1.138203561584184,-0.42050013960488625,1.038928113524147,1.5396505924401191,-0.36277893062038546,0.5367446774959705,-1.7067809928076083,-0.05184174310692151,0.46006366632522644,0.953111936315284,-1.2130620900200797,1.0713386619684608,0.9979890748730634
1.1715323715038175,0.6082779780687997,1.3966965976708439,1.1499413198896709,-0.06583455719784775,-0.8834322431508682,0.3480853957321603,-0.20912430883847621,-0.30857600422871034,-0.30908713633944734,-1.1591055335120692,-1.7795896425807407,-1.417454983887694,0.07330611551026915,0.42090545636701154,1.9432746362567714,-0.15434343035296985,-1.0392728426555256,-1.0598467352053023,-0.42455766157183067
1.593907040340987,0.8042106948252625,-0.41630430828314363,-1.4388940255269747,1.2121424259399651,-1.9867677298768753,-1.7225577591897232,0.3422666962281035,0.3736893239112022,1.82779602215631,-1.643088783330296,0.652748947126179,0.3394031037335035,0.5399853166484089,0.45813638236797255,0.5268322960134484,-0.5287211250068432,1.4362324594457747,-1.53927200022013,0.6301236026986192
-0.2453217489586327,-1.0218618402298594,0.28601327796318937,-0.39721741118289927,-1.7867126467343784,-0.6406885805113067,-0.46809739759170166,0.7277789893685714,2.1683252214081206,-0.5195722886045729,-1.3926958197286845,-0.5803379790727029,2.2804166446730227,-1.4832184666556651,-1.5742397881722254,-0.9337473509380513,1.0696230090887404,-1.0521069714695939,1.0140732919776951,2.6098803688589896
1.1244957093781995,-0.808366833745691,0.9924729750168961,-1.9688309599269869,1.0603958261136872,-1.6838999137401383,-0.8596589263704699,-0.07479169490665336,-0.7032953543740271,0.2733380953970359,1.0954417973027215,-0.318975225126003,-0.4333859822760891,3.0190642969677213,0.762730438439237,-0.06796556097350487,-2.0952318478085386,0.5356954406785444,-0.962889095484887,0.5246218846887358
2.905514609682645,1.2648070097056263,2.3468467602859904,-0.981001555802714,-0.6910019039032987,-2.2114890971607117,-1.6027458139673163,0.057829537875183835,1.0490906890070142,1.7836894381606245,-1.3356474324802865,-0.40504780284213915,-0.7644911817193503,-1.2903774349724781,-0.5817172229047358,1.167550516710622,1.3238374963140953,-0.17633266426818828,-1.7349099367646568,0.8222398532204359
1.337519016686663,0.9162546723377517,0.36501605530029413,0.5017930268391406,0.42333559838869084,-0.6581486437573434,-0.7589816928635451,0.6893814420678354,0.7871005928268096,-1.0382043186075245,-0.7288060672843057,-1.011730023423365,-0.6698422190787509,1.4701471438430094,0.12191267130960703,-0.2571897877047796,-0.7810774625905392,0.7179748672341643,-0.16824071993838646,0.3575690361342063
0.377017930398776,-1.1264208061173375,-0.6336487197302267,-0.4402425844123311,0.46702067778493017,-1.0942734690399465,-0.22462602510044596,0.6905492167985399,-0.3292712549939715,-0.14067913043271343,0.8182331048304622,-0.011623134925333746,1.1210612308330483,0.04961813382192918,-0.6874580923878851,-0.2776134202099513,-0.08136324930694531,-0.21596343594082115,-0.32779926788018204,0.5174547527919104
-0.196180574889619,0.9955506649675654,-1.6596438123241064,0.27958713743683733,-1.2643379599061217,0.9865568063836219,-0.10425337768124766,-1.15703784795304,-1.7781392227100241,-0.4263397705963941,0.5120483703139125,0.6888234257649634,-1.3542071620567657,0.10239398913137894,0.6343736734946938,-1.2894642187515712,0.3874625554158996,-0.35659262543351355,1.1008806215346143,-0.19153515044183633
0.025903426100728523,0.5886934890195441,0.7503484707532382,-2.1252067422529026,-1.9606844205094824,0.6361989302469043,0.9619994099947942,-1.7507020376548839,-0.3669830484840823,0.3138935352249805,0.5596991771090234,0.2469351206185645,-0.6820389926281728,-0.8096413449588655,-0.10956217878692537,-1.1076752630334317,1.2320151128183576,0.4907552857090565,0.7746943163079676,0.16658145080370798
-0.8989019635678717,1.8087931617038442,-1.745343936996611,0.4677546953537841,0.27825186708530997,0.23385414468929078,1.1810439871133134,-1.7562805441682066,-1.2166712298595797,-1.2817707615638307,-0.459922221906978,1.8838279213882128,-1.8177484660139112,-0.2566062732931387,0.5452873895331547,-1.542204834502099,0.3360405457786496,0.6397410021170845,1.2127777491546352,-0.5596183157181809
-1.4541014984394907,0.5810878019055714,0.5624537234341921,2.24561742757777,1.6619485270720418,2.196237562685076,-1.3015400685345022,0.5246902330992609,0.1502167812043098,0.4753546413369941,0.3067023194559905,-0.8053932417100875,-1.515537328564396,1.5511664472843287,0.6390684813882501,1.7586027481349842,-0.5804468160131818,-0.7629792557616043,0.3319947870960533,-1.854642890692622
-1.0560521174666337,-0.2675406944264076,0.48009855750065755,-0.9922090418686785,0.5181204715539739,0.2852299786526794,1.7129439549526717,-1.4098103581745662,0.6685536733052169,1.2348306331743268,-0.9989761701239972,1.1210878310710717,1.4189671941558175,-0.7889677413606931,-1.7020150800461955,-1.3128957155502108,0.2756673817528939,0.8275924265969781,0.9040355837473998,0.6032408909756136
0.5092782876143921,0.6690189659991982,-0.004682607252842097,1.618174374008923,0.48902609431696675,-1.9381216570207236,-1.0647804122558258,-0.22202373324368985,-0.4143585631766049,1.8464898862752521,-1.530440707684914,-0.4674381718479004,-0.7488889633190405,-1.3969195361585955,-0.46297240891751046,0.28645702373641546,-0.32352864175190427,0.6481530769492807,0.40450818518601506,1.272156538150144
1.3164303629281555,-2.0607823350031422,0.46289174803336797,-3.05628841312089,-1.7399273911300177,-2.676741856605577,0.35491766144185616,1.4064569563006686,0.18328496365751348,-0.8182454537946853,0.8044864841688529,0.41221156118375163,1.2619706219489673,-0.9780589100005994,0.873966433462788,0.37259492585269505,-0.6062755337322168,-0.7866566616810179,-1.122904748751556,0.6167910651853579
-0.10541444820898614,-0.6656171135518508,-0.08535793637671055,-0.30057675063200284,-1.7012089247850437,0.5659918069946751,0.41928813592081265,0.5963896010569559,1.1437973396044758,-1.1263289279541737,-0.3937199170059142,0.3658128812954351,0.5511346305531879,-1.1266445986584641,1.2738504634107344,0.2585975219997345,0.8425003294088134,-0.9803663609425843,-0.03400872584541477,-0.6003344149317098
-0.4707918434078787,-0.5635105500728137,1.758578876895835,1.005094523218701,0.5820263680542997,-0.7571411491671862,-2.3958444128149514,0.7868886492078518,0.5640363516070052,0.3897035963065236,-0.14268864082410054,0.8403113135990999,0.0373963362638051,0.3368313324541837,-0.11235229219305684,1.1727269572219206,0.18912481353487418,0.33294881377917956,-0.6428553113438541,-0.8010644544540796
0.21980628191818743,1.2785320307352264,0.9962059410623797,-0.8561282022130555,-0.8197259028697446,-0.343994381099855,-0.13787753388056356,-1.3712427754707388,-1.060845956836441,-0.5300304954093107,-1.1006681120985917,0.4780010943693754,-1.627938538130699,0.2758281947576558,0.06753963452769869,1.069842049997409,0.34308601336607436,-0.8120595219000318,-0.8431045697601157,-0.7832508975662781
-0.3472117461257351,-2.1023087243096046,-0.10858299919797683,-0.8355305026727851,-0.16612505852033876,-0.15287350047551493,1.231048246198339,0.7353555773374514,0.2938293716155642,0.3136252604714572,0.6804347134098787,0.9820548423801332,2.227144040451149,-0.6912953138298407,-0.4140901819041956,0.46285561739676745,0.7082143298410004,-0.017616237501209723,-1.0629639759055864,-0.5546022934663931
-1.989792574892659,-0.3279268775235823,-0.7548111551108073,-0.5535405416638034,0.08810047399427749,1.18462334219306,-0.7609794032553735,1.0238325909964965,0.2023078571830109,-0.2030321296603352,2.1840594945052314,-0.7591965955204919,-0.7984534988216675,0.022019064989161292,0.3292965088402369,0.474941824092779,1.083822711472255,1.3166478201331078,1.3625542586368693,0.2686793162753594
0.09468508602945992,0.8099418980215994,0.9708636796145017,1.4745862810140096,0.26171543246588025,-0.9916036165578083,-0.8543981968455304,-0.13420400661466822,0.7766898120352296,0.055193026012944756,-1.3632601521829109,-0.07372536313367385,0.45077828488115185,-1.3031302674589944,0.26840967987974035,1.1629197444082777,0.7633389592700531,1.128699852207831,-0.8462571344596036,0.6073968086322733
0.36089503975946063,-0.259596178202387,0.710382816064557,0.18292565135855957,-0.29853507846933064,-1.2698736453942365,0.5064518427250374,0.6894090294729126,0.6548682850318592,-0.38393513397611284,0.3228618450526079,-0.7729321039201251,0.7621806844478927,0.5128207344096637,-0.9164847810568478,1.351559159794189,-0.8388284782491578,-1.5241588802577692,-1.2229006325742346,-0.1453081187262107
-0.21164024153325942,0.7882362200901215,-0.9705046386578167,0.669065662956324,0.47744169107793,-0.3133164975499835,-0.3466576941844199,-0.8454371315365707,-1.3182554208474548,-0.15409300593006786,-0.5961485158476013,-0.7459735100209024,-0.4281858366981631,0.4383065590665102,-1.1020022025065015,0.8903535607688946,-1.5566490602058491,-0.8588502570093598,-0.07960713073807685,-0.14177231565706894
-0.17354261733189025,-0.28218532618080955,2.209022671970149,0.15042866519066886,0.28740797253519285,0.15732884244877302,-1.4534316420683024,0.9859588186709061,0.03878082946028074,-0.5395912969049504,-0.08629248295479039,0.3153926811727988,-0.6764603718752731,-0.6673467601961589,0.7332664881789369,0.4057401119681665,-0.0746155034226405,-0.4778557694409253,-0.002848962925742476,-0.14360580551580668
0.64598802821444,1.0692303900575266,-2.791797850343432,1.094693811085731,1.1980695318447387,-0.08935848554504983,0.7039075952226088,-0.16506350723723087,-1.0611538940533154,-1.0576952155455404,0.8069986055766711,0.5949414952104142,-0.7589300587981954,0.7553754574488755,1.613380473100983,-0.5306954972655687,0.27889391616936327,0.5272177291780029,-0.42645003048965896,-0.371487570899998
0.9176284256086534,-1.1030564083076513,0.3470234738275272,-1.876016851054557,1.3691062301682817,-0.4647357363659186,0.878503990447405,-1.1396070009231982,-0.8783629389857327,-0.019383267080847057,0.3725795935423617,2.331337590849028,0.9929982303217861,-0.396586452585383,0.9126937680498263,-0.15427143377454058,-1.452463515325847,-0.6656376769241609,-1.7346525029211501,-1.3945883465385933
0.18222453233653954,-1.5352760534777492,-0.14667026440846523,0.22586792373968848,0.5481892991582856,-0.13124333411465952,0.7106946552560587,0.3820460672492914,-0.6055685751476454,-1.5946745931450703,1.6397447323685226,1.048598682426531,0.71662372073784,0.987375689035209,-0.4304954391849686,-0.14295207742804988,-1.7496197426310958,-0.14212072320034402,-0.9042052095945964,-1.4694261960948083
0.9665959829808196,0.6386954912604011,-1.5969318580484566,1.0896776214351043,0.43095899245864266,0.4650833223283755,1.8256356644482195,-1.3785226588741208,-0.8592468132931387,-1.608658733963708,-0.5991407104558453,1.7430429862841552,-1.0747520015114647,-0.19281738378589225,1.4977798651836138,-3.3395311967354133,1.4453355049533774,1.2949891169630652,1.0806481044032694,-0.17657947028397025
-1.4866214870832979,-1.8509738440935406,0.47613284912113585,-0.9023087193005482,0.2557589351430524,0.3801621356057521,0.24853474584303775,1.6222325217664073,-0.5547171505547276,0.6948771495578946,1.35835502525713,1.1546177611108706,1.6129989794585036,-1.0588150380721195,0.7979915114202605,-0.4801611907866266,0.20596046125473094,-0.9613445541791427,0.2467952537165274,0.032429439991578664
0.7848537167340799,0.07439540506763719,-1.1278682638476878,0.2816165591302843,0.21694077136014808,-1.5597310476256163,0.544929979623773,-0.02215823070805078,0.890118057927874,-0.8468333483468851,-0.15970195552970093,-0.6693493419021943,0.5140085699916608,1.5375007347558347,0.1287185664107834,-0.4591476685147461,-0.7907398045521098,0.40454027824719263,-0.5341935755287918,0.8740983664196499
0.799310715688967,1.1627859574315689,-0.2873568237479982,0.02822092003929225,0.5705976803381042,0.1340125092931733,0.15018866443143802,-0.4041331370552282,-2.135744364272357,-0.5159963168525913,-1.0016492112843953,-0.28400317870244757,-1.4630202946364441,0.6971227050131289,1.3965670097829799,0.589148269741188,-1.9463453482194537,-0.6526073900082329,-0.1795899039485701,-0.4808661341298443
-1.4530642993838856,-0.47441821478553386,-0.07080897657498783,0.5159889647481634,-1.0554563713640528,0.9635801475330801,-0.3863132281464101,0.512709315273003,-0.7523474139521735,0.584608019271469,1.5369310250811827,-0.9334491013845062,-0.12617337408332643,-0.509772480687405,0.11595720484789994,-0.6325579887943212,0.4200481632131953,-0.30313166748459425,2.095338321063414,0.7446462197736784
-0.3296392767939052,-0.20015225607769047,1.327759759929317,1.0445621488663548,-0.7768828917766137,-0.10294852390893358,-0.9481020521695737,1.0056756699208418,-0.2004228554268627,-0.44739393137873984,0.12079726902843473,-0.20307268894003647,-0.4615600992996914,-0.6113846427149258,0.2758882999187315,0.4985767409879715,0.13289178850871133,-0.04737815905806037,0.5092850753958011,-0.17736462676012618
-0.7947110228531845,-0.3608948643530486,1.0814014033133448,1.195413674083389,1.029958328597509,0.8776191027950598,0.5098141461557351,1.4631573748540914,-0.03018020473229017,-1.4956996815928145,0.28785097368543894,-1.605559265702942,0.6266504684753637,0.05611446072481064,-0.8480538597869733,-0.5738390540162077,-1.5469578628117975,2.1582731266314013,1.385135747020532,0.20658916068400499
-0.1929776423594209,-0.22397279817020183,-0.15846675181471048,1.0399425379402782,0.7659036018817057,-0.5083220969947081,-0.5615465969114901,-1.4096710578676097,0.6921407177409605,0.9785826101363608,-0.14447957890398272,0.9480781041525445,-0.00899967870841855,0.6441939563619196,-1.4601721849954161,-1.108438904524521,1.1608961697132465,0.7389185756795369,0.31962327388042716,-0.2977386941836152
-0.38090469538963945,-1.3236400238574926,1.5380355580572052,0.4975180975682038,-0.513045467610209,0.4229624364029843,-1.8174278499385412,1.4377312272102531,-0.24338620299769295,1.9397032649154462,0.15881236544571256,0.3771159625723935,0.8379146733302589,-2.7280803995848193,-2.178902446148833,-0.5699373946945686,1.3703746347869534,-0.5638542962354558,0.7017007104603017,1.1348299541559916
0.6386508309612929,-0.09400399433550313,0.6251781226538045,0.51203024345749,-0.3633101952011277,-0.18698456188896187,1.0746830702673662,-0.236982329094447,0.36329946721605877,0.04125342663110355,1.1529080186246101,-0.8033662353265499,-0.9766468708347467,1.6734068620658593,0.32562687049405187,-0.22509951189493038,0.058430043482209634,1.2664435051553324,0.32969453591511216,-0.8178960233652187
-0.2868928497074773,-0.8018231197227398,-0.9291961076011085,-0.2307031568949013,-0.2142838658432922,-0.04091032788509828,-0.7747373066705437,0.9798438369503585,1.0790268423197222,-0.3794191719626487,0.9926925306551644,0.6823743656377667,-0.029001915758406133,-1.176482549541601,1.0078277112440701,0.5423044694133248,1.6729200036859513,1.1243442163337405,-0.14404423422169102,-0.5683642504198397
-0.17585933606531826,0.3060420542134899,0.5699330189847512,0.3503291931687079,-0.2650786557856492,1.0359868718711807,1.1989076157045337,-0.6476122258669188,0.5322661815361661,-1.470546475359631,-0.2959978236969964,0.8220161714551382,-0.2257577453462245,0.20598618117070291,0.9191731499882801,0.10839561253991652,-0.2783001081056027,0.13053555606621875,-0.33610965653897334,-1.4105108364651893
-0.4526719833481776,-1.3582636005281263,-0.0096914137866295,-0.8923303061734822,-1.555796883859618,0.2404499952443747,-2.0834632289117616,1.4227412133462685,-0.48082829033022767,-0.16746134879862332,1.4562167905940357,1.0980190987030476,0.46856688422628695,-1.5375619307702093,-0.26132025152168276,0.18082177192808976,-0.06435000728661582,-1.2691601617868677,-0.3748555444850078,-0.05153363779187225
-0.7906315582945916,0.14241879485957598,-1.3958835246255066,0.043695743422215404,-1.2090765076101369,-1.2120666313445532,0.034311865281491084,0.98506488338782,0.7043016586879092,-0.938572011264547,-1.0038878588282307,-0.640789639221941,1.20239278222321,-0.9457300219510061,-0.2735533725414584,-0.7839059906697459,0.7235046297258492,0.7406394905301331,1.2385654483231388,1.788045963963354
1.3737602062048795,0.7030904686197199,-0.3804128822309846,-0.06356909684129747,0.3306125288102471,-0.5838414984606405,-0.5551766808641396,-0.39376413810790317,-1.3690242157705599,-0.6884814380199483,-2.5548767410027944,-0.6265619838206979,0.05338116957769421,0.16768013279349986,0.8714024946486028,1.0634227677054613,-1.3629829681193109,-0.1334595864913977,-1.0368056045878953,0.11459068103861901
0.5153506945611008,1.2619395746295132,0.24902396209263197,1.4247337785857348,1.5534070348849545,0.0717152333228276,-0.784344797324699,-1.286723288335396,-0.40238301709094576,0.7087855033829293,-0.828108748901392,0.8636488558032067,-1.7383842210413312,0.8476877019714555,0.19575738000181112,0.4525537516544755,-0.41807223046317116,-1.4606702551533701,-0.793368266084243,-1.3034121809966457
0.9217680252532171,0.3781768519476902,-1.2554696668705159,0.04752416348608996,0.9200784549075519,-0.377259409725605,0.3353507031000428,-1.0420291488106421,-0.8209606017150883,1.2010085806165873,-0.38386950575535433,-0.6213383102313893,-2.2117449795157627,-0.09939373833966893,-0.25444793495321066,1.9761322317299541,-0.10792207846830688,0.6625561999620749,-1.0318202989019618,-1.9036680831348216
