X1,X2,X3,X4,X5,X6,X7,X8,X9,X10,X11,X12,X13,X14,X15,X16,X17,X18,X19,X20
35.44278832846127,-0.08208394171850984,4.195428897954739,17.672817447578186,-7.4907280243724275,-113.58507596827108,-152.45363379666813,3.4841413460267097,1.9886512302904908,-1.4604515041844552,-5.7717591495078855,-180.8851224150655,-1.6022098697478024,8.379834680388518,-9.98419636395068,13.180954694819377,30.542356294450023,27.427561544708706,-1.230471313110813,-0.07080743598585437
25.00009640919313,-0.43140915594418217,7.272469252752511,13.889404659641734,-2.219000725643899,-185.46913627757675,-224.95742531552403,0.7979053890042245,0.6353025068421678,-2.3519971732589102,-5.987066194783878,-208.99869607590927,0.9875385542305655,7.070975764342374,-8.206626459032623,46.24879516189328,41.94118681302109,33.03688178758046,-1.1025344346080241,-1.1015213279883382
2.9073062402042216,-1.4110431601568936,8.84267389256224,3.885023950542874,9.7041622317824,-195.24585574383894,-222.53579626302044,-0.021617924396753363,-1.1121185711917685,-3.8691797999361963,-3.554805387276882,-155.8661427479067,3.6387468736774378,-0.8253069103356645,-3.9677625579970295,69.24700080416294,39.420963563544184,27.909829172529086,-1.2739922215574473,-2.5972492389380575
22.63210595434106,-1.4322532645881205,5.327211642238146,11.978105362692716,0.88222176969508,-93.17464489387388,-124.97351452478597,2.6493502159548625,1.8206724844706337,-2.785678665579125,-5.228858674842291,-108.21073190800882,1.8871074320462844,5.399593533250352,-2.4410830978140527,24.360328132040966,23.44752292596753,18.894630666315294,-1.3686853820549625,-1.8105083665619797
-16.212698094804026,0.3293456433865134,-7.166058276657356,-12.021550150180968,-1.2179911522469107,185.73015326134268,214.5680451080831,0.25762255143565804,0.7808426135198566,3.0761715517803063,5.15642476437591,185.096861380646,-1.2672851890149612,-3.4290466296244055,5.727464059347329,-49.38446154072767,-44.32351568132086,-32.39665511895125,1.8756237779008116,3.5011646918129853
-14.883182978161203,1.1664370507353372,-11.065510803861809,-9.933345036950007,-10.111899821041186,193.04098501369114,239.64722682266307,-2.5720190688674016,-0.537871080106553,2.9558334744473482,6.362167819133736,180.38241004724253,-3.944518430779663,-4.16636753658659,3.9513323678593197,-64.06141512074412,-39.31706546666629,-33.67518751054461,1.9571589867586683,3.6137295346513527
5.922370809241797,-0.4396087881017946,3.2747500043788467,3.0985372011046692,-0.3734253776708106,-64.2741375938491,-70.21746575846753,-1.1686396967619734,-0.13560957206622237,-1.1004471710214874,-2.4003244500379584,-54.08105178753093,0.31628866039501974,1.610240480320585,-0.23343026687522173,20.137388329227356,14.51010649720443,7.9817571410951595,-0.45518739387735097,-0.5010038669786145
12.753040801884191,-0.7027262319264141,7.161140907979821,9.398938907433497,3.6526794653974965,-193.68098594217932,-218.10312529904505,-0.684762633451683,0.4400133208078616,-1.9765698748665588,-5.191216462985326,-156.98113258093235,1.8833700704076441,3.0827624073571065,-1.7766887160600835,64.43621862800488,41.131650994447156,27.253598695312608,-1.3676486514813266,-1.6166586010883266
-32.56920159352583,2.3395928522774136,-18.14477011333099,-24.426625607063215,-18.578977331499388,345.2690261688744,416.63902648938864,-2.6370065984356956,-1.343581949602685,7.713277386423,13.563451190020027,273.59895934041265,-8.969107659514409,-9.074545697157202,-3.9980258102449793,-120.23879019711562,-78.83777685465576,-56.74252801778565,4.389061754478183,9.654089897404546
-21.27954635155066,0.6311791578075648,-4.7847305280595975,-8.916470578841023,1.5074579649181543,27.48551885714855,50.600711342996256,-3.45351943738948,-0.7472348849222465,2.5488441601913037,5.471850637598787,71.586746125044,-0.7083035911079629,-3.7492539403252345,3.2481270442797254,2.465855349476395,-10.271673911436901,-9.964609231525992,1.5874857391139057,3.3293083942379624
-6.368322081457158,0.3894662466597457,-7.370182603607203,-7.55184209478063,-10.684973791322962,143.91549272163863,172.0392166947945,-1.0194082367065942,-0.38047574155638125,2.635099003341192,3.978137147306474,105.73600194055308,-4.28183525238998,-1.9467311158609943,-1.9405534062985368,-53.54065367934453,-31.43802399867005,-24.063242385420324,1.8521190513388988,3.8949672375820708
-6.473516015867649,-0.6475562725825351,3.0022316988427056,-4.059541480604408,11.719185200488118,37.257380723441194,28.74558028097508,1.5992504726593757,1.720545752172949,1.6065319340071023,-1.3124824105151893,77.25423001581628,3.563514746723773,1.7531947933952567,9.44787589077517,10.008341114706747,-15.850627704045296,-9.167537376942697,0.2870916306149257,-0.7773872801305404
-13.351787910293709,-0.9541083880017425,0.8995639930799264,-6.552177368831695,11.155538676990174,86.88055586116761,95.96881268504931,0.037968799299879286,0.40791225489227945,1.2501078154429368,-0.8199884404293434,143.08282121904372,3.100071507388067,-0.49984794936024934,13.560253198192328,-3.337867299470214,-23.88719525667441,-18.573033132826545,-0.22655481594088833,-2.086925262328225
-19.926704496887776,-0.6636426517367513,-5.245180205762151,-13.362993485982141,-4.364413255771214,130.3928031786757,167.62820775275733,-2.2807992964481274,-0.3269488042973861,1.051366688132787,5.108666267968633,139.86550118080288,-1.9851988607418911,-6.909089419208341,2.567398187685311,-34.074038821130245,-31.24274904984146,-29.792431903503715,1.2617550766637649,3.7484894611594153
-1.7723494536888609,0.9342946468950925,-11.893799965752137,-2.0240362494176427,-13.933966461851583,161.71881869746363,197.98793778789383,-0.6774794562743855,-0.4153031749487954,2.820684651172641,5.044928974018725,119.00801455715943,-5.1772638938725635,-1.5538013024623445,-0.0020646389731000525,-67.07071901413251,-26.949048602815168,-22.4564663429837,0.8564086749473715,1.847190894862589
2.5605759973544227,0.583549880935814,-1.5192949092150363,3.448731445597599,-2.172509335262787,-32.970925705822125,-29.967299128470437,-0.7604003750140927,-0.08317162542426898,-0.3991123664593347,-0.04302758467088563,-30.230056646887494,-1.196715728911739,0.7651359342347095,-0.5523088214895041,3.305925516786932,9.605472801844245,7.048671345993114,-0.24958500313766552,-1.1733249009033253
-12.02110028849812,0.5846801226339735,-9.989349376978131,-16.171746606796784,-8.172356049246043,322.38853440470126,360.85367805656074,3.016075243207065,1.0515800338034358,5.1610012153610025,6.332430078092026,256.2016419179853,-4.207853762418399,-5.453672427622865,2.28096983105603,-103.29222070301576,-73.20991580187574,-51.97214885314316,2.176937633258337,4.971229776765394
-36.53180126165595,1.978103613354878,-14.639955504622474,-23.995797597166156,-7.963521764587386,329.7062845270878,391.2847971384016,-2.1388915222510545,-1.067325312635947,6.114048968155015,11.813874846947083,297.3001741666637,-5.664059734432214,-8.606341620143315,3.607544916240183,-101.62872142860815,-76.89406601965918,-54.50841108095829,3.827190993077798,6.971063765092177
-8.426595352345004,-0.8231857149498514,5.578800189265384,4.643081599931332,13.037653172069508,-216.10184018353652,-232.51548154590816,-1.8181150509135233,-1.9455684474960522,-3.3137289376228964,-0.6008953512359492,-128.39143762376966,4.156486701030264,-1.0182691910603225,1.3497844573838504,81.47403297648611,47.2871920027144,31.517132580461613,-1.487785530858019,-4.246686277263821
-6.47418462794135,-0.8900411297452075,2.3795460041843923,-2.3087079113700266,7.656150876014889,28.809173110199303,30.63661000762155,-0.056971761420589906,0.6900434245909491,-1.427751404945198,-1.6648473592179338,67.95481837372678,3.0861195653828286,-0.41549500186122446,9.325301641774312,4.9208187157042085,-7.418627673580586,-8.094067825915541,-0.9567277874084203,-2.6237005006057292
-4.763367225962064,1.8916091307987812,-16.408713714486325,-10.74509793444845,-20.75705143239935,314.02557253760824,364.2570682169508,0.4292080499947508,0.4259397140975424,5.361545867807508,8.494869743866861,217.65824480437038,-8.235030640050185,-3.115975393437841,-3.528060020750967,-119.99911274300824,-64.72936794794094,-44.76856926120595,3.2575372845639192,6.87555245806097
24.09804723872661,-1.0513176058494709,12.560196675583192,17.29320646434463,6.948762202590726,-287.43638578637314,-339.970851411764,0.44544564870459624,-0.1473900505372519,-5.219185643996858,-9.651944160332096,-263.7748633919794,4.4453157453413645,7.919969367420919,-4.4474050137615935,87.75924461849544,63.84435732790594,47.579851785579095,-2.4853357719323337,-5.572980476054032
27.044850004202207,-1.0466664426473875,11.512736392260686,19.75911715609881,6.525938226613913,-293.86531190948193,-348.39025772022745,1.4808434003318502,-0.41082189324391877,-6.768552402283899,-8.248061588334554,-279.9427975212461,5.352439392567792,6.678364063367968,-6.775009772424484,84.07472257574011,70.92472742156883,52.6934042054948,-3.0605030140590452,-6.904743313188492
-4.020637112794867,-0.9536886465208243,9.561903330469379,5.508281546018755,19.104248097443715,-189.78987699571556,-220.26579828152921,-1.0867320723363592,0.22506492061518812,-2.2207338523957345,-5.015896222250808,-90.71321779992381,7.143070633980727,4.198932309431349,8.431468690943941,85.09376724927905,36.014203660686775,27.91453633564624,-1.736826781400013,-5.757933758636993
21.21717465919228,0.4806766058436436,7.273223345956316,11.469971732267984,-2.5875202719714743,-139.46842830463444,-172.70447412173402,0.32269894915091846,0.3528846441885832,-2.2073961367842028,-5.324948857286409,-174.1752278312969,-0.2804611017452498,6.265880823028137,-7.437916057439137,29.09689141644831,32.055445798760786,27.38474990300909,-1.1613113730463485,-1.9897129021854327
-14.669978858747879,-1.4099215323610912,1.9856576897109195,-4.1475279584117075,11.102551061446935,-26.575662344599547,-18.38275321769197,-2.23810900555404,-0.10177220697780831,-1.8968485683898253,-0.1391274200905499,57.69316664115609,3.7834717482848164,-3.6440665316538596,10.41296680989663,32.08425111879356,2.900794050773281,-3.582813207162175,-0.5878114511711716,-2.0087003448218455
-4.524193384977533,-0.5739400150010048,0.1635263250794764,-2.4891911894495635,3.149084732972555,12.493078137300646,16.418711804000527,-0.3645827188143431,-0.08221689305377004,0.5930233961983598,-0.19635050795465203,37.26698268060032,0.38716750991288684,-0.6318536378217782,4.38971995872946,5.074974341502608,-5.265774355525877,-5.324182572051041,-0.19445117882423668,-0.9887698923979447
-1.3605691681035936,-0.03815654301537922,-2.5494540954975093,2.5343760965281366,1.2436142334014493,-0.9019132613326486,3.242496407033668,-0.16286782880119233,-0.2392228185575481,-1.4538809901970333,0.7862847947829317,13.741648326731713,1.144828062495955,-0.11551022992249338,1.8797570865907025,-0.9481270707627208,4.788555293939588,4.338752809556356,-0.3365152560639531,-1.7047989115579987
-10.499279690207045,0.7893620270053788,-7.749426620809906,-11.29185545699027,-2.7793789986349435,238.0811853418989,263.2697291262442,2.806134871179496,1.2325769112454703,4.652308559225412,6.068066328727988,201.7428030483672,-2.770992904522572,-3.4844739371439655,3.634594847998697,-71.23426397570847,-53.68694612766801,-36.86859656646151,1.826547840104082,3.6182209755771484
-2.4410541749532575,1.022236024662091,-3.9923921085270235,0.4054231663343719,-3.1510190023430202,-2.3616208112367683,4.877876383018501,-0.6433732896951657,-0.6821804546972956,0.7681223655734271,1.882539748584191,-5.984881177267156,-1.606971198084483,-0.2261509906660967,-2.0831505849102268,-6.191875343785143,1.8250075609315701,3.324696179902155,0.3014043138106679,0.9374209753403742
18.774295688503287,-1.4181872383077043,5.224111944121218,10.473494525686776,2.865973503973189,-115.33864277041276,-144.91236745073113,2.282514098043734,1.8035394309581838,-2.8992299295938877,-4.63722775112886,-115.31654474642076,2.1787338410441284,3.65742570451466,-2.892110713194616,34.35144333055358,26.870867706193547,21.10126381780533,-1.2814848242865815,-1.9036144417811607
5.239821477322755,-1.2387516371017053,7.939236046417172,6.775053819635582,7.676353458101313,-141.571289602821,-164.75541806043822,0.050411297957589266,0.061878654262202584,-2.0599240400881125,-4.945671915814133,-97.89265774413147,2.404610435221724,2.705730774184297,2.563122113963302,53.671674009489266,29.429845297791182,19.807612359077265,-2.055847490923687,-3.0144861548782664
-0.05818074633760523,0.5008065594479665,-4.9475666739096535,-5.004954496511355,-7.911086650261667,194.29740533634984,218.38884394422456,0.5215636485848227,1.9184717727853378,3.2365884417968305,0.7579156334276793,157.25155800959814,-2.8812200672738832,-0.26077074222318664,5.732612655138741,-63.54639569024864,-41.712702074099255,-32.690289008390906,1.055665188987558,1.9797676955190013
-21.647357885759106,-1.2010886289957947,6.8812936183876765,-11.30166238243461,17.156629063803724,-35.90817683313286,-43.21745903840797,-0.12107032258243466,-0.6540118451347895,-0.6305265086034625,0.5890612566880542,32.63720660133775,4.911092065647658,-4.697472747205495,5.385783342177785,41.43677812946155,-3.7213907436755003,-2.765776304321335,-0.16895224927128294,-0.5404324343244504
4.879874101011188,-0.17463261054293772,2.589592646519505,3.40764533139527,5.74417925067314,-45.59347361186225,-65.09763640606664,1.6034553195577315,0.836321779277691,-0.13072354996326324,-0.8757228800881899,-38.68967153820165,1.8728878171868901,2.3562237995774664,-0.05221290881549694,18.438396446789024,8.295781191850367,10.777776708355374,0.008063240198189547,-1.1689046959809517
-30.745525709844678,-0.04743780726979626,-6.634665773339783,-18.472331496762273,5.854904470642992,211.86261011742909,255.84501294700013,-1.4451493223456204,-1.8658725527972733,3.5452704226134473,6.2243982717929836,261.6482734930314,0.5656571351431405,-6.926762948343067,13.107735807332753,-42.844779417664924,-51.58782447915528,-39.90403714511746,1.1374934531686443,2.1323216736787907
-14.34576162236424,-0.3042846224611784,-0.8670272402104854,-6.515976558548531,6.562901318641275,50.86687658000398,63.34241134977143,-0.041307026308694095,-0.9589198543474995,0.22896650188088033,2.313370545789888,86.7637796981186,1.9581076402827156,-3.9452278971337345,5.330068766372959,-2.947109338176813,-11.944117429674305,-10.231514199998607,-0.08858624981208746,-0.8575811411178513
6.357375701315467,0.3056247047579096,-2.551941695646348,3.8508157627314348,-5.442901091257827,36.06146805853679,37.77406067237261,0.5724826012938627,-0.5639745622478849,-0.9490097925959934,0.24302837133089228,-3.5378202926536018,-1.5453941655052974,-0.6494113504338215,-3.3997085519289874,-24.69938881936127,-1.556314640418098,0.47157507303944524,-0.653396741264461,-0.6068294900543383
-8.900574954412084,-0.7201481805791249,-0.8728806854490961,-6.8448159088586475,1.3656676108145605,33.7943188852248,45.63057715062777,-0.8286627547957546,-0.8303857077901571,0.8860430761817714,2.0224927440956657,53.98039207755706,0.6483025403684903,-3.1207606120715807,2.0353543213294696,-1.270920815108675,-10.639882952026241,-10.23475669182385,0.567498935958761,2.1666238265675966
5.338934440960314,0.342647080872776,2.2250527998869196,1.8553846323363148,1.3881219973111394,-23.936689767908835,-29.44045377681584,0.835380720443315,0.5416988040205651,-0.4671182245485158,-1.5623645877192764,-23.74253947412308,0.637038924183982,0.38605167220254044,-0.30982665373727547,6.509306951945893,5.706192283798985,4.512511744616226,-0.4407556024164422,-0.8453800374838463
7.434322872472427,0.16391440133483345,-7.052922725409112,-2.5207081983188333,-13.519920239566371,184.25640461473523,203.45651727597627,2.637500747852379,2.1540436019364484,1.5932804563081708,2.945691041325593,105.1438252457482,-4.427915323715189,-0.9319926114495849,-3.6244954244763985,-74.62959536571596,-36.040722995257816,-26.66090525348735,1.6011623590899,3.7247716963459014
-17.63195557398777,0.7261391287765181,-11.607718597075772,-14.64554286603647,-5.994991911754401,328.81117930618456,374.9841562618556,0.36243349012534054,1.289656404684431,5.701229128832634,6.381676535929831,302.03818200648897,-4.071995329250781,-4.28215953593946,10.029382721994212,-96.84789909438071,-73.84080935183157,-54.19813375254283,2.668336029032134,4.393671811897126
-10.430208822184381,-0.27122877447337385,1.1502678934518469,-1.532150463419657,6.5352870708399795,-61.02374648385444,-57.57463533195094,-1.6603968513814122,-1.2983489535495432,-1.244467402582855,0.6399796628705787,-8.415115807680314,1.965876903826191,-2.035040344786099,3.498746803745648,30.068149235891497,12.480674760273267,5.924869913060683,-0.2412667193368312,-1.6911171220111987
3.669339403459947,0.2044957297324974,-3.0219626558901234,-0.6603344727360525,-4.895898807567723,75.46411773007841,79.26102152874529,1.6990181795966415,1.2829241980362929,0.7592305356146101,1.633049941047644,40.36663514915788,-1.4273610662968688,0.5445203369218303,-1.9303421295941376,-30.386831856351098,-15.384645396482991,-8.89974944757108,1.118190925275757,1.9772510817752345
16.01163137365834,-1.7505565380226342,14.523896421138405,12.348417559950406,15.11915584624646,-256.14881642635925,-315.3902620304143,2.342458133915552,0.7758271612035514,-4.109889401255052,-8.319039709822839,-218.12059264870297,6.820933883861548,6.063004814585746,-2.1516166380048256,90.85998551166284,51.84332597772437,41.6842333320657,-2.039226208654958,-5.005279169593763
3.892675338270607,1.0434668122064958,-7.980340566032764,-2.33522092665534,-9.870587070086987,173.91588608263052,190.9464857670043,1.0412893643463212,1.226582296976948,3.8295993957216425,2.5860185898371864,118.06615689121612,-3.8360596457539065,1.9485777382232048,0.25822786547677123,-65.52469550762922,-36.143891364115404,-21.852994094604586,1.3509290446641034,2.7275493319993727
-26.105878560309844,-0.5537720206381834,-2.9946375641323204,-15.302570263999018,7.549255611849159,172.59560693221573,203.85981951435122,-0.8264088015714732,0.4942312437202085,3.9780430301281338,3.785891490859079,227.9179454019041,0.3038689054412884,-4.183050089859361,14.632685307700433,-26.246523952577185,-45.26575371674792,-37.65507008669559,0.9897099035412412,1.5691178371790098
-10.48649365793477,0.24918353939070093,-3.2388226291090225,-7.698102866706603,0.7349583149227251,128.00582894273927,147.84416096790497,0.2588424648840814,0.42506677810417626,1.638180089114613,2.4512578361451314,130.4807470258419,-0.19797948436559043,-3.1469661543196956,5.362882957043313,-34.00140195528911,-28.918381637446277,-21.87836373427816,0.8839240148959558,1.2332340843943137
6.7550188381523935,-2.4853283478027417,18.211766340374147,16.47120983207002,29.580688810196786,-423.5692050516999,-483.2545106103198,-1.003873146864011,-1.0078603402562125,-7.67508997744567,-9.462323731233358,-259.94060427289264,11.818758900396851,4.897431245331294,8.576543256614066,165.90589588900224,91.15529158716133,62.54604515371908,-4.251864958165004,-10.015713350177716
-10.660081176531602,-0.18762991848902552,-1.5235286749012447,-0.9345763949016666,10.086834570324845,36.33473994142757,45.39916323280456,-0.0590641077733845,-0.3144064502625048,0.15774489246884604,-0.2292281794151929,103.45902393711488,2.8272427231437147,0.7410933955650088,13.090269369977834,5.5196168122785085,-7.629444596094482,-5.38444520945965,-0.8027707294390143,-4.073928632599023
-30.662789655625094,1.5539290459505206,-13.289696198487789,-25.448296903307575,-5.255761238083621,393.4690094972564,443.0032148010363,1.18566976140528,0.31814237034442894,8.194876441804203,10.539826105271192,337.42474627891687,-5.203032084806458,-6.019276054597125,4.532135326521633,-116.8485068571579,-95.05528786296442,-62.71934443114973,4.2862394089372176,7.571735253340882
-1.551677887323402,0.2530046032192972,5.073063200556781,0.5878568334135128,6.249168374576499,-111.69780603813412,-131.214689532094,0.17569851255211122,-0.6970202645601759,-0.8443638517552384,-1.5142392027599316,-94.88382587177237,2.0761279971980118,0.4969566989069808,-3.6001890853430205,39.46730170417024,19.39277390371976,17.819571103376642,-0.5898500983239294,-1.0156369826652754
21.341491714291433,-1.2061992943775353,8.4969018102094,12.967062728420649,5.3021256307177405,-166.3415639764981,-206.81383283897298,2.3071144416165468,1.0878204089468626,-3.5937114751573236,-6.445372731122179,-162.9682137491452,3.700246282147323,5.700048196851968,-2.8213474017818827,50.662225483940944,38.34925728962745,28.82095102604124,-1.624588819366435,-3.547874147337452
-2.038659882554946,-1.3132989201225589,8.77806035641145,2.6567012430614483,10.380764234390833,-184.23782034735564,-200.73231408633217,-2.26733517376819,-1.107524367998291,-4.0877595090597305,-3.8291370590543803,-117.92951909064449,4.11431628676337,-1.5991200660850335,1.4906575723930529,70.89088366792417,37.7933949458513,23.055289589514707,-2.146201400353178,-4.212504461588482
15.852798145657042,-0.3894242875478123,7.317461078360644,8.363643590096144,0.9084966362282714,-126.04193867689358,-154.89018809874233,0.5792439267767353,0.523836165553604,-2.904671923105832,-5.429261687336893,-137.4587333446802,2.1981677884034334,4.421998693536437,-4.2724398038721105,33.46278860207017,28.524572582636104,21.45291468683639,-1.4582697841459904,-2.7120759896641364
10.159868858598475,0.2994653446868272,5.224649861236826,6.128624383664831,2.430862431334438,-72.7335551724105,-100.19005648276173,1.8321983477809853,1.1467414904088298,-0.24930027040168634,-3.19102292256507,-92.99556365624257,1.1823662921055575,4.084038335990038,-4.000248569058866,18.506673264909065,15.015943741855233,15.666248594458706,-0.5058066413605913,-0.6803877330679762
5.726798345586702,-0.313167812963426,-1.9582522614266833,-1.7306105753926166,-6.2092430973962776,83.03180411412296,89.5438091562823,1.1450686683666402,1.1249156754559373,0.8245938284988745,0.5446120291512504,48.37498866543752,-1.6291066832680627,0.13731856377060614,-0.6363132797918649,-30.053775031840438,-17.13937573022307,-14.977124291088922,0.5277439602158178,2.534261459629458
-0.616140864202656,1.2462848930246104,-4.529881469743851,-1.5722860556311786,-7.351909537537684,37.24471403052941,46.85759225152459,-1.238356058299959,-0.26429945767982127,1.6234809806489912,2.351302162844549,7.684089018225155,-2.659084296022117,-0.45529951266561314,-4.519001930802597,-22.332490132177988,-7.072926454182672,-3.9842218287312408,1.16101132831771,2.390160037887569
21.334259161077895,-0.07677847280889404,2.1735231984646504,9.309193426690687,-0.3668682347066833,-31.052035721288036,-51.17166732944674,3.5035913734085025,0.5618314365634274,-2.5363770929708163,-3.5079298125856555,-60.49843872126867,1.513759673832463,4.176580501478807,-2.247511369814249,-0.021291869373084915,13.520819811163785,12.388749239682156,-1.2880544220453378,-3.2277538277681166
-29.04716325368108,2.021406945098492,-14.832551155473046,-23.260894348738983,-9.726701636629409,362.84686043021077,417.0398428260791,1.0662176629444482,-0.13498419261243857,8.466366723962857,11.909523827486925,297.11758049134204,-7.287922430220666,-7.1377377523813115,0.3500695266868702,-115.89438215760019,-86.27533567588333,-56.74947544760089,3.990716985073415,8.901938741895632
-17.978513787127966,1.4999992697384203,-8.699473610773447,-17.252319463567332,-5.9118865087897765,288.41947720870235,323.1678266799194,0.8738721632852995,0.44930845818513443,6.676554604406347,6.574002140207259,240.2569632626963,-4.210361195276833,-3.463079833593901,3.122421841960265,-87.59830258429017,-70.35218922007377,-47.219460166407984,3.033995516202855,5.401836488508508
-28.753233483684692,1.5358414730821643,-16.056697921009334,-24.14993875103535,-12.10820172810593,433.3581015913259,497.89552719322177,0.11517608514842181,0.39248741445456165,7.270710578031495,11.377306997410686,365.8852979249324,-6.198771801678633,-8.040081708417855,4.663515553648008,-137.7651682016252,-98.09849514300458,-70.05203604448663,4.058271028831955,7.7924332342745215
-28.77870257125523,1.777946964427938,-12.881357164043122,-20.907519606373832,-3.285856291047339,351.21944853953937,407.7156276838292,-0.05192674759577148,0.23935228784585233,6.872459253459054,9.09380222139766,339.38257864941306,-3.646836440506132,-5.71588875562863,11.635762335539011,-99.27897947509676,-80.97627152036021,-58.806082069247594,3.009008886416179,4.680802654923142
-6.5363222577754865,0.730600871952412,-3.6437185962564467,-3.1202784742203797,-5.430496352870892,15.963820896058532,28.33477727653897,-2.0987254353690856,-0.27372996869759914,1.2384855671191748,2.535817213185517,6.4016314472249825,-1.5382588586627934,-0.6287799592035311,-3.0987887441250104,-10.110472933588596,-3.9511472566286456,-3.5800858377308735,1.5462539507303905,2.6781723291109802
-16.80635777967191,-0.03911638168594882,-3.7430942510653473,-10.145607847886698,0.8813518567558158,122.62700374534671,146.88025119972272,-0.38962437029769414,0.03663198858175637,2.272342012840432,3.4123210834174245,134.65549824889584,-0.9328974960431792,-4.55699852622792,4.531382435248568,-28.609671501956587,-31.056642851793182,-24.631619054575083,1.6331579660427584,1.9374918845820095
-5.5579017235868,1.030279170660109,-14.917831405496262,-13.356437387912436,-22.609373798606985,325.38258472199647,383.68796679052474,-0.3934915479362044,0.08292190777557602,4.978334077601917,7.726034921975351,231.9799845131113,-8.831756665455854,-6.006712513363899,-2.8634417095575095,-120.74930507698647,-68.20526170934704,-52.858577261060034,2.611563568690758,7.833054545263549
2.1532236986274698,1.2774051324106166,-11.773815530994945,-4.738202647845508,-22.700506694616628,193.3107646298833,233.6734830770898,-0.6886054459915737,-0.6406471352542791,2.1205076137762218,5.444372249678409,95.00428412673034,-7.813226206128121,-3.908860640951075,-7.684807020195843,-90.37299835228832,-34.07026361507964,-27.818225681885497,1.5704360548758463,4.561919647222217
30.27705442091547,0.010191648700975466,6.410534129143892,17.155009923513862,-4.057730105199642,-161.85823495220464,-199.30814612577038,0.984165009461817,0.7324663617162421,-2.887417740712026,-7.0349090393159575,-201.36098018404215,0.13699353558309013,7.438704356181112,-7.89085274185474,31.48094170718231,40.48130843681261,33.47519715082037,-1.8613460628977028,-2.328295260791842
5.309508131736591,-0.07438425733887234,-3.110480273534449,0.9786342094670846,-5.485692816200095,69.56231918653819,81.86528456742842,-0.15072175589212863,0.06147164446674557,-0.08201168821442331,-0.8976116381335117,58.69248968054924,-0.9397669398382977,-0.1555351385237994,2.954755256079991,-25.048831468170647,-11.022374727552684,-11.351194597891773,0.04420952758464672,0.48568925356129633
19.51519668346548,0.5608065854581035,6.399684346981918,11.26638622119941,-1.5830257134338295,-122.55590517350974,-155.6929195960598,1.2205314255939281,0.7587378678729725,-1.6512504000552417,-5.597714922880334,-161.33633515912973,-0.5825077266830807,5.246113210559666,-7.626229580143838,24.617817128858228,27.20723321020358,25.319952940167425,-0.8867997705405328,-2.2198177796046243
11.453227923454955,0.7227993041089061,-6.135924413466637,-2.371558845487567,-14.010088848032549,166.5195150703884,176.92609279221233,3.201321668085761,1.0819211258878196,0.9628061586433823,1.901006503175147,60.15974836565352,-3.7579783252211874,-1.100777567340012,-7.864253852697682,-76.5811694670652,-32.15174368478006,-19.639198082905956,0.9947806301352277,2.71298668742163
1.4949311199588777,0.8475392973625208,-0.9971239000389278,2.0282394634177496,-0.06037605274706956,-8.517242928388889,-12.508775630610232,0.05565020264367915,0.390496440965018,0.6682208995412724,0.7430938269119319,-12.656344178965425,-0.22516018153733675,2.5321929306089968,-0.3412338795483725,-0.11915360038503486,1.7332011956901898,5.275480285368762,0.3003216987150663,-0.07613382667612167
12.471067733222995,-0.49724050690456295,6.890358685558631,8.5724296069422,2.790220811682232,-169.0451705329224,-204.11131694961298,1.460116506396282,0.993220364257975,-1.1477066854806128,-3.430976134368593,-176.60176888330903,0.3475568692798252,3.8309304328501668,-7.573114255457209,49.08230241283635,33.48021980469448,29.224613419557297,-0.7334866025759196,-0.683263361420772
-11.411590926294089,-0.08180647649872837,-0.13228636924787207,-4.7155558604267656,6.416332398203037,72.42979831334031,84.02254233504365,-0.6736058972168197,-0.033129716274102,0.8527276383769195,0.416901607107489,110.08639870452532,1.1806635465061084,-1.1642822699908848,9.926736095905506,-7.998301212667334,-17.304049851248774,-14.847006665810135,-0.1291011424387346,-1.0216376208835825
-8.310305718171362,1.2909339951288863,-9.368094792468966,-11.442322847978817,-7.711347892306976,293.8146730982866,316.47343179906045,3.6240028974328524,1.5449747710287498,4.837270523277941,6.217071799639243,208.90771493182703,-3.9812863579663356,-1.375486425162343,-0.813881787366914,-99.1787939496178,-65.83867208505119,-40.37834045244335,2.477879505825067,5.352516814105952
28.459121391086107,1.092067678593544,-0.9492421679401808,12.51975766962315,-13.984993532630625,-19.749230313238776,-40.42698622809817,1.7107739027454305,0.9994372358632577,-0.45906066785489685,-2.929624095921274,-118.80875500426058,-2.9780771925513037,5.879848319596593,-11.719052790591837,-25.98203362382022,12.74606434961081,14.174817004224348,-0.425266261594363,0.5276140472676631
-48.51604276818752,1.9751329291040298,-19.281605617385974,-30.561250964512503,-6.718522721014682,419.3157411771841,503.7733011522006,-2.1983541660995916,-0.8789636118008836,8.886586407395647,15.21939452174095,411.41246473282627,-6.554897273662745,-11.159193847242971,8.471833160224309,-120.0140964524919,-98.85677056966381,-71.97614715988408,4.679715101587986,8.70126240114661
-18.706334439841008,0.20535765292395744,-3.523852546021977,-6.846003015298773,3.5786794227435466,50.09361168666875,69.88118094157198,-2.022137690920503,-1.8708347431767445,0.4909088991324615,4.148852353447737,85.05438350607777,0.6917057766193605,-3.042320768841604,4.269242962007451,-7.142912878259339,-10.961850053422388,-9.657968490442029,-0.012723514395663493,-0.3114868045371121
16.45051924600624,-0.04937436355534668,3.484530352370896,6.309719217078648,-2.5553415292044814,-24.347411111341376,-44.148281574565516,2.0995885381727937,1.2797074049131032,-1.3859501250118242,-2.908592494584036,-63.787807236434325,0.11382776865196931,3.6121984510602423,-3.9656732131819177,-1.4842592724821773,6.848674199002119,8.603666058912081,-0.4625024058866457,0.0371990980899608
-8.949369596502954,0.02003564885260398,-0.39250741591792637,-6.154912889954729,-0.07432167847901883,42.55386432540016,53.46169691162254,-1.4355913981850827,-0.4503745517300321,0.890172173139691,1.5748529037807422,50.40362593337469,-0.023556105060752786,-2.2997409520241883,1.3654655940856009,-8.052592535940263,-12.061343224014296,-10.729301733249141,0.6522191037263333,1.4544238199849033
-20.18842721408714,2.0612920337905662,-13.185763881928626,-17.757965943259062,-10.11155114150623,287.6474113361185,334.08826564298624,0.6588502514214786,-0.2992354654057477,6.98702094847965,9.775481664978699,230.75711864347087,-6.356971732144686,-5.661438799295722,-0.5614313070270734,-96.18619577516073,-66.44178999032965,-43.52835986114001,3.0524051161745973,6.552369621462352
4.37915172515192,0.008943757992600235,-2.1191324588050593,-1.5100792821675726,-3.99075284276773,90.79875963068724,92.43171033378486,2.393096348778527,1.0788544181844542,2.0835045044049485,0.41295420363731167,51.408907031488035,-1.870508455342647,0.6424519356472445,-1.2114961522345613,-32.20382355569341,-21.254863875545006,-12.238083765164477,0.40457342575878774,1.4474839340622263
-12.021159386018933,-0.5605468983243161,-0.1636714590335836,-7.241033472758057,7.128884246147214,46.79846560633175,55.28077544783033,0.5150465226740628,-0.6269437904055569,0.7461619562756335,1.3336429601596005,82.28512973082384,1.5091037558348281,-2.1749595539229296,6.110190527719121,0.3123696889497851,-14.935220206326127,-10.831485326945323,0.17558180082392572,-0.1233061973505691
-34.18820871532427,-0.01864654426486042,-9.274086056265896,-23.792795366083286,2.464518005187561,319.5988645874654,372.79945742471125,-0.45023163505286856,0.6367431231777505,5.652750023083885,7.933386791080287,342.63654892696576,-0.7706552702265392,-8.029003394666773,14.396327461980032,-76.74293503687639,-77.3835198177411,-60.34076831033163,2.3435187382685894,4.30108129393296
-5.5549474246047845,-0.5139208588549096,6.309435995507209,2.1110755650893944,12.362461466067709,-100.14873739494446,-121.86858342111194,-0.3543761380470096,0.6028104929440813,-1.6264628801180936,-2.8745828349241576,-44.984641435399304,5.208359917766878,2.303914689555703,4.475023683678396,48.05149187330479,18.168221985849808,14.084714781333519,-0.5428951176046036,-3.2606439540785344
-5.526119003236481,2.5384893842884044,-13.622424090464868,-5.5052175175483775,-18.00580512565007,177.08195151379846,216.5724053952765,-1.7358368069188157,-0.507002256591569,3.7335229045350773,7.3842342330012265,106.53139601347873,-7.9379132880739425,-2.164088993511604,-6.7571128429561504,-79.87262791704336,-34.30837659359052,-22.068102494349816,3.061930625060697,5.334185295866341
11.591344425235162,-0.7109854625511184,5.319911174616116,10.532640940658503,2.8798637259010174,-172.6051774560659,-189.42721292304876,-1.4855971559004715,-1.3460259976830653,-3.428263100840427,-4.419344432596076,-139.38357205835928,2.0798668864874896,2.0477376630513247,-0.9343050083987847,51.50338256493647,42.141015552602504,28.105527981962354,-2.466211337384853,-3.83204843734085
-25.880698020204672,0.6606922010245617,-7.651254859362532,-17.42107577940765,-1.2983612037364578,204.74899511979862,245.06517888761678,-1.192022414386107,-1.2650642098241496,3.148618929716678,6.6746361788434285,207.1063911043973,-1.856699377622978,-6.947769123151924,5.104864351545501,-54.53397725429648,-49.579919529201675,-37.91361623407902,1.868300149482696,3.7300130242686085
5.440846992659508,-0.5531345571250093,6.028778346064262,1.0937620150402374,10.18742505476156,-16.637260430905084,-41.329843098139555,3.1109615410357137,2.0871911119559887,-0.5447148591192416,-2.6749733964579656,-8.89382452778179,3.2697291849311343,1.8093150591931588,2.443340108900066,17.00188796826109,-0.6392796327010031,3.1337829942867668,-0.39803770485350054,-1.6940788793541817
7.501240646263693,-1.226435662191102,7.680617953992697,6.9326848762868485,10.018860092868966,-122.95581483143684,-149.76996121922687,1.115798176150813,1.5170822827791517,-3.41931758322578,-4.70036734113001,-80.53826258749174,5.393638689147288,2.802640077072702,3.493675201822065,50.11908391422598,26.16823927135365,17.942128162252043,-1.452144418887892,-3.415236607965626
10.255861187563513,-1.3305818323314802,14.935052501985957,13.451433513320353,22.96686745380472,-280.5456556110304,-338.2609100883562,0.8348097608985469,0.5315368244886127,-4.550246149324216,-9.204691684034412,-184.80791085901745,8.921971823124576,7.1067146577924545,7.27412816384871,110.62043777855264,57.652029599397586,44.717967348672495,-3.0545964846125027,-8.262605232921134
-39.30409524040292,0.020052078559457634,-8.560924715127621,-22.41407813267476,6.672189142933294,277.9013330529595,333.21625828628487,-2.138545652081294,0.47548903170138257,6.375001698764524,7.545766336466529,345.6858576932271,-0.34987350549701585,-6.933121475530995,18.840439664983407,-54.391137025646756,-68.61382878096295,-55.84037880994213,2.1866972793022073,3.154820467783105
21.584164772594676,0.5597506408227435,2.5263502408892897,13.11868821939651,-1.9129752902669936,-133.98018857270648,-160.38083626707453,2.1066187134277374,0.23341377754003484,-4.070054454517019,-3.1144522862833166,-160.09392687618845,1.1801668685958464,3.5584441245011966,-7.548378356224507,24.854932243857974,37.34761507593857,29.585414038121726,-0.9669692032103417,-3.165048994412996
13.304356934819488,1.4529106497806756,-8.283739202957381,2.247918182946245,-21.106091295146733,104.61414597379866,118.15249359714775,-0.3425046605578517,-0.2733397571168771,2.6390404215956416,2.639030008511626,-5.943779634211303,-7.576919520397488,0.7608976135391198,-12.195979118965054,-65.63347857371137,-17.07169361566706,-8.841061629358224,1.4920863316190094,4.679601380356009
22.09636622348952,-0.2500886070406271,-1.9366841801509784,9.334477074118535,-12.303163842470752,1.1054736885227203,-8.879268996240459,1.418012725216602,0.9880083240341546,-0.6782839038504943,-1.9672010370729534,-71.73256435936702,-2.649778256764846,3.6076948161359654,-8.491026631359055,-23.786214971432706,6.634095135858752,5.895898699453406,0.05833685336796757,0.6563061742906566
0.7670357083929019,-0.308238872311293,0.5050990212644006,2.968741282365023,-0.5936647189368655,-74.7459311005615,-76.98051206724834,-1.389204365493935,-1.2080798317104882,-1.2289391448480507,-0.11206072904967973,-60.20093331454511,0.06236116195984581,0.19681825189086832,-2.0652942893514035,21.661202415801924,18.153365765521173,11.470745349792178,-0.7424726270152133,-0.6612769693998183
23.002487631089817,-0.6503497986557227,10.597261629429191,14.446040061064304,9.560733653839977,-177.30425406892977,-226.24159820034592,3.178638616990845,1.7889248037133294,-3.1800447418804736,-6.827080802429173,-165.04602862996956,4.448144475185822,6.103870340671221,-0.8308630227415486,58.633379480079284,40.01028897573068,31.931795490180836,-1.6908893492048431,-3.819893721996662
31.178994584522016,-1.5262727365309794,15.293139105226487,25.408027617056977,9.715296668099109,-386.8446835493487,-452.63864655513186,0.9282434332859685,0.4254312721364927,-7.712507732241919,-10.490168754463228,-344.51505572507756,6.442797794609728,8.365175715130253,-5.302403395945648,117.14248954380975,91.38136780188049,65.42454683911981,-3.5269043201612047,-7.4038925182569795
-10.757627632054586,0.20771591784823476,-1.7245661098162954,-8.130466958372029,-1.2260207292347438,78.14267123260424,87.03167586933206,0.618141977575266,0.039087918728623425,1.8429328313007938,3.1162524837543986,60.03759572499241,-1.2074375823756023,-2.896391588128926,-1.3806328443395182,-21.618182248700624,-20.675068130186876,-15.582925418910856,0.9680509227150023,3.0162523600181426
-22.88778137627978,-1.1877246196376006,0.6590614105697266,-8.791760330027302,11.174161698804841,-55.15752104346226,-38.38900097245782,-1.841540730001207,-2.1451773593232524,-1.8397764399391774,3.849961562558735,34.805478999303325,4.154802590782182,-7.704323172273592,5.142088856117541,40.58392769026072,9.798576167309854,-1.1449403086800514,-0.12660823233278684,-0.45288476600855354
10.59853467350368,-1.1788255513095454,6.545291187565747,6.587962082076122,8.41473506002166,-72.69770952171909,-94.47871593069524,2.1420191637037886,0.9170266825126651,-3.1385003350723193,-4.870733373856876,-50.733447382630786,4.23524923737938,1.3373683067405302,3.2330686150438623,29.584830762229924,18.09865708491689,11.858505159849678,-2.1316737597702233,-5.120434876277185
-2.654886588484597,0.687823582279934,-7.4026097849142705,-7.7508610387609425,-11.230054270855554,185.6449741499398,212.9461341778068,0.5199441616589023,0.31617857493512763,2.093524183918096,4.104513087114926,124.39225922416578,-3.817143189893992,-2.9053310202038802,-2.048546699056972,-69.88464273097075,-39.38221014468811,-27.716930463835126,1.3345782302526636,4.105137093156049
-0.49337330066940377,-1.0347477891064374,5.224389430945499,2.5554934055618794,7.21228382239609,-157.20314151688308,-166.70987614021146,-1.3234715899864484,-1.7040931107247272,-3.394087124823759,-2.7231322964019524,-101.2270317070097,3.4169814421976303,-1.1924343229349945,0.26131422806361804,56.90199925162437,34.23918858620223,20.93128611052925,-1.8880793129361955,-3.8265740396126744
-17.581490751644633,0.08875252194230833,-10.005997080777194,-15.714214520883331,-3.418199827690851,336.9097034496204,383.0205476162412,1.2099826710428172,0.04118569220005244,3.8042554364105943,5.32071057851503,308.9904377751399,-2.2630148864592305,-5.102989966949473,10.143416463486998,-99.22638912300388,-74.00159105853268,-54.244092951015475,1.5531094745660312,2.61525878261789
2.2740235971789624,0.36846042971139215,-9.29599260696731,-4.123586670670344,-18.177678678315004,149.48753848900893,188.83935998883646,-1.264653712499201,-1.2950355026141156,0.2863106821095277,3.6332260057519603,94.32961928082426,-4.518355893575794,-4.051139490896352,-3.1703806968707404,-65.62205697648294,-23.1011384118941,-25.089084779617643,0.6015582528476288,2.878317248831383
-17.899504694839322,1.747597545823605,-7.713871088799255,-12.64920052444802,-2.971233860761906,207.34285842878603,237.8072010924815,0.26331162813287856,0.8383326665031795,5.324177984163477,5.722599315032565,187.91719739814914,-3.001365571268307,-2.790054738773309,4.127502002623351,-61.834768628455045,-49.42816881886367,-33.16023173390659,1.8908545194236948,2.9810875681730717
-13.235767023387009,0.15836946646186195,-2.6544723553590197,-5.078642796091378,-0.7161112121537895,15.723168907663865,31.90532539728395,-2.8287698794611127,-1.9753655540784234,1.792955301459809,2.956511835460831,34.572422394045695,-1.4601963888440748,-2.5992357328187254,1.0279041819172303,-1.3971251416673258,-4.228326195321125,-5.411983555483256,0.218976582618394,1.3072386278327421
13.698582996266081,-1.0991109660525908,8.162177155742667,11.85462434943974,6.108726836631368,-242.39751076483913,-276.57070587789116,-0.566191137696652,-0.7729966178777566,-4.935618569610191,-5.12952069017968,-206.2329540981376,3.735908185391608,3.061539979645666,-4.365479811062483,76.0975963192825,55.24512123267989,38.587801057191726,-1.9074269348606143,-3.722858138856412
-19.271281996238987,0.4930871448621684,-7.428535360622574,-9.43497685839278,-3.6469118897170736,69.05825545019962,99.93425274369608,-3.2796930060276805,-1.9907563988680286,0.6346386121344536,6.395391008658867,81.82087982468923,-1.8691364887432993,-5.740269234220685,-1.2097730745406374,-21.107504587450734,-14.751649986604715,-13.854397045005099,1.8488150213691419,3.4354091593797143
-26.879743787748176,-0.019380332321008366,-4.006095301875402,-14.05574723673493,9.373632363894552,174.5852189556933,199.99780188561252,-0.6887230453705715,0.18890415238662928,2.8029797220733945,4.487996797150618,223.19755551431342,1.771839539059624,-3.70973313394268,13.990907493982125,-29.425336187922188,-43.25023801641715,-32.307417865608905,0.5475140923676498,0.4302387995952274
-5.928863636300528,-0.6138220438593706,1.8250755319152623,-0.31068580909016535,2.6382746601631655,-82.4279378705599,-74.70544464536881,-3.22836855200714,-1.7789424699966412,-2.053991539673463,-0.1640940992166926,-32.32719217456579,1.5036852575179571,-3.2619090996278732,2.2449729470834683,32.16234629670811,19.712529481430995,6.940709241654012,-1.0425151241188124,-1.4015671576424205
3.0053453553537355,-0.005581220413833212,-1.5859100956684093,1.8750874562281532,-2.872490771815194,5.759255822040074,11.929701426154603,-0.4479993645836498,-0.48384422039725994,-0.6157228847484695,0.038724673682043464,3.455275119344645,-1.1790069200097235,0.3113201615569469,-0.08574504969812152,-6.496279456435899,0.8731229283862667,0.45648171519711866,-0.4186876520378451,0.3565316656496913
29.246946120670238,-1.477935366212817,8.338722346807161,12.970973406183331,-0.7567226940616986,-155.89987799875303,-199.05388511121942,3.4776667944107214,0.8253280036918645,-4.483125024776708,-6.5992389314397695,-196.31074199268662,2.4243436222504435,2.8588638315755395,-9.713479527147475,37.27781578698169,37.95453915449438,27.65411591867854,-1.6677360373598136,-1.7389631385528481
7.214054922706073,-0.40513666254616687,-0.2670450235229841,3.4769331277678535,-2.7715130064823357,15.1427783057408,14.348799230937946,0.965549461320046,0.8613591974690925,-0.7255428358859696,-1.4327310764550367,0.6020973029595508,-0.4639531772988915,1.6062356202592358,0.7137272812775463,-9.909016091522977,-0.2378173300635178,-1.0666785421446294,-0.7761494922568901,-1.173419224151789
-14.059221503114582,1.891827985516451,-12.181461405442906,-14.133233046816343,-11.105373314644305,309.4647146038488,352.0303880110326,0.9174521376485878,0.594357942186442,6.407125242516477,7.198367507170661,246.187650100623,-5.553415400720812,-3.067270228559015,2.758259437434317,-103.41421996071541,-68.81081924955727,-47.204497017599095,2.8463279122301803,5.040466035989006
13.216396681251958,0.4582437144574736,-1.3081573613680355,4.052401327289681,-8.735781336181741,-15.1707652999002,-12.993011379180352,0.5253029582957897,0.6634877087200798,-1.8450637318178222,-0.5014317075779857,-49.89054951013749,-1.284242298481179,-0.36467386051710804,-5.492586217432147,-9.525271578230665,9.154315824203755,2.619366936380068,0.1478889930962619,0.8135064927114024
26.8178590147245,-0.7413841605521626,8.232377596644266,15.654540168563976,5.313275647642235,-146.64548548703974,-196.18343260467367,3.7304300155132815,2.2175398455755944,-3.141891656335243,-7.439905807022619,-160.18082784216517,3.9436326540679616,8.27605432556302,-2.308895526737282,41.37814139998659,34.11225386960362,29.59834839535752,-1.5511670730495934,-3.9098350038608505
0.0535557231824928,-0.16085812065838367,-2.2672174111758663,-3.1945454175044876,-3.9682094228364773,121.39176643681574,128.04588770651924,2.3052698312388085,0.8518652736124347,1.6702148849953962,1.1377653355758564,76.87082399726457,-2.207312983110033,-1.4100539085031119,0.02554972039646697,-42.32524429312933,-27.001879987463678,-18.265506908620274,0.44169517559044136,1.577309816743436
7.220347538524821,0.7030220630589358,-5.45387274471139,-0.5740345324603983,-11.97991399814384,128.41985841397675,135.87453743981624,2.025121277735132,0.3145463224709761,2.8531850037686692,1.7162375769173601,43.194577216330764,-5.207641643877044,0.5603331477083874,-6.229618350154322,-59.83722670104624,-26.79473831546085,-13.589839133832605,1.0273804148417265,3.5477713859168283
7.625952748376362,0.7223741309451048,-2.3208105385405515,0.09966877659850118,-2.0601590403778443,117.63447457139019,121.17708798425215,2.401718857116552,1.4639447822818141,1.9371404039671498,-0.2485007330529544,87.39647712202377,-0.7942326433967761,2.2347151535125156,4.032205335776805,-39.23356305056546,-23.88809850703597,-14.682754795871324,0.2670204992804057,-0.33437972955811013
-14.49616816515292,1.0272178025810919,-7.621479815626085,-11.22947905174199,-8.121353931289013,157.22815047056622,190.35164186779113,-1.4353658127788889,-0.42963329922110405,4.053565976723132,5.5833865011182455,132.2943819087152,-3.8171121256902483,-4.450275789416311,-0.12848953232108296,-51.85024109188962,-36.799359387244884,-27.668276278826276,2.2310811481687187,4.705890853428514
0.42077704729217014,-0.4713878883070638,1.6020112032549427,0.0847092117722632,6.0013295606041,-17.228137310877756,-19.527782947863148,0.8695891728252096,0.4017942386002126,-1.1162114314925653,-1.6794146928100049,21.02322975473394,3.090409028652538,0.5085134729234595,6.039132410865032,16.524003330818246,2.997281037603366,-0.3961999198868864,-0.601560907304305,-2.1101418684188586
-15.774603611683435,-0.7710911302831902,-1.0184752524352678,-9.772084000293134,9.26028281739292,150.81313308979864,168.615679559709,1.7200141793158934,0.1206250197682553,0.030133804503128414,1.3774184981888946,183.4057922332627,3.45198133687942,-3.930158556567329,11.775794729827718,-27.563435239631048,-34.8834292081859,-26.578170152036588,-0.16735073786489685,-2.2440518742790987
1.4701351735774817,-0.938529751429545,9.6790021527566,7.353144945022915,17.830483558312338,-175.6134559476263,-210.2679381916605,0.7148532753648253,-0.12293060510289301,-2.0119041764669414,-4.8855046977166365,-93.82988049004639,6.519927435738214,4.406249252012322,6.91628255655901,76.67052269274535,35.66617069190677,28.135129232341725,-2.4568902425271397,-5.273145024240054
-5.726180728541291,0.19694884678919453,3.021088244819278,-2.2709220925944793,4.554590641396956,-39.34860300385478,-44.254226006240884,-0.4088083185643044,0.29228610711592623,0.6201112149190078,-0.030242845592806183,-15.452819602331239,0.551045941505101,-0.05127733565167791,1.3165985666617623,21.058095001885807,3.7547465432517164,2.5384085117206823,0.16342630055714477,0.7007704427814824
-12.897037953901123,1.1448135910715935,-7.393331925113465,-9.123566506030333,-4.375904500245727,171.34386971875594,201.02365452873403,-1.1515282755865741,0.1961254760341968,4.351437695817848,4.187908125420537,163.90608838199464,-2.633607648684495,-1.4579993398654023,4.914394172400144,-50.7322855668904,-39.73152179740073,-27.681828517699103,1.4739758920161274,3.217229112925166
-44.50450985337412,0.7492349563818379,-7.03097597577358,-25.655274981508644,10.800265543552552,245.5324447492453,283.70850102731146,0.6195337404918472,-0.42258284074357194,7.6099411432304755,9.446406935201958,288.5891350420109,-0.6498742136625473,-7.30137403842025,10.902966978147301,-45.32941898645283,-68.83155211876763,-44.941020410959936,2.5951515279970367,4.6422433721946454
-20.008119906079223,-0.14630165476373164,0.5806763643228882,-6.600090952259014,7.99175879035944,-55.048426617985875,-38.57330152515096,-3.40728827528361,-2.1162616163831736,-0.07530552586235117,1.242099212484339,27.30489026390338,1.6501270153862775,-4.341141631313208,6.545230192467701,36.26686987560151,7.607362507075216,-0.34951597947030877,-0.3972330493044709,-1.5670604103763794
-32.86347374443075,-0.196447975293164,-6.227657358062284,-19.927486070112135,5.521326084681883,187.93983174290366,233.04749200184648,-1.6793046462637837,-1.714590847449831,2.9262067248492394,6.462145403129687,241.67641992323655,-0.038173823588045774,-9.26300991277304,11.595231759047522,-33.67301941449334,-47.391193598830405,-40.51393284542036,1.0989523074169427,2.3589764455910323
-6.891674809756524,-0.5193114141129271,6.399907959073632,0.559156909447984,13.256591170254252,-130.47828318529136,-153.5548522519394,-0.14830509035790473,-0.6045020347450977,-1.318265742264238,-2.0029274962256327,-77.11983963356091,4.333431335691677,0.7773495416709965,1.7657859079174663,55.900995591756974,22.2445068694271,19.275355291924743,-0.8373599760524447,-2.8098944449307237
25.780380257135057,-0.5472372478042773,9.729398662087922,17.568251425896758,2.0914348916084196,-254.34625535174143,-298.4212886988314,0.917309197500199,0.42028681221535996,-4.738852348424798,-8.022287706412682,-250.3227841142664,2.7386059823195357,6.096883805722422,-6.598230158266999,68.63719631018876,60.17925140137633,43.510883764722635,-2.2471239630330917,-4.609124305747244
9.205713425542546,-0.8018966035371019,4.657047941621482,9.490563935096944,-0.39425100290787685,-152.43742729753623,-167.70159394126503,-2.028196817269156,-0.5083684669945963,-4.1863652142368135,-3.5250998391031865,-137.4669718936904,1.9128376458224898,1.7257872687878328,-3.5395940910049277,40.98538316780093,38.392632306660104,24.89347507600288,-1.489661365589677,-2.2100687496883697
-26.314162155514406,0.49788527890030454,-12.119751149950332,-16.5747602731409,-4.173753523533536,281.8627328081261,341.212235837971,-2.0081397717946126,-0.9700579795401794,5.394639559239035,7.598041637776176,299.2149276841492,-4.09548574513228,-6.360740109458145,11.969139126497227,-76.35723548666829,-62.65209077309912,-50.778109536373144,1.5872597171317753,3.717147306538321
9.619689580597642,0.786485947549158,-0.19726527725094295,3.571188021065659,-2.9343860653969016,-22.753745817282166,-41.88726984224713,2.1052555460530815,-0.05034761604007586,0.4229438977037883,-0.3641427695922889,-80.68764089079555,-1.185010211042459,2.612282987043712,-9.373185376609054,-8.708492045047288,5.122326569140586,12.299149253562506,0.10804573184193389,0.3415775179178624
-14.433419273625011,-0.3146899204101364,-1.5861057062990849,-2.371969802355222,2.810429421945222,-38.202764993952556,-21.01575056037148,-3.6315885379629123,-0.9514655740487122,-1.0510672941423456,1.6826804854856316,22.73517191938515,1.6799781441597124,-3.3561209344841805,4.1719638352691755,21.846340762788742,10.026651873473538,0.15148673589390738,-0.1841975608111261,-0.522421569437034
-3.573736632494998,-0.1376265762306198,0.014678474381679019,-2.558697535357216,3.6509644109087254,28.886195957331992,27.19593850709464,1.5747401812272974,0.7278500571019885,0.4358176852877562,1.1221579807983268,34.51019726660161,0.9999516913391746,-0.6075112402273691,1.201523841544782,-2.145445091183919,-8.14003757463829,-4.444884246881168,0.5455269984436928,0.3851898678751861
-16.205096186185887,-0.6061370473068555,-2.0298238226639924,-10.874531480363238,2.0487581679661324,111.39096417136126,133.92428283716643,-1.1329688017784267,-0.03624876656810725,2.443741083826227,2.428356769529967,132.68141695528507,-0.641253727645552,-3.7771304337470903,6.641433985233847,-20.55134991834538,-30.074478507026136,-25.17083331476176,0.6702348811131452,2.1040300044078957
8.439992020763702,-1.1544629135904778,5.141826083840773,6.787585418684702,6.2046107969371675,-104.71807775344739,-119.46460040087948,0.6898153696679683,-0.28743349672103063,-3.078819194663289,-3.205013462906041,-66.79730983961196,2.9565893718022713,1.394439279620938,3.0269076162570934,39.05125148884155,25.845662412949476,15.84571798485982,-1.7832164812617846,-3.2158210227420083
-31.964028505199362,0.6961232909616104,-3.742535369067302,-16.567409172966556,10.178351167176881,120.37523912260514,143.63585228151672,-1.6927300750707464,-1.052967170466067,3.778223005443545,6.063834587601655,169.31783827932028,1.4265623012376025,-4.554790976918605,8.495009595956185,-14.474965121866472,-36.19061264443678,-22.56011112931923,1.9089888213180535,1.5336612884100043
23.747259765268932,0.4155521178302972,8.19996696911383,17.684397638120757,-0.3136003665874023,-252.2940987455824,-294.5624769069155,-0.6502629643847138,0.39851055610013636,-3.1209313468265085,-6.687811562527392,-256.24837439900347,1.13535096431869,6.903877074740742,-8.331024864565164,65.42828909238456,58.11454013065277,44.555667476089354,-1.1650282639426042,-2.4281296719051504
-13.11432593582158,-0.8972824269931435,-1.1466252896761615,-6.676047797767365,4.154366644612437,39.386061214951695,58.07004338469914,-1.9750740371947213,-1.2570724999992968,-0.6569703143762364,1.8272129267267634,83.6619609092723,1.4370511234385943,-4.24701460937699,5.886440541696546,1.1092789816795217,-9.698204463434529,-12.023496287402638,-0.20260229643399374,0.004016643910453532
-19.001579442238267,-0.202723480500323,0.30765434964425387,-5.584142368361746,9.018421628370934,-38.20789424617448,-27.77208427138196,-3.2326082086716497,-1.7972701151939359,1.4483563046343524,1.534193634267545,40.345817299233836,1.7512062499343055,-1.665562728349991,7.459910363976051,32.14406774568425,3.881689995394506,0.7448770358938597,-0.11228427200393501,-0.8307413956871488
1.0203552261899909,-0.4207502523151627,5.905117556273905,4.278487764474369,2.567182968206876,-176.65939287972213,-194.58912201017696,-2.245914609764759,-1.0495814103255676,-1.4691258293389131,-2.1709314749209523,-155.76943914422878,0.1422206715283051,1.054154067283416,-6.120369836667127,54.3014450274726,35.491723860201866,26.489602090987034,-0.9575725868507363,-1.260845533401553
11.269329276206912,-0.2818579069592236,7.025951567838355,10.065721004428632,2.95837632497199,-164.18264910494418,-189.1413761141336,-0.05934747363291892,0.5307813072299425,-3.0128124173919124,-4.529039204539149,-146.26869594833755,1.967787380963726,2.375047676001233,-2.83424723713919,49.931750461123286,37.78610766576268,26.66627081912636,-1.909136242590943,-2.070852653234592
-10.683624147643933,-0.5533649930942569,2.652449710403026,2.8866418233921456,7.118601919205323,-149.68082338299408,-150.8793741908153,-3.8489916208376425,-1.7009001785381475,-1.928922148183647,-0.4209670815379619,-70.738358761232,2.2966652312650657,0.058744766378354685,3.1187623030489586,57.9420089480189,33.268956336852476,19.321634657852908,-0.7913361065083689,-2.430425824606325
20.55292137726462,0.47555177992973174,2.6689761007515513,7.0011635012689455,-5.687107298343999,0.6071074880553596,-16.747924765385807,1.9232292342185335,1.1811325795835317,-0.3447255859798378,-4.405642061495504,-55.92470191084289,-0.9114992546128862,4.425390463599188,-4.33775319924897,-13.619576470540506,1.1981140439313864,4.595807480423202,-0.7244277977591199,-0.1581892758604141
-25.522836433403633,0.12147034061120957,-4.695798036312947,-7.700952791982326,5.111943773186848,6.964274751756704,43.40877852338151,-5.029594279160916,-3.098390625702117,0.4997758559436297,3.841355455144029,99.23193783318203,0.22997877126641786,-5.678744240586953,10.195813086381559,15.626363498642393,-0.4549571677246833,-9.74153650196127,-0.3058277982291647,-1.1940385042404942
2.777260493289704,-0.11578200541985913,-1.4845850142368588,-1.236097865695742,2.232439656806081,107.85220609139488,100.96946257773797,2.984581377653804,1.7064795620659983,0.31363125814416537,0.14380368428384854,77.36894976252927,1.0231635848889626,2.0725135210542325,3.1455158327802466,-33.173191913341,-24.071979041970096,-11.925255026395996,0.7039901367329936,0.333932425336668
34.77012433066534,-0.947407424500198,11.063361180522502,18.94531152393035,5.390475187606871,-111.86603320987393,-168.81249097990917,3.6296372548534146,4.276134711763469,-3.1630397911980395,-10.722782148491358,-138.25087415449443,3.449924899851786,10.765165000634228,0.8685517000123611,31.31859013815661,26.011781146517983,24.691064838155945,-2.041083910136125,-4.762699071387979
-1.0876347640531288,-0.05668042618683094,-1.7807927246224609,0.627775953848695,-2.0317466919063043,34.25537881233067,44.20255678636968,-0.43036506215986353,-0.3864126121422067,-0.15180761834323114,0.47475496705961784,41.67244955178442,-0.22343183344610015,-0.4109900880122902,2.9384786472275564,-9.878548124428553,-3.819076209646679,-5.945280506483919,-0.07532669306117609,0.11494631480480805
-3.0064833359534378,0.5183893043270524,-1.0247255305983587,-2.2815430412349174,-0.37450698861710285,18.421564623432968,20.167994415985937,-0.6372236108457707,1.0247787680295126,0.29412940423333556,1.3849752052910906,13.704871465937515,0.8355329690970283,-0.25973740984081767,-0.7789959011289807,-6.290039732206718,-4.758330780653112,-3.461961960595494,0.8303360033642395,0.6798179989889312
2.989402108271372,-0.22943481271408564,3.1950680133948866,1.945978130486307,2.2578037967983278,-61.35329423025995,-63.55138921818505,-0.4657393305220716,-0.4299517690635986,-1.8244575697292138,-2.2826358255304964,-36.864471340506746,1.1269224939080156,-1.1252203447410645,1.2760017479919414,23.315281616562544,14.303223798828007,6.244106870512897,-1.0743684926111685,-1.8720547617025274
16.91003487332309,-0.2907600756747562,1.8571256020965676,10.777132153521777,0.6504992624885958,-55.440010394562016,-72.31278618862426,1.5372384470001668,1.1472742921195183,-1.8976096578736767,-3.8572183991343976,-59.26766410400993,1.0138999076896509,3.583657281721914,1.3135065878088983,12.064057848988451,17.642173883764237,13.112991717043943,-1.2461001466110573,-3.1985972906656333
-26.528321124253104,-0.838078639685691,0.019940627198022143,-11.637602640704996,10.987790321106282,19.358231066416145,37.759475588557144,-2.6349504471594205,-0.6933411470987138,1.411944754720032,3.3589796812677006,104.33262185636255,3.012658215786489,-4.4641355707090735,9.84909584230165,21.579371359859536,-11.58695146768542,-12.57812039852688,0.27739932848311377,0.8603929711603364
3.4828546156797318,0.5918184820282711,-3.1957284350468007,-2.294265983639648,-4.113651579813964,73.88956089450123,76.02891675399857,2.019052947017152,1.0027479514781963,1.9676368249555436,2.0620733822275694,38.54585544333078,-1.8253227982639615,-0.19111412314883347,-3.0839093962938593,-28.124321897370177,-16.98403189191557,-10.30339882442105,1.579016306412918,2.248636575905029
20.985451527930643,-0.7465543640277077,4.012319673179327,9.15394444522626,0.12217500350804678,-59.358062887036276,-81.56849291218802,2.9433656363306073,1.566478627796944,-2.4173290287503875,-4.516833200325525,-79.9359243563108,1.1770614491033453,2.499326939439343,-2.371647529651451,12.492410816219111,15.993842184591779,12.585077313974674,-1.1612473952530036,-2.0270333545126475
-13.66643182114498,1.8098478421216522,-7.9665985574875435,-6.486130754267376,-8.178219956662138,86.37677602533975,110.72024975876916,-1.935526604171418,-0.7031423013657055,3.2881353792729358,6.122041343272312,65.53389918854772,-3.7693083277954718,-2.0398775436346144,-2.9913674444117166,-34.05240683643618,-19.662549504368275,-12.706688024066427,2.0348808673943726,3.9668318495491595
-4.340099109398334,0.9057565503054819,-0.5569676592775029,-1.8988483649920154,-4.213820513499803,-53.47442025483332,-48.09022426314158,-2.1145809650628355,-1.3708661699106597,-0.19154452798971366,2.02290106700533,-56.03446365552085,-1.2023968939238756,-2.197536764100674,-6.72851579987951,10.559583885867522,11.60763362514836,7.349581364259888,1.2183153490077898,1.9452247457537513
-7.394532937494942,1.22903997530015,-9.46553069866774,-8.315004414830007,-10.296050657683924,162.4170941651075,190.46359779893706,0.7439072952290391,-0.3164941048304523,4.048023119653146,6.175474841380173,109.54431162547453,-5.2433640070480285,-3.297707801952292,-4.464397086317155,-62.40536132935759,-36.04698040269929,-23.297872532405453,2.291680691264636,4.559368504842698
-25.061879626742382,0.7666202048604721,-1.4531264264179695,-10.568203232104429,5.184826218004277,7.29427317345402,19.737147193998098,-1.5629445252369423,-1.1872558012980332,1.746059510262499,5.011688170964365,40.1267011289157,-0.3267412007161201,-4.097833145135011,0.6205299042703394,9.317716810434815,-8.781636128208074,-5.429720169158023,1.5932654140423645,2.476406975397562
3.214335960777778,-1.5925396540115595,7.352557995524147,6.719513925314083,12.831148952233908,-153.19633606131262,-182.66937389259397,0.7823304451574836,0.37405474030114366,-4.313670321331388,-3.472977986442735,-105.63344012144027,5.8959385652554515,2.245042503095345,1.7009728647603457,58.13655713077594,33.80739541405723,25.694175353112495,-2.0194955679803708,-4.07881265765234
3.0775271787500778,-0.14662971758551388,4.674133596003013,1.08330887118036,7.400337729759592,14.84888060608447,-1.525867491563488,1.8747316952148994,2.184253380944037,0.14752285302875667,-3.5559784373041685,28.010668584471496,3.0603313820859235,3.0635613564832846,6.302998692990828,7.204900137021051,-6.28832843226543,-3.596959362880845,-0.31112065969301994,-1.3485955825305296
25.210622583810554,-1.907452291580865,11.329433300198243,22.384723835412746,3.113799824078189,-371.63825036634717,-411.3030368853304,-2.7584202541807463,-0.5303282392684485,-7.534419796093782,-9.605937197136914,-307.58386915869016,4.342188123101186,5.298418102469127,-4.151771956339338,112.41038184459555,89.22725336945993,57.11399457992719,-3.8470088652155177,-5.617069422349636
-3.54377697608235,1.3191509068417948,-10.844350527424478,-7.508112528625169,-15.063105452230378,175.7532431657131,204.6207101190662,0.5179611182636854,0.24418871096884928,4.914651069953911,7.13049561205097,99.53112150052738,-6.74580675035357,-2.4477174365994445,-7.5875266773599614,-72.57588788162843,-38.55509369350639,-24.6442930270492,2.743487616095182,7.351746126228734
18.077416505524326,-0.14272910725868443,4.445916591973816,11.876248860148259,-1.7801187329696389,-126.20599767726283,-154.07536658911707,1.2068889651497305,1.248924400753893,-1.8690585857053437,-4.329049107994141,-143.30812950918977,-0.1339877766405413,5.21903077757261,-4.885680796542886,29.681702691402645,30.081137074340774,23.29344444419163,-0.8250212588762844,-1.5791040343748852
0.8647128563125873,-1.066973615568194,3.427479781146112,-2.6371953213744597,4.6876328926221476,1.8886408921139277,-6.781580258412255,2.127309177599007,0.8334549069610433,-1.577270077670802,-1.2296467192209104,13.553887398345612,3.8557376640857814,-0.9798258549296096,2.569886290604357,9.588479728315182,-1.810987854893134,-5.012889871943915,-0.4229299415906991,-0.683297190764973
27.85198405041545,1.2243175041815524,0.08336000533556753,16.580033469544453,-13.299592196716318,-146.66988545707716,-165.6707908695001,-0.1541536886727254,0.656356809160956,-2.752699278655567,-3.4476316079601235,-204.82287396326913,-2.615391422376189,5.838222832949914,-12.423690673359083,13.825213252251086,41.982635321080124,32.08989794613344,-0.20847158657128229,-0.4984491688802495
-0.0285782248872381,1.665738724568061,-10.060875157567299,-6.922902301621183,-15.655425669738033,214.3826461590685,243.06461778689075,1.7604190201903305,0.07243117168827397,2.3882242147352644,5.852194632971077,112.9015774055798,-5.694102937970204,-3.6727605932384417,-7.263332451946674,-91.64852920760426,-41.441752335683404,-27.795325489211724,1.8782296415380073,3.3599769658046386
2.341075756799745,-1.3806991764007062,5.128588578815852,2.349735019657956,11.244299684704705,-70.00521907042416,-88.02768328172725,2.2537830059116,-0.27967613528036883,-2.6414765216675518,-2.9445544346314376,-30.99202229463145,4.695122611359075,0.4946700079611592,4.323352365280117,35.23373199687499,14.243430685005297,9.92833384720228,-1.274866421595975,-3.2883999327591606
1.1222624847770988,1.6921117621303348,-8.013363379610785,-0.7901679440244183,-18.596399926366153,52.072753702800064,77.42255020869882,-2.6495494081605164,-1.7293363852427757,0.4415446283374651,4.587250267599108,-16.42640255570188,-5.511099599722158,-2.9025596191667904,-11.585869036378298,-44.78791688156781,-3.3420482737167583,-4.255498825446761,1.4871514701586115,3.9634687181790516
5.097433001400428,-0.16602606103289883,0.5906449409837939,5.076815720154928,-5.480154886216815,-107.64567943040684,-105.96282845578999,-2.910059855333829,-1.4932766294935862,-2.527306394582542,-0.6473598018801839,-100.84691207177536,-0.43832825216773663,-0.4507751500912104,-5.623628685545841,24.73924345799447,27.959706636302297,15.556366750332618,-0.8091911522921499,0.18397364753724
-11.143552957615983,1.0890259542389584,-14.937027335545837,-12.85492221111569,-19.195937397539833,288.6677024460603,341.5376608078116,-0.19399013740372095,-1.2172257096223402,5.070861560530884,8.819561911152594,205.5832828021208,-8.50334373058448,-6.052498184107861,-4.022489770938249,-108.71057798808056,-60.04123426068447,-45.439395963188524,2.293271635633658,7.595787248683969
-0.4394852933586446,-0.40125645127869375,0.6583119969803332,1.092727580290242,-0.1502031015094365,-67.34128223379528,-65.7137619217955,-1.717798276185266,-0.9083655178702414,-0.7261735851613033,0.033126281305669525,-50.046219482492376,-0.281114468050363,-1.6784979589340643,-1.6153373427800088,21.122254698626207,15.019203883595763,7.573580709119884,-0.1589989957846457,-0.46492632031680103
-18.8643977442371,0.6686027084785606,-7.4171174398649535,-12.801592935372382,-0.3894248925631678,210.18955150118677,238.58772171646402,0.2396449198663652,0.4578570517610493,3.6529618436339795,4.748821911007788,197.77551709158772,-1.4318954115862579,-2.968527732376714,6.264574000947972,-59.63324334162597,-49.875812925831084,-33.829676442333586,1.5966300927637809,1.46657818936829
-7.8045085384347095,-0.40829858643970934,-3.0773541000735993,-5.615832781188594,-0.9810837610645277,104.48107509064388,119.06161715986337,0.03581894698850935,-0.2896242409226239,2.7909242847060014,1.422080882266346,100.4332541033395,-1.7931744806795096,-1.9009891834556494,3.7370140160652245,-27.686591677619706,-25.154506545705313,-18.812895531994368,0.30824299586334725,1.7225073461913563
6.595204434291366,-1.269506536622602,3.935438519232043,7.377475922076856,5.6599280558182485,-33.572222717861266,-41.73872119608556,-0.5408163478817848,-0.14768728762004735,-4.064316101851222,-4.31441554672425,3.579462502662958,3.387232739470102,1.7213092994294765,8.152434843547509,17.279752874557946,14.659018033263326,5.687162327000937,-2.5157066346440633,-4.553842596968798
-0.9554516672969556,-0.02028797674658373,-1.5450472322019668,-3.0785377948208077,1.633270225727729,103.7448596409604,106.42921553567538,1.8025129582688115,1.3640219175939596,1.7989099352537152,0.43290523571634537,93.96722120257225,0.17548307276880137,0.7718827470591825,4.622953773274343,-26.660956235547538,-25.387070533081186,-15.643111424826364,0.35241313414905895,0.5837333827832671
-10.066129505870682,0.0012350647699354506,-6.0940735708975176,-8.12562763426707,-5.500291238691799,144.2322098229656,170.4367881747052,-0.2509739868694672,-0.2946202575127037,2.791159015680007,3.859678855005617,124.9087796694431,-3.0111265411930255,-2.3291140581951657,1.5451271012346828,-46.307001053018496,-32.76642666823177,-23.950606310012855,1.5915321559615283,2.9272357881871107
-11.352856434202165,-2.24499015724865,7.006347499359215,-2.214739839077946,19.93601010218334,-73.7158831641235,-78.81820893085788,-0.038755524951493814,0.5577964148224731,-3.9291322057844744,-2.8152026614140384,41.912036171454005,8.096178353789659,-2.567578279724957,14.572882637307897,59.124886105052994,13.270296300194664,1.1598256242861391,-1.767555214277811,-5.8161783799115065
-9.378421255080708,0.17040829813453648,1.6232419288391577,-4.259889723432296,7.080283657100687,20.121923314204682,24.96977368388915,-0.10264044461597427,0.3302177731677965,1.3085981659154906,0.15151430724847026,59.00762055984528,1.008417025557502,-0.7926510582480861,6.865662505170985,8.203155121423869,-9.321515691085292,-6.390744501065452,-0.3206994188287045,-1.2885916538515436
-13.644746162272524,0.8038269839955919,-2.981656954311083,-10.036913070770686,1.3236170750077128,102.74579691076997,113.59084187324702,0.42477011352106997,0.729060583783331,3.6806524874830986,3.5387704426239734,93.44565598950689,-1.2989303672325574,-1.819475702226307,0.8645632384987723,-25.503745624628852,-30.254121671708536,-17.839438241076177,2.1100348839011427,3.3582946204018715
-13.555676749599465,-0.7276498046028753,5.474487399971922,-6.827640076609863,12.671754381856044,-14.432396435321138,-20.980840432168367,0.7425855431809014,0.5422816643202694,-0.34990427075537267,-0.8463861421468296,35.612262645777896,4.282506972582908,-2.9481922894890427,6.071732854243379,27.282503226372608,-4.899786669040463,-4.150272386478821,0.45092177832640745,-1.1099640652474287
20.04556730993616,-0.7810391298094108,3.6188757285478608,8.340285002175454,-4.42911854330391,-116.21183460635713,-138.36429421831113,1.2014189523812249,0.5778254023535695,-2.6375021351687327,-2.985890442868997,-147.41435097920314,0.12120120639590876,2.4990522765879604,-9.521465844180739,23.492689358321236,27.341207166815824,20.417714542276695,-0.3755577546189509,0.624712529874841
23.404418023679238,-0.665750403018014,7.5474042256058445,16.167915814338414,-4.266702008615322,-237.46340322020023,-264.52431675993535,-1.679105302446864,-0.5212202348907157,-4.712342064892037,-7.275831789039643,-238.09100560952956,0.8125314215144741,3.528529747162155,-7.116056447861038,59.408096453545895,58.7015538584386,37.28167922674329,-2.685543228224957,-4.327403139447349
3.8293432961296006,0.39842609035365595,-1.2422992590671447,-1.4329186077799347,-5.86846147854518,54.71612064732145,59.31358181036772,0.20462939526981783,0.4920284229813775,1.616311718766265,0.26597291045078997,24.2853118640302,-2.601767592032342,0.5479091493674195,-1.7591057724173582,-22.311551899659204,-13.470867337539444,-9.24696624695885,0.6667942950986253,2.9035274282884003
-30.971119647537364,-0.09916517653268894,-1.749438586364886,-16.1757455719746,14.80035976433526,154.38493516106385,182.26513455603057,-1.679476688229016,-0.507156098694535,2.76523664862569,3.518191173916066,241.32990444468706,2.9778751335467133,-4.966445162831063,18.83786965208948,-11.89277886255279,-42.41008191349516,-33.773556355206026,0.8012436066683024,-0.3729229585409939
-2.8238224433207972,-0.029013777385368655,0.23409568794250113,-3.6993547810291134,-0.7046557845328285,39.090967610927926,44.47626680761113,0.20650592603005605,-0.05124729317988003,0.2834882335629462,0.8029191399223111,29.580916046199327,-0.3376182257076392,-2.3994788341887343,-0.8079395846611137,-11.3050169481371,-9.767496241177616,-7.548014861614359,-0.11926637810840485,1.550423325702603
8.448773470737999,-1.0781381823046798,4.767565037331654,2.7744008953363544,8.63976826529256,6.529544479323827,-14.8299923858655,3.4218413532944907,0.526704164125851,-1.7034977099700648,-3.2519084514809244,8.7441334548656,3.500425094651943,2.4221379023762815,4.503411982178248,6.128635786809719,-2.0161920207494557,1.7346803936356945,-0.5375310453404749,-3.1711865289766683
24.262957437261665,-0.7367450971686904,13.291104819322165,16.834785702311958,8.357114821250317,-288.38859624716207,-346.34458581854295,1.0510939850875114,0.3697140746969506,-5.327088305057585,-9.47434655156538,-273.6375109729078,4.614075398838218,6.869684404384804,-5.38375194859101,87.43310749834049,63.254428357806084,48.66044002204281,-2.649409134586212,-6.366882387187912
-0.9667175592598971,-0.5601664518783694,1.6229798964297484,2.15340838257082,7.673813090386945,-14.235866879228105,-18.479056734864454,0.7515412263319977,-0.6663996328549149,-0.555235851698201,-1.6751767738911414,28.05581428375943,2.5955664097469198,1.5720488704436708,7.254727400521406,15.950316183859423,4.7526513457528035,1.9694376091502603,-1.5285404599538066,-3.143495520474673
-2.3468907787431528,-0.33092207829557385,2.4420093522630193,0.5153975896531842,6.518782231478779,-56.44985656151577,-60.4011057173576,0.12558246390933173,0.1803429466569683,-2.0079307652022083,-0.8711998521870088,-16.263251566019523,3.254582550188876,-1.1331440029303255,2.9428557701632534,27.340477371611875,12.734989590907952,5.842635957554776,0.016331387713433343,-1.488421217435951
-36.96868223311404,1.739085785647836,-14.847619832484614,-22.73967613769272,-3.2738861567269106,344.120739282515,406.93787632941536,-1.292680246374013,-0.6045471170861741,6.61953146227639,11.96960189723394,342.1701877565511,-3.858769855361599,-7.774421283826619,9.063209880374128,-97.35401310713382,-78.67581798919404,-56.535884127592944,3.249115365098661,6.136086172989261
-13.107532254356132,1.2413591397536676,-10.09019828008536,-12.401844234419562,-7.829630096164789,273.5073253161457,311.7100655712691,0.947171497038056,0.2597925016925474,3.648465723736165,6.695434558174688,222.67876642060367,-3.661863137626405,-4.519440318972934,2.542815290983644,-90.85192446760054,-58.22026755024762,-41.45158636695571,2.056661945924162,4.118814228618528
-0.7497196337782794,1.0230798050095902,-4.243242460145783,-4.156134156334625,-3.8572143817851674,113.54846972300975,121.4886395324701,1.9928798452095091,0.33860876335297285,2.473114378893215,2.34895564252768,74.3000469279878,-1.8705456124264566,0.5873359906842255,-0.06704894592557831,-40.443603362106394,-26.266228412633396,-15.14670200209494,1.353659106722637,1.5438618211913533
2.5138544871300255,-1.339578055702713,3.6642219332812216,5.221877556271496,6.6688860277524356,-129.70813163926982,-141.79694558919815,-0.7983533283663871,-0.7221095248114417,-4.184699684876268,-2.6659128084217167,-83.6399180944508,3.449484164965128,-0.945367739988585,0.5734890010360738,46.25543991138003,30.939748932762882,19.56340989935064,-1.3893111077920186,-3.767295933433437
1.6223104547185756,0.919782984989796,-13.210861948137415,-8.390811851512055,-22.707852432097788,274.4382371121482,319.334621027016,0.9455598113072438,0.8131534386763186,4.647864657361653,6.275698003987062,171.44206958483628,-8.454618117668543,-3.7644611355179722,-4.841586268653746,-110.04266862996582,-55.09070307993506,-43.23377499643936,2.084574165594161,6.878200901125505
0.8505456606338709,-1.5422137340899058,11.469239324930008,8.091696480858024,21.095281513183057,-185.68592005529092,-223.88884732394547,-0.20071004800524983,0.5581060019315891,-3.689824779216769,-6.8691677895464185,-90.05073519886923,7.65637489953775,5.090370148577218,9.587467610379377,84.71369171301555,36.563510163513214,27.777928254656036,-1.952299485540466,-6.294680644421691
-18.277811992660176,-0.18951075484604865,0.03452464410967271,-5.4177016688504365,9.489803210886441,2.548538243123814,12.279651035627587,-2.383668580385635,-1.4936116506983397,1.0203563898318118,0.6633512932916392,74.79538472529808,1.683567806140062,-0.8469103437319646,9.915744508632226,20.079241225645433,-5.680533123408513,-5.231709231447214,-0.15911201685180565,-1.2632170188150247
14.25059293168535,-0.2920370415004505,0.4399182977377285,7.842899801925052,-7.9664245147108765,-66.25158289417126,-74.61606340389488,-1.0383464738327808,0.5081253621178434,-1.4063278446191272,-2.195214470161863,-94.23716361815742,-1.642441091624636,2.7952078717188034,-6.0723999951401995,6.7618934154003485,18.473764918949197,11.7855647107436,-0.5439386582916457,0.3117041233755473
12.7263924069199,0.5040463069842575,-2.7829556919060323,4.270408936989135,-9.153329199355767,67.40191858012324,70.00642551642079,1.5800347253959501,2.037563940535806,1.115531545144298,-0.7172499524592169,14.564471001465492,-2.9824689226028274,2.3295412729722376,-1.5760017749691864,-35.35681780153769,-10.87378541879179,-8.314847600327184,0.5515325127496903,0.9482366900111064
