X1,X2,X3,X4,X5,X6,X7,X8,X9,X10,X11,X12,X13,X14,X15,X16,X17,X18,X19,X20
-5.4233051223809685,-1.0147528929973133,-2.864606290062989,0.9509813090437024,1.4383811569032023,0.16925569407055718,1.0228882078375987,-4.151519603214645,38.35850262207693,0.05610688181179457,-23.208694084808293,-1.5060547031696716,-0.2379678630003026,4.038857709812985,2.0892642972826057,-1.1054702072599785,48.14163246311989,4.205926743411789,2.220227319629241,6.582286744300575
-58.10182743835036,0.3020133436872874,-5.675472470638656,0.8826271989685704,0.2796984758063408,1.001965594406276,1.63660949138534,-21.49993554930784,-9.323505049962936,1.4055340322372931,-2.0943534187070365,6.942613465213062,-0.2026949291797191,-0.7057290162591452,2.415093629049189,-0.8822717494425371,-3.1915997119224566,6.950473286752097,4.281748622716324,-3.7849435788125745
62.85647602079771,0.14713762332285196,-8.519849223124746,0.5702771481887925,0.9181571093625361,3.1374039556918802,-0.35456036873407426,13.350341550616747,131.95765449497912,-1.0702363231552678,-64.53547972354407,-10.065076606901876,0.4495830564617149,6.3858977573855835,7.094136426186534,-1.1814286637177154,149.3430991075866,1.9970058052338513,4.374643192786486,22.47621559526031
-65.7943011151178,-1.0460033909507054,7.1240294887441715,0.18784037134214107,0.2600323359730512,-0.5850476013002733,0.7965696206738412,-17.00780708468094,-97.2009543538004,1.3357902004581343,41.39617217565756,7.050198032238732,-3.741775493364722,-7.1826998251029455,-5.8201302717333645,0.34575427449630664,-91.67828977744908,5.381620321666956,2.3014191582543355,-20.30614374263533
27.728916736442056,0.26054528418588785,-2.7664120945790893,-0.46645521512288385,0.7123459525453656,0.9965354928340537,-0.7636723338773026,6.392270296417832,59.96247518646893,-0.39022887064754364,-27.639303083738778,-3.403861482240465,1.3666977038379242,4.546712765706462,3.9643790742920086,-0.6266202299922078,62.2152312287683,0.5435191012874963,0.5587904722238193,13.00224640291379
86.7213807662836,-0.1245689832320051,-5.626142094023538,0.17410987615883236,0.05622677179245894,0.5595666364724907,-1.0608166163929587,24.7808643626439,73.39090953589006,-2.4168997773462007,-27.68400034066621,-9.020784079670147,-0.5649848125656248,2.8997080795661527,4.591685658394324,-1.5756950474186513,71.26164226918402,-7.867723838372263,-3.7216824032741798,8.961742568926466
91.17956542832472,0.6418014843271467,-4.058697682845312,1.1068125225473577,0.9745349765087269,1.455806781796376,-0.3430054270034237,25.545914174791456,89.98391249991938,-1.8912590268419538,-36.32893281196719,-11.730934489018603,0.6864751062541261,4.999877455686107,5.116634382110201,-0.5785246735541243,86.97638902315157,-7.391096751904309,-3.019718382089139,14.308053581616665
198.7651140902718,1.7269760651884924,-22.379979243160932,0.4595929709619223,2.351055537832581,6.6712550863695546,-0.41920981294868487,46.662037936998885,388.00532487949135,-2.418204313031141,-189.15829895660264,-32.51054512807921,6.492297762704491,26.030680366900175,20.805412993748476,-1.542512061910302,418.22326511699407,-2.6517230200557655,3.1547964347348243,75.49279013429754
-41.13101616980508,-0.3247154856531874,0.24851411123049805,-0.8427100976279502,-2.386772276171503,-1.2510833077693553,-0.2373416332583713,-9.745044140406867,-79.42501636748632,0.16981895916307355,38.61593324901948,6.881616252800263,-2.705761281788638,-10.016033024923233,-2.64812662740983,-0.45213131595447376,-83.33691126065547,-0.5739329758682382,1.1347553335742382,-18.07307073569318
-78.39468963795112,0.4195825738449548,-0.3339145591645505,-0.09633066452723943,-1.0658717799730344,1.028622959290197,1.2800576332739455,-25.498893611826773,-45.78747315795137,2.4397210152763082,14.334113610815928,8.263463524205765,-1.402356058742643,-8.77750330574806,0.45769175400905093,0.1555820316691238,-35.58634794822743,7.221539561181634,8.771853827229249,-7.860434392588488
-116.55309478693303,3.2331060708419534,1.1177331552023237,-0.7367094812393761,0.571715297595663,0.001966522150865846,2.1846366154430563,-35.03830587500704,-48.56418405025105,3.294413251196342,11.198322565208995,10.42874122343444,4.534631166460796,-3.705436313382779,-2.0846225289145073,2.5091578968264736,-45.16245147387646,10.224858604503762,5.219689007906523,-0.9811547721291924
87.3980651682175,0.60516565979134,-17.080511201179778,0.7095894833892242,2.1293496929355067,6.373150214512565,0.9286618775809001,11.850465898768087,242.3795636335767,-1.7788643833286522,-123.04460661879234,-17.17388268143299,2.0348442498758974,15.941075381541083,16.1016211093434,-2.0510723117120184,269.1561407277379,6.955779350110095,6.8297716015712,41.47679221885631
-79.64261170891274,-0.832179455987627,6.26395839833023,-0.3537183768146711,0.21160130237478403,-1.5364351154306213,0.03407742652747173,-21.727869143357992,-118.81412789387622,1.4687511100489783,53.138777805002675,11.370206862167821,-2.5529864578920654,-8.945381183751248,-6.745277321567473,0.48151339952472355,-118.7851044197059,5.128537570206283,1.9382560033518608,-25.153427946812457
-15.958633879397317,0.48828872045121163,-4.188874609882449,0.6723731968067287,1.929344285719305,1.2460834843175395,1.2533421903202155,-11.624403911159387,67.02057363076469,0.39215407373875144,-38.196743848170655,-0.583426911208688,2.528865285208179,7.655617524378981,5.21025880962464,-0.1899268722704599,73.48681748591595,7.392863817816623,3.1798377167424303,14.797357425317136
102.0154169229596,1.0580335065365163,-5.771477678590603,0.5453931896481276,2.1768407378826895,2.967076782300324,-0.4624409409267366,25.185115930755437,168.48681099190034,-2.060159888556828,-80.49023879765852,-16.410343673463622,2.445796557267558,13.19474148210744,7.068679361956436,-0.13278336067288826,179.4000917943435,-2.2718188421219936,-0.49159567134310833,33.04643580452561
111.08257411815977,2.2397851042115597,-17.648428713260923,1.3987237863354165,3.868029101269679,5.828078140601251,1.5065584582343494,19.620525860193265,279.6132972477004,-1.5870841886241236,-138.7185168471253,-20.38670838579574,4.528467166700733,17.574960011256938,16.982723952034217,-1.3515512351336614,303.8971330925398,3.9918533095445583,5.555167607373378,51.8938227646201
-120.20826256789545,-1.893478065281533,16.11336337393725,-0.3336849340949329,-0.38878735764983474,-4.605916291707123,-0.26147862948070244,-25.707868161015018,-215.7999004987907,1.6526782486260807,100.80881616672754,17.898721953122436,-2.212856318374344,-10.123043900476933,-16.425256749631817,1.5672839205172409,-224.5398099368767,2.572721653570088,-2.6913294890023667,-35.964754914900425
71.85787785453734,0.8133123046851073,-6.972080414783358,0.2690647228137306,1.1200422914530876,1.582597111598611,-0.754787097125012,16.750826164336154,126.08506052244282,-2.0351167456374117,-59.190745326165974,-10.363836383949792,2.4922059602350135,11.95429713371665,6.262136232042582,-0.2316099848298208,129.55586428929718,-0.8797372616292352,-1.0774280279384425,23.74575817152995
194.15637734058222,6.099045436342824,-22.593805005551022,-0.522087603695091,-0.32971463967462633,5.1080260130754365,-0.8079356350697023,48.047690086608235,302.18932072269405,-3.093304078659798,-133.6677786514358,-28.32953383494982,5.942345656079999,12.385037663290069,23.167803018576684,0.5280264097872747,295.3427870384838,-13.260313163901886,-0.42783631410346223,55.81542082246507
-33.59050515406535,-1.2460346305152248,7.257674830984432,-0.13208818041535295,-0.013728327519479083,-2.3707790707178376,-0.3322202631660157,-6.701976975728605,-86.63032954455348,-0.390667052152886,43.88678068582022,7.589473215453395,-0.5327948257303777,-1.5647715778512188,-5.923240745609475,-0.268499915779162,-96.52004686091237,0.14413753742191227,-3.6633204122173484,-15.549315137417347
379.9756863242016,3.040114395676639,-35.88502969975586,3.1181369340873215,4.616686024811341,11.40453438804849,-0.2934052635417043,90.61419570656415,656.3034681668532,-6.389030205945669,-312.6843366093831,-58.80510097073763,10.12498087107892,46.710591874736686,36.38951697958596,-3.6018852561722543,692.1830065794352,-12.990369161536119,0.3813399887471213,126.05639120359373
68.62349499413058,-0.6739450127501276,-1.0685486703294678,0.22053143454932653,0.23742304610524131,0.6069633949525367,-1.1222032778379571,19.776117697529425,74.26807927204493,-0.9102973887742857,-33.05703798625867,-8.082053954914723,2.0708979881962626,8.458427193659343,1.4083883351301445,-0.29146691131033414,72.99112234907959,-6.430694643643991,-4.3886195913182435,17.644972507314385
71.43673252068217,1.8057829157265999,-14.654470179676839,0.7450265176421504,2.111240239385862,4.2928767640168175,0.18298836331588614,11.782318224178056,178.56388067008274,-1.0855778865941792,-86.3347844682507,-13.132344102852596,1.075798374415137,8.526987439766936,13.480285759160651,-1.6034706259492224,192.78769163430525,2.1024003019552726,4.760171999247175,29.797382074656902
-153.07352215249884,0.23573459043957773,10.841540541777007,-0.8242879044965435,-0.29116809075399475,-4.041935850185914,1.6444768730340371,-38.06466108949752,-190.66355041051358,3.123829700721714,85.6693783389804,20.521769199485554,-0.3869742684000661,-10.698923136783822,-10.694146358335832,1.094742169653843,-196.93139714711356,9.121621330938488,1.7249729879458853,-30.663939653339657
-7.305006480309114,-0.9143047739417296,0.8491769078619331,-0.043187828637363895,0.19027469168973304,-0.013063443553255727,0.036094186600858245,-1.7875227978287622,16.90128530530392,0.18641428550421046,-12.248261177565679,-0.9103274276811871,0.4829647419757408,3.8204471346457947,-0.06486019982800612,-1.1506864839167645,27.721477638523606,2.721741877373554,1.404476844514534,6.824906087276155
4.356765530841237,0.634334805068094,-1.770921232824745,0.8983881707279058,1.805665625333309,1.2390330707801613,0.8537148669101919,-1.113729973672942,53.223798450401965,0.13033721964908435,-29.301819933762598,-3.0278376296474043,2.6835798755246807,7.011201916855013,2.227078947351028,0.45778335934326675,57.16994711215326,2.6892480347359458,0.9589117215309331,13.679483890610486
57.08231604126232,2.1142996551787356,-19.457210423049894,0.2248334538596797,1.0418399550450563,4.833795227367954,1.2744313177261037,5.56101217438749,230.88167137455832,-0.2828918198501507,-119.96244636831243,-13.709695333199111,4.285309892452604,13.668894488604026,15.606357592070571,-1.853549475214481,259.61613704515236,6.639514070283467,8.245221278075931,44.99371101658036
67.14349263274099,0.3706821483041992,-5.99383884465526,0.4919183454337263,0.4207847341602672,2.3602507832629676,-0.36634534624749604,16.0206933576567,122.3071512955697,-0.7749662998095662,-59.36719390687409,-11.188846396543541,1.7894965829735598,7.081901488706296,7.686207621994604,-0.2283049756443557,133.2031767456042,-1.1254746501577317,1.5148288878120466,23.426749469342
-45.90462762545929,3.0431817805797694,1.675623634678751,-1.4732043789410143,-2.1721313792016175,-0.5336000043538383,0.8970515107765902,-10.086256696845007,-74.27671854507577,0.7197515374386017,38.46207542142392,7.22336216654158,0.7059441896758811,-10.647701570197928,-1.8029952012728536,1.9998504598035218,-86.27538049052478,-1.180866960798616,1.2323638936258048,-13.165314710882916
40.8432029377129,-1.5059819404607602,-2.336475710586569,0.7653461528953445,1.7397400712480116,1.0397387083193381,0.30856556880880126,10.050053895521293,78.86857336135472,-0.8184509523039666,-41.19974989332324,-7.33320009459585,-0.7812809654028909,7.675226460884028,2.0374793462630114,-1.145141745276794,93.4569177875869,1.8191770917138557,0.897966396241411,14.91104732133992
-90.10389694279712,-0.8952219386014248,4.836260116380588,-0.5919414114814463,0.7662472239466157,-0.4446532338973006,1.1117678411053316,-26.798883992067733,-69.668894561944,2.58135271696102,24.64668796092942,9.924281834680631,0.025812190720062356,-3.7823596294227313,-4.641293812631314,0.5132096645351937,-60.94289607611368,10.62131047016455,4.988465162411671,-11.660507960179078
228.08240173033553,1.8112736583523903,-20.461062879637822,2.196116401536109,2.312424134278361,7.009861935873717,0.5617826881329122,54.2307022524287,366.65236533750306,-4.046557246952137,-170.9188029092172,-34.4296651515019,5.0383745420642505,25.33520594602449,23.02164404171002,-2.7522091372896362,381.7018353630319,-9.844946242102406,-0.9110313081403802,68.63201113317518
112.04144809700908,0.9694488994548107,-7.199679989129416,1.7750214883339912,2.831001113014831,3.5110775209058183,-0.18657375701997567,26.489261876500077,207.44433890028586,-1.7988298971429073,-100.81588866029212,-18.363575529490006,4.264367564304179,17.223245416818425,8.536593089886729,-0.5877900199489133,222.0623677943456,-2.3795799881828112,-0.009261051324817249,42.07826754179247
-166.01978625095265,-1.810646525725128,17.27703910675518,-1.056228251977578,-0.9458569814864605,-3.881830042144533,0.8849656902108185,-40.89611864095925,-257.1765222476879,3.3366336741495957,117.1380579034304,23.41068815085495,-4.14142520266876,-17.053796734770028,-16.35460770052361,1.9239674935185205,-262.290304905634,9.096666099890259,1.5984505771839468,-47.2882787265165
-49.01110623557412,-1.2653209480859378,8.452458043176446,-0.307266231696771,0.1929440501611202,-1.7568545494036625,-0.6819839200762029,-10.650155063158731,-84.80775824394944,0.6883582624219401,37.685331866251275,5.738458046342901,-2.3967913510734773,-5.196308106554666,-8.10957593609869,0.6568058868497154,-81.38005571463113,3.7553131183185657,1.0054296524738082,-15.246332780486698
66.90753116082756,1.4236004851684168,3.12509033790089,0.20333236450146264,-0.11914293865948516,-2.577463006875533,-1.6656744524735936,26.069410891109843,-57.91302525914906,-1.4743035935712603,46.83261260012388,-2.9147239152277553,-1.1859647700431188,-8.290627378650022,-1.5690038994024393,0.9185864646169042,-94.87212410406781,-17.61234688337463,-10.638213639010269,-15.705915320834931
28.803697083517022,1.4318192582903246,9.999033259132162,0.11617464280298241,-0.10678647993203863,-2.7264516983402847,-1.179192724238423,16.490351205986524,-78.05252264944133,-0.5370433529851011,48.28866208591344,-0.7481283038090827,0.3953991830518071,-6.881144408456202,-7.431587002164955,2.404969268755627,-104.90991054975127,-12.335995295397245,-8.283245383030136,-13.44566256406552
-6.452450611022297,-2.111929638529241,8.376606124652934,0.599922659680453,0.8742438338627401,-1.759985406981921,-0.33556893372834873,1.023322312186351,-66.5648466040959,-0.331159670936704,31.96203429947186,2.3443279782034114,-2.5154424518201175,-1.077450077304153,-7.441986358030198,0.268207780773125,-66.62043315629981,-0.41952732220170397,-3.795727803943671,-15.857155867951432
47.26567745878674,1.1584303111506404,-5.867161654943699,-0.015117900638853345,1.0394810151871818,2.1622240093536313,-0.006813181316062648,8.86014139226345,115.80064406652676,-1.273771724574233,-55.84093018146116,-8.437915973031954,2.427254929024147,7.949419339141802,7.966093825215568,-0.37693687959457967,122.80290406520895,1.901734390419063,2.4114181563995145,22.975140866095664
-122.1942325372855,-2.3964999261487505,12.688774460524824,-0.30470454159262994,-0.8426317662526226,-3.7255771660566137,0.09141696185588727,-29.26181738532116,-210.4373115738389,2.347133552863724,97.65942114095391,18.365121424378117,-4.2620650894406396,-13.159530864752393,-12.608179638948904,0.5165543681023372,-215.7224777026328,4.98506257080944,-0.18356714771548466,-40.310992546121994
-2.26974314736598,-1.6614647553762412,10.009435704511063,0.40084706798065534,-0.18339605319951824,-3.1940983724497936,-0.32453164060148465,5.046759910109709,-120.50637866477517,-1.3575650887022634,67.33604325049286,4.996239161359776,-3.5567630907160295,-4.495998910943609,-7.273439087339485,0.03577901926155186,-140.1281569749353,-6.02503334335529,-7.485383208911297,-27.555314874110877
-24.656270129218797,0.18733636923934693,-0.06781110043608451,-0.7674898243939178,-2.2977588988802813,-1.7781979929748082,-0.29301067300285016,-5.493148543297897,-79.2422787409028,-0.15328372829276837,44.637111983509946,7.9062500241897515,-1.0413405537859237,-7.903864613111369,-1.3335662453938886,-0.1818737042087436,-96.46242392886387,-2.4859738122026114,-1.9744061413264122,-19.4397086627534
129.51360591505787,-0.9591215832906359,-6.266377583982324,2.1416115741123094,4.1435254436990965,3.6563335659928438,0.09259542003662376,29.290610693912267,253.15180637591553,-2.8894136197689204,-126.92331238815372,-22.15001737030192,4.3949858219098195,25.212483099757012,8.283492830246793,-1.623673289562551,277.9932051231966,1.602434021710304,0.22039141063646928,53.18564171709145
-67.92456363879629,-2.4102174516210333,7.061099782617446,-0.19600156964348386,-1.0236785289632946,-2.8527240615962692,-0.6476276879052766,-14.089055456820645,-169.24971105258888,1.2039299840174906,85.3577139055007,14.22074396287757,-5.110254989407575,-12.423131683316686,-7.7248725128122935,-0.3852386223634122,-180.0840744157213,-0.10445458906462379,-2.1379540460924633,-38.45700265174584
48.63551299551197,0.237757045341566,-3.1537994415893067,-0.24403467605333112,-0.2575892486048923,-0.6672900974074074,-0.6610818060939141,14.71881583143418,31.004924651118,-1.1732609716655054,-8.236415692793866,-4.01590261649885,1.8759069746038581,3.504626318197564,2.7639702726334203,-1.0361301404876484,17.918671481552483,-6.968181899168027,-4.911292856506772,4.929218434214946
208.07614101675412,3.4099711777126673,-28.630150093966495,2.1409088766376745,3.3386770088781534,7.964747790840285,0.7158403630538613,45.95498282035369,435.96044056298217,-3.0967736750181256,-212.5766029696307,-35.17148592576912,7.207086194591687,26.901362056031,26.02660733148377,-2.1356039853534092,469.07263854122925,-2.5143845590325804,5.338709140812295,82.24410767179825
-185.0612956511787,-4.0695574729067,22.066345275005126,-0.5823834580218009,-3.1284214063177402,-6.389742121352554,-0.1530000660918943,-43.89187553932074,-361.83046829900996,2.003875764001239,174.5070424555813,31.398563834963433,-7.243359660670757,-22.60063810789109,-20.290447840498807,0.6383674172491569,-381.03172586113544,4.582863843222852,-2.5802922655763214,-71.08304135969874
-123.90488864207357,-1.2140452389218388,1.2452310968310487,-0.29898558559637506,-0.4933363937814636,0.2882914294176472,1.8406379591887447,-36.56558487534652,-68.26961449844157,3.1737566341854686,17.220827374461688,12.278173682175993,-0.6323578123594633,-3.5047301029410334,-5.005128684119976,-0.8193420912084282,-45.65809340441461,14.935338504392444,8.988563163284894,-9.825743463870491
-422.3966142155652,-3.317692133582626,42.126552410565594,-3.4478069492229375,-6.3072374076943865,-13.595112158827174,-0.4482522191419168,-98.11487753491656,-793.555301663204,6.472762761651159,385.8418172990285,68.49445643312548,-12.442169007032637,-58.53243771348518,-42.30393543508358,4.032971175405779,-850.207016007728,7.740396868730829,-3.628046146708602,-154.68606770469532
54.36179496234884,-3.418573389406091,19.003382511182945,0.4277888060591086,0.017129447288213084,-4.932924876080194,-3.189232249185702,25.89444994960049,-75.97158780835298,-1.9109151106974258,44.383094285470996,-1.9187915991649018,-0.30704339819068194,4.812735018722828,-14.965716474571872,0.7807312103126092,-89.72555634527221,-11.014023472243041,-12.750552022320099,-7.816799690693525
-71.28369413606748,0.6663065156325059,8.983637963892049,-0.794812695935837,-1.999710947297527,-3.0955700569508866,-0.37652803834831605,-13.720715067642962,-167.07830316972405,1.1411155538520843,84.1685902387898,11.915364031346124,-1.8128039694579996,-14.745565883860294,-8.415659649499363,2.1889061165078187,-186.32289974160992,-3.6482334551428215,-2.8093322561952707,-31.72316262520494
-104.95346609183633,-1.7548354501313992,15.997696210050362,-0.9546310184832038,-2.4101342461048016,-5.897429599000934,-0.8909953328395137,-19.282874524371213,-282.3519022099353,0.7782164953343075,144.85752469901723,21.712878268018056,-5.561927513649611,-19.525683587275502,-14.391173911636502,0.7558439881229976,-312.78545676223064,-3.6229349963640516,-6.3838210464765455,-57.041611255787316
77.5494876930794,0.08624709450808754,-2.658974049815017,0.9478270541034616,1.8146164876022373,1.5642063348243003,-0.09299069321690408,19.972577494785742,111.1016222570144,-1.8933068975823943,-50.52798999573873,-10.597280688070153,2.2428589435811785,11.53082657216932,4.9228367490636025,-0.20667604999574873,110.20929566212627,-3.1797795348269435,-2.2846984943342123,22.272648647608854
-157.17405257533014,-4.874801087324222,19.270111446885196,-0.77901949560638,-1.2517492124335818,-5.720958875890538,-0.947465104450655,-37.124291920925224,-279.7194267656827,1.8796954537178705,131.01822738513286,25.954737774376515,-4.839747517644139,-14.12891527949871,-19.044665722829073,0.2897300063318741,-287.48658771074673,7.613023386478182,-1.5941862794214123,-52.38191667510735
74.38291938206963,-0.8982229327674991,-12.720618446647093,1.3212765364812977,2.5168247927856875,4.194157180650728,0.4326269334250199,11.891298181116628,220.32240228408844,-0.7135583180253686,-115.22946124934268,-15.12164743127592,2.205277783872719,17.808261205520658,10.527083039979619,-2.9572611660027732,254.89885915530087,7.362542001754133,6.412619187897702,42.109763161476636
6.406445967108261,2.855289225632743,-5.1333454010880315,-0.11971224560198818,1.7683051258615903,3.1283012017185765,1.4972250178114719,-4.220100034516354,135.97797236326704,0.7524010135068397,-76.09005002116922,-8.624829976076219,4.6312350504337765,9.598589801795983,7.647815080319691,1.3324920457465093,157.62329080991458,7.86658662787441,6.255917326858743,33.120740906467425
148.12008546396584,0.19784626088553847,-13.806220513528576,1.97378541037865,3.343980536308427,4.121325581727036,-0.10227852571591489,33.60336417943423,287.11197121948516,-2.6637011414033296,-141.1117585370564,-25.246662715406085,3.1579270672889144,22.956602626257187,14.125263934960303,-2.1971933614568147,312.3956376602947,-0.5211790425417314,1.916628435539573,55.993876532556406
-143.75740191685247,-2.865431969209465,5.973846150959559,-0.5689454023697055,-1.9628794636933353,-2.2358976734440015,0.9691182399458785,-40.570620248276846,-202.5076357620118,1.535511367332147,92.76242378030203,21.621926965629104,-6.988949848283917,-16.13322284130846,-7.788842262277006,-1.3203940969494599,-201.6473905448099,10.032905135506228,4.902482380255269,-45.26615536347684
-43.75842585682994,0.3201129317819782,1.1103346538763341,-0.7259087821011395,0.22665389693758464,-1.147550192802517,0.6320316715492983,-10.610989948535039,-42.1165829754326,1.1850407841416857,18.277364645255364,5.255979703316815,-0.17491739399003992,-2.602827370137957,-1.5496193492581964,-0.03016335574089879,-41.16661372259049,4.366348538516779,1.9250736939682518,-7.911440274178995
10.858433559984011,0.30593890573689553,9.301978209987452,-1.008314803282042,-0.18959515543795513,-2.278912142483209,-1.2664051296505832,9.813357551796813,-73.05222886473548,-0.9320125876908495,42.3094193857446,1.4637481125634875,-0.35850648431757604,-4.084197400650643,-6.960634061986148,1.848101183807458,-87.8239630894137,-5.767591380386473,-5.9370937166560145,-13.026625888601037
-104.78559324609037,-0.06302365134552734,12.842910228941827,0.13520680883369837,-0.9430492422800584,-3.6987692081022785,-0.0747922581909367,-23.014971919789065,-222.40600949631542,2.0858977629732998,111.76804582353209,17.94677962243097,-2.7125638478846184,-15.567136111110782,-11.508289068466098,1.7817213486115089,-249.42157996321026,-2.0101718746541986,-3.1327879546940474,-41.02382698887406
-379.2815363873864,-6.404636019227907,39.54004881230366,-1.7672615390397022,-4.3906653879658535,-11.343796590100007,-0.6567785019492745,-89.90742616204805,-694.7112287907281,6.701264779261541,330.1488535976443,60.392368507858286,-13.064546345724766,-47.68676241763853,-40.82546271179359,2.46515934836272,-728.6982929944799,10.987766392363552,-1.6590519994385966,-136.2018253535723
83.34256902799015,1.3647506394523043,-4.331465850937038,0.4166617409460451,1.9501440089244046,2.4496537614567675,-0.06189474170387,23.508331515781485,136.15042221706452,-0.5631852994227127,-67.14827066617464,-14.990240761783367,2.92795215802785,8.788009408631401,4.545229294844517,0.896434981525092,146.56409046658382,-3.626726986197854,-0.5452454342080906,28.288430610509423
135.86406817876002,2.5886828078590147,-21.07803390477594,0.7554132768683213,1.5722793162034854,5.865644343488515,0.804279418685882,26.466421669597135,300.172291501372,-1.7965593572620162,-145.86464717219783,-22.23891384675764,5.860722673306097,17.50744347251759,19.337687960558284,-1.5949073310685695,317.5337106770792,-1.4067766096369774,4.127366234885354,57.413639229247565
-422.5221610224518,-5.02103565261881,36.20447893246481,-1.6772474489520666,-4.67120035541887,-10.805170576468251,1.6794089761207383,-104.37911811132588,-703.2481849195625,7.126163337817924,329.33394943315136,64.60512989978407,-12.564714736321694,-49.49200208570478,-37.912014201554726,2.477787750582933,-734.5695830082467,14.977250047955135,1.7104010262741016,-136.68198854083965
-197.69528869890723,-0.10423998163189041,13.49509331262443,-2.0441086988098602,-2.744797688444729,-3.1848817252516706,1.3882576420218218,-50.88638308253424,-267.68495410116594,4.06947427018978,120.16078891856876,26.661316078243747,-2.961901683706171,-21.65642886754784,-13.893577158431961,2.6835467867251888,-274.6421539483565,9.834734161068544,4.82723209313543,-48.03010220898693
-108.76061253254339,-1.7524906372401463,11.07035679009961,-0.27984895719375574,-0.0030452377279407417,-3.404969072550279,0.40099071142183046,-25.68941583998558,-175.07933015047377,1.4311770641325592,80.25639556723647,15.888846797467348,-3.636063968814509,-10.374062645216608,-11.871052597731676,0.37326216370369836,-175.8794682873292,7.030026901322819,0.5392563585054524,-33.939827684916644
153.22290787815598,1.1572723676233576,-12.386831857820523,0.5349168970075638,2.326019505110938,4.567411964009321,-0.5667353114568722,38.32776954136048,291.0562759844424,-2.3867098208807023,-142.6633735066701,-25.92057731545632,6.152047034872558,22.80954441170132,12.266245180844642,-0.35930456807915284,315.2230049851881,-2.68059035886236,0.4998437797587792,61.33252315611261
-18.611238880121146,1.0751327680677187,-2.9918461303826294,0.22037235594524637,0.8877259377121068,1.3121606718488947,1.547030708571107,-8.972419357117944,6.536206969692709,0.497383304795333,-4.9956884027035136,0.9827678225237053,-0.9435214198040751,-2.0008880206396826,3.0870349214844657,-0.06634010774388735,9.965116660614484,4.234037731434639,2.7809553434930807,-3.0586509389425047
171.32697566790884,0.40211882428716245,-5.304842086096437,0.9044646715956388,0.9950589022726322,2.000585302367038,-1.43378418120529,48.786838565285265,152.69722540518325,-3.202568801738054,-60.189492663124035,-20.988191881553753,0.15261217775241165,9.16255985353261,8.410126888680397,-0.7534128304066671,146.46084888719417,-14.11494325830945,-6.7061674961381526,23.82668472658084
177.12868639603727,1.4441413523215203,-16.212384324048816,1.2426706926002113,3.385659841211937,4.990544021224922,0.0269306096634362,43.20439934520012,343.88915698775395,-2.456879728695758,-170.69397380276772,-30.798949173295192,7.286116254059437,27.52545209098337,15.114702943308503,-1.5878934914756884,375.2731577451567,-2.504491111743628,0.5207188247994855,70.99645096462763
-274.549189400309,-1.7053647082130223,20.936670846621446,-2.067941113659891,-3.8647764767569024,-6.698915751323415,-0.03084289886643657,-68.89900239419475,-454.337144069058,4.556799893677541,216.70749002048098,42.19904670819417,-8.263490238001504,-35.40976483582355,-22.203369710730158,1.618156116400676,-479.97876851668,9.367923339227566,2.5795894548392893,-88.97026280695587
10.121815531135537,-1.7743185040313596,0.5732865887651251,0.3875235650150305,-0.24728652024127828,-0.8173247474202381,-0.20834341072428472,5.154207591578218,-42.96365257316169,-0.8467260019368117,25.59451838339993,1.7081054364601402,-3.708399334336333,-2.503883965873645,-1.759945949696302,-1.7939980840167586,-47.3089729864096,-2.6274848977215974,-2.3831024198269533,-14.335562585004363
-34.191452221866996,-1.6623793598147854,9.042586750193808,-0.5600264011808218,-0.9486275445822653,-2.450741899094235,-1.379339265583355,-5.0814804255306525,-119.97891719335455,-0.2091408097595,62.064918579330936,8.62526370722659,-3.0961227450326687,-7.723503735472703,-7.926480893754354,0.043658640589803954,-131.9568758953355,-1.774476396305044,-2.940016801164422,-24.293869916939677
-199.15262054953567,-1.9687134463976275,16.901713679848903,-1.6637202528959216,-2.4352873452936716,-5.5675438645067485,-0.2655480305663548,-47.96636988965736,-332.02411877416125,3.7993452734380613,156.60894267509633,30.271841303515462,-5.577335822836387,-23.645819471506243,-18.10948777920873,1.3936706935364704,-346.62983161516445,6.741446173763522,0.5800896645408832,-64.19037672901597
36.65289946726666,0.3287888514090864,2.5978118071066763,-0.5769494708954511,-1.1353729579395118,-0.8329601076568879,-1.0256940693658165,13.427202325307734,-13.23497022597618,-0.7582650899889499,13.71580481414147,-1.9377179690657695,0.6540290363341901,-0.9662827336267288,-1.0499996810151608,1.0298793401229953,-27.601486272254068,-7.914915659729844,-5.02949363689104,-1.500011861747784
80.5410578131118,-4.05807137708417,-3.736317154705175,1.959358344152982,0.9881509443832281,0.9312332459638794,-0.42511831534713845,20.42773319441506,78.19775694158324,-3.1247446555240312,-35.02555862662972,-8.633263176242663,-4.062090122493827,8.738684360460038,2.6990350018058296,-4.11587342583849,93.44326088453606,-1.648564089326263,-1.1972642941100422,7.719737613602618
35.421253797545404,2.953310882026523,-6.980255435564253,0.14423811617663104,0.1797734517663911,2.308568588577084,0.5204609895315779,6.06101058440515,109.10148338881415,-0.22488909714328476,-51.852353027619706,-6.86275232484613,3.569593395433022,6.5681927948635686,8.72823945286267,0.7017224357872263,110.07329827261985,0.4377410627706735,2.6054833317484296,24.338665559728348
134.1796336437183,4.173245845935727,-17.31844419424945,1.0219014012857732,1.8701578983675238,5.043257603446153,0.7825939002205976,29.89865513577503,278.58377381619493,-1.726910425397048,-133.4700921670241,-23.331568876048784,6.768601303094919,17.542851705653536,18.125991772231252,-0.19276046546651926,289.1472275128081,-3.7354211371046055,1.826215079792065,55.884476024981915
-206.0718113922034,-0.7592449272336288,10.208924932238517,-1.755724090302164,-1.8720851164704015,-3.1192707889728486,1.3540177863484608,-54.757829780285,-246.1737636675333,4.492778903480308,107.4113308827303,26.6086844577148,-3.2766691729951027,-18.724272679133765,-13.244480939492433,1.095216884839175,-245.41849329322346,13.115302931508639,6.902806092101952,-44.73199543269905
-340.8672033514572,-4.825178220787072,29.184999215489533,-0.43958643827214716,-2.136118178040734,-9.041217995595073,1.2690109989477227,-86.09382968448082,-556.9873501629761,4.897529816818749,261.5564301061665,53.28050228656933,-10.007537132103135,-33.83196080933161,-30.982218953576915,1.0811276557189515,-584.1674397135598,14.636736426434052,0.2521672526812344,-108.68091881523996
-30.589947457213118,-4.0186187363168555,10.686783765691189,1.3699325680045766,3.084045593016689,-1.997442745101649,0.20579049182649295,-7.615108090138884,-47.25189587710483,0.23050097323257246,17.106529768498564,4.401633248041763,-1.6165833240785445,4.24880863978926,-9.277233683150492,-0.5128805942946598,-36.717720118119814,7.369842733197131,-1.1400160217866333,-7.219354847437488
-166.91047035122838,-1.8503160521329884,10.461384767385521,-1.6239459643695255,-2.2726888546988864,-3.8148066882223435,0.5215120370150463,-43.07927557379982,-253.73933792273132,2.557150580508651,120.70822893775046,26.349815479885216,-3.819514521631512,-17.968068634707965,-11.58100738926115,-0.06927436294605838,-265.88420106183094,8.351755278098613,1.9343419615726187,-50.10044542344115
-141.82246584052498,0.6688350242059153,14.896809511572206,-1.2461467865641982,-2.660599474793182,-4.357515476175472,0.39738679903789087,-31.131967090075488,-271.81632271360303,2.608605241827394,131.98941956895484,21.67236027128389,-3.0919404558851182,-21.923083867662648,-14.819046871522968,2.090669357546668,-293.10971502868955,-0.2000230867355336,-1.8987767001884492,-50.82815934058307
128.92783946846424,-0.6044861318992969,-4.198705525027845,-0.3265122429259123,-1.4622064472961291,1.2686577877614695,-2.4950217704707534,36.5063804214191,113.16489273957899,-3.081006780961711,-44.929785435833494,-14.392607070884118,1.1708394480512498,8.357269768011191,6.369335586673074,-1.406340934283698,108.01072988991451,-12.485052499320725,-5.863316754429621,20.710087262898156
59.36072642032122,2.232358858072476,-1.9504495893151692,-1.181555414527233,-1.4282156577722187,0.5350843605358659,-1.4705037039051976,20.124301497262998,33.47320963610474,-0.8350371863898722,-7.238921174781105,-5.990066564835776,1.5186182097495193,-2.2701994346817957,3.219357143573241,0.7598016225428854,21.209914713588024,-9.639407704157808,-2.960063118626618,8.053967753601835
-41.68671398506514,0.3383574515418881,5.419377045113629,-0.23983690610180983,1.81518526999208,-0.430869262703853,0.4676655936867671,-12.188604291731034,-2.93574419631015,1.1064839401892637,-5.20587982196499,2.58938004451543,2.50462784381386,4.049453657122412,-3.5588310470540767,1.252305580229218,4.598451480558756,7.320998768264349,2.126381887632517,5.952836256254864
244.9602093206745,3.0152172402821873,-27.56584840859375,2.272825359317102,3.3404689619720385,8.555794565922007,0.5143388360742758,54.75288299251039,476.3134649183223,-4.066444110111073,-230.64426740569021,-40.78341816827712,8.37015282407331,31.709867937750833,26.580739515616937,-2.250124305877441,506.078178671004,-4.037423301002218,3.875498107984719,91.63444766638835
54.816894634157414,0.5763689591169653,8.254480086826323,-1.2756451913187845,-0.8848896733945923,-1.3248559776281685,-1.811242379914232,22.338858457524257,-25.95656740323894,-1.0309200087119976,21.0395834919582,-5.844865711852424,0.8594591433171089,-1.622484915703239,-4.553324742050252,1.8517620763858385,-42.62363824580935,-11.182569560632526,-6.775482999768735,-1.676314500988479
-23.97849168118255,-1.7639317548932099,0.8457853209361886,0.765580759848002,-0.6480712099933028,0.3372792573660137,0.13640364649897627,-8.04704133961319,-34.620632001069254,0.7339075663935128,14.322334946801753,4.225302016934696,-1.961062747667383,-2.725713879554696,-1.858575549221364,-0.6844742132732174,-32.92111609578453,0.9358249282289055,1.2771770271165175,-8.633626221958629
44.368161209780254,0.5932864609802042,-9.850915392211157,0.2639326447189288,0.18133448963831594,2.5747700369768753,0.31399300481557596,7.599905334145798,133.78039157034215,-0.32765661892677933,-67.27204417483269,-7.731651618593039,3.699939532391231,10.606946733751718,8.465815121069374,-1.307278386779373,146.20449436389396,1.6108712529192255,2.801739718019988,28.393243442601197
-0.8577116786055001,0.0009020737818263846,-6.6519466314044715,0.018366044784048647,-1.8159062689626355,-0.12694111609568592,-0.018632092656576883,-0.9559433087297949,-9.220353127923524,-0.5343002702131727,8.602478083002255,2.7382057949062686,-0.9193925740891483,-3.7303194781492066,3.885632061766681,-1.725881366399155,-14.486072619968413,-2.177848383563913,0.2476623521322766,-6.05816813920638
-8.92177191917377,0.3614632626881391,5.816011277253469,-0.6227618536218693,-0.39058937066751365,-1.7437294097302591,-0.9179699377916649,2.489194570091745,-74.94050840049846,0.0481850400707796,41.91472994304953,3.3170928250961054,-0.24426662729832227,-5.592280490259018,-5.4363714575201865,1.65954184344122,-92.48266587049133,-5.077277290836946,-4.655771393571003,-13.989520261883301
-242.65473913338207,-3.715980785801099,32.27089796329688,-0.48059178189853385,-1.8343132162976306,-9.190947588534971,0.001943858002198263,-54.100484597202524,-491.20031968215443,3.6559458325225442,236.89445839467726,39.650081801020114,-9.629313814361648,-31.719527027626505,-30.367913123643095,2.624230239785439,-519.0795371540107,4.885278038459428,-4.247195110951539,-96.8570397207012
92.33757460221108,0.09767287204724528,2.3332849077664006,0.3175163918108164,1.3968830134497257,-0.11009397064013451,-1.351742804577678,28.512668341543552,71.29315668564534,-2.373214145278438,-28.15251295510306,-11.13644361731678,1.8765955722195375,8.724058422109312,-0.12628562706186652,0.7644953713689615,65.74558874125294,-7.897540949245185,-6.787971827743752,15.487455798510243
-147.4959271907394,-2.098447286464852,10.722914410230723,0.6650209036455588,-0.6896940893091592,-3.207098048130505,1.472521451503801,-39.16600533873353,-251.6316897417573,2.5404902139185412,116.97736947778769,22.073531884994402,-7.448276027215236,-18.48569455637966,-13.01237008130449,0.24489570790956816,-260.702859644518,5.27336850761787,1.2217870051283657,-54.63196052593102
-28.453913627999665,-0.8458437037066568,5.44108838062341,0.4686529184253966,-0.552161343721329,-0.1451115272473238,0.046421298988968844,-5.679496663729744,-56.02554146392101,0.707578430548769,22.99983590959028,2.885031296468218,-1.764771896731536,-3.8929890867557333,-5.431887926051014,0.558011978591517,-51.16113222108694,-0.20450185669291474,0.457465537636639,-8.955371704505385
-51.20399162888747,0.25900435498019014,1.2350933438252425,0.2652001484480647,0.22085784585229393,-0.3471126319743968,1.3838720388449912,-15.953609898339684,-76.45962865661008,0.8584884437336255,37.1359673896252,7.6088486098466355,-1.7316105266956672,-7.469081339833368,-0.6017000932366237,0.4667698153424096,-84.86440002001403,2.773632770539802,1.7384264043114335,-19.74278807557538
100.71071756124334,-3.077422672278381,-4.085787238404378,1.1100764457101553,0.1377976557874412,0.4897875931223018,-1.5667353657442709,27.954232218258863,72.00596632263387,-2.9059219945545602,-27.36457685474592,-10.115811020686152,-3.9078656666799314,6.065240441969013,3.5991089539068337,-2.853208398784642,75.59064071111189,-6.938526870349166,-4.591306453610126,4.831141959396837
-4.187692248655269,1.1620848079859476,-11.022834403858232,-1.5035691945789518,-2.8912534047328067,2.4835645367241135,0.7307921261567135,-6.804441444383693,27.013597671908393,-0.06901480794315407,-11.51568431452175,0.9526382270411531,-0.8890125740178666,-4.676788072067081,9.561227118853921,-1.97116833437627,27.151792056459136,1.178200039410754,4.896809177049953,-1.09880459251195
212.0592839413869,3.0810137337535677,-22.37530106519301,-0.23883172351988224,0.575620360929566,7.061403294485979,-0.3312670045399621,49.72699403678752,384.80775094416583,-3.793035094689932,-184.05710083294974,-33.6061009419474,6.45096761606495,22.21042618765659,23.220118720469898,-1.3345128698184476,410.39309158745294,-5.201922021386564,2.988440284438293,72.61009295884747
-159.77282297137236,-0.37858470334019734,16.19906389038825,-1.5098997946896366,-2.6087348614194026,-5.298946140718113,0.1548755534496396,-36.74990798188319,-279.6595810950891,2.83324438439542,133.80745580914402,25.141552234093393,-1.4647319458859074,-18.193312980564297,-16.99558928258517,2.417386900594389,-302.58613775971327,1.4782490003601425,-2.6059391983830524,-48.083284671597035
-91.93216464720622,0.7901710048851275,5.165093827732259,-1.7538968129677637,-1.1551964163863548,-1.7797720405154898,-0.11596453846720496,-24.24806505326429,-116.67066089681221,1.895033041323062,53.853500708984534,12.491442013867958,-0.32592654003873467,-10.276486670947795,-4.870319638856468,1.3475774236446674,-122.11657814156725,5.85586545404037,2.3824349161237546,-21.014560361815583
104.53931854004445,3.135548804678714,-13.081681572485262,0.40688137062178525,1.1573971628059452,2.9215166586457975,0.41295784269882435,25.83688983042942,210.28782277496384,-1.665623919221399,-100.31467141932104,-18.154562904649907,5.2175234400965875,13.206728035206975,12.43975129501476,0.07183453400393874,219.23646061785675,-3.03323778532787,1.0974413953051696,42.63247045270636
239.53567037898415,2.997832768814022,-16.65487606580111,0.9278036617840172,1.4642355701034115,5.036821612946742,-0.9018504971227396,63.04465092138003,332.84356613004303,-4.137251667736875,-150.49344539100127,-34.19294071150054,5.953636715788601,21.290909704968588,18.37479709941177,0.13035837329951572,336.51284714385486,-15.64753568501181,-4.9479498292161574,63.97897620255635
114.55432639249646,0.02709993648660465,-18.10087317352929,1.325217048482515,3.982148197415591,6.831558143975,0.8683827705356018,19.343945695446667,349.9662403254166,-1.0589338191416842,-183.6793204589421,-24.551380513205523,6.228250980050643,28.749338095923683,15.789116895721014,-1.8763829804947352,397.3307492456399,9.496439130131346,8.175280657009626,71.94526726151516
-30.179076200831314,0.4103999188027617,-4.737013469937504,0.2256443925732234,0.33985856673433934,0.4423378323740479,1.3070002431388321,-11.901052006334691,52.016111730942086,1.0176174351042453,-33.53393412293826,-0.15277370273467605,2.397654048907027,4.846828518716626,3.224368047950661,-1.1033471353848443,70.01849100554112,8.192173784298552,4.886513239543817,13.4932735780621
-324.1475583523126,-2.709141521266362,29.309533916566224,-1.1964437020994931,-3.7601194345984714,-7.749095704358797,1.0392162156539668,-81.0237202282594,-518.792650703987,5.145597669286253,243.36202634518884,48.2267599886362,-8.267424045317316,-37.72124502645753,-27.37953036915543,2.3096551837995634,-540.7628779157,12.934457265337452,3.560367493875211,-98.33350556635327
-84.91007879477951,3.4345088012561273,-2.4030296413246726,-1.0393182824529033,-1.0247324011831023,1.0695466785127445,1.8382383477213042,-26.740464765230495,-33.31965125653574,2.5745246208787163,9.502486629500288,7.147227520638287,2.3998506124526937,-5.891042430443555,2.7561720357608026,1.6601781546402254,-33.96729495865303,6.653885325072283,6.181819841838381,-1.918543753289315
131.8587062639405,-1.2199497555183796,-4.797345459412805,1.108934593722524,0.9094762633086642,0.9746391197105272,-1.449025658694849,37.34419957235996,139.72845720068327,-2.566364384417643,-61.38098777867611,-16.512157662401165,0.2195256444936362,10.771336970023537,4.357909326795961,-1.2778123512438677,145.88514653485075,-8.970421599750726,-4.118369013624328,24.51137790981557
202.5410208833215,3.754634112486838,-20.919080815399116,0.10430076177953244,1.1325716633893879,5.323367020575601,-0.7850466397584035,49.1581816123025,333.824276892562,-3.6710228531003786,-152.80444984227802,-29.642508014830458,6.407980333325955,19.721253470648474,20.743792359365678,-1.3239859827886336,338.1484002933081,-10.240365667151679,-1.0115315055752558,63.22093246967081
-297.63450121186656,-3.6213589244039617,35.44872342771566,-0.9485458983960108,-2.2926614235795526,-11.049020459412592,0.15299796350356387,-67.51036631622222,-606.025767472642,4.640989303543883,296.1960030181881,49.90549430326821,-11.096486520889497,-40.204929134623214,-33.88003705601147,3.069504451150203,-651.5383650808151,4.523298057289562,-6.1600526019455435,-121.00611763857529
-244.57387094302555,-3.192609175837119,19.541826107614174,0.16703258829342527,-0.8238380238197686,-4.700762638034602,1.2702841973805474,-64.44537463971726,-352.9929533156721,4.455820221800192,161.69735999104566,35.82685048721994,-5.98742733044766,-22.038638943474776,-19.893430643900384,1.3893068468460805,-366.160410135185,14.085315676088653,3.578990208144613,-67.31131264006704
100.37937513969422,3.0097348218487623,-3.5536968000137956,-0.1308461883848691,0.2518269699625394,-0.015136901852969897,-1.3432384026295898,30.59334072255479,62.05921735428947,-2.065391739833406,-14.57623880668939,-10.811362984124589,1.8790133739536532,1.7769270562180484,5.674189022952523,1.5327924971445457,37.09241938815918,-13.469067343615036,-7.062657866094273,9.23455599223958
-31.807606999122473,-1.329700332657426,-2.9083625431531424,0.5888674627422058,1.1238429568956607,-0.013976261039550852,1.0541654162284173,-11.04515992674419,0.8073146104226792,0.7339764251127718,-6.080375104587948,3.4413432810603997,-0.2815842410150827,2.9068165400461123,0.11990734269313941,-1.012015601298471,12.580004982657275,6.580298583285522,2.679946094651018,-0.7685329450405166
-57.183194987801706,-2.002010497574233,7.006280063732698,0.4056233025220628,1.4245890026554862,-1.031916283393402,0.1276282987191226,-15.439339798115343,-86.43446958574202,1.0801438545960764,38.050009793913375,7.371965525026031,-2.70329492140937,-2.713368355000595,-6.766052411759146,0.6160648316298538,-86.68461133794543,5.380308319429568,0.1667992428348436,-17.402004854466135
19.667585609729578,0.12963686821475462,-3.8818523782090706,0.8777901719092456,2.211593828601602,0.9107437560611238,0.7888214211764966,2.0533488375330036,93.91533076892019,0.3049680736628654,-50.10498364525074,-5.102957947209455,3.3469396794929986,11.34978747390809,3.1741274216538615,-0.22708864486397917,104.44321269624557,4.4521998516110655,0.662156040435943,20.74519710543543
253.52392678388287,4.363141845252944,-31.444775379019152,1.8650703969104978,2.3764860303251343,9.530652089183345,0.426385963697949,55.714015558680344,475.2085716483152,-3.747985448929352,-225.4718516558505,-39.14757249855626,7.913140946032564,29.31900830124828,30.990020121638356,-2.3500414885105076,494.76735775191634,-9.06215952830592,2.897293644782586,90.33849004105019
-127.53942572826767,-0.27331862578810306,14.684457298216843,-0.1598863227359404,-1.3818044816812733,-4.463938897560951,0.3540988709472427,-27.61847016971015,-261.9484731398359,2.3203106672755074,128.83026999611332,20.886667356258712,-2.356220324134812,-16.639360345556465,-14.061237284652956,2.140985596918815,-290.8886729819533,-2.176100284952327,-4.530897982066547,-48.87862308250365
153.89150562342672,1.9807919230094708,-20.797886747158792,1.5601843740507972,1.1623190809419306,4.015071586424892,-0.09815738838243364,35.681836817889824,227.41906014330692,-3.05696705958343,-99.6619261555138,-19.13630960164647,3.042803013673589,12.342252138928659,18.35101567721107,-2.0246102219483992,222.22946693844924,-9.791282576193272,-2.9467989503108023,36.038471207540326
-170.958539411778,-2.4840977024679924,22.471687573402537,-0.43614332554657587,-2.8180702907991977,-6.157185044982723,-0.7311638815684738,-37.33009963640443,-386.97107456743134,2.586191459462955,191.0427910266135,29.99184853689163,-9.070189318615753,-30.357286162251306,-21.16356632600648,1.8075667796176478,-414.05252326634456,-1.0030798843492907,-3.1022491118097935,-78.94230385004249
-79.91325576123742,-1.163987415041992,11.681098607170004,-0.5953825990510573,-0.7455517598899417,-2.297792396001128,-0.5255582740953777,-18.108206169335926,-157.45462835750027,1.7484882840419735,74.8771452095189,11.789974166222066,-3.081401634922654,-11.682460736884707,-9.901011549314758,1.8696556394745352,-165.47843286466818,2.1473274199393004,-0.0886009062375096,-30.595998871141763
65.75949995427952,1.080224627440991,-8.756848414349333,1.2974402873030229,2.67451871865285,2.7223517841714746,0.9621198728220253,13.929558264323788,170.70461743805095,-0.6698160399539052,-86.57829020199102,-13.194692324354422,3.763040943681784,14.52117045254949,8.719495169897405,-1.0954357085860127,186.03620782452964,1.3559957951794814,2.145249236421014,36.92111236387437
210.2446282297467,3.0133302725169018,-10.465954704507364,1.845009364189809,3.4621097546057022,2.58074827234221,-0.9003418084773337,58.20127420652837,262.3419103006792,-4.608065341602552,-113.10256877784634,-28.779018770514806,5.864698213200174,21.327837860056924,12.560982220341172,0.2596194869564652,254.16610347121832,-13.827806173613785,-8.14467054491768,50.38311726645051
-52.19939576492026,-1.1429878255225059,1.0887591381556412,0.3312085574115624,-0.5167669333322763,0.2221086483643232,0.3540421999115318,-17.801534922079046,-72.42558969837012,0.6395298575017383,34.715759359433086,9.256149272983157,-3.0169566332891984,-6.048569012026919,-0.2264056963753831,-0.4902949529106839,-76.87590009167572,3.6129304897167196,2.4056012205059067,-17.634193401484065
-37.85592548548726,-1.8528828181485175,10.743737019281031,-1.0505869489034605,-1.4754045394099193,-4.123067940552935,-1.3262123622211708,-4.98746423879966,-140.42727175756085,-0.23550313072618131,75.25807580407772,10.553963241896437,-1.202211247563177,-5.001877085916446,-9.64155623490658,0.9495706323917926,-163.66749817868512,-1.8619808955318207,-5.4543551331367635,-25.897020678167866
-145.68554895986753,-3.0061752739255594,11.346957067959586,0.3291559056241075,-0.7644694186349739,-3.6394048118199307,0.8682148882662695,-37.59100910373052,-236.0392177935815,1.901264569424415,109.33712621703282,22.520565817886187,-6.2764971363758795,-15.413379634385471,-13.748179762011864,-0.033592989289139785,-240.4350764549607,7.941233134133219,1.892166346909317,-49.39293520805502
242.05995008209877,4.829307792832545,-22.168477757267183,-0.024099634208504712,1.3694199702363425,6.996205378909901,-0.38745924823756545,60.39650820695737,406.8993288215666,-3.626956744946728,-190.21882367738422,-37.88830356607895,8.291592868063345,24.11431215960195,24.391685069366314,-0.03605320984507643,419.0281583827211,-11.300357753162809,-0.644600774924416,80.51496562578133
-55.10547774401766,-0.760265301590388,8.699576635432194,-1.5189664461706154,-2.08630919778633,-3.50974699967223,-1.645105844816201,-9.387360840938463,-151.9959239354099,0.23933703327008796,77.73472466488832,11.20806598615172,-2.301621932396762,-11.541842355457462,-9.557554622696314,1.6672290394671032,-169.07120702116487,-2.514137033831575,-3.1914651208330307,-29.485724764760942
-47.46552757240498,-0.3782029898309748,7.85802318633139,-1.1436905995012714,-2.34477008126874,-4.2935350926002425,-0.8535023662698039,-5.781320281010739,-217.83882036754048,-0.02584509655617362,119.87133923041108,14.90376230020074,-5.67189075887466,-18.88866175499095,-7.951052907080498,0.512082126536622,-254.39393594286636,-7.826310417460883,-7.257375412687468,-52.75079858422139
-164.07773532015406,-0.06184241622544051,11.28454482524416,-0.045540906435164515,-1.664114325796303,-3.079503805846491,1.1447311972788132,-41.01287835244804,-243.23206795978047,3.0406087727661,112.28328635271282,23.356108590325153,-4.185372746944773,-20.623031464274604,-12.18188549011533,1.6844513528408158,-252.76364566187578,5.546249407801539,3.608759191220977,-45.42786641632885
-187.18299607139195,-0.8232046951354652,11.571050717499658,-0.9710751147978032,-4.820486153561696,-5.276471714667061,-0.03158352623402318,-46.18530902610574,-334.686979605848,2.903869452413301,163.31589541481688,31.80087078928728,-6.09061871246412,-27.55255486004968,-13.904651720532055,0.32140616970684577,-361.120190196526,1.3689534234172593,0.19172316165172765,-67.31969154302067
-81.43142766592075,-2.884265812206416,8.037867125320822,0.7594997534022774,0.7953915446289874,-1.5548494166857707,0.5676393523153673,-21.883829461264387,-122.10414630780627,1.2127796150328998,52.829150700842554,10.790756780199501,-4.003343325479364,-5.21067837909496,-9.631236692991612,-0.18606831542208513,-117.3757229192378,8.039604271928196,1.3654129619251798,-25.65365290981397
19.251514517028383,1.7918230393348655,-4.9785051644214935,0.3738068595296809,0.9203105786694905,2.157558908769007,0.7748599750706482,1.197215597089822,61.59013522165361,-0.12970766180736526,-28.624198901207954,-2.669921050861603,1.227941934467829,1.0078000214429894,6.048513885401161,0.3775211164379618,61.27921909208007,0.945178287330907,2.16989672726805,10.689495661517874
-15.288532074095805,-3.007750172203055,13.22216012565589,0.1860728983632725,0.6989913855166074,-2.581302248434233,-1.0348619973272657,2.857671222803245,-94.88703914464185,-0.4007118426168472,46.123707325115596,3.5798681778802783,-2.5767689088902874,0.862035866057248,-10.958084971906505,-0.22482704112730062,-94.25900594832815,-0.725141244735665,-4.501109471643762,-15.87438017736574
127.24108082288234,2.18002819865379,-9.79911431737551,-0.7937699019708424,-0.14524144027924235,2.498864146672091,-1.0753198774035917,35.05360869182134,200.46085067256584,-1.6806395419925901,-92.09917874071493,-19.19869213052849,4.927269031519188,11.475383274739427,11.493368380064986,0.11264327771430349,206.352060640047,-7.459247182182304,-0.7401562306255525,43.1722289529292
72.93180174586419,-0.43201901797525594,-6.59746534327742,0.37666183603741954,1.9282744722108591,1.8540019305767497,-0.6805612057446958,17.336992821306403,128.04961999421457,-1.6849774893423142,-61.45653852691179,-11.096627446142408,0.883318543286181,9.752762974180817,5.433009674861969,-1.099464391749163,138.74115304923177,-0.5612239992092095,0.139994822257137,23.892849714691135
-26.73096963840652,-0.25038945682821334,0.5832747072789342,-0.4779289082139623,-1.5946201860179734,-1.6330189883746802,0.10405536161594453,-5.3120449418070965,-56.545095585498544,-0.14424390057073233,29.205001686500594,5.2534604015168584,-0.023875120843416253,-4.03508412778789,-1.4586873716038284,-0.8194823316661801,-64.05277665234777,-1.7206289889946347,-1.6419978623817293,-10.15625508462271
15.056145015710317,-0.513925532585263,-2.1955658222049985,-0.40371496345367786,0.9480688031813205,1.2344664593133174,-0.09404477202769615,1.3962034782652655,70.56804641000069,-0.2683448690428176,-38.91270817466417,-4.180412515951222,0.5839024768917889,6.8209552157718925,2.742474975060836,-0.9269939005236216,88.32300073582766,5.382231725834724,3.0830163496813094,15.0416384937655
-68.00330286332559,-0.3874429856264975,17.18660290900563,-1.1179592990373088,-0.9325418203006786,-3.7594234968765052,-1.134186601414637,-9.670694598121262,-188.75067225893935,0.8651999144141427,93.55678355413868,11.794582361039526,-1.2627530823628261,-10.545648705394093,-13.961607839264751,2.57024269462632,-204.59713758514653,-2.443405515923189,-5.267361754403359,-32.436112059130764
75.37464721252489,3.0609611560177106,-9.778851256797457,-0.49607730645460635,0.10938322993535243,2.786691190987594,0.044291796625438834,18.027490717374558,146.3431556147787,-0.6481043435135532,-67.84294794369076,-11.931432212395059,3.9725480410205924,7.331248978725185,10.760667767797845,0.5770917746942659,145.01256385535635,-3.7865126535950084,0.9714009489728366,30.061852832883726
-196.72008786026436,-1.9663776219233262,15.134565175140576,-2.399805276455528,-4.205061175973425,-5.584195053691537,0.13255000079141627,-49.43437572092602,-344.5498858693961,2.7783388817360013,166.5104430142391,32.433467777970755,-6.851256309981724,-28.54986565921671,-15.725834478884039,0.4919103778186158,-364.36555811754243,6.80437927671349,1.438997260498277,-71.1268895116154
54.582197375502666,2.2052201897018167,-13.635161643427233,0.7859469870195739,2.5645920932076787,3.2743117636828147,1.495260763010253,7.395504357602308,187.04746874729807,-0.6880599811880648,-93.05673727105008,-10.903951292542326,4.887530457323341,14.285415828901979,12.978703241374888,-0.678682003117222,196.67658536758287,4.533986925106413,3.51200582050628,37.226633687870226
-136.87299235294756,1.707999598000052,8.539311626754719,-2.727818607925427,-4.212235372589295,-3.801283189923777,-0.2675762119551623,-30.875689358601196,-263.450519409268,3.021785834088408,132.72501607684754,23.10357788757628,-2.4622451630356443,-25.991774006486928,-9.470619274637125,2.315872262586951,-293.9633921093559,-2.3250963064454746,-0.9240404201028822,-51.05566022433574
322.06817549563004,1.1976201381417078,-18.08394680752585,2.1497038860949744,4.564606104986911,6.943173968695101,-1.7109897025837357,83.97175048163425,488.67567057114684,-5.537869938896693,-231.96792919293145,-49.627603864051906,6.506084251282545,37.66035341449263,20.39314520471617,-1.9308867110280779,521.9654408903455,-12.353655326583697,-3.3967272709769434,95.481262695758
-16.663752800455192,0.8609075388726043,5.913697770385979,-0.0012318803855315226,0.26246330899518355,-1.3218372454091867,-0.318261524245657,0.07362388507641926,-65.89907182544496,1.126254289917327,33.154595631010885,1.9226959396615666,-1.0016705014377438,-6.744512023872487,-4.777525458328726,1.7332690077099517,-72.57062885696341,-4.499041249256208,-2.3035857909798376,-11.341389222425288
46.90874755021842,-0.9570252753855863,1.4499107983372155,-0.3244171620721597,-0.023829837415440314,0.8145762660162319,-0.7345727715403431,13.765575706825066,83.85121007261475,-1.2287973192986286,-44.16765311986092,-8.173793703335916,3.1582451277792547,9.925179295395322,-0.5734960840254302,-0.6043536138843018,97.87327064582077,0.37657852781418466,-0.6983807988250909,22.725189445569217
165.76685864704677,-0.2186883395282906,-9.864261194906728,1.4992909246592288,1.9919713402447492,3.0139382527936918,-1.1373894582003912,42.95624869415034,209.91150846590443,-3.2516045505236892,-94.13860630353805,-21.802137975643205,1.7695521917906938,15.136969151622928,10.412282141254774,-1.1247386256684058,214.6428844184627,-9.144433380865584,-3.898383178166109,36.698039051155206
-130.03108036904516,-1.0651109909153886,10.23408046043193,-0.4331548768781857,-2.331019162908192,-3.5710182251346394,0.25370836702546967,-31.872867267896083,-235.4162446355413,2.0104328487060346,113.20572877149992,22.0047984869701,-3.7421706070240113,-16.180636436023846,-12.398270786331317,0.6971352808461965,-252.52356534852248,1.3978283312788347,-1.2441897496505478,-46.09330105799824
-5.558755607908392,0.3631408479814735,4.467672887820505,-0.5879178921192634,-1.9658807627831778,-1.94492008470747,-0.41014910587672965,4.008007467565115,-86.32970965129986,0.0918224256295348,48.94386777315267,4.225023186904238,-2.2712087682445254,-10.313497498016806,-2.9996626851930266,0.658516756245564,-101.95149299248914,-7.1360788712215015,-3.4506511509917246,-18.712902440853014
-5.590619112948736,1.7554192915422373,-1.9666602213980373,-1.1434040428732979,-2.4012716618437637,0.8761280778006935,-0.3200038042518553,-0.5767951024829707,-0.6478393723800171,0.8915401964125387,-0.5998892570143102,0.17999682911632686,1.3227030735461427,-3.9440783864316558,1.4634328365096607,0.9459785847102996,-2.9448213236573126,-3.1299803324779165,1.09527895905117,3.2135800464844504
160.75992446523392,3.34525970062612,-11.792833141814649,-0.01801808193478136,3.9241972503935205,4.392002330021082,0.23505093826920784,39.479137606026114,339.29500829591444,-1.7775126111293775,-167.60763224477125,-29.848768652256737,10.074333875049685,27.858504048776673,13.629096878248067,1.3262565566689308,361.99702045287677,0.15298077277636035,0.7126858814255039,74.33459616219217
57.68149674150999,-0.5927257298225355,1.8942094958141475,1.0672751146926642,2.639586660207058,1.8719133282215838,-0.3568053663376287,13.16255324832774,140.12268359555975,-0.15550978751943356,-76.91647083649973,-13.775593511229072,2.9967836915666872,14.259332303177214,0.7622147208349639,0.5915362414008002,167.22390014906156,4.306873643758924,2.2332599062032417,32.95290840520925
45.32817732756862,-0.7260842348045953,-12.328929737815555,1.4332919847427927,1.6720898675695521,4.106708768898903,1.5395850813075491,5.248256708881373,194.36957981069614,0.09471756558594546,-106.21562091590947,-11.369171280115202,3.1624655939377417,14.941802977888898,8.614773297664419,-2.5430917739091554,228.29460346425532,6.9469337985315285,6.960335103523964,40.66340609754754
-110.95831529460673,-2.5895181246589454,14.775714608237855,-0.35894452786878595,-1.0248761381293887,-4.243035636081647,-0.6045089311360261,-24.297594067910474,-218.40329693009812,2.049401204104429,103.98542140374477,18.129194540233073,-2.9152107532244633,-11.105269664955834,-14.624174848704406,0.7895626891471598,-232.0568663223616,0.23202821320186146,-4.06264638023203,-38.23126244832198
20.945344430182015,-1.596402213787117,-4.6737077629057495,1.456572137962623,0.7675966053045249,0.9313909226155452,0.4779942440339915,0.38101260079053656,65.87053986433742,-0.8224218681145148,-35.76227107750708,-3.3649239483455515,-0.15747144268300023,8.2561760644085,3.112459292766263,-1.3549565627422717,75.06030745069023,2.9274025811709254,0.589929183438447,11.116736244558275
151.74428590519003,2.285384702677841,-24.743432687904846,0.5965805564616895,2.296780014775151,8.486036482249062,1.0818209199192634,28.048702257127527,411.6055644803357,-1.619873107421942,-209.01178907231233,-29.796813743774905,8.712975903518084,29.83304402283375,23.706920546741365,-1.9713481634942704,453.13411508717985,5.208601018842143,8.517597509181117,85.30692860670167
-26.910324158475092,-1.673226090538534,6.860812627125306,0.38016269928567165,1.2069516816086518,-1.4318696205591535,-0.590494401400185,-3.99885838800724,-70.544038396486,0.8327851611978745,33.51964907032934,4.425163187754096,-2.39678110592045,-2.7008785376815574,-7.092975775696592,0.519880965603319,-72.3627199865996,0.40196539485360105,-1.7075416368801788,-13.947597127917652
101.8773188426782,-1.0548104298642869,-12.198458513609559,2.9765929506807254,3.53400560353856,4.096461827490744,0.7321237205496156,19.57470376138443,250.92837719466903,-1.7038401552904943,-129.3730529917965,-19.16759306490963,3.2466892651146106,21.825499455410448,10.158552247301484,-2.123074420583695,282.3529595676677,4.363224638410051,3.777085953920812,49.329389324731316
-90.03439636823305,0.03178251870813198,10.317663637508995,-0.9529112164277413,-1.1563354476010375,-2.1094162734593187,-0.3769563763836206,-20.31132886137287,-166.8101439278087,2.6343112508757245,79.01054739679111,12.611178125353565,-1.8925620453238026,-13.96272186679947,-9.164079263941687,1.8465184847909648,-175.41138081415846,1.293405139391837,0.3587089573100595,-30.551489303666372
-94.54235277944245,-2.408444342077397,12.113094327301221,0.6933348753996235,0.6838838253503838,-2.011684033203034,0.587999799929992,-25.246779757367783,-111.55169516150437,1.3575265489372645,44.81531665587956,11.649479572130028,-1.3827371547401117,-3.5498846175201315,-10.865689062013526,1.0124459331304483,-104.1496695244735,9.463338850587428,2.3721368782988894,-17.040781168035878
87.8031977702159,0.027877935974300966,1.9540352728255805,0.47412414127838093,0.9178306853303825,-0.4440841546085284,-1.2627427999496796,28.76794936066497,70.80472414807849,-1.8748945189189012,-29.510539339504856,-11.430823443178108,1.261739095713026,7.96700866802579,-1.1833829374210234,0.14640487345591213,72.43504376022315,-8.032069812434942,-5.159629938465175,16.56899166714835
-155.06096200975662,-1.9884877730406199,14.740206904473283,-1.0318646794071966,-1.061051178637037,-4.373920040266592,0.06888418649659891,-39.43906058456827,-259.4507469596934,2.3370629262875635,123.29070567373594,24.939656089700843,-4.099757642289281,-16.65145406139303,-15.276627438194998,1.3106129215818891,-274.57241669782866,6.736423608017383,-0.2445966558132849,-50.45364223947347
19.827867347750118,-1.1399711927163303,-0.39838415664059434,0.10857867196718574,0.22774819404183758,0.8366282534367293,-0.18367567072877553,5.28504671965346,35.64121448680293,-0.3355035474344034,-19.351920567746184,-3.0102891523891646,-0.5927312418042385,3.509057989823417,-0.364718931925588,-0.06247918331366367,42.35911317792445,0.6078443866834096,1.043890159005173,7.001578317474473
-105.50218027567149,0.2034642798170646,-0.5007361229100546,0.725417082613678,1.0532105608433928,0.24086361917940557,2.55300073171313,-34.304064184728816,-41.842163790824536,1.9711312243278982,7.761476909586979,10.278610139891773,0.905175259795584,0.06434741244217573,-2.4970521967650474,0.1440964157946083,-30.511305875660923,13.656060554105531,6.090478267337429,-6.176616766113985
70.0491573072851,1.6064148699581275,-6.151322943434391,-0.48551319274035953,-0.8389688068921015,2.0205455897536835,-0.6764060021592091,17.5755261944173,119.38262525242352,-0.9826224080143171,-54.88929063118741,-10.586470362541249,3.60109870701657,8.12064396249114,7.212718819432791,-0.27136726090500146,121.1473288798105,-4.094188270293714,-0.129971886522375,24.93140111208318
-47.66177576445793,1.0146282968828992,5.295079765432657,-1.4388911311691392,-2.8437471221459933,-1.1520771881483456,-0.086961090408527,-8.221148588582887,-133.7991749133714,1.1444253278087624,67.42581393915604,7.819214836397899,-3.3862612947892856,-16.600591010622775,-5.040783434491866,2.3995701725596144,-145.26399659565857,-3.6929745876063635,-0.38522360029483005,-28.60450157705866
-156.6263659826894,-2.4724904773765157,20.450544995906256,-0.17775401248617415,-1.0370763687635158,-5.10913190940271,0.7223248250405045,-37.844503002030024,-276.33440188725484,2.369824436954476,128.9232142387237,23.296671317511592,-4.267710592626748,-15.770777623163424,-18.098900969695762,1.8185952963459109,-289.567291643175,5.834005487900637,-1.6357800089093053,-50.659957327994526
-20.93867881238861,-0.9287476603759195,0.2781588760251995,0.7472248028494961,1.0027292497575953,0.364011475149843,0.37668209020614263,-9.277926239055256,18.407274905039515,0.33762126354043964,-15.489845458818538,0.557530049627219,0.9743848890019807,5.023097389888426,-0.8362242274983118,-0.6619116177209773,29.370008110017203,5.081581291168158,1.7293179776861132,6.19902751981188
144.96138679871856,0.9369427424627841,-13.48329292130745,-0.47128608292836865,-0.4171155897857241,3.334975017336051,-1.4105273031248553,36.4034062367492,221.54678365423266,-2.1428474558035355,-102.50798630328984,-20.91698772476654,4.279130274438104,13.412134886812659,13.132375185537398,-1.6890284492890975,229.79241370950803,-7.987063532226314,-0.6626824385989168,43.14049986409216
-84.37677822307835,-2.693169044378582,9.937014618326067,0.6407821358016363,0.30595770244223996,-2.40267663010873,0.5336545461584887,-20.78985314181633,-136.05891803226743,1.3643334186650953,60.61100300387354,11.600741523823107,-3.0886068458416513,-5.793121886773316,-10.112789564578817,0.1412145832651469,-134.9363416544833,5.403239374219213,0.1889941131804,-26.27501470196515
148.91477258580466,3.332098060672637,-20.226885723861717,1.0771514048617024,3.53495849415839,6.556284984554377,1.3464521878512032,31.246913365296606,381.2832814508415,-1.658796630544741,-191.81899031712965,-29.158489369340806,9.316810544743687,29.7414561754449,19.76048523752353,-1.1679450808317704,413.9957840100847,3.511395936307081,5.4731543604402715,80.68644474965463
57.57523676139507,-0.5786531916555671,0.5950669799163039,0.17539591071215402,0.4766827328178818,-0.21602270234346965,-1.74901814515771,14.905042874783605,62.79680492176348,-1.3280444651036387,-25.420489447591965,-5.67213948926371,2.6224194498148097,7.632661213731822,1.3131757733930733,0.08588567118950208,54.19036980528062,-3.6783098864660433,-2.890327377888156,14.923646635955595
186.21629526202568,2.4485559988936254,-21.59302194192624,0.6535615961068592,1.5573227673285106,4.3684145310122044,-0.24700148453408308,44.71509917061578,327.3417388496061,-3.406864898807201,-152.1733745605808,-26.55346460802787,6.23564830198465,22.876169315312307,20.684905234561274,-2.398108282414041,337.7994667263533,-6.733360667987708,-0.6535587724926694,63.804270485785
-38.40329391137752,0.8136788812894724,-1.141543538629307,-1.1864931557715706,-3.1054928658771415,-1.662086204321675,-0.6855404248116485,-7.985349550942543,-95.39054609429836,0.8548137338103854,51.08244947341524,9.075138966888174,-0.7007049154539435,-10.426408482526039,-1.1397398784517232,-0.2898411760475581,-114.31609576157692,-5.9953835520860945,-2.786672493961765,-18.822845090247384
229.79771516247516,2.3059043780335844,-19.72861936489656,1.0370952490212149,2.8781333135537763,5.548024391374407,-0.5988521669413062,58.16635462707899,356.14107340982713,-4.196455249165409,-164.5609046829758,-33.85141123214195,5.6806963935548795,24.400311543767728,19.418357619258504,-1.1373380325530578,370.64210918431417,-9.399908857539078,-2.1310528560961077,65.4897367633809
-76.75375610240002,-0.8433739685161225,3.979068886093155,-0.944517710074844,-0.9738366204097131,-0.9009141966596268,-0.1553421461350107,-21.52606662865731,-87.37358355777732,1.3129092341139346,37.0552892813634,9.953066943528254,-1.3638118725402344,-6.691189037154198,-5.122296149905502,0.441535131892019,-85.54646376055585,7.253671692505762,3.1027486722461224,-16.943748405288122
-131.2482777975191,-1.5196048845377472,9.945311758034125,-0.6076063815096558,-3.4748576728072016,-3.721403383248661,0.05743846745673724,-32.44611189624813,-237.11639779589206,1.8594083614275236,113.3108570403151,22.550994314004818,-4.012030674278018,-16.578482472778248,-11.893951224674165,0.13840638006931466,-253.20429291532753,1.0977897846610276,-1.0133134129826207,-45.50026674889306
189.1773964188919,4.845999266705728,-26.792714555566356,1.2096680037075191,3.9462922950573405,8.111723334991972,1.5796293219019435,37.918701758204186,464.1314848875216,-2.5155489044103465,-231.23708800352193,-35.2419426904295,10.690524928622423,32.515241202652824,26.76970503203093,-1.2398849681264128,498.76581225812265,2.343926879841882,7.028249686389536,95.09474509754116
29.926209692120203,-1.4302656126649245,-1.5886729548279401,0.8546573124497785,0.07600466078798651,-0.7649523675195307,0.011089114715403395,8.835412474458055,21.552559086193796,-1.0378244440667144,-8.458251185928615,-2.6900049475602654,-0.8432440857680805,3.14001046844488,0.44834931830767694,-1.5415319148875137,24.519621987650606,-2.878574684949757,-1.8247274469692487,3.29430730657809
124.84873557415844,-0.25576773005710096,-9.668428141034124,1.2163489689279803,0.4136063463080337,2.675264291975315,-0.2908427213906618,32.43344897749179,170.44928084616905,-2.274000332923345,-79.98240571059821,-17.39391694743383,1.1885230688842694,12.928748140758378,8.274903166326155,-2.424637620068072,181.6172157913442,-8.147155882608008,-2.430484551076991,31.516716843011235
82.52679661049613,0.7852307672809332,-5.604327518158771,-0.06566787392945408,0.26869167247517634,1.4542721783576218,-0.9619183613916814,21.188336543627532,131.9276481442994,-1.7480683948040912,-61.09882548911474,-11.732198311401293,4.22470859115759,12.373511621491911,6.398628565279302,-0.32877774653684144,130.36421588468022,-5.07209060786314,-3.299318848169176,29.696770058915032
74.27622134954747,-1.034410237867673,3.0026246372907286,1.597253377826603,3.5208647823069956,1.2751567536941388,-0.03621871913726487,22.015930660718382,107.908467242717,-0.7898407812964745,-55.14729047997151,-12.456679817255097,1.653601337163167,12.917615493650425,-1.4317828043123746,0.5666326102525927,123.63541638227177,-1.2554644637308314,-2.106246633733661,24.50993594278772
17.497474731775732,4.2986509270547355,-7.821499814708199,-1.124732840295448,-0.522841027238163,2.911125397613315,0.5581803617299727,-0.5650117082746464,136.13313341678062,1.0425284723243147,-71.7829401951774,-7.7727252802352815,6.760111939867439,6.461036347399179,8.836686246907428,1.4447319712383437,145.73217293193764,2.224662222920679,5.339064303929223,35.59299405937333
167.35185026847336,0.1298210452764037,-15.739704373238038,0.7616939879861173,1.3405426408511842,3.6670653452896236,-0.5117081503379203,40.72006110747893,260.4377225859798,-3.8701737760674346,-121.07730082702903,-22.769584923128665,2.9867094314424656,19.51323504258688,13.368115968890349,-3.0056915212224737,274.0406101969109,-6.400763847649486,-1.1154990649152683,47.288088381126876
-256.4628449525002,-2.5912819982230433,26.767235076518062,-0.7137053162485867,-2.261138826954957,-7.3235384949736755,0.8950995226858652,-60.041416661048906,-447.13272747248806,4.612533794560622,210.95957912274315,39.017281104871664,-6.346278678884628,-28.95590728026916,-26.33189187815335,2.4165590364927025,-467.802787528698,8.48602341978661,-0.5114398450551104,-84.44088134416064
-145.78570874449736,-0.9269453393781384,24.685988585504784,-1.0877176075092705,-2.26959779951434,-7.986880931956838,-1.4865633824659739,-26.262774105242574,-428.8467666436308,1.6388098999926264,222.07167176307553,29.148125060513618,-9.238849656470844,-34.835497153206894,-21.609602621780482,3.4856983799525043,-483.0378002288143,-7.457857346774048,-9.056268082412435,-91.43254143664718
-16.556703763405647,-0.3586091028829141,-4.525539469875142,0.13337888051487257,-0.23539467505440517,1.622607784618641,0.755277198084373,-10.00218942035372,28.925586149317102,0.2972817256634209,-19.40806375383631,1.048642618314752,0.5720786872178707,2.479420897923351,2.9647581470688844,-0.691647811872845,34.969888609679366,4.520786449458818,3.1795207926943245,4.216651908487949
-78.78206788373433,1.2734875471398952,1.5506895497392925,-0.8596826400898275,-0.25051376688749305,-0.9844488547042892,0.3454506942591481,-21.15933116962933,-111.72059420937275,1.6734100023149698,55.069627559128826,10.956362894602636,-2.173503812665463,-12.983558233218812,-2.4352398389308063,1.099211515556925,-121.19030105380519,3.553972577425938,2.8420553904379626,-24.929777008838183
-125.98973391293934,-1.2780625407380535,8.656387847799321,-0.2974308593691289,-1.2510781596542837,-1.6222598571837825,0.8898661690908815,-34.10501195079086,-195.254887393701,2.5748211771089595,89.39635548081402,17.959978425191043,-5.569218195239604,-17.6603412424496,-8.67795704787409,0.4705011270337534,-197.0688090222544,6.5336052191629665,3.8617434788867735,-42.651743981291965
39.00324826386686,-1.2450312698280979,-0.5550721577919681,0.13807651473297383,0.2501788836975274,1.0940054445009615,-0.686133190437875,10.414864023135264,61.34899584007086,-0.5658164565121404,-31.81840944560146,-6.877619238024005,-0.9612750794319889,4.638159950674128,0.5221359871230883,-0.35366815804330703,74.99065253582701,0.78308647518549,1.3952892868524018,12.136175133243373
-104.55256362259327,-0.46452062825811125,4.015874015096028,-0.5848907800270825,-0.6402639132471737,-1.6238275078833184,0.6378478484942492,-29.302775387042477,-143.0923928956991,1.920327472833388,66.87661934999733,15.702260935845207,-2.690533757926994,-11.611325712014782,-5.4637738456152825,-0.04407232445454401,-150.78085500767438,5.69798754824711,1.9676455507280912,-29.991807586335817
-72.57824986920903,0.42651233352611956,2.4609001596352833,-1.5240540469043649,-0.8398517998838,-0.7555469080545751,0.41262304754088425,-19.8962606645184,-63.74280375401857,1.6303073241488957,25.92106516108615,8.615359327217773,0.7204428250757081,-4.017630198800805,-2.72650222852723,0.2779408006616846,-60.99170268601663,6.058464997735458,2.2925222783186583,-9.386088430394738
163.972056268229,4.745541491543843,-18.69460780092291,-0.8066084721727592,-0.6879605829600534,4.2713793781615506,-0.16080943275203546,42.1403089615281,244.1179549830697,-2.2910452974463276,-108.70560160337868,-24.030898115912425,5.023829954050822,10.258141697170103,18.627206436955408,-0.3875291443294726,244.60573345443186,-11.789810736341533,-0.4495344433898809,44.840797839857395
53.102515644918434,1.9434839880492296,-8.046499176682213,0.4880318347505605,1.823007991640113,2.0308112484609797,0.2609520479318116,11.009567306117464,141.43061605861965,-0.5973461384165011,-70.41002663252583,-10.605744893010051,4.2724842920609385,10.51579914155987,8.144550047516248,-0.7718950438244604,150.81948455645448,0.051717115382349785,1.533656048871709,29.895010493630373
101.54719608045714,-0.9126758255415872,-2.522718679317932,0.8634640175542145,-0.11247683664261343,0.6638517244321929,-0.6796770747300105,28.64410053354974,90.98440636027784,-2.529711620709066,-38.267598561312916,-12.322787032394784,-1.794596671155121,6.148395591802177,3.63810560025214,-1.1845919082405283,95.77183801208615,-6.709561938662056,-2.4899277790004923,13.112502456685235
-28.125664818106493,-0.13780867860212043,2.8376954151218516,-1.432219939580309,-0.01163451673149929,-0.2316048772798226,0.11309728320216213,-7.846198748073877,7.703258889518966,0.4660097814550546,-9.612850489460426,1.6686733837721772,1.888802917794668,3.8212469484055336,-2.125202896593743,0.4920379883143986,18.246740929113205,6.925055957346147,2.097159919669847,6.292653066857826
70.68334208314101,3.7735577078292777,-7.128785740095271,-0.216559513063833,0.6850094202060304,2.3887206299524606,0.4470073797682669,17.46142736829882,145.20397197415073,-0.9774548426795431,-67.75170225020473,-12.989600053940038,4.763640671903795,7.859167123428584,9.767681608758746,0.48485837138556,146.05508650245622,-2.4608429408954438,0.6361325906515869,30.9010702389632
-138.57294060268012,1.3611424844115918,10.625753117265692,-1.786828645974447,-4.162438147676571,-4.194140486123761,-0.1066646483170429,-29.85684012859885,-293.31030234098984,2.5454218534279787,147.09133602306042,23.365141817939765,-4.318615053279433,-26.744415711795767,-10.95979495311768,2.127402622244484,-325.3521111807804,-4.630647985092379,-2.896418449866818,-58.12206680475648
232.41294251457222,2.3881580637831297,-13.812530654626544,1.175828088895419,2.4063279365315418,6.274895392029304,-0.6731668828048857,59.08425902806548,343.2733387612987,-4.042875651255974,-160.06196111676192,-35.699461223489344,4.188366981795763,22.1602927096402,18.167031446841975,-0.7048346205785945,361.5132379317294,-9.74701366464112,-1.0191134656889866,64.44286234475733
