X1,X2,X3,X4,X5,X6,X7,X8,X9,X10,X11,X12,X13,X14,X15,X16,X17,X18,X19,X20
6.095835504330471,-4.509149383036334,338.69371795364214,-48.11857532120878,-9.268972779162114,-1.0878970134733792,91.40421791087601,237.32470129613785,28.19059834136832,27.227750984384592,-15.409244569989275,-98.25548354054244,1.0055063008254224,-3.900393953482096,-2.1857902254701895,22.232291841729612,-6.765516715301137,20.97605073270513,23.156132452846013,-2.180970354097149
4.594072949914821,-1.2784545509763838,393.95396743212683,34.138718037968474,-17.330694957434627,-0.46852961011776706,152.2745611751362,379.34647300606736,43.68343615854831,27.509050306770874,-13.057563030464946,-114.45058190508983,0.4009439130315165,3.375611814342129,0.685918825455854,18.81246221166842,-7.130880510336098,-34.10991934717179,40.91633822417347,-1.8738023808962425
2.9357462054690604,0.2852876381798799,112.48877349145337,-56.218571061480034,0.5586950951194911,-0.5052845016059773,20.796796149255048,35.53000187809777,4.110421976726078,14.838039856035047,-10.060058360416138,-26.942770085719978,0.5919958195964985,0.5537070371597077,0.494733841585685,9.332786766356875,-4.299227308887124,30.617863883454824,2.4201375313281557,-0.6545987069763843
-2.9647639571334485,1.8687945757337179,-198.6444037565771,10.510662450313323,7.226891269547285,1.673909217946469,-65.05691014367594,-159.12692233685164,-17.959183987818943,-16.211006345509595,9.342855220430703,56.23926285271443,-0.7255430727438286,-0.8336989936522421,-0.38758133990682864,-11.483656450935252,4.881472710820729,-2.1861053823573124,-17.365712439135123,1.1702226439806598
5.461646551834691,-5.873383755921563,335.8864741221011,-87.85695191125218,-6.17776826163547,-4.796088642396047,65.00375835799294,192.85469948609756,27.943903275512913,31.742395103390773,-15.751327686618977,-100.81250046237443,1.5809877613270718,-4.997757230461513,-2.8759049697454286,21.93459856820312,-7.326331552624664,48.837373188241244,15.98096394808032,-1.0572946245074282
-3.056097802313534,2.3512216068212997,-167.17516510306885,61.59836460162481,1.2096260026097365,2.949113182337339,-23.599930061422317,-78.10100435179064,-14.397220465048324,-17.336876161959207,7.599609357094088,50.019919858533726,-1.0742581079306748,3.3691138734752686,1.181509096831324,-10.300903941976635,2.504986220284188,-34.25411600089197,-4.8284406176924275,1.2883619294095674
0.2340034731903975,-1.4874146011433553,17.75269717430633,-19.580217829233632,0.522086230688707,-0.6292936517108669,-12.237189298360944,-5.631610197459626,4.950815777447502,1.8156580775768683,0.8862822315762297,-7.202776119966005,-0.697192556347193,-3.05561480100589,-0.6769724372820827,0.6222169779237174,0.38962349821493797,13.848543013121283,-3.1328322888272515,-0.2804026612494066
1.7830999314649123,-1.8770946955394796,291.10056865814414,52.94217562686125,-15.667601197453711,0.45815542027214995,119.5003721779714,316.3115832004937,38.44794296366181,17.23100571020533,-6.5411261189945975,-86.77656248393959,0.069881839483208,3.5263089453559218,1.0450404479182172,10.977253253549938,-5.0005792600061,-42.776536656994836,34.31842046608671,-0.7138240269297044
0.33350684469379077,0.29848675576370076,-42.94616483129546,-24.84087839767162,3.7847776240200086,-0.028000262230648443,-14.222126896303898,-68.8536848853241,-10.623409344564623,0.4902483736460481,-3.6299021554422426,15.89596501856084,0.527002107603401,2.406997590497167,0.1413527395469266,-0.2622068823538487,-0.3673101392145577,14.9182587004064,-4.1370563615865175,-0.2572539185209617
6.271537802834632,-1.261402848163196,371.93011713819857,15.549741397775785,-15.271729316107137,-1.1031804175235458,143.20155802350894,331.7649327148047,34.8963449507841,27.504319493823044,-16.709256706058603,-106.62020931217921,0.9125463996754388,2.6431356621258213,0.09795922620501596,21.120473339288964,-8.19854280471318,-20.283578367341974,38.406570688139404,-2.886244610251132
5.1201031105928125,-2.317806035503968,308.9299887280142,-6.494900560633675,-10.65387190105055,-0.9142162850714151,110.05564286306108,256.96115303739356,27.70223754039672,22.28929901921679,-14.562981860720297,-88.59857996799872,1.1677141993858418,1.2137219452829413,-0.5225471795890558,17.23153188088756,-6.366571232722581,-6.37901515779173,29.32845755725838,-2.5396833739814033
-2.4744961600992634,5.858908221022406,-156.91664055760398,73.60325894930835,1.27785667683224,1.3697234753524472,-13.497909447418202,-56.09607604253085,-11.030306107125245,-16.231101255035416,9.633924917377438,44.95898347628465,-0.9090038476294182,4.8044186917702385,2.442199339288061,-11.827427075794722,4.213338473017968,-44.15018162947422,-1.166912493155275,0.609765894213296
-3.9719971711077173,4.158007823131252,-232.75816993410257,77.61014271502869,3.046152813661589,2.8614594040606027,-39.91967435290185,-114.28095383495614,-13.548118843111666,-22.023183761406553,11.897437152134898,69.78123578590754,-1.3431653795430574,6.58519541239843,3.4920008779851077,-18.285756846029063,4.869731860423629,-43.942689024040575,-7.823174667386997,1.0072939018116291
-3.780478296439013,1.1482255548818319,-77.96156176308743,94.40796300026673,-4.414494591763063,1.8015625789458194,13.435231915241415,41.37010125070342,4.735366450150539,-14.004562574364355,10.490698575658147,19.52158442686389,-1.8249491491307395,4.750695528336359,1.5289688171365359,-11.464452740402947,3.357707392767479,-58.63946251364056,7.107672804259726,1.4125542018028567
-4.8045886115662615,4.090237023599063,-385.7386444039328,-4.800938660376415,15.871101513508536,1.6556796427339753,-131.33038552738964,-342.4374232297775,-40.98400332913895,-26.193295800517646,13.403468083712283,114.07668381616105,-1.1116053908153007,-0.5925537693571679,0.6112067184372163,-18.956326830011335,7.1364010811469,16.094525265644418,-36.20676371505194,1.6157153070218815
2.1701429544164554,0.8434458624371866,150.3016094456317,9.427555899211992,-5.739987688666048,1.8735190851354422,58.17470020935289,144.26004872218752,16.963366868351578,9.369142359865942,-5.136335348456555,-40.637442134107346,0.21096125233785895,0.48269014073913774,1.3125331587225484,6.121586463203796,-2.7521041379403344,-14.845438640237013,14.959194732732316,-0.22091529247009437
1.6806177853855582,-3.970258874359868,157.16048850899543,-6.691237648158534,-6.817771702561944,1.2021329208149414,54.29790554617915,131.06289166462614,12.340688954896162,9.954243250338854,-7.1351613253823825,-42.5158750522314,0.44493072376258763,-0.8262159632395984,-0.7892148903205451,9.740251544683181,-4.17799271307168,-3.4556362964073473,15.215364418210791,-0.25018714618355287
1.7595235202029447,-2.072170123902926,63.4864833287101,-9.052469929555953,-1.7435913720140048,0.42577326694625783,21.42731455134578,40.89790210855134,2.1859808356280572,5.829273383148735,-4.233845129990355,-16.722280731741186,0.49329798323533924,-0.3435771768447333,-1.1862013785328331,6.210794904360983,-2.5017374356000177,3.7335467096017654,5.30204921127248,-0.9747314434683746
-5.512439433265636,2.5153144396184306,-372.64394702984805,27.47052010022045,11.751316677951046,2.0521727593858974,-112.18949735115315,-293.53778743723,-35.20378629904727,-29.191841451774366,14.361612007091594,108.98236894061094,-1.3416996224482032,2.0283446095144377,1.1820866070927556,-20.66153917406868,7.155360476187437,-5.7703968460128445,-28.906638694960648,1.874211972601743
5.517013262070308,-5.227023677759951,381.65487042093736,-17.47401881562038,-13.996820135274078,-1.832477230031528,125.49093440501382,303.50663552632153,33.03032642542049,31.061510265855297,-17.971304648327386,-111.8850127904556,1.4785234302603254,1.3190015905272579,-1.764360302511221,24.197094465806046,-9.090638586924978,2.4407988932256086,33.97003663381347,-2.193666739438693
1.578797553903573,-0.7709954930587133,92.35015388865192,6.745030842422139,-3.421380579420969,-1.4249741111336747,30.74657827239499,81.67757891426572,10.100972506479321,7.6946647575875335,-2.368699879354949,-30.17924603201718,0.6871326198402413,0.34421536453115165,-0.937191316188449,5.018905179562737,-1.330754088663825,-3.319199410001554,8.325331537971506,-0.6242929064914623
-2.6796529860472433,2.997993390070424,-138.1553451801289,4.883789028391069,5.460012529775541,1.0905621830103354,-51.556820292997806,-105.50290055324929,-9.507902413983917,-11.154896705546928,8.503096896729227,40.48661721032281,-0.7587872464447252,-1.1852679601653653,0.4249820246812366,-9.161027533635362,3.4187440374894837,0.20997532275505093,-15.383146366747916,1.6075610294894223
2.825869248085061,-2.523561177317209,342.3341611614142,43.57071992904943,-16.49587482486668,-1.47001548468684,134.33814543625587,348.3773697268848,39.2739715289476,21.665469245306422,-9.346730306596768,-104.17584922026312,0.6932884708345304,2.346035599235477,-0.04578674563554386,15.3875474491076,-5.3184397051791805,-37.45529041561192,37.161456920696295,-1.0468998539751095
-1.488211685519381,1.543099450013701,-110.46631056619067,3.4692747502720986,3.887314141351795,-1.2201566994743953,-39.70022430565556,-88.81435101634494,-10.698978629236908,-8.036714688697447,6.33789179594042,28.994943703823335,0.16300114525938333,-1.7706502085628713,-0.5549760444034281,-5.582983798310224,2.8589092892529893,1.417049890459162,-11.870791103223121,0.7324417884020668
-1.2022534561630265,-1.1260124260967976,-38.27140057041507,12.001496611601363,0.5437753193521955,-0.6864714102973037,-16.339917952064273,-20.212859650901365,1.0058347360417677,-2.1755079418701793,3.881771022764414,7.051111735208335,0.10995203035096278,-0.1335706318918467,-0.1741706582785626,-2.447211993520269,1.349681995595088,-2.9580840052322452,-4.163776229965329,0.17487301860910565
0.0037413619906739304,-0.9479836202578555,121.4026252852105,62.384426742585276,-9.217585820291639,1.558660786672016,69.78381737311781,180.7504270094422,20.676598439856534,3.331863675008745,-0.6634565699292367,-37.41975948071238,-0.4336839071052865,4.374929522803422,1.944220088651511,0.2730300568566002,-1.2792693027160185,-46.66857823177719,21.43083038947645,-0.03339126234746048
1.4239708633317136,-1.830064572412884,51.53594550982528,-39.006042154628865,0.9200759269401682,-2.2780078031493853,-0.5154779721767726,-2.643885326144575,0.28795642092262597,7.314507407230055,-4.6380124533412275,-14.9092149095774,0.8777586620645998,-2.7298462288392664,-2.1479100959080504,6.130815057933272,-1.8880923268944225,26.673526944670712,-1.0436889814558774,-0.8922872166802622
4.4657994781352,-3.5398367058609344,411.6565848919098,69.23029246156966,-21.71774690753372,0.4157427301740682,178.21322798901625,431.42802031674404,47.55889887990124,24.90389214986721,-13.381679508513093,-123.02816942193924,0.1117398084366853,5.864827976468197,0.7524348563231645,18.337981990981923,-7.761485331855903,-58.311209152010434,51.95729660711556,-2.434202319519321
9.156862171826193,-4.880879255058226,640.6009480003746,49.016076145431065,-28.29183949342508,-0.9780416073628411,249.59486421463242,607.0652323379275,65.63812486042,41.891008312071854,-22.389879042198896,-188.70003940534494,1.443731929831722,2.7213942766849866,-0.31518971755331654,32.23076706577551,-12.345141067420954,-55.38761622155428,69.14030350914696,-4.075464355754019
-7.6091344482236325,3.204250804888634,-569.2124575472318,-45.762676542401834,25.1910461039978,1.6135613997542326,-216.19843319483962,-543.0327351042919,-61.870012571846146,-37.980604394716686,18.452227847675623,168.7287854172433,-1.1528729302029388,-2.996934790734088,-0.12674926719257373,-27.067936368624128,10.165780394854776,47.35149020472009,-59.95517205320766,3.3160355288332575
6.033752276957228,-3.0644262321510305,339.9068945025352,-14.134986123119749,-11.838594829658218,0.030982530697045707,122.05406260654755,275.0615363916462,26.839760529534953,25.453755541670258,-17.079334664217722,-95.03642289598662,1.5480258185093585,1.3994413376447965,-0.746614337302722,20.540168664828528,-8.249306877670563,-4.5938311317402745,31.246771511256078,-1.9968615846482938
-1.8739685008433735,0.47740663460178956,-144.25741983010064,-37.63102527408116,8.561774577198705,-0.2813509254337846,-70.37297288231949,-167.86348010633625,-17.90791768452283,-7.742976534422063,3.8943834310288556,44.21288857565795,-0.360701774084402,-3.413678124178232,-1.5277570149974737,-4.847873316675445,1.8538157399764197,31.411051855068887,-20.415671796845352,0.6540972461900767
-6.0100755988214,5.45522236640017,-368.4781090882441,31.19409609766885,12.229020660516456,1.5789824766260236,-108.59832027518829,-281.3033118597144,-32.672529204951,-28.807447782611078,15.565168352570655,107.85754216813362,-1.063917857179958,3.358348942902011,2.11800459956791,-22.997799502859657,8.446263858669253,-11.456418975963537,-28.132532095096416,2.0519153472272165
-6.163125916412907,3.420539969831868,-486.73041792824137,-11.253025837966254,19.726277599239513,1.8307562324097724,-168.91701979979442,-440.64763247838596,-52.7134388898707,-33.16010656620227,15.521247296930097,142.74281703999387,-0.7152973724078087,0.4051061511878601,0.9298919081074439,-23.472330349371344,9.16105138534091,22.988453706005092,-44.511378325487115,1.7874846647375175
-0.7258248528277923,1.342507065678871,-3.9943948103695965,23.399614221199545,-1.1871818743133722,2.2445708266530864,11.095675580480483,27.481872059968076,1.7145869518017574,-2.520450895624166,1.8110079224067483,2.7414603196862632,-0.17234769176994558,1.7302515778131382,1.2234419776563976,-2.4030149121259936,0.17769020254263868,-16.977269689127173,2.877339312072692,0.5583166903656516
1.9893612082817054,-3.06629693684806,194.81917076091025,34.20757036672828,-11.001417985956705,-0.6275949978678041,80.22173909339541,202.44506772380697,22.859314503731067,11.876200155319776,-6.881461805702456,-59.72475659441878,0.21796939574673624,2.201159613778795,-0.1600762587735036,9.169517887521165,-3.672517466244584,-24.244306399699937,23.953871455337886,-1.230108516892419
-0.024435654712717025,0.9587682931810433,-10.322131658362743,14.34846497740697,-1.0127661890252484,0.13890881231003993,2.833106207487494,7.507578504861567,0.20294991430533282,-2.6854102793077317,1.2893794460512973,0.6319527008685464,0.043618938919953935,0.0237626161301831,0.7100502104041262,-2.395113423847719,1.1155507762825725,-10.8599102086557,1.917568636040536,0.5164666432738578
-6.328060488517534,6.192108808861803,-375.78741165240126,52.43588829936642,11.275287047490817,3.2818253822615997,-104.22615946051484,-263.55534017086575,-29.5515112563381,-32.01490274955499,17.526979950952583,112.70019721549558,-2.099084177448611,2.9385230039482995,1.9877429513200762,-24.433733768545427,7.975821752840567,-22.024773575219754,-28.663064154460432,2.5129287813865098
6.333919721579486,-3.339822128988205,561.5508598118348,87.89467328086666,-28.617696908795434,0.7958761009435156,239.18505332293802,581.8506364018693,63.15761722109748,33.520306424258585,-18.522666099179645,-163.05785136782055,0.6396853236884716,6.49257493448732,1.7072081260268352,25.14082445689049,-10.912851493126587,-74.60224974174768,67.57439966186872,-3.116010765482125
-1.0998327239771988,-2.0113899176167966,-109.6202355221764,-44.259476038332906,7.208614238590592,-1.8883919916860927,-62.324713507373424,-147.74151907012924,-15.604361818131453,-4.618095151054144,2.9352416765323843,27.88607121689937,-0.18714158741819667,-4.099627201121905,-2.699620993720196,-2.160476883195127,2.3089491815820753,34.39674494110828,-16.549078530498395,0.02370707010427109
2.7508250791583495,-1.7827548209693804,85.14951072319975,-15.920728582558588,-2.8438199762281893,0.7322590992620298,32.97148843143924,54.29848799465544,3.389619382874538,8.379100559902293,-7.228043015871515,-21.563087339593654,0.48073240407574286,1.6053883834092129,0.2774433532041891,6.209222008104865,-3.173782257998506,3.069175932371756,9.042186145271671,-1.1191248677011882
-6.158058017674367,7.004480737428276,-431.7188030131358,8.510174018252311,16.8918161847438,-0.13790126654580237,-147.2483048063018,-362.61215648160174,-39.39289680502922,-30.103296674509583,18.22431177044216,124.94471809434202,-0.8496840471694972,0.6467603244695229,1.9470513810543086,-25.011331093898313,9.38721400950946,9.082580977717878,-40.331149335187014,1.8416760217856074
2.2497560183164627,-4.128084705035134,178.35352008407872,32.6796361395221,-9.864907591630853,-1.1059128574915662,76.25857482093014,183.4100028245576,19.393296663524737,9.941703605100356,-5.571452932193344,-56.254374913172434,0.4787884226404418,1.2902519969801776,-0.7098685757121127,8.987414448394802,-3.447557532644965,-24.156376996456366,24.05401867761305,-1.7808030699978077
5.627809401459345,-5.869330962904912,408.49591340674556,-22.532407830255842,-14.395832829689391,-0.09921525206613413,125.07323874952716,327.4584544653896,40.48877166525001,29.90940833273189,-16.526345396479837,-118.67470867250802,0.5736526900674834,-1.2383909307025895,-1.7396686159191326,23.239414236540412,-8.25956553228598,3.1064431299565776,33.0022942413187,-2.193829987656339
-6.800284132088732,7.043038780352346,-554.4290543840161,-1.5991944752316107,21.64048540949225,2.6558816836333388,-184.24331998336405,-479.89754847353265,-54.81695329599508,-38.23288063291465,18.920415633169945,167.35585598966546,-1.0099719568470742,3.099828888596773,3.7031942800460795,-30.615821131762033,10.207254131702419,15.445133980268997,-50.17628980070983,2.7188091308242077
-4.776091713254338,3.5553233221842513,-413.44434674639837,-40.73138910099455,19.17247328756033,1.325252557160256,-156.8764126100754,-409.5834296436679,-48.604706939610836,-24.254666639337337,10.866740312294848,125.11278270774731,-0.6017046082533798,-1.1798086389964952,0.09121889750137602,-16.61480035630714,6.197651544653262,42.568739508292865,-43.95182265008406,1.573766653724558
3.714284192061882,0.8928089973259185,227.96900136688535,47.80391534816859,-11.473600977644747,0.5843266347113325,106.14518704531984,253.2098662396932,24.738488187788658,12.106196396547947,-6.354165532571377,-65.9327500669466,0.8578810914500529,1.966033112210853,1.1781932579197076,9.186596167616422,-3.3596574828893235,-42.11825721729633,28.255189586002388,-1.489370969321575
7.82800196771068,-9.060460848865931,403.0047458545697,-109.53510527915934,-8.43615496977191,-6.11217233603164,85.29677976858027,216.90424648982125,25.221121222802687,38.896233427485896,-22.3711659070135,-123.26444242790865,3.1947130401124086,-6.7900470612714035,-5.092648566912283,30.702004876808655,-9.680569082177861,61.00481307690907,22.870262665706193,-3.081087254787204
10.892504212285573,-8.79005933442943,632.957162310575,-77.45465762495195,-17.903603271437387,-3.7727194474845507,187.75343657993062,453.7798375538471,51.63849900781202,54.40601961318746,-32.58553669426577,-183.40338282058633,2.7187885922807364,-0.4907624610964718,-2.0363823324210806,39.75335543745712,-15.716156245147545,31.53327306638552,50.704446976145476,-3.751447183307089
1.2604361104725919,0.24679616469003146,100.55571321167655,38.09001668175857,-6.780062706269151,0.630706563375007,56.435923939031426,130.36397421201525,13.634659925600358,4.081404826937195,-1.6998062469623192,-29.85092018840043,-0.049293103365691225,2.726608479302034,0.6814284979589924,2.479311687726967,-0.930495460870996,-30.40206288335399,15.970826492660358,-0.7334019368149627
4.154824335101673,-5.467769439373235,229.2362688775719,-40.815713525725236,-6.80706740471399,-1.2181914752890717,57.45527042164163,152.00880303431194,19.206181544064513,17.332871232202194,-10.788157557312823,-68.88542988061248,0.6831199407770886,-3.7118254298048066,-1.654060348929026,13.878096518382549,-4.478863828681006,17.418397302916443,16.067293880189116,-1.4078901825725016
-8.233093103204215,5.463815112819815,-623.6672364354703,4.313306089152887,23.844393855765244,2.8350457313584654,-205.18018491987854,-539.4212987291075,-65.37637049373795,-45.342171247351196,21.853952688559158,185.2874720765868,-1.3760258903884646,0.6788047113113944,0.48906726646665866,-31.263303214378755,11.795210301929156,15.552955117552543,-55.35100930954473,2.7301057620995404
11.31210800324116,-7.18471520797998,841.7348851877188,24.536830804356896,-33.98857646762724,-2.2447427107350855,295.86977723167337,755.7983157646573,90.02494474637551,58.489843591924696,-29.04496229583264,-249.08064095209002,1.013299292422832,0.7907083374583177,-1.1508147205961423,41.65235740364411,-15.898845376061542,-41.45349631740515,82.28543992695815,-4.557651312998088
3.5881506508452503,0.3740645861612071,212.4976181180723,38.37529051795815,-10.97986004311546,0.02061477858962757,96.6865202688131,228.80309828475592,22.156059140514827,10.376860590457975,-5.185139498129541,-61.80030473561088,0.3389268463742181,1.0682449224920474,0.7289031291946001,9.057039461446955,-3.2146096432887488,-36.34475519283833,26.36894720969499,-1.4564337537877612
1.981502752555036,-4.212054399283176,177.28290384797978,-30.27146814747005,-4.885488429450638,-3.631111018223482,40.19637896563566,115.34165028190345,16.739766767296963,16.401244000240855,-6.5976223889616,-55.67382369349845,0.5586976522753717,-1.8086348574946223,-2.506642422066401,11.292140472761211,-3.8995043047460776,19.058679222144594,11.271661562115465,-1.0840109663371107
-4.009700657607865,-0.7880646076793312,-232.23668259994807,-2.9966222269702527,8.36045379939188,1.252930041424347,-93.91310394483763,-203.41051009820742,-20.107852404120496,-17.205201677523288,11.695957754285638,65.30174103221326,-0.6300867315476709,-3.0938667487656772,-0.717703608375831,-11.392391583205235,4.4365517915541295,12.859683839250144,-24.414900980817325,1.8158307292375713
8.90245588612217,-8.543223862407904,589.5470664364506,-27.01489982859569,-21.21680006538709,-3.7533605333031232,183.13182891290214,475.34280019748167,59.19461738003068,46.45343823762272,-23.702734713188207,-175.16784459043157,1.3772520425346317,-0.6340755337737136,-1.5766190146676884,32.91887815257114,-12.77595050162372,3.7744843666222687,51.39020578491822,-3.2743515222245874
1.3169900161125538,1.139399289505889,190.82140482654967,81.19098367923053,-12.817584152800723,0.9184660057837466,108.11534147183427,258.05241889444136,26.30622757632119,7.664690872198067,-3.0955100764583463,-56.62756543904185,-0.16764990411575273,5.879192092939031,2.0861997340971454,4.613848346341285,-2.814633815502985,-60.848846690887775,30.98848178914535,-0.8776900902398027
2.925516169215417,-6.275727774746773,137.2984035795565,-73.20027535306174,-0.8714949169981353,-4.752830017202385,9.644491253245215,27.971542231216734,6.327788968725607,17.27705538650462,-9.800448672722649,-45.10989897568834,1.1223451804773854,-3.9699451283083347,-3.6925279367589505,12.761739391798653,-4.06309646829785,46.723016042958996,3.8711749235416417,-0.8351509664983228
-4.617702477637996,6.336894022712378,-285.46229728941034,77.98101590194945,4.591221268193864,3.9190489875625842,-53.67614673207655,-154.6083461365687,-23.198854581614224,-28.21669143787669,15.316566945316264,85.61511535698259,-1.595245393105658,3.4105328368896712,3.1163168013863913,-19.498950901563468,6.550609291571761,-47.39048092042803,-13.904532082873379,0.8778538824556901
4.397573394790445,-2.468069627784949,255.7131075979618,-33.52658359508897,-7.333516861057108,-1.787176342849915,76.93079668175668,177.8441951168523,18.80207417291991,23.667291533618712,-14.68448470164654,-73.05943173809462,1.1505402902040598,0.6643069021686546,-0.7804848001752093,18.070428908455572,-6.477059325816917,16.837685311965906,19.55960247443706,-1.697327044514048
3.5858073255100273,0.5312072353816317,274.96330720318355,2.7625101901182596,-10.130471762616992,-0.12414442823197835,100.30781757126383,245.26339917937898,26.890987853164223,19.279007333909128,-9.928907140960566,-77.30982253297599,0.25361192167264396,1.1454031860982221,0.4214341191285446,14.459278230226694,-5.38393853521396,-13.397434836066516,25.063883949140493,-0.8382410391008566
-6.013310332125421,2.7500707382658565,-410.6619711824936,-44.163892770881176,18.64259688569018,1.495968409427406,-165.30435461441414,-403.4306465717894,-44.60030183124306,-26.935075452911445,13.851127916359756,122.43880130004803,-1.0659141823848723,-3.182345064982072,-1.5669871492968421,-18.06671877097643,7.369974234360285,44.21752361560687,-47.271638796675596,2.811161798411433
-7.200413619948255,2.5204973389341467,-536.2845542579411,-11.584019405787581,20.69291727460546,2.6812907846872487,-196.04236186293608,-477.1616431328085,-53.1873133256839,-39.12926094920416,21.760203963021876,156.23532853589643,-1.887599003925895,-3.70481767448873,-0.5383841838215728,-26.961238764671865,10.095609528823505,26.454615868985147,-53.32493812781647,3.056263038523712
-1.1674662486859102,3.1134570903258116,-92.71222835711637,24.213166425412673,2.744850939951274,0.7310114758435683,-17.408218171504334,-53.617147290388246,-6.370491917989371,-6.403817965410448,2.5245944933004623,29.267068633141513,0.3686547611979649,3.7908841446255592,2.889516086508455,-6.985338527231868,1.5485521553745205,-12.931621220407052,-4.643621156535994,0.5511866826414014
3.6429427859486543,-3.1810444328798457,310.56223531045976,-4.88051115408532,-11.35923842463388,-2.0426356448910226,100.35390032340419,269.99318018825045,31.307050725117488,21.563457591351323,-9.700499592646215,-93.72420840543018,0.8767332537345117,-1.740102133199216,-1.1368324361722195,15.302707607652916,-5.6788810308403,-8.261396963626673,27.111571968117474,-0.6770045331896467
3.2272516448220974,-1.6855492411959194,238.8814505619733,11.067408762490528,-9.983924555105824,-2.337528873632237,84.68434729620604,215.55082538435002,26.975860010430104,17.731240536176287,-8.700835759736027,-71.97599392335026,0.4217401417985043,1.4734739447570502,-0.26672000088698433,11.779471995328255,-4.728997661456155,-11.557155066713653,23.93552458152239,-1.3329209169894725
2.782583165509024,-6.588510115173963,233.1735383819773,-22.22809083695988,-8.2178454766023,-1.6843655211121904,64.06928120020294,174.01257418011835,20.43795853486528,18.1509656821521,-9.323067252488926,-71.57094305348645,0.7887925022982202,-2.3506272535201767,-3.199638474889377,15.556031836155489,-5.330161020144001,11.255684567448325,17.9984540463647,-0.8110183266177832
1.3494415153520465,2.0867191880015685,-48.78382660772164,5.161688974592543,2.0811116936704406,0.8660804311846183,-7.9608364610554485,-39.91716232202741,-8.52884924768863,-5.691743970516066,1.14271832758546,16.437652779977626,-0.17857652601640286,-1.802399658588584,0.7844125480972811,-1.4191870063452998,1.3471692894177507,-4.208722964120815,-2.7914621981853105,-1.0470280714648295
-11.745355418832991,11.31791367436549,-836.6217078559089,35.12533268844804,30.285273625828903,3.9557637984197607,-270.50685034190224,-681.2547594340909,-79.1106955502496,-64.26263288641071,35.071914976563114,247.7336522995602,-2.567160009937506,0.010186382313140174,3.002698230795,-47.570087552665264,17.795719460692197,1.7196841263812241,-73.82398649052747,4.265478825878614
4.571586261383287,-7.463257199298793,229.97546491973506,-65.6762046422361,-4.523588403239534,-4.533113501441241,42.634708649287795,112.03155930875208,16.444656025644235,23.64452469658678,-14.191114110654958,-72.46671112216475,1.6893337966853903,-3.18803490026583,-3.262108855507574,18.44609592255961,-5.434804409794747,42.198613406387395,13.130939523912811,-2.445494173425617
-0.29069275619621704,-0.9190799914598957,13.885153111933866,-24.31145461224491,1.6167032945895108,-0.831959567207259,-10.590138089264283,-15.603803715139863,-0.05221184311343486,4.4329216067910355,-1.712964052761413,-4.6969796901553575,0.15862189486391368,-0.5727903265529374,-0.9685640118110368,2.472937968541373,-0.8343203963381056,18.285288158749353,-3.8928872752088006,0.2720796357265481
-4.75430149036495,6.481824764002496,-267.4294142672736,20.49355187958571,9.477872504288674,3.296810779883091,-81.1906771181721,-195.480811519412,-20.877142653790955,-21.091737082663066,12.842483822413422,84.45004763909579,-1.644250282761399,2.1937952659833897,3.2556291926113934,-19.284469261415744,5.598580395005808,-9.730385777156783,-23.63622000487229,2.5838739625773353
0.09634973175702743,-1.9834156906326803,-68.81878102353032,-31.248645801854124,4.186255884880547,-2.061593633698144,-35.25786586134787,-100.22551729818308,-13.12348228625094,-2.8032742238744235,-0.6236869185267451,18.335254077641686,0.9109775719002843,-1.5414175054185895,-1.725136389210949,-0.5046507640667541,0.2593712285420022,22.583495719405473,-8.412790257074846,-0.3454078933805982
-9.359686829050883,8.717603229625416,-632.5390401546142,-5.89314490811553,26.049206909597345,2.736692532808454,-219.2506717819284,-547.6302881942064,-63.57340271686054,-44.83726888488685,24.58031826628528,188.36232341466055,-1.4026096854411754,-0.15361002613610264,1.9497519591892543,-34.65475015890441,12.722630606247504,21.814208005829702,-61.189446596799634,4.118276781804088
5.6358210561547795,-0.774765703734664,285.8332345195613,-4.067454183180155,-10.74377788612616,0.2593037945525838,106.90566456958389,242.74783862440415,23.257778184511427,20.405905294529642,-13.380825305169164,-79.89793679324615,0.9787378167095914,0.60165417305301,-0.10878057376258837,16.529721309573368,-6.119559887915746,-10.858626087454837,26.890157989424267,-1.7604021445334377
3.2687859262591012,-2.906945786008378,185.74879256984534,-48.981262890838636,-3.090601522765411,-1.921492748493096,38.371950824826314,108.60948031136611,15.2536627362911,17.98185510638698,-9.461561049948457,-54.087257716874646,1.111595658072199,-1.8055737166654653,-0.19240439766859696,10.951856643276173,-4.487513197161645,26.137534577488026,9.947749028311145,-0.3320096490586433
-0.9609800007346785,0.5498745375352693,-104.75256446043318,-30.442040093625035,6.092320446406269,-0.7813833933838772,-52.16272189797703,-126.0116019753924,-12.681356359445964,-4.54543826944906,1.836429774517278,30.828402135350988,-0.01927133045369612,-1.4242306996781082,-1.0310878547741864,-2.8129875566716427,1.6745166799072195,25.246964476432698,-15.689385361659161,0.18668867788044252
-2.7923742301872796,1.6650623292118905,-177.51982563803347,13.430810486893293,5.752629188529825,1.0409016476843376,-49.96225351457184,-137.25013614473468,-18.72515812081247,-13.960444521035292,7.406239986544476,52.7344620871939,-0.2579052162268717,1.1424983597182339,0.10713099672375237,-9.806014041667057,2.800910385915362,-5.498198847263752,-13.373906509837216,1.3112735725196418
1.1921959614238269,1.8313278701267688,90.77142535072778,16.599518899224847,-4.025378263002393,0.2772917556329255,41.411455112675284,102.9638327168483,10.340723995607803,4.9124277021511205,-1.5558690160125102,-25.386888924241394,0.08969846872803244,1.2452061080543109,1.1770241029164743,2.8171782182833223,-0.6816716808063982,-16.895608414719632,10.053716293943472,-0.1227928893242537
-2.1946627994492163,2.552952829076385,-243.63860211085284,-12.032926510501856,10.307405473436251,-0.4198554952556696,-81.14762885799921,-231.70971149662086,-28.73228516095522,-13.290341548428831,4.302502874947562,72.71888073933256,0.5416826865748802,2.323260883933825,0.9070302484259487,-10.905922900285022,3.5782342754246086,16.95375513187939,-21.698828519495237,0.20170119972767198
4.574935454475357,-1.004325142783054,234.87720044525756,8.961048037905346,-9.801408841334508,1.3995672477481647,91.09169642974378,208.53027956009166,22.0668699378036,16.123840785885562,-10.75611673965618,-64.86065224141838,0.2170526790485053,1.701258207399378,1.1091645091749593,13.323722743265854,-5.373548173661135,-14.681829493403335,24.97254954718191,-1.4947613551423826
1.6220533351538102,0.6046821826840614,-52.45752999056829,-44.764708363535355,5.5120835451252645,-0.800637844825876,-29.347327487800847,-104.78468487777656,-15.962038478399583,-0.2530727098929195,-4.14032592729937,19.711630529449337,0.7608917598979255,-2.4418947429389,-1.4102902668203103,3.8800258608713376,-1.2253969668316613,31.939830259526975,-11.035916822921024,-0.878736502170932
-0.5490829721386606,-0.03693330091595515,-69.4721710429187,-12.022483877026255,3.253683385166701,0.9394865969937737,-31.457780198603057,-71.79986071912832,-6.856292323870324,-5.795130157456727,2.1316631182708323,20.473629249460693,-0.3512679991966313,-1.001813077494959,0.04284701189856677,-3.975124362307355,1.8820579643831143,8.120171755380795,-8.477109404422492,0.5937767846163967
6.189996275644079,-2.8496630672104577,428.3346203877499,31.61450668987269,-18.966446662992766,-1.8410288965224535,173.01676457795114,399.568526056882,41.15062897259994,30.357961050258695,-18.317345369727448,-124.68824109693254,1.2955758564859094,4.660562573562459,0.17616734328669703,22.409645450202948,-8.95055850257221,-34.2643523672703,48.954598324569815,-3.428944222510272
-11.798570829630078,7.297172813847925,-706.1522354810243,35.55175571107573,24.772515284630693,3.3195484077530764,-230.70653764946167,-565.0661415202644,-63.86617200309325,-54.89907593484334,30.975235815101737,206.49631275141408,-2.68639736114824,0.049786956114735215,1.2125071198307467,-40.63672587783043,14.69434022456651,0.08257203842242533,-62.9254230965675,4.41763426972614
-1.0385637658856233,0.46391310328115537,-174.92676588513254,-37.85523426103934,9.448148738660533,-1.7302917987482556,-68.96951868112798,-201.25812122358903,-24.63170677168299,-6.418079409970199,0.4464353872358622,52.02868596976112,1.015043855636056,1.5264344886854757,-0.1879357495997781,-5.782191710499467,1.532254603297569,30.166467271406823,-17.213251278055047,0.5603631059180239
-4.67680981094701,4.139550939714875,-398.9111711923752,-8.772016294157783,16.423695826272052,2.883637312744212,-140.18332135798593,-348.1845532973878,-41.464683544109576,-31.054689827242903,16.319431865562066,119.3056524150345,-0.8369235128639922,-2.611167000857823,0.7889798640359434,-21.985184286007573,8.530201682355658,12.639395039374065,-39.92781130178414,2.68895456057135
5.201075616528115,-7.778674171512343,402.0856197939677,-42.881836272099214,-13.137551491450473,-3.5968968387365052,112.2616910785658,300.09393349023105,36.94018174652015,32.548156728285726,-16.90474911498696,-122.10067088163592,1.4750766232463897,-2.209521121988229,-3.5485655411744705,23.622931883427356,-8.380963672175506,17.870418113959353,30.900807549139042,-1.039325282102861
3.420451547703101,-0.9988287906674742,159.3383811535032,-33.88033741774169,-3.1712038554930873,-0.01032186247798994,42.956729733621486,96.80935640028939,8.03462203879348,14.050439185084556,-8.536412551941886,-43.353273717047415,0.8309169591883844,-2.580748606301745,-1.3140892495813752,13.276880863516455,-4.050526645456994,16.07225317564783,9.675450933572527,-1.2154500710835259
6.906594400513315,-4.153704471449546,404.02986976082764,-7.79398876265816,-15.445608139339152,-2.8008813909882333,144.79452570306904,331.7873288919766,33.67778350953232,30.68460185755054,-18.993528771171764,-118.40166567265345,1.673127972257158,1.0739567431755774,-0.9152956147661313,24.388292464629117,-9.162769453817718,-8.249430383696884,40.66944711294592,-3.3717762582377717
-1.8266121499061663,2.640413828678975,-69.79190913105325,38.92691509939413,0.17855090225349746,1.8214448359488773,-2.6584372822411573,-16.486131687360082,-3.3066681846977497,-7.896454000369748,3.8834977542480584,21.25258388165005,-0.41739403323700874,3.5926995201940115,1.3137438490841227,-6.542239073649115,2.1450716274187323,-23.62300717559888,-1.2647784980877608,0.7277789555701055
-7.902341782870211,5.259752811224732,-421.27228224917155,52.54173893818661,13.320521426629762,1.4834160005506467,-129.49437086873849,-300.92065657505566,-31.579001269558095,-35.844804886905074,22.536366795978633,120.24580992386272,-1.4966743844478398,1.5233640273022417,2.0920002005947427,-29.055848571485843,10.01378798217053,-20.013916470953173,-32.7728072503178,3.7588517066791782
0.2537260095043865,-2.1209214790436164,-21.322221263251393,-51.06246523326045,4.116721687524097,0.02804012743529949,-30.4556560444708,-76.05412268015851,-7.388686426981178,2.1982570309285325,-2.8951306934794436,8.36314046559265,0.17151869052836852,-2.17092930900354,-1.2027329275364549,2.061650882581394,-0.9879228322942846,33.81790331733896,-8.934808243126628,0.27145391877343816
3.0879008783311583,-0.9903024618286413,143.3224452409893,27.50809270493098,-8.185370902984028,-0.39640525113971403,64.92014923441035,144.17843416549348,15.81236831446402,10.212249772468427,-6.9165303077922164,-40.23853739358224,-0.027166099858006377,2.2348236969936695,1.1054385403205589,8.152984134129118,-3.817494365549595,-19.039675380561764,19.98895751287009,-2.0813342756140965
2.288290221734021,-2.684776879066236,204.94936582404398,35.37261708128936,-10.751676185719214,-1.7573972837577794,82.72454928099566,215.21150040235506,23.29766293554155,10.89515400923925,-4.094559419673111,-65.08028364284266,0.9606042147736225,-0.0680783417233769,-0.8111625425572357,9.327917535788595,-3.082527056020505,-28.46906821848511,25.05878308654009,-1.1629423667810084
0.8011852741261531,-0.8121380106088942,193.37632423414834,92.19922818620796,-15.145933170546305,1.429052146609711,114.669175181333,271.5066508732026,28.46190421816894,7.483857709390565,-4.112696070018041,-56.16303211915145,-0.08710959089873703,8.330421815851107,2.6559113248409445,3.998361509096698,-3.3476329536437937,-66.76978078030729,34.76115110214037,-1.0318108599263631
-4.396607635905799,5.312285489115474,-303.0087604192004,5.325411778161978,12.283374954926337,0.9442067405813046,-104.17957976616856,-252.89873847598855,-26.648035538500487,-22.2692134318042,13.10074618320085,90.89428446137474,-0.9604470741486342,0.2473037163014335,1.4469652262563075,-18.692661473096816,6.35116165559441,6.191231700306932,-29.184178457632594,1.8296229875443368
13.786987657315455,-12.422093307344264,879.034269484712,-62.410705120112766,-31.009189112512352,-5.942072566644539,281.7188111784639,676.2782494792887,76.67578021673893,70.80338704554948,-42.67807338339232,-256.8360861241684,3.2955213203028206,0.04913061557013787,-3.7353853408386195,54.06869645250383,-20.743868087376796,17.311710813467165,76.32890528873436,-5.989905096778223
-0.3788450170676466,-1.7417083493549264,-59.26765204491508,-64.53625226267161,7.473524564540608,-2.2248490274650106,-60.888710066585105,-121.44634797005337,-10.571476372781,0.9853459229355341,1.8783171532044807,14.353574490481263,0.17415462026748016,-6.0851976774394725,-2.542908392465353,0.8113997297922919,0.649492554728559,47.15315028132331,-17.93287126649892,0.6678582386909293
-12.049743710006975,11.949198551714654,-842.5843786592059,16.65381942725129,32.53034426619285,5.352677411938923,-275.9650128487932,-700.7322633330142,-82.19584923255782,-63.13767180716572,33.28996941259085,252.80261182420847,-2.644720551788387,0.7814431770836636,4.3477205888091754,-47.83331381069177,17.529330900905094,9.835493336448936,-77.05739077914393,4.326829525887752
1.9213301142410315,-1.365118858692795,199.612526640466,7.259771977540567,-8.274324394633934,-0.022987854245238692,63.85365168205276,184.47481070547863,25.041707977520456,14.544606531486293,-4.670496698912853,-59.527639433501804,-0.2069394903651513,-0.21919917878614503,0.18960211240613759,8.888212015040898,-2.716396126532471,-9.734977220746993,17.34020801500939,-0.6380310280686734
-2.4337939968853846,1.596370073007792,-154.72092849747335,-6.893151861324528,6.35038561847771,1.343393353808878,-61.16198109865482,-138.7041939110778,-14.886529765311744,-11.650273568694685,8.035878952778889,45.04566282248409,-0.790478139128391,-2.9229949403475937,-0.39197316364979284,-8.089229652174442,2.880149140393152,9.332316733734482,-16.94561932306416,1.0949539856130293
5.570570664130342,-3.780879881276429,506.61342557591513,15.303940985034366,-19.996957873192862,-2.3723856557778302,180.23557826225317,452.31762926513636,50.868030562746306,37.75147389356906,-19.639064220836392,-150.81825433146287,1.6222174753632521,2.4879377986657976,-1.0265865937527532,27.22109748836108,-9.872017948654316,-21.333866742959565,48.12109870139462,-2.5454650116070514
-0.1485042176764783,0.007919220559231777,-71.17159074370333,-22.23552714377986,3.769517908387015,-1.1108442998799104,-37.75454904940921,-92.3410203399576,-8.822261793658647,-1.7685561690406328,0.4698872588059334,21.012253016561967,0.1431633567081706,-1.0981968117098515,-0.6524058169092608,-0.8179779368525522,0.5934695085369568,21.1882549147826,-10.480808687914116,0.3253249179226062
-5.2357783063602445,2.31473267036796,-288.4737093864087,20.43286188576306,9.303785733250397,1.253325245765455,-89.38796215366581,-222.90782082621456,-27.522825699288386,-23.211090849545553,12.594640744743687,84.47311674512987,-1.1393534717404437,0.5888333335659031,0.263880685740256,-16.564717068560807,5.554298819309214,-4.244021675915246,-23.94118386748495,2.1210465339306737
5.096213305350581,-4.428487029344965,408.1338021942898,-10.014078167878218,-15.276591444183493,-1.6336465003018779,135.78231470015967,348.3131074636361,41.13263832991725,29.623993606845268,-15.139844410572987,-118.00648435088796,1.3604936006739268,0.8303080789697189,-0.6176496561242342,20.68368035382581,-7.845449787328515,-8.982257404400169,36.385489507516006,-1.3464256905178233
-0.6405390420027262,4.289808036975683,-174.5226956374514,-18.41427323008452,8.593298133082072,-0.1665892601314241,-61.507802146603254,-177.5140763742674,-20.21662803997343,-9.182212899727915,3.214200035379919,55.64572926341866,-0.18249625575547967,1.127305422684677,1.481243332095772,-7.754164647113066,2.192647637696612,17.38870678759455,-18.180697128306154,-0.026413042530670394
-4.663069062276611,3.219851709469543,-273.2180312132456,3.5379638844350807,10.742421007799816,0.5862182698030786,-100.97813295782014,-230.77460357702597,-24.565623885843383,-19.500907584571788,13.081163416606277,77.90590198721394,-0.8090926853307323,-1.3203546998193585,-0.3589233509899297,-14.78709884238537,6.053299486751497,9.859847794371095,-28.219765072587997,1.7783059216110844
2.628403707090194,-1.970702340832619,132.04895906740995,-35.20874510408797,-3.012012026111991,-0.24762624088998908,28.90624036042825,75.49570044785197,8.4773395803348,10.741308647780585,-6.5025678169129995,-37.4977133372233,0.23302375295648486,-2.8595494231058423,-1.2419779794282255,10.145956731751545,-2.8952823855176333,17.956256401748952,5.548420826271153,-0.9060595656972648
-3.1237254911164998,4.210250932643912,-175.54043169812314,9.086027586111308,6.911131035392993,1.798607789025997,-54.696884647582145,-132.44973736614665,-15.24154023007996,-14.10987196402451,8.327389155051353,53.72331206543299,-0.7137521642748014,0.4704566535653205,1.6558444621135224,-12.410565805696743,4.043586268392481,-5.0594177833349585,-15.103444457296138,1.9074685601926338
2.6977308511725147,0.1271937270214729,95.69189886877466,-7.122153692328283,-2.8638055217257508,0.22734825141407788,38.648349603680536,69.50198721596169,5.19882156816568,7.576200107416745,-7.151636395443253,-24.453277298827825,0.26159339469176907,0.22342691743100984,-0.07603433142883226,7.594071961947339,-3.079734274316201,0.683571615629647,8.627413187194666,-1.7283528236037489
1.2663202399853646,-3.2920468289230107,101.41017734808543,-22.184815399703947,-2.525084676377367,-2.030502458273323,19.43417483278602,61.303789899896614,9.678508483654161,10.39553620816327,-4.401626727871945,-32.30119206591854,0.6459526754490736,-1.1056736390069017,-1.8986772477203084,6.537590465739468,-2.3217190448706138,13.558180698247682,5.86234618091143,-0.052098536816523655
-8.711631243431913,2.200152309140038,-470.9474411060725,13.98284120302663,16.5994104753941,0.28000119330753703,-168.78688029548198,-389.9858680338303,-40.28806165840204,-35.592492180616084,21.611665326971128,132.98460240445655,-1.1201948096716077,-1.6151986251498234,-0.18145596484863255,-27.169384770376432,10.797883823189034,10.924101222779548,-45.631809233560865,2.750866074684144
-4.822242371370991,6.5809128748960735,-276.6789306110543,45.495040569096005,8.220816956568274,1.5833835234138598,-70.74015330102374,-187.22805639506754,-21.09459587016627,-22.63242577145515,12.733066756625048,83.5502651397827,-1.4107006498002572,3.5594135881768287,2.7511530369346007,-19.25055550107857,6.17618647096934,-21.362508696616253,-18.948503510695293,1.192640870334128
-3.5912714199679563,2.533783947765877,-263.7734904380745,-14.278277736451008,11.371390455758139,0.8700718851430721,-96.98829988857618,-239.43137595168423,-27.18058241326647,-18.65607941050793,9.798171139854873,79.95189171824626,-0.07815348129580654,-0.7362751964120229,0.6542578224056452,-14.668478190082046,4.668868671550281,15.939098381459631,-27.681838928610713,2.3641568597995786
5.835044212942092,1.3647003176600196,385.42484368492694,24.593228946929887,-15.161662015041902,-0.0835665226087573,151.27988950204693,364.34431587468396,40.1079268067482,26.1990871038685,-14.011613838738773,-109.38274996200091,0.5330300973339046,2.869393725571255,1.7702301644120817,17.696952158331996,-7.283248342309561,-31.707812356121625,39.573518593596944,-2.146465029455489
2.1072884838090773,-4.257103244785168,159.23419676799597,-4.338950139346639,-7.0171656063907575,-3.356143588631245,41.111069560981875,127.84486328603595,18.805088370165045,12.739773103173837,-4.907557104307752,-54.38519772555823,0.8072561435106828,-2.253213934091221,-1.1412193712598682,8.869479975132517,-2.558996486346239,3.8167641284865694,13.913535307300762,-1.3040043383428284
0.3764714099521227,3.0957390106818563,128.46820805656674,91.02567082965376,-11.277386399888687,1.8118428243002187,95.31377451364519,217.94953239095452,18.100633844819527,0.810492468457495,-0.940200620734801,-36.6388237044766,0.2530799220952806,6.052576180790813,2.1723881845393973,1.1970865227736263,-1.0312920612262433,-67.78617144689849,26.492397459866577,-0.4401508125940094
-5.5492951712272065,3.1679409318995813,-319.565122102724,20.592080267318607,11.035660228101339,1.4848077165659377,-103.98231982423872,-249.33012192287464,-27.087900054353558,-24.435126090703726,14.505246510560662,92.72226865052993,-0.8117112040717145,1.066484335898729,1.2932741450181922,-19.610593324739153,7.140321286329125,-3.6199230156776157,-27.533382279947887,2.408824403058653
1.637207988108368,-0.7335993579536165,12.781093580971469,-37.7988782749501,2.527724575525297,-1.5264454047107334,-10.516549022422891,-33.64193292209704,-2.4447994450682407,4.622444364213356,-3.845302336329076,-3.9091525716881335,0.8432731601503219,0.08404003124318948,-0.1747486513901486,2.362373123014267,-0.7768476512020963,23.516130623609115,-2.9527664015848094,-0.05635200736248236
-6.8449236743242885,6.827019429499848,-495.799563468289,1.42218478430937,19.997154759655714,3.090803032186498,-166.45291522275596,-425.4127261385353,-48.57912614434731,-34.734904928504776,17.294392399948364,149.42742933220532,-0.810095928537795,1.2963381023997003,2.32489056963173,-26.733507374938608,9.764147504982777,13.849720445792322,-46.99632226022733,2.530437664183392
0.7565515017668312,1.9097430809092755,64.17367677186948,25.653856271391604,-3.881447725970726,0.41205311884221796,35.74124883377045,81.14532627314748,9.377565451874249,3.028717311285489,-1.2884192349289794,-16.837333372437534,-0.2899768718864638,1.482010607272647,0.39991701301279947,2.3394017148690467,-1.1259345125212536,-17.21848932210209,8.811158226949354,-1.2715092551116656
-0.5760026000476224,0.8681733729823323,-73.79260013960827,-18.51415675521288,4.577460394002853,1.686759003104119,-29.910734680725568,-84.06029405978423,-12.988887403890427,-6.047374184282112,1.0565232834434688,25.85320430119536,0.12814183097689041,-1.6002315954359827,-1.0838321160124789,-1.6570683694904504,0.8088726897712955,12.566373509817032,-10.358711405191695,0.7541249514644743
-0.7663435796910483,2.0512591904395894,-15.608805312024083,55.29215356169525,-3.9793965463974637,1.7703294874247941,26.24254614309917,50.177838255904916,3.8890193493757255,-4.661620000502882,2.62465966005607,7.336376221676666,-1.034067266871833,4.645970064405155,2.6047294071804177,-4.307693710988664,-0.14502785819754682,-36.76345808520919,8.031212536823725,0.19078586601668857
5.017010361183745,-4.797568719120642,329.27285980633127,-42.267668205548986,-9.525347103856035,-1.630456856404218,93.08707661727176,237.14578046945982,26.007927319095703,26.02471204372286,-15.07260839162646,-98.08962583740094,1.385258767506568,-2.708583136317743,-2.687562812680482,20.91782436730489,-6.325314324207029,16.70882184657893,23.714357807644262,-1.78566392464304
-0.5791231171431416,1.2569116208958482,-6.985371275952755,19.449683094487302,-0.7927731290872013,0.6578754467394781,-0.8259232530129605,20.32435927138186,3.864658993521059,-3.6215226759903945,4.806096722677955,-0.20060083393428424,-0.45967826728993294,-1.3208173367746399,0.23797889709384093,-2.9570606362709126,1.7593359049695727,-13.906667023266083,0.08420471291331916,0.26086895110975794
-5.696814246632606,2.3724234228442977,-170.4960824327671,90.82715738392042,-0.006906082364995014,2.1359090002882026,-31.623534630396584,-36.458119653604655,-0.6347296814838859,-23.30900952515408,17.776915286902383,42.93569535546182,-1.8547875685700321,1.4172412171965756,1.332142608694873,-18.02797750638757,7.222224961383938,-52.670958849065634,-6.212576259168831,1.9538018511146433
5.233449574157183,-3.599704010446524,280.2672753832883,-26.824237300521872,-9.560519060301752,-0.9642019431112003,90.0036805717859,204.80175066444988,20.72933629404421,23.018407225896667,-15.305760490660886,-78.66760603298734,1.2954677481406207,-1.2633689336159954,-2.2036131564000803,20.17823979130295,-6.808745656690741,11.299823671367223,22.04103173723228,-2.5446898796320867
-6.505482602669845,4.79034236242336,-405.86118787154373,1.9524046946107085,16.121322132506695,1.0932987535634138,-140.36441838057937,-343.2465615925493,-37.821525308758474,-30.2057119595792,16.98019660934953,117.86844513137508,-1.0805147315336856,-0.4213069927389288,1.242961693633792,-23.565976564774335,9.589565271346672,10.012781815852309,-38.3722263507081,2.832747127263941
-3.400140792621399,0.4015512063361184,-271.5206413558872,-45.01792691017882,13.85742573336195,1.2277247378710223,-118.17082754794691,-282.19447822964344,-32.115696083436895,-17.551294967025704,9.342144228365893,78.97124576676595,-0.541316592073182,-4.541907632932697,-1.8311027887292766,-11.026225889867984,5.070173738219909,37.68922768633682,-33.961201070144746,2.261216085493395
2.8377046349866637,-4.713166693647829,198.01404991870203,3.1243590469200737,-8.744420242109271,0.007994984284058537,70.3566831009216,173.26617713472405,19.121141661921023,12.993229094773994,-8.485874629018772,-58.82207550629848,0.502672937517714,0.7725989413652077,-0.20657487662969554,10.288084966460968,-4.292999474425532,-8.713228190790263,20.542583864882918,-0.8200858551155441
6.230105028514902,-3.2127669183539878,347.80067530220083,-25.05089697459904,-11.791455650809802,-2.6691638507968087,114.53059442388675,267.8842391317939,31.320852632791294,29.126673583170273,-18.168370131265767,-100.71540367683116,1.2450201994764345,1.7788627932626884,-0.018912204612520522,20.024585822409342,-7.755048513843629,5.294936598115624,30.466521610451018,-2.3095604560565413
0.19547584706146248,-0.6931870384489544,-7.713738619325916,-7.62893191684616,0.6782064204599074,-1.0312756687827578,-8.253323487087169,-14.734541706484851,-2.0031099804313355,0.265034638520454,0.8817891392943402,0.585101869644902,0.333922617560473,-1.9798275053092798,-0.7698669173585693,0.31074631664071584,-0.11586160807767737,5.903925260315252,-2.897639243062997,-0.19574702990332327
11.460076271903883,-12.219730703524117,773.3702302526739,-16.45713268240254,-29.620355302084334,-2.655551061203504,254.7028302964145,645.1869089199704,75.8107894841022,56.62910276562425,-30.898795015490247,-229.8265611172577,1.526350266063371,-0.6083294465018589,-3.7282405489416703,43.74156493069057,-15.827707808665489,-10.13562060089814,70.15366461002351,-4.338880261844079
-3.2485550698642442,2.2375754181256333,-143.8807983245348,36.52848582724132,3.27803480598209,1.8128791596087055,-39.66998267271356,-76.01432792516806,-6.474715307327355,-13.745529534778274,10.112509358542724,39.770510537613255,-0.6870776812282983,1.6283314412803112,1.917876447793565,-13.042753614874103,4.726256102908023,-20.644281043094875,-9.10400228231585,1.9828817637680225
6.222264692221354,-0.5335332998146913,394.59923687172954,10.399996372567937,-15.561394746303995,-0.7077185663066028,145.74017699764192,351.9737620582287,37.34617490278501,27.96688769055349,-15.377421277728336,-113.60615606003259,1.0992852251760175,0.6251910523946922,0.49355195524477047,21.04788769860607,-7.881069267083696,-20.95247665007567,37.975268240619656,-2.9688329974816714
4.064438251147985,-2.866393417346361,258.70490836497913,-29.58375809237762,-7.7575227541287095,-0.2744443013842532,75.76120304936471,194.24237887339535,22.888093341671983,20.062595896813168,-11.706432625937467,-74.15481502404612,0.32113594905717263,-1.706355197359925,-0.855054189932812,16.086318786747842,-5.4170510560792495,9.835477198214175,18.502025871529014,-1.7503456156150048
-6.4985111008272725,3.994136405434865,-380.1695869131995,13.082319550566892,14.040049256547599,1.9309694153152517,-126.97836975228005,-308.21463254462094,-34.37444613574735,-28.75792325493505,16.80129806616824,110.79032800746073,-0.9656478675416453,0.4760511021189635,0.43357099187777703,-22.625673699057508,7.90619216202253,2.1377878491027458,-34.95613676865206,3.213606605495249
7.491991929178311,-7.715994947617728,564.6558803306084,0.30444284128254406,-22.697066004857824,-2.539974337956739,193.9773776446679,483.2826120882131,54.17712327103568,41.644494216326294,-22.295787141151145,-168.27938453322778,1.8660164462774054,0.7652676612390017,-2.169856391137915,31.882643214130187,-11.90718731098702,-15.771927668826802,54.61075502843622,-3.360105117411789
-7.309306149738393,6.910513335949714,-570.4159234997833,4.824294924635098,21.830503216410623,4.0288768077723915,-192.42246096171948,-489.2539747940639,-57.27268712950131,-42.11578961241383,21.71181196652086,170.49820107444538,-1.6344229723438126,-0.6535454330570922,0.9304538999848664,-29.549723307164303,11.021483632340546,15.203159313778377,-54.470472323378914,2.6669079048174784
8.528385830687794,-5.84530212839279,517.5119114731807,-59.65694473074183,-15.442145227074336,-3.3623891322912804,149.41609995786598,382.60686920235446,46.4661966933574,42.04332018698022,-22.858388512542533,-151.94173404147648,1.6873113064323828,-2.6971774569216986,-2.03716768239427,30.393137494839383,-10.499429347560273,21.32447478629607,39.18329358917642,-2.804783751117584
2.5493412554206594,-4.091743101802661,257.7676102511931,-4.348159410968666,-10.276209301715944,-0.498235101686893,84.39845349169582,220.75811573839997,26.295141647532077,18.967776161236753,-9.27487397580879,-75.80490701556684,0.875254948967795,0.16946451735466073,-0.6206457329154885,13.84735995217172,-5.480245075469236,-5.718295494180339,22.35428918948887,-0.972361901346285
5.019373649343075,-2.8048816837127477,327.10767712679376,-4.334284843830759,-12.513393773092464,-1.36254741588746,107.92841843173917,279.81773631377865,33.58843808145924,23.970062285588135,-11.76337728283684,-98.24590142486169,1.227470406327107,-0.2858011711635392,-0.08313206887933222,16.664262024230606,-6.034343009375801,-8.263111684486152,29.003494905198743,-1.4307933829659438
7.253703529489152,-5.690093807487525,467.72415413465444,2.980477305403229,-18.56177614197694,-2.362967770932591,166.48184899449234,400.7557377455842,44.81372456845979,35.53444742677647,-20.25559466072801,-137.65134126732426,1.338064074465293,1.947434708281178,-1.0030397665272444,26.16592350251748,-10.256819877292811,-14.811554766143418,46.58700954951791,-3.050087558216275
0.44817507922081706,-2.7800178279300756,-32.75224745579802,-50.18921995341253,4.118019308612832,-0.1902338969684524,-36.578352210314556,-89.19735258577894,-10.537648055139124,1.145948527962251,-1.9948719951790674,9.556504332092672,0.021808262890517256,-4.672248730489196,-1.8526868199388775,3.3881202485027337,-0.24106426239597362,35.414903674056134,-10.19586391559859,-0.42344794491101334
-5.5133473169722516,4.552480011210353,-309.467370742118,42.313990176694,8.489467516619108,1.3272750607591404,-89.59730199933483,-215.58147281531302,-25.227739218394134,-27.440901496197267,16.53080278768358,88.30636784364879,-1.2487920148335843,0.9956550876896384,0.9810106349523151,-20.64829388409958,7.5982376683700235,-19.35897344426747,-23.949558463710737,2.5225363034892294
-3.331096094552602,0.5605749970682434,-253.72703185022613,-16.456930628105987,11.128874785807458,0.2764272202745939,-97.69468719401651,-242.3419841641334,-28.296423975646253,-16.73406930087884,9.273631399713784,72.68394918331953,-0.28008228853748485,-1.786431717790936,-2.1200417569931003,-10.836993352687571,4.932679004155261,21.652207669432517,-26.33469652075666,1.2605192092746824
4.0394392736057,1.0685610392399671,268.74115400575454,44.4880648633809,-13.106570222939201,0.7541925403171122,118.2413007127591,280.6892132721759,27.21962040067292,14.038950020775872,-8.377392508855236,-75.86770161867044,-0.006863160692897558,0.632493656815372,0.18874229856597713,13.049547829149885,-4.61296234333448,-38.632831965755564,32.08207424772526,-1.808801670625067
3.2019656433250496,-1.1346044939295696,135.90675044838432,16.7525698757479,-6.751977833959364,1.1466886858347212,60.08645854824557,132.9701482331417,11.937009355529172,6.1359247637510075,-5.715850574276578,-39.44057824243318,0.47524139403397214,-0.2726333192869553,0.03849029411702043,7.677537319998151,-2.079160616965836,-18.074212433278372,16.338890626008975,-2.037279021043427
4.1837755996538135,-1.6271143362145444,179.40558834267927,-9.969165557084107,-6.527594018052974,1.3743071783907288,70.97892745302711,138.18975882435092,10.282870196568542,13.292525739916343,-10.758402613361627,-46.564789569220885,0.4204453364398011,0.4505309894568209,-0.6400769843469712,13.056536582948352,-5.370567853834472,-2.4679627654201766,18.446848946491738,-1.840383480354596
0.44966592690316753,-3.085030545082475,235.25702293450624,37.713203988981896,-12.34583045103154,-0.8915693235563875,90.20525191420384,251.9001422670539,31.116838663573038,12.59470723435819,-3.772339213383413,-72.89528568223473,0.18540962299768274,1.5560945812635358,-0.1862512287558153,8.893545026570543,-3.348945035678266,-30.766977651666416,26.22316403453284,-0.40572116798890284
-5.3451220018398935,5.819627792271927,-544.5231548221187,-39.58577410464277,24.32393863213298,1.6834981267115252,-191.96074722758274,-516.2718942010267,-63.232822502400325,-36.61951466661871,15.41569905586688,165.43570215827478,-0.7126187011716232,-0.5733315303764037,1.026421964044663,-25.396604294934026,9.248584892424743,38.4418355733083,-53.848420206688054,2.120106250399187
-6.6028039394551,6.38266257302611,-558.021924196321,-0.06015548899320017,21.54856060794683,2.7968169767052995,-179.77989482929075,-483.3840218525066,-60.485726634702594,-40.087406219604034,17.611921439373305,168.3556608272706,-1.2768314599912494,1.172630864979899,2.2276330450539374,-28.809539686777605,10.031558525904298,13.559312507517296,-48.89861920153639,2.643119790534713
2.9892950885574523,-3.591059871944697,253.46636862543923,15.42310157016157,-10.756999761352768,-1.4907602156505642,94.21173373045376,236.34497025306865,26.470381438300084,17.665275833407502,-9.036446981858054,-76.92686612093094,0.5009538137773499,2.2662501979796468,-0.6364301945885329,11.648969722557586,-4.7478275795624665,-18.177551230549415,27.928606953756677,-0.571049779750181
-4.328591868503676,4.475559616194073,-228.5580830516466,30.091862329823638,7.032263692216732,2.0114633980925634,-70.95375987164975,-153.73919297336639,-14.682011979312179,-20.134498849946787,13.850044788637652,66.2592720343664,-0.954025437256528,0.5227918172842507,2.1427819562482897,-16.993152114443774,6.237804287025627,-15.125767493303735,-18.976433983693845,2.5408915643151597
-7.750510354861639,7.863149102061312,-482.13126735134483,28.568700460924948,17.351495976374053,2.5232059238066333,-148.31135269259804,-379.36744910910716,-45.516550021748834,-36.139987111599645,19.907128200272908,142.2778248789842,-0.7698933375799453,3.688089450191972,2.8382785580594554,-29.282024174098662,10.777849983435695,-6.586114553458574,-40.408194827482795,2.969997144945546
-3.9086862393864976,2.467104018843897,-114.55831962514807,62.19791368382383,-0.5216729542824257,2.0915691292124183,-14.207137736139849,-22.35533319580053,-1.2913190620479826,-14.272555894260814,10.25470112001624,32.22515761874906,-1.3225197138086295,3.198397799544283,1.928221481240152,-12.004717511178107,4.189125877180399,-38.64620206438292,-2.111935050979888,0.9453305681725686
0.056017169270519473,-0.41540759615273953,53.46128277318124,21.25263967902478,-3.3307062503316853,-0.6327166800834798,32.54702949602912,71.21726023940174,6.778207390429441,2.6854613608018147,-1.391726028676832,-15.072294346745895,0.4078670725216535,2.52732078263879,0.4950249743546086,0.7939197975719557,-0.7347804755588492,-16.664705546849422,10.098902128535247,-0.31388479384534335
0.18583837119852697,2.3723155946227332,-85.37645490247516,-36.08630097222009,6.752273190476398,-0.28019937690989477,-36.040291991890186,-114.7925063633524,-13.442931641241522,-0.8391012518781036,-1.8647991631482133,31.70346152562275,-0.0021144205858945673,1.3948598930066907,1.1657914766286448,-2.1455341526916607,-0.29356967079012003,24.333288434962927,-11.497998968005179,0.6359348139594398
6.699146060154452,-2.237639121749504,518.0674226587229,56.813266238643656,-23.459002134227262,-0.2450615309406441,208.74175903371128,510.79002513472153,57.32555080087695,34.26944871652995,-17.689725502930298,-150.68053990346695,0.8689088941247,5.8072010442557165,1.6696921066589656,23.226944797648237,-10.016507996999263,-53.96907816697114,58.418749442695564,-3.085830926847448
-1.458977534033823,4.160192877062311,-93.06807945035754,29.891227972021298,1.952660382338776,3.0616993885964545,-16.719316325639205,-44.60914906794277,-6.051432276593105,-10.138548716353187,5.635050730005809,31.573962010952513,-1.044620097752595,0.44511080255740865,1.131433421607834,-6.509793027363778,2.6250093740354377,-17.57353793516707,-6.411837454321812,0.6119607592710781
2.4545936083103266,-1.290217436199477,160.4272676180771,-14.723488900636136,-3.700101650896831,-0.9537473766908461,45.42509101240717,123.85832652886214,13.438102407764974,12.544762606076565,-5.365252689087551,-49.31492957408147,0.6515342034200138,-2.8030275937150755,-1.7950055111331071,9.955122328575504,-2.718532049123346,4.728832269086517,10.861577777112101,-0.5879801318298132
8.81827355063651,-5.947549553425849,562.9809971706263,-12.131808606453744,-21.27479287907553,-1.1479750653476155,190.59268474686365,471.6988045422823,52.45555965160646,41.15562757032054,-23.347729263320385,-164.06324708590637,1.1969367049155832,-0.9917212989549681,-1.386684353114353,32.774393139775746,-11.818143935935737,-10.05782826747063,50.69899775151125,-3.3941426190598305
2.5242747094669387,-4.519955242940977,119.66394717497111,-28.72263247326471,-2.8715761143966074,-1.0495242444217658,20.17428847214401,68.84983853393581,9.610978006877698,9.23711791393737,-4.671727068403666,-38.418859654418775,0.687061422175617,-3.932390330451004,-1.8836430948383764,8.533353109477376,-2.188025180376078,16.688997399736937,5.990245191632719,-0.761619409424853
4.820588125004073,-2.0382484872806708,137.23458796151363,-79.77779588914065,0.2121683881641947,-2.8275648557925535,20.610486602668562,18.6124706036957,-0.23841355131686298,16.745665201926474,-13.89209114262185,-36.04820956880136,1.7201225230198056,-3.1334469044639346,-2.108451429968671,14.250737753041745,-4.799837123238684,47.727853487866966,3.882525214977269,-2.032767586311374
0.9099945603552655,-1.3955416079035996,57.05714913788112,-45.66766191537195,0.9895945089647585,-0.44288738276169304,-3.153180165859035,1.3691056607554148,2.4477835789747866,8.41668978881085,-4.977606493994042,-14.571902276636223,-0.6071428829455906,-1.9047942854605582,-0.8513271589445934,5.425349212671424,-2.8420171774395144,28.725888101730472,-1.9077218267619016,0.39265079624150157
2.1601458046934683,0.3401871364907453,57.06707844675319,-23.319716866004086,-0.26054789534587686,0.1276236943535941,14.391208391202234,23.522114312055013,0.8913648918610786,5.846740845665703,-4.465426646119152,-13.354826813594368,0.6028940787261451,-0.049984845329663186,-0.04669659349784952,5.003867005211957,-1.457953823098521,10.260516169978573,2.555752102604357,-0.2654147384504455
8.259500053148193,-6.7220112622319155,619.8386807992665,-8.70884457528272,-23.759257483810956,-2.518080848269526,199.72565377162903,528.2471380271846,66.45799278666155,45.69492318117066,-22.05995028135697,-183.80207340457247,0.7986748984018731,-0.41086722575082635,-1.030373266159502,31.904960276064198,-12.451954926764007,-10.19926976007669,54.003862817166315,-3.0368600818296954
-5.259315087625235,4.240127854726727,-397.0693015690991,-17.91146058376285,17.66296156246981,1.0404309497385895,-150.8175359797431,-363.69256414259775,-39.795971592366556,-28.00566625230906,15.426239617791742,116.67768569088463,-0.8164413437495319,-3.049734855221902,0.019251273291069015,-20.154369048417788,8.518187108651025,27.27100393497068,-43.04245647478465,1.8196898510982005
-1.5305236168939027,1.898520693954286,-250.88301953714483,-45.90590597682177,12.712520989457165,0.37102146518456275,-99.79374460411688,-277.295144156674,-33.854289365048054,-13.68258450024726,2.0153383139262218,81.64128117767933,-0.2565404088527517,-1.4213599529088292,-0.1348846975046373,-7.562294563038538,1.755713206156103,40.955732490879434,-28.711288803064804,0.5426570160759001
-2.4915275341784797,2.776964093957559,-224.68604671855553,-26.52707096323829,10.477361221168687,0.5485489295857986,-90.45604693072508,-222.13641221187856,-24.31257813702376,-14.663451412297965,8.521868922911539,67.03764899900658,-0.7501960673275809,-2.9432383211252433,0.1564850450500032,-11.29766368283397,4.37480972028027,22.15187100309236,-24.711348008852294,0.9909900293886554
-2.1711721750641697,-0.7970450047028015,-62.41805539773189,25.761472435866338,-0.15003075161721086,1.2948905986812522,-8.798796128315374,-22.702668380417137,-4.048458006450247,-7.2736482655226915,4.209217101412201,17.225803028495317,-0.20442140663169617,1.0553200699673635,0.3827766034159731,-4.964310700417592,1.5643438962261451,-15.976799350831099,-1.469672077763502,0.39997614632793255
-2.210261944772924,1.6190265365224545,-147.61604497596525,-20.886611579425754,7.4271891072186795,0.6597325224646395,-62.355600977084066,-143.18628824790093,-13.282523883388357,-9.522822418231224,5.200731185193657,44.50067806583386,-0.5122402771018779,-0.190263023324591,1.5230725548951085,-9.283717164414421,3.278490700454968,15.443467888856743,-17.81413667186016,1.5927170300084916
-2.1680469354806937,0.4450868213304273,-200.66192534522327,-26.52974193404251,8.95140694880056,-2.008400369617867,-80.22953025201912,-208.8221750739179,-26.15763403565709,-12.675059199440097,6.653666673435272,55.07403582172296,0.1651134026370189,-2.812445665199126,-2.3996466982998292,-6.863949050749145,4.2013020576856395,24.53977777784433,-21.644346251788814,0.39585264639662826
2.8238611421955366,-3.0953276192365036,149.08832240211638,-29.019297750315104,-3.903770571268351,0.8411782191037286,29.806210494183563,96.3651185774705,15.557074942055113,11.390013330222564,-6.304990319400219,-42.213419381868206,-0.5123389450562538,-4.22846748997723,-0.6310060499518833,9.443395906528014,-2.8844272904715273,16.67186356247807,6.769583987714771,-1.137445948926033
3.331398500066821,-1.3605638336480534,330.00467876548254,76.03148525571856,-18.07599322234867,-1.2416520496953136,151.4473135529215,364.65205111576756,40.44047195645039,20.94389689171017,-11.155984678117951,-98.15265246158299,0.4227369962918777,8.005800204409681,1.4087336200542115,13.604651986487625,-6.358915858162791,-54.96932952997613,43.63879485323206,-2.1982750860775333
2.1551923760028435,-2.8270626201161346,100.55482350920447,-48.34180526375319,-0.3222028283242543,-1.628167872955691,15.060562264592543,31.602242642162523,4.0860435588643655,12.380342052996733,-7.601384391429417,-27.900057480398665,0.7962284933624442,-1.2782133958366686,-1.866334122322852,8.744074678450879,-3.222863694669347,28.327759278143724,3.0530269829723387,-0.3529547371583064
-2.1817879868663885,3.0836169782780947,-197.6787152970331,19.872995512870766,6.640555807234998,-0.07193795837840872,-54.51006573511734,-153.62901076897606,-20.018887833940703,-14.628577500268353,7.991897912130729,56.77373774672327,-0.034743355443796094,0.9360684352778673,0.56353118907725,-10.66697045695739,4.08763599889407,-6.775069429113629,-13.564582911590746,0.46612552614548997
-4.435476136853166,6.118508738544006,-289.965529301696,69.29712396180855,6.42143776743779,3.0722278426691574,-67.91835167733494,-167.64955415756674,-20.47610320556034,-27.551340191990928,16.981194698171347,85.35620774742551,-1.2370383005396632,2.446375766129255,2.7961460475567965,-20.74632775812436,7.105945822171216,-38.92665930191634,-17.23624147107658,1.640070054210661
-0.5245706109526014,-0.7744349672467343,10.705118353485494,8.623248672554666,-1.2057285904219788,-1.1996973227742322,4.716083876240954,20.05381508266876,2.845565028406404,-0.06423458310220082,0.9037928899105789,-5.978412160315156,-0.2343117882318222,-0.0790185382930122,0.05180859040270769,-0.9794501563388424,0.4502241758717722,-5.462191724784469,3.193514608021621,-0.059240611886397676
-15.84529236933971,13.229618884483157,-1076.1608431315994,52.170285378324145,38.28119333634062,6.182651555045983,-350.01620315841336,-865.2702879476016,-99.78819237163448,-83.50784107978204,47.031054287681904,315.87302647361287,-3.4183770576290167,0.1887763687034767,3.7970424939520537,-62.1330949026326,23.48635879722596,-2.4253905592454594,-94.90864057931911,6.232906930111685
-9.994718370285428,4.916324442910765,-598.9109674910877,29.886840302373276,20.817082161537332,3.6187187418106745,-201.39977058065307,-480.070885169329,-53.1328149047611,-46.52309840706274,26.875085866247755,173.05514519859997,-1.5947925916089865,-0.11189777334779083,1.98715789412988,-34.34004930172738,13.22384976710393,0.3393559400169227,-54.028693579499325,4.036721067435209
5.753640572037662,-6.726517335671472,390.46316846154184,-33.532892730600864,-13.426925836738885,-2.3445779459151543,117.87296709057807,299.7074473591769,35.979590330684864,30.653222919540877,-17.612937418923718,-113.35313773978268,0.8356688030072656,-1.461012192410685,-1.5061349724242188,22.99628467846024,-9.239798456447875,10.752485611426998,31.900141470604172,-2.0659979788910237
-2.151649616607222,-0.2039280402313221,-3.696782517640936,42.558517258188246,-3.131318802667706,2.2110104210897754,11.642373401326468,51.58459660225905,5.684285531366554,-5.143073757957424,4.491364512909382,0.27503958636036285,-0.7015135949932911,0.8374007715840025,0.17991922773108238,-3.2836440270537324,0.6708521318301948,-26.07186799327721,2.7196370529881353,1.4249279799467407
-6.954903485714085,4.55401104765698,-269.56090011793947,65.23091489994434,5.983026011761108,2.5526374883897596,-71.18747108100096,-149.89286231784862,-15.401620857366698,-25.91489049503705,17.870063554067052,76.68673989410092,-1.483797134297012,2.476283344505377,1.417144182499635,-21.415439943950716,8.018455875628566,-33.92714717622136,-18.897603076283723,3.4771892099623933
-4.354575567940291,4.826804712163761,-173.4372835563748,96.01110705921123,-0.03768411664443573,3.423566654168874,-10.063394907466966,-39.38338965923584,-7.714192747253262,-19.036984949298873,11.849095653305614,51.04563211798779,-1.3570593204679338,6.378170024470304,3.5806498555973616,-16.120313859431402,4.645012247286184,-60.79050465229855,0.4220399675573985,1.251734918862137
-1.3356069226685636,1.6675511994556655,-191.90199105545167,-40.9190287398682,10.818312789088704,-2.1153490309470664,-83.4229521460521,-215.65359270825903,-24.981148680273165,-9.73149590011447,4.591583571787866,55.756159985183864,0.5864032149131635,-2.8183516047806836,-1.2736140209037925,-6.97934826196814,3.315762467604314,33.81449285205999,-24.054275572276808,0.34527807686828393
-1.3454494579927714,3.508139797610246,-51.104417663449645,22.00140305274324,1.3855671228990423,2.537112363926278,-7.272039470088277,-14.023085737474808,-2.6288637646750184,-6.469079193564993,3.8571840021510475,17.18878906546138,-0.306913756010383,1.064150292885927,1.8019476670129253,-5.071748164206927,1.7812530445491483,-15.523288006657559,-3.2747549221318746,1.1775561136907104
1.1240934479723772,0.6011824470337398,52.71284328272402,22.54666777962471,-3.2202464215426296,-0.7035781142918994,33.11681262140603,68.53775124741743,7.449791481616631,3.2691105347939486,-2.915884188105364,-15.78062007528581,0.9257925528987498,3.9950151253457795,1.2729474816937594,0.5378018347466279,-0.8714496104881752,-16.510196821959266,9.730959170965658,-0.7854069070378953
-5.307516411867586,2.9986046240189967,-489.217795620675,-42.63639871254926,22.086273813276808,0.8027989296794522,-189.9338618596713,-472.1504750550886,-54.702878437039736,-34.16428267819916,17.6895041322486,143.6281880964376,-0.473293985994016,-5.909403973952532,-0.7811578702416744,-22.825794554069095,9.787479151599472,42.11978179631827,-52.563270397861395,2.0219539822431147
-0.3355245559997133,0.46424454127882275,-49.73482352443145,-31.69464312681579,5.2321875705491285,-1.1985813031244261,-38.56227042560227,-81.39956439776688,-7.892627305681276,-1.0966632722590532,1.7464906259702675,14.224222931003734,0.09229960159992119,-4.333483857412944,-1.7388229040367467,-0.19393270028746784,0.6201537499959751,26.997413609112748,-12.284993614126325,0.33274610948727257
2.854368633159664,-5.385478633262476,240.98958605083396,36.12500689224848,-13.283356735777707,-2.758382202434906,97.17469420173113,238.33985320255644,27.155532959384256,15.846538079249136,-8.122305901592071,-76.77050684359658,0.4161628933081193,2.25115934382771,-0.6713232755262211,12.577658929812067,-4.474933205426665,-26.92892782957886,32.01940454711347,-2.354989977675908
2.1622024613890836,-0.7831347017934381,171.75637430740323,-6.325242163348879,-5.883879911072347,-0.7158853305847668,62.17563676874171,142.43755839669547,14.000958816752265,13.309785834638264,-8.41997443257829,-49.47666898491173,1.0262291468866442,1.1103489620197926,0.06698042172715063,9.314107994756734,-3.494486149622768,-3.488867985002596,16.030965893762904,-0.7519975674729307
2.529025596450106,-0.9003473239493582,268.0989803702364,34.12237063123375,-12.066776752107861,-0.8095022413622492,109.68983852752622,269.24556967135237,28.385860155071562,16.528165068711175,-7.5686625205366775,-80.10551413269322,0.4197137922321869,1.8369586527032786,-0.1967440230377105,12.451644993243345,-4.315120688680352,-30.720772669658988,30.552365466095303,-1.667333420143534
-9.98772686904799,6.925383790523197,-742.8543812516274,-4.928441081536206,28.79623121255594,2.5761259632961733,-251.3873605448039,-647.5759078341638,-77.28042442017909,-54.15848898892726,26.882989113153368,220.69120608619448,-1.3877705286005868,-0.7270408116116905,1.3936777670352494,-39.41790809633801,14.163859759497225,23.513828661134752,-68.29190878824814,3.89422166755692
-2.3773531399498093,4.778142797148606,-60.054843319274255,71.29981075758604,-2.022893838035813,3.3359922216012983,16.520325019228014,31.693044526507556,1.2210441497293343,-10.667005273550437,6.568465729628503,19.65069491387924,-0.872630152999837,4.4280447637542935,2.2189884772318154,-8.268080308506326,3.1339559807656854,-46.81282586958155,4.489844725947743,0.6983931426308291
5.018208522350716,-0.773910715375199,362.8158607789707,15.782690764645064,-14.493725492978225,-1.10580162979591,133.09562229680876,328.0333348406532,37.66512165604373,26.066409807666478,-12.716063511534065,-104.90905830043776,0.8848424330387897,0.8541705354246387,-0.1617128884417195,18.80857652569878,-7.063890039459421,-20.455833267684998,35.249699423484216,-2.957814590579261
-0.45703436659969215,1.1566659647214506,-97.80351332895421,-20.261639700537337,5.656125745179916,-0.2091107024114024,-35.53945629681764,-105.30448193554865,-14.009713616981479,-5.110723528417224,1.4331368732508973,29.677156973485864,0.5437259100081303,0.7510982581582256,0.6988395890453474,-4.402805060026014,1.5654770760576064,11.978460624176122,-10.326254705215295,0.5759830885569702
2.9617112488957105,-3.827191549440446,305.46087262997196,46.166301640202285,-15.641546194100348,0.4378885031193753,129.78828127552816,314.4373715920451,33.151895700753904,18.75222133276427,-10.527717745026292,-90.48559750866637,1.055543292769712,3.9306634208468645,0.17060350455710865,14.05853371585085,-5.961152392330741,-40.201408503353704,37.58733760974951,-1.6775354218993104
