X1,X2,X3,X4,X5,X6,X7,X8,X9,X10,X11,X12,X13,X14,X15,X16,X17,X18,X19,X20
11.845234741998087,1.1195229244314582,-2.2315766157476378,16.517982387113378,1.3473830355928738,-11.843049588946304,7.705554668877688,-0.7565386573077229,-8.282894852381357,4.419848475592345,6.242024025474425,-27.232131079046553,-0.09254481773871147,-0.6705567149035434,-22.91749950819767,3.774393220877563,-1.5135765799200258,1.7218694278778566,-4.233148808139924,-20.225018293806876
-20.95646943685587,-1.287575281639891,2.808891625504148,-25.71346156476869,-3.624145366346598,-31.788148927893307,-6.165115426270583,0.12385467734662631,10.613899236340968,-7.125482929448934,-42.37968996064981,-40.73995996365661,1.698164507286781,-3.079142311524861,49.70333608347732,2.3004848225126313,-0.9328451766541388,-0.21345486587184193,-2.5299181939501905,39.494166813164675
3.626476862796476,0.3811374541488693,-1.018750853932345,6.8490634338278715,-0.40209739572563286,24.771033585347844,2.3328267371361204,-0.13540435163437767,-4.4892639593087384,0.8986606098297206,15.726300675341053,17.681441910552874,-0.39871904013457,-0.32997701896052845,-6.8861200893505075,-1.6747253510152835,0.8969452669099951,0.13168163045442732,-0.8567689463437627,-2.6115908217755477
-13.995718651012673,-0.7949992022144498,5.470838976226692,-38.89192877844483,-6.770878232477168,-22.78652590334518,-12.043533124376568,-0.09137500838358109,11.562444980247648,-19.51803186391909,-28.112065237940225,-7.714655980735509,0.7206889614784259,1.7610564686639116,79.30376216412415,-8.265513343855678,-0.5315938933829722,-1.9280390906114715,-3.780054538951963,47.160003193767864
11.851374219880984,0.16398105951911815,1.7889368902384506,4.613338628537773,-1.7247271419804737,100.5045608590061,-1.9062523526184003,0.569321759440188,-5.05256853885245,-11.353586509678669,59.76613735855146,115.77807048003315,0.01377622237100433,1.8595742037170917,-5.326958037889897,-27.406737484356814,3.202733692301228,-0.6920454785546961,4.785179510348354,17.266976716831394
-24.01316408400159,-1.604436264893041,7.901486778760384,-62.646592791356845,-10.535819797810872,-53.45167818819106,-17.53577336623658,-0.22060323921055017,19.320929539659982,-28.962933893818402,-56.055946937897204,-37.08839388991573,1.255095855410121,1.8836421308400746,127.68631514013829,-9.847388576909637,-1.0155442119707918,-2.7453435710582457,-8.186879322072834,73.85785024232084
22.75958352358361,1.1882714405035784,-5.98815680090132,42.39755211686666,6.99358614899858,-28.86125183998395,14.849650415402195,-0.5576826100463204,-13.555342329834296,21.539657715759933,12.022271215350433,-45.04643561197436,0.052579835959016386,-0.4926124702510182,-82.50716513430869,16.021185158795905,-1.74193729154951,3.085054971749529,-0.9092241272876608,-66.45978605848958
39.67211556789457,1.9121491797829782,-5.8509326826289785,66.01088153788609,6.773007121762253,95.81682728796454,20.586103891417586,0.45279330153986114,-25.388374663042942,17.88789860594866,82.61216997926499,64.63052915127649,0.9434441899032936,-2.714382691605561,-117.59861742759091,-9.484987622409808,1.8041829629333672,4.98822829626442,2.483735582513569,-55.46842267858854
-40.99204759750412,-2.239727244701466,5.45222573850691,-79.14559462161866,-7.137825952661644,-171.0999181746768,-21.637553325691055,0.8838174274286025,27.65820739091415,-10.123055245605158,-118.49346900199227,-138.12909656849018,-2.6119179926580527,4.586278504096835,128.20028999527224,32.458480945400545,-0.5856889053253954,-6.553951382446036,-5.342336992973999,17.392235955865097
21.116599833851506,0.5339529748997384,-2.9462783525187133,37.908898792080066,3.1884824871751194,51.390721885336376,11.782983103968538,-0.6315221273260678,-13.667799781075448,6.822316508161381,43.23140156750118,31.843838142829163,2.4438312753704294,-2.6872579827459773,-60.07915360726994,-10.066762295484514,-0.7053791787151978,3.6530287626215987,-0.6518150233155919,-17.784456539811778
-7.386808153143956,-0.7320403920029227,-0.2898110291719209,5.376081996642705,0.0554802545958088,53.886389669646476,0.749781722382896,-0.013230028854433131,1.0401062622833241,-0.3216436033757193,15.831063150166138,50.09365631751819,1.5251709081526026,-2.4181772959003482,-7.288364287711412,-10.5037723659328,1.1141723370639824,0.9126500713667844,4.4018413754527685,27.049976862977505
11.590974505496563,0.22941659872561293,-2.1228937304129314,19.96425286332478,3.666413300783497,36.25745347688103,4.658439046469185,0.07334413668950135,-7.704807698431628,6.759958157615099,31.81735800027326,36.47357092822495,-0.9723198014894153,0.28977311381280807,-40.918878523012204,-2.3626702364655725,1.7182898607987984,0.4165747057130391,3.7539699610138104,-23.82138342676417
-9.68713834188357,-0.7543500589572801,3.0231294816435397,-24.166207623592793,-2.3933325627001087,-2.272261110941062,-9.948262079588206,-0.15436035607504325,8.576777444858134,-11.796726855599223,-7.305529087978743,25.347820139339568,-0.07000882386466259,3.539100196217723,45.593783481745646,-7.527487087319508,-0.05329271747114317,-2.8683228626507606,1.1081534197934264,27.859376395494557
-14.48800785905695,-0.08703856571582981,-0.7268461933429373,-11.634854177067405,1.3574065791067336,-53.76667456106186,-5.077063306661008,0.7932836552906285,8.904150812450938,7.854107057524046,-33.616856270107974,-37.88630872915057,-2.2358435807903327,2.443248897484011,7.623140803886166,17.001810963863257,-0.44239005341296256,-2.657004461662814,2.853547322749952,-10.556668598977387
6.749455228695104,0.008025396110163525,-3.8709563746772,31.601379921410295,4.460768728145396,19.067528666522414,11.357414638471333,-0.34587173341009514,-8.757159414034344,14.959684093658835,14.430156081002607,-8.787865493281581,1.3983810877783884,-4.510708443254758,-56.29561272258655,5.382996234017634,-0.47114257076383403,2.8698510284132994,0.07177346134813367,-19.287142284799273
18.041793182403875,1.1382920969364163,0.6596790338838159,10.185001890158185,-0.06439565757646819,47.49132709731304,0.3395173715367482,1.0419899922915317,-6.769313285453411,-5.366302099602766,42.14590813524734,58.76819454150419,-0.8219808372237363,2.455342748933718,-18.1821541119183,-13.373514210100236,0.41905000062034103,-0.2151657162732037,2.0905600801640554,-12.651765089734502
-10.672796955724724,-0.08328659120968909,3.31083021714601,-25.690188988216377,-4.187602112268123,-53.78131002234942,-5.183272242819685,-1.0295864808711315,7.351685418446847,-12.64887389309172,-39.44534443447801,-57.28557177793065,0.6673447682153758,-0.47506576378623205,59.94338247344159,2.1349436925461487,-2.398292424828203,-0.3768715019775052,-7.075352619183817,27.50687160575527
32.903535296875674,1.1244630535354394,-2.7525718423543726,50.62050232343915,6.203312026612764,161.47515093200238,10.478022061874608,2.471697487795134,-19.323516125063275,9.341481774316449,107.61794867112711,163.67107998115912,0.36114710579438564,0.07237716504171066,-103.401299011416,-24.47463641170199,5.725193583041743,2.523801701376386,14.098460415119147,-35.78203363687386
-7.377458613737133,0.35955881741584983,1.127635783813876,-14.205530913650637,-2.9682141210770263,-38.85150825304617,-2.345372916260906,-0.4051519001697741,4.218340750663801,-5.7044071137939305,-28.34669600638141,-45.85927744639538,-0.26773859949651124,-0.3765622366906344,32.442075105847124,5.721959111997178,-1.4315225465879364,-0.19397573202799523,-4.897447550000594,12.009487161963968
-5.244013289109269,0.10669387506760386,-3.602696067530194,7.456204851029503,2.6503301892856266,-100.56361177915197,6.8592485270638,-1.3139718070029343,-0.05554734306122722,17.32488617771738,-51.55665588667707,-123.10080553106292,-0.9954863057142012,-2.4656945247822053,-16.966085392452985,29.89037289648838,-3.2389685223301767,0.7132272643320383,-6.031000732540091,-33.915700003778724
-26.646781063340956,-1.9418074731499977,1.217858538067654,-36.66622719980965,-0.3353391999962435,-92.52024007371028,-12.394714328789021,0.3750690127025705,17.908591301131732,2.9103248660668815,-64.91348807790817,-61.96654361412482,-1.5274631214884933,3.0675362380371336,46.81845319354262,20.8490027349034,-0.18987815894526805,-3.9183968815882033,3.4257682905649345,1.2824693936766938
-21.5032094831771,-0.26264495587190506,5.300610524156747,-52.39225109033364,-8.579413646656233,-77.1416584218431,-12.662711419981168,-0.6315526856716422,15.176730389845591,-21.458132919828873,-60.35106596614109,-69.83658379405873,-0.1305089634797774,1.1729721604853298,106.45622576343236,2.7327966135306756,-1.4754293683885478,-2.436657324207428,-8.757053700347505,44.68342609433948
18.97487880702249,1.4911921637568053,-4.243269991911776,44.6810323432734,3.728818906426938,34.89871361309574,15.327981154449642,-1.3277277936109875,-15.701480372655443,14.636250540782521,35.96197078983903,5.7954292462412385,0.8517662130989231,-3.249581039889019,-74.65269981463123,0.5586834616306767,-1.0911620535084017,3.1561788012146996,-1.6850954015405677,-30.07965604813353
29.196773678185007,1.545338898583839,-2.740402717863845,40.40626095696365,4.284460232419914,117.1019261354013,8.643023336921592,0.8119531780972632,-16.01523380921117,3.632652348365806,87.48188776922153,120.74867877699643,-0.3030393581232629,2.015667144968872,-71.29816869440134,-23.280786180592262,2.360224385329006,1.7906510255209267,6.404778449634861,-20.462903031253934
33.50654249364904,1.493931477352798,-4.813405120737243,65.92680446282814,8.466160473558794,167.73461053546572,15.767867578661166,1.2437610298592603,-22.86548912509697,14.106310465782766,114.80805613889086,159.0678736916757,0.33304433394739363,-1.2657811328431963,-125.06145178183588,-25.62769801575734,3.9288095346121015,3.3802504741283896,12.028098641139328,-32.19381626871144
-10.581526689360052,-0.5365018362386147,3.6836689112182928,-36.00073465435757,-6.011020978977724,-34.371046203065234,-9.416464273318468,0.503808510795127,8.484742291503414,-12.010258430646266,-30.42813690532834,-27.337817786568372,-1.5000623226332594,1.4891246002300484,63.76738947354964,2.176417017928034,1.4911455703741936,-2.3417666808343083,-3.770478114689231,19.804401711154078
-12.015777733612637,-0.10126361776729903,-4.210155113044602,5.382918631384891,2.2858201403753937,-115.63898032980438,7.829678610276095,-2.467471410785767,-0.09336282165817833,18.40041829156198,-64.43623838094146,-152.6701477480546,-0.1918100516329498,-4.6560943188657165,-8.698341283792674,35.32528780247335,-3.6934715481754754,0.7369810221550056,-10.21304049379604,-25.70127164208655
-9.100881528882946,-0.8642247680384638,-2.753502023693345,3.9396123998039645,3.7298037144177427,-44.75446524300126,1.3604722616669742,0.3028110769646201,3.2251625171247005,14.621214142380715,-26.244884145556057,-45.96728801748338,-0.8629314382374494,-0.3395623825430334,-19.108499921557126,20.135104891363824,-0.592717449503686,-0.4274877806581907,1.8779873238647204,-22.937830976299292
7.8699010602612764,-0.27651553223724373,0.5072022504546392,0.2606588884064418,-1.3224184357187645,-4.271599131800109,1.5595917911013848,0.8926412416182267,-2.9478953766376454,-0.4685547083558488,2.508037989435647,-9.99429669239673,0.19358966955981155,-0.12490829664886971,-3.66442335818347,1.549264221078526,0.9312620500775627,0.37898221255438136,-1.8526899775113603,-15.093050366017252
-10.01876012758557,0.7319133569029906,-1.2184682035871934,-2.2120850505099647,0.5513774244211966,-24.64665558823756,-1.029968190492284,-1.8571628362331083,3.2102139040842457,-0.25944446930327936,-16.156711990159476,-21.770142755398577,-1.1172485636436986,0.7516925611871624,11.491864374289284,4.359480836675717,-2.0631632398940156,-0.8579154677263549,-1.7171569794475081,14.046476992454423
-3.615977623955249,-0.08123896360106035,1.1731915465778542,-16.96882769639959,-1.8040260571529572,-53.0104522422105,-5.122187207776513,-0.3464594135690419,4.854472557505573,-3.519459610629425,-26.323630289679933,-41.32164735098267,-1.3451980626896367,2.2457038480452125,27.8668690505196,8.213212733889554,-0.9865686324087201,-1.8601254853902747,-2.793348785200086,-6.106805607244174
-23.631421118093783,-1.3106451867098157,-0.48093952057777034,-12.996875230141535,1.2186614369604802,-64.28319479592945,-2.6017278930447545,-0.3394637007178188,10.425928347360415,8.641095248941797,-53.502040699697005,-70.19930015400233,0.29733261218647583,-2.397891943565706,14.90637641447576,19.386393314960088,-1.2275803455402596,-0.7582614009371518,0.5362158630247649,6.033119680355265
15.612399653517386,0.6449695130456076,1.1579633902279602,18.21820960818163,0.4279673227534763,143.83068720828922,2.038052765797058,1.953557146111698,-7.8648626119179195,-8.796452383210076,76.1163095960079,146.4982829055576,1.432219493246113,-0.8061119489506955,-31.1443887849919,-33.97748159982603,4.071726371611441,1.8745498559405986,9.137538435748567,22.51759542242321
-32.45132835062599,-1.0022969825128216,5.39442798432719,-57.9164426259527,-8.859132990779504,-70.33946530132737,-15.116277595799518,-1.3168170690393564,18.52348846699369,-21.481846425406843,-66.59931777096611,-62.234982117097495,-0.6939830611198858,-0.3950747311737266,116.11925280453411,3.0850050682565993,-1.2619213038346793,-3.6740764825691645,-7.732762900217489,61.38773010429402
1.9962012474054258,0.3672928207854352,-2.7465734313778762,23.89891201955625,3.523528213184809,17.868773855512174,7.416887429204985,-1.0715040856103855,-5.126940764055938,6.771539766634734,10.002014860231327,1.4851306520325438,1.8652874936546597,-3.2531119917378275,-35.05975503306691,-0.8284583400567924,-1.884875779478203,2.842522921396247,0.28948862514371465,0.9771397106699548
14.716024899231572,0.5013037184578234,-1.2485327506335593,23.7418163794621,2.6191240661091153,63.35025784317703,5.326386520189043,1.3239324034396627,-8.441708034949624,5.807297930015598,43.70755143548006,63.08090639700997,0.49576482192446547,0.06577968033825952,-50.4631895801508,-8.972559005508245,1.913793309849614,1.4366595735233596,6.135061858726166,-18.282891099939675
12.941607650040925,1.230381515821526,-0.6346336083770522,21.964554315385776,0.4791694254783825,65.64754807167142,6.924871054031501,-0.18659754185898283,-8.846803359016727,-1.6911195754255497,39.51107531879678,48.575559666541686,1.8241781467910054,-2.3710243228232,-29.571258027462658,-14.758303807517697,0.060701648823448584,2.7181211095975484,0.29009976719865316,5.81606392791376
-10.851968218598314,-0.7031082944003721,-0.47413493878385415,-10.373181922225728,-1.0120695774350443,-63.865764255729175,-0.9459346155280751,-0.8376006965430379,5.776658042969689,3.6734834014573083,-41.3249388473932,-70.55980903640688,0.7550044479485317,-1.287847811044589,19.27982168714196,13.247371272319132,-2.6668601167341484,0.03364310445246141,-5.395546286701811,6.671959250270621
-16.669514333963253,-0.7844162901943692,0.5460233675093462,-23.0104598031468,-1.2725560035641772,-121.20094943153825,-4.5411983939057246,-0.8017527766895769,9.891214755980897,3.840713707185261,-71.01449677888418,-121.17538312751645,-0.7603732068679553,0.3080618349678583,38.0476211712567,26.912608480067746,-3.4819570905627364,-1.7882000958256237,-6.449985433150319,-10.801130494681338
10.945613876063987,0.15651561945020054,1.2883902444801554,-6.53631574304207,-2.6746847158204154,1.7588570209552012,-2.4741449959563626,0.45998427591754776,-1.7268541251396883,-8.16989790713481,12.198574256041649,13.652796651823271,-0.9695687440148595,3.014191617969507,15.154155496717243,-5.451002963924882,0.6080450100153401,-0.4752541487434435,-1.834036766199878,-8.855660189808678
-1.791797252131551,-0.05428728276653192,-2.4018861329580172,3.74859007722217,4.22337965854935,-49.182320579407744,-0.6229348472605467,0.15888695466708552,1.5124049592578344,12.431123827598313,-15.917439052167355,-32.069695571181256,-2.2877870692520963,2.987828842656761,-20.006775744631845,18.282051704663857,-0.6798390919904881,-1.9606950078866074,2.423133610852108,-34.09051424653328
-12.145963220425426,-0.9752020562806807,5.579642406811843,-38.94557767599639,-5.11169329566492,41.049335105745016,-15.538649550598944,2.737220828055453,11.702276862341677,-17.782284081546862,7.5892422739638485,78.6046631273042,-1.6972812455658506,4.836239547843448,58.64764909385458,-15.1908456123098,5.1484965920393275,-3.8240041210914524,8.295672391011136,32.077778373107755
1.0155864969215642,0.43322113746224156,2.2494361197722266,-10.941693772638592,-2.501053086364268,22.738643255925716,-5.306533112723279,0.4993929054482711,2.871786096673074,-8.03744075566423,13.99362306067722,43.90760618573234,-0.622490682216,2.629605550688084,14.899746557485532,-10.291854290041465,1.6103757355777482,-1.8822830110177144,3.367915498206827,8.152249369939344
-30.927780773590285,-2.5534871605057217,5.732551938973914,-64.39748175319126,-7.861066613854782,-101.5406388469563,-17.813574570899227,0.010228368507664712,21.79768632353794,-16.67178000731136,-79.84056651168291,-80.33698438403708,-0.17074293414529934,1.8084377340378575,114.33989657145281,10.243133652572123,-1.3960313877145778,-4.180624709693971,-6.711253943137522,44.17250429918901
5.462890913991188,0.42037708002705004,-0.9969822022536977,12.159812474584573,0.6989235835165194,12.610748183302798,4.483982363373865,0.27823598283591017,-4.08502758370854,4.39194780557907,9.625964755503823,0.2826136582418243,0.3005411868099143,-1.1337470608317033,-20.851324640413313,-0.24339003676454252,0.13317805682547867,1.2366027430570397,-0.8276679261421481,-6.601605190974143
-21.428166747960468,-1.1029016584522127,2.9972261951737003,-29.37500368169209,-3.133178535901078,-51.27511973959939,-7.697599935877564,-0.61721332022255,11.923966882727749,-7.390804421802481,-48.26727576717539,-51.05896368999213,0.24406559525459065,-1.5390129402325594,56.086905865259155,6.170940117519412,-1.3755164945078384,-1.2946062219135372,-2.96145272482625,30.781602419139148
-26.136406140784683,-1.1093737901574703,6.005093386929198,-66.18092853323131,-9.462689028623318,-103.35744073549667,-18.84468548148285,0.18169891351997053,21.023114702987034,-20.73492471797498,-75.99432501216793,-71.72851444770694,-1.6609276439698233,4.310272532394624,118.23477365323272,9.564571869399161,-0.5143348181297926,-4.365794894661524,-5.181919901170538,33.45684562344814
14.344606396601678,-0.2975065385182332,2.9449271737954392,5.236937209490056,-1.468579576701649,141.382239443785,-4.384843434068375,2.0939122964094183,-3.879108668556591,-12.980805195558773,77.40945446389783,166.96333228854093,0.45710925847451767,1.9040147066682316,-13.571497116123632,-36.072897953162226,5.175288536254254,0.02042424077702297,10.404103885695926,22.544294502825725
0.15523436464488574,-0.5310914347043533,6.493813554884349,-36.32527796435552,-7.183937227989353,46.25035561913336,-14.20285535011901,1.256254524572106,7.227226434918011,-27.4941758126495,20.706906770108713,81.01330061032486,-0.36210049323350296,4.985673909143008,72.3274948748684,-26.754510553196226,2.5623962688899553,-2.9189323725042398,0.6909819913496489,44.75780071721114
-8.868061570248807,-0.26970459919315315,4.014946892939303,-23.393766826909793,-4.719391370028045,36.37623324182859,-8.599836415272716,1.2065623070705558,6.657425452308571,-14.074565868130533,4.443432035280262,46.135231188201374,-0.573005273610962,0.634803420864563,43.877742041659864,-12.495370120950032,2.67452025325803,-1.8158045523725286,2.3708135828091454,33.81200866583708
20.69607021832675,1.622570592272757,-2.5318843327675737,35.442960526508884,2.403120293768077,104.49919610012108,7.697794354567161,-0.42644438657277767,-14.127615346699523,2.31221273326189,74.56856293296389,102.31385279719146,-0.6457346855965589,1.1966146283494723,-57.963995025879534,-19.91824732566501,2.0785373643502605,1.0384061002194311,3.874792856027782,-9.108450924896683
7.321391472962296,-0.2754861595367949,1.5185296425964763,1.9476718236905588,-0.4626886864257947,105.86224753950903,-3.3421523535406212,1.6894915358726972,-2.2518722802638695,-8.648666675985034,55.86569474837842,124.56989081368367,-0.16645855411045532,2.119226746876597,-10.124222697894442,-25.098607229226836,4.851723606988822,-0.6661922237436525,9.255960112360498,15.965977880700338
4.655812504938041,0.26819201620508876,-1.0767275101164415,18.781443397971994,1.8633724762005013,72.8771652035137,3.8923924176324562,-0.21311832312767948,-4.850702315592369,1.6419955236803143,38.93562007691656,71.39071250628349,0.6185697442360942,-0.9030555621944845,-31.018096059658777,-14.456860631275278,1.3390544194162346,1.4292103696227585,5.016312966218474,9.397545866120735
31.782667858868983,0.8717671480958148,-2.5620022275639953,44.8658651305897,3.4220084512743716,122.62880992442705,11.738699406893678,1.5138569966427382,-19.089631156166963,4.890170007142516,86.06520621896097,107.34424736069597,1.205326586995536,-1.9347380336657893,-77.91111420632197,-20.753585399918638,2.7438481811430084,3.6223438880598158,4.645700495769047,-23.809252295613824
3.249078825331087,-0.2827772380073519,1.3201664341610515,-16.71555852716677,-2.3575204744723006,-49.86623996354675,-3.238303986396387,0.8306090076460884,1.7991402394473488,-2.986641030796531,-21.09158557158078,-45.81360038303301,-0.8255942700240261,1.7098006687359684,26.44442782532474,8.543562537575378,-0.007878910523049676,-1.1181302030931872,-4.768162897312164,-15.280259295791064
0.9380024834541083,0.550329676994041,-1.9967016815709697,14.01037090417975,2.6677649247534596,9.295769338370352,4.152776205709599,-0.7106485262316344,-2.764751661010847,6.807792036204798,9.106764783614832,4.571637797184774,0.13882840910713296,-1.1095182268380333,-26.71288459922499,0.9093886062667562,-0.3807562078307398,0.05095257588817037,1.7665209107204807,-7.053544705518498
-14.414878814721327,-0.6960378873162476,0.7326612592412343,-28.623374615674553,-3.726663333343387,-118.73552498040979,-4.223356472739958,-0.8266851456335446,8.486435281040144,0.19078992217314655,-69.065754321236,-125.95183227361737,-1.0504111306514903,0.35991106401654477,53.55235444861798,23.871059448556405,-2.4223141639097236,-1.914800203676693,-10.826841363829079,-2.4401135471341293
-25.525218831865185,-0.5170736295531578,6.617084941497161,-55.560432000277295,-7.995794626609458,-62.373310877081096,-17.503343131396086,-1.4388870607476416,19.697327425385428,-26.940494312350367,-56.35840659781834,-38.024462657402076,-0.21243042195236383,2.144784963791852,115.29175532181338,-4.384066623692433,-2.864540522921253,-3.283606901179012,-5.72867161575558,63.37989826173277
4.312165913621242,-0.6279803837330162,-0.5365485952166743,9.849596955217311,0.38793305284628743,44.33767194790874,3.078987465345498,0.9342363931549924,-4.185756680744745,2.197634931513849,21.516984237327435,33.7275221177701,1.2418558733409377,-2.328394526117635,-19.32403616035459,-6.514098419936259,1.5259367090681324,1.2749604442542077,2.269796035761125,2.3611267269035396
5.3370458832591385,0.23637557973084933,-4.221039643976213,31.891591394149973,4.188560281890508,6.70959267484,11.492028346718556,-0.6929401109194707,-9.032893631131389,17.775893287916656,8.20322685785288,-21.944093924201034,0.22302172780341892,-3.486380101864939,-60.4507439763282,10.86908534611779,-0.0952109853897043,2.618793944818976,0.2844556960246871,-27.595583228667188
17.31702096852805,0.196328885850613,1.2048014307329251,22.158910263306662,2.191065293300838,181.81285531755165,0.5159618682903667,2.257718883432477,-8.543421117983563,-8.963344451741557,100.53022398661858,199.9079316794775,1.0120602755480388,0.8212402210212106,-42.93632365495979,-41.39527070452681,5.728580836662293,1.2226849375834783,13.759002882552508,22.153319900941
38.474427920117,1.3721641465562058,-10.676631772128102,90.99876847581999,12.786972439313331,71.93652376599853,28.93659228748702,-0.5759900201705856,-28.87951327987845,36.6038900769274,74.4327162405689,29.322523542363523,1.1554902492097334,-4.968114544350443,-168.87500318627824,4.157823283338987,-0.5159366789472437,6.639450512139037,4.129035747743515,-80.19741735950372
-9.999259390440153,-0.7007032842633621,-1.3372876027318006,-3.4070070916014217,2.523648536771928,-64.06708872893783,2.675234401327433,-0.025298146200064455,2.5309557985041145,11.234786685681936,-43.246869119322945,-86.75511463481328,0.03865182979472542,-3.617013046615332,-0.6324572397967599,22.211980955763153,-1.2958082751243059,0.4690617712325016,-3.4468293820470333,-13.865115314044356
-16.332655913780716,-0.4959105490500847,6.128913254749712,-42.22161034155134,-5.95218383841805,1.356734849827523,-16.05567550947301,0.7293005074201679,13.91381763580953,-21.079842316867367,-16.569717395750363,37.120039242658734,-0.7544510037813726,3.1373133623103073,75.74503571141771,-10.068296408151827,1.2050014116285899,-3.748919613585944,3.7963229974741894,39.634117210559026
-1.9941625326111752,-0.57304481369,-0.4683728466735933,-5.475564670249148,1.617144771954239,-60.2602178120522,-0.2550002002566045,-0.1691408177626623,1.6832078749197148,5.834952814697987,-29.316160199765374,-60.356644388669686,-0.5796387482804818,-0.4333401070328725,1.857639594889151,15.28452089156836,-1.367842980717616,-0.4198822604871626,-1.6240211190006026,-23.92369638508411
-24.209752070187584,-1.950329013990733,6.037010387836119,-52.18591442199278,-4.93546653902548,-73.60154181860999,-16.919265557470393,1.230422476323985,19.505881856351326,-14.09468492187711,-60.655109238441376,-45.10851754794728,0.18631450028135144,2.1359594737193945,87.90976451031965,6.692436291556403,-0.49840125929351853,-3.7430141512002377,-0.07675080929406175,30.31901732540065
3.659090484575244,-0.03833260469489392,0.020722352642768116,1.5041657427945014,0.9694987315248781,14.235425129513457,-1.3786236457542196,0.2794547177136369,-1.836279262533296,0.16549413728097856,16.074563861578483,26.311589153337902,-1.6010323863370302,1.9679418472519628,-4.952668343123338,-1.2466804362755204,0.7054448042742489,-1.3900855274503323,1.830577589785021,-10.944813752902737
-14.888286078095351,-1.6159501124636126,5.052111234992087,-47.950829607321076,-5.9489481499345,-29.165767126050476,-16.957682528434475,0.6063939163231883,14.116975013343922,-17.89171696196626,-24.338534563421423,10.595869268706231,-1.4387074150055366,5.528428545437006,84.88793613539913,-4.613062912429294,1.289143195988065,-4.592974283599272,-0.7048932133843251,28.94755474296655
-12.643901242935323,-0.3583127953502859,1.3357018843235946,-22.12661542333457,-2.4484038221602518,-43.127184481210556,-6.922917045148028,-0.45307750038653716,8.555936583439971,-7.732483641652755,-29.37669982557664,-28.9410561591288,0.00010010824165780492,2.176298035405332,43.95416590252631,2.992348042815561,-1.326811979433893,-1.5603983789890825,-2.2831213513876243,17.490117991076765
-8.008383878706738,-0.6478767050579544,2.3419977902707623,-17.845812832241787,-2.313304692935523,25.503046887906223,-8.290451907752276,0.7274806586864051,6.4889238307428805,-7.988376682404681,5.77023104746882,47.627401149243234,-1.0211648782594493,2.317527876728292,24.96862395990279,-8.003802437469083,1.9479830761651709,-2.014673645367598,4.623720067099335,19.177153389428817
26.082100338167486,2.33909176722905,0.24052017426448727,29.98170782645868,-0.2388295038925609,153.71375711895945,5.934784095478954,0.54902526105411,-15.872109801708476,-10.99520457692963,98.99788403771396,154.38710430192643,0.8878430829882057,1.180487440493235,-42.74328849179756,-37.78898892361643,3.3547410455814726,1.8028241705432686,5.640808218314506,9.969009024415907
12.264367946600352,0.7929216419379547,-2.7402055047712777,29.846420306261237,4.060222486535382,52.0556318009468,7.440452061879751,-0.08342428146988623,-8.65270650955341,6.04970355678531,36.9713319640716,42.27244381089914,0.7724440547032656,-0.8726587503513571,-50.28998037370922,-8.324066860954586,0.13165050339569304,2.336375023849944,3.0885374242126264,-10.785692490455105
-48.13612177414864,-2.438012259464091,3.821353947533688,-64.22290613210868,-5.971027774547497,-152.37642852006854,-15.51245032132966,-0.5943070171613276,25.6094665461699,-7.548008832310354,-125.36842243810311,-157.7932992929939,-0.013529568073853193,-2.853840465545861,116.47954704718336,31.540186007871647,-2.60293960077008,-2.4683069926645445,-8.135446016456306,43.75755077638746
9.79621803182742,0.49129067961715844,-2.4892137625569277,26.150027211962406,2.4415650350851457,34.24276392868129,8.964270429402765,-0.9684171258862102,-9.194543890089125,6.347129597806651,24.85220844833207,15.668904159354375,0.853407605377109,-2.9822576042277413,-38.834572186459795,-4.798631078395381,-1.1577707150814596,2.896541583785046,-1.2146050298922957,-6.410658469174578
18.65551472744323,1.6270070036773614,-8.239102053586542,59.11910100460757,8.514113847471387,2.376879593055796,19.791259874319678,-2.164292141100765,-17.90813154205872,27.5849378608422,26.36497509674786,-29.945718523019167,-0.5153809844025034,-2.889126022295823,-106.21435845408215,14.969916792371007,-1.888532716286253,3.545760290806405,-0.3378622214667315,-59.50821737581514
-8.258401389814088,-0.5341405233665123,2.1611506531468283,-34.83265919379888,-4.427281381729027,-121.64734644891199,-6.686504713341213,-1.088852569183891,7.9785972762226045,-8.982995104900974,-63.604601218467145,-118.51470824110581,-1.363489573998422,2.026956906114938,70.55365748393886,17.75051172265262,-3.266233638967834,-1.759929866877021,-11.600216195967127,-0.42264494870868236
-11.559501335900762,-0.9752393534142607,3.6974717400505672,-37.183775208638025,-4.88901774905326,-48.756464028661185,-11.018482367455043,0.8073547737831347,10.592526155818653,-9.836151095651186,-35.498773984420076,-30.252235814108325,-0.8948531212881996,2.508198639377047,60.399579668809345,4.277628619353541,0.567971703210978,-3.06186734003126,-2.0170912946668156,13.155634676898009
-10.201237088444811,-0.7969352724402171,4.055451251274603,-33.918155415041504,-4.204364052608925,-64.68751983865897,-9.320861216820772,0.09040959028771378,10.330596926427264,-11.595091621805489,-44.74096513174208,-54.215440672841424,0.891409322895172,1.2757108562248882,63.41151741541933,4.317564774853667,-1.6732461843948405,-1.515768162317784,-4.418780407640139,16.99527944182772
11.28132281360162,-0.5045952230741447,-0.9458850724540333,18.223323124582688,2.1207045723926883,71.4796145974949,3.2178918580736804,1.1633717926151987,-5.740795711643513,1.9669984824130262,42.27681243569204,72.95253475485234,0.8166067601281227,-1.0695903298742233,-33.9259972967909,-13.811928317675214,2.501477610006607,2.006809317020109,5.824649410051804,-4.85971232500211
5.793920275344771,0.4144620851057078,-3.310474994467739,7.51487771978048,3.740725611004706,-87.36864780804954,4.156873471905334,-0.5456575386584216,-2.4369460829406893,13.928554696335262,-29.81488943239175,-88.98849135096955,-2.024251497386968,1.7274240201496238,-22.175796866846436,25.503278772532063,-1.463332767826456,-0.26546124482899325,-3.1840399474051493,-55.296094161106254
-10.43646960092848,-0.4288265070607402,1.3896896298795374,-15.669410962722528,-2.3626683287697703,-7.757230728997508,-5.103100324674188,0.236320837153114,6.805344705635878,-4.90978033832159,-15.557268583379319,-2.75216891517435,0.21126026477610274,0.1607974743344367,29.936422469850953,-0.018525354297884516,0.02823134804489036,-0.6344891550134375,-0.3369413114265104,19.616499292808346
-8.308748578682312,-0.009636757105560525,0.8119049256333397,-22.239420065289707,-2.062364465475598,-114.90739330825363,-3.3570842140087622,-1.5912745668929174,6.811359869813241,-1.1846300770370295,-60.3195295284528,-112.59878782526918,-1.643047018629736,1.873545383048869,41.29684453319651,21.04991006538915,-3.0990558995395356,-1.7183604529584717,-7.686688641741687,-11.993331692365715
6.514891920805333,0.2515614679199263,-3.366848448313646,29.764889766228556,4.336616944079434,73.17388749397145,6.229505661479841,0.7789017103163427,-7.236315946744011,14.253528113224409,44.5638597403811,73.90385142123021,-0.5203024117436885,0.24095527855053317,-64.80217279877202,-4.373288655268922,3.1712897429351115,0.743978691701237,9.135523374327109,-18.81742039351652
34.46154394678487,1.8352072308225458,-4.8685358202115925,62.30818625914939,8.018722817721738,114.02104136922621,16.301705570223724,-0.04390949955064921,-22.320355286436822,14.199733082926823,91.12044932781892,103.029157296605,-0.3079410109155474,-1.1486047323213875,-115.33498375671348,-15.385191076042354,1.9013416062292947,3.421682516021521,8.39365660876341,-46.12640594995689
8.179475722666878,0.27195219295057715,-0.8635824328363391,22.30649452712608,1.5831703200464307,80.48037146009476,6.5181392210713796,-0.027529039055808863,-7.430746547863204,1.8822069429506252,40.274145040373476,62.44895751030146,1.4612909812032402,-3.7622876651070327,-36.027753377986,-15.821601534857516,1.519268312581124,2.7758202978312134,2.794201078790241,13.029410591619133
15.835056834475111,1.1152068912879298,-3.8899635774359287,30.940596305960476,5.371204261026827,0.6124380627570267,9.928984191803352,-0.48148102295469825,-10.625784801905013,15.38458455990417,19.764895456562712,-8.75579295502593,-0.8460738075495315,0.29877094044957353,-61.81757001174855,9.48892261946595,-0.3353595243615316,1.0235991509455262,1.060212731117117,-47.61573623366687
16.30690825136904,0.3756708432679267,-3.678745061764834,41.645147649713465,3.803433677332257,103.26728807847009,12.020473353291013,0.49219590641848343,-13.253016632013352,10.53174047262184,60.12813658664106,80.56584710450765,1.6939483858106605,-3.922574645807441,-76.31955771558916,-14.941906430820191,2.2152363082295885,3.838252049122697,6.01755383716913,-8.319506586792006
-7.004187182390591,-0.800866856561574,0.7344496370780674,-13.570112346117892,-0.5030726826902797,-34.679403384050254,-3.1752163615523603,0.17404530420864425,3.9214698663293426,-1.7383234691623244,-23.83649776894937,-36.987056358443716,-0.6014210859846925,-0.6403651916641846,24.205800301114664,7.539745579539822,-0.02133415063155858,-0.8002221335383395,-2.5024691526212486,0.8357935481177332
-9.6290746977502,-0.6676284782945872,4.579086267005989,-34.7312150982712,-5.429430818580333,-47.76810343187831,-8.03580614620639,0.37445874349135677,9.186486563258946,-14.956473577720184,-39.31741418786138,-47.150528952374145,0.9652285280798816,-0.14558335903320452,67.55701751937262,0.2286442823814224,-0.7192560327787147,-0.43768187791934166,-5.558129965126942,27.24736210688679
17.35024265004041,0.6298120424006205,-5.467632075817969,36.44918457924759,5.727226610859508,-35.41111441255536,13.304123376564148,-0.9038509152711519,-12.581913594636498,19.47017275953701,4.894511792863821,-60.0890454693863,-0.043362953226866945,-1.144739182085627,-63.003081558596975,16.775344440670022,-2.7138815245872685,2.254237841500104,-4.907271615085395,-52.38003918456889
12.413837724047948,-0.18734773514989256,0.003896865501185065,19.100053076949784,-0.10058063944129403,68.70206443821417,5.519123470474128,-0.3713163105521792,-6.677478859539346,-4.87321441638959,37.76246145625673,57.017185195840575,2.776141977629154,-3.0444985891612446,-25.0930620929712,-19.28825065584033,-0.15410026950324518,3.3699452873614013,0.7947608957434631,15.437110479790919
-11.048279193887025,-0.6059564575619905,2.3005555990439324,-20.584640877790683,-3.05456340440095,5.168570175867991,-8.527736843423504,0.18927280637227903,8.598348186742957,-10.641422746368512,-7.058449909423011,25.568363472426547,-0.11067273143221389,1.982150184176069,41.00378699136407,-7.203847404575935,0.08144346726608918,-1.4330766226163503,1.0616830289584955,31.225182590761868
15.001839164385343,0.6264393205527472,-3.519796674308914,33.54823181156348,4.5139755025461055,14.759387404683967,10.797244534647763,-1.1426840344881946,-10.816858670140945,12.767513832593673,22.35380068493846,-6.695971712579093,0.33250371181843785,-3.3189650598583347,-58.36920481089348,2.4112028953702946,-1.5254725760076118,2.250187976205441,-1.1208167060347787,-27.65902317663269
-15.307262134853781,-1.321470505208351,-0.30114279926167076,-16.329230576032053,-2.0801254536860756,-64.32665606209467,-1.5189652651580654,-0.43469725052531694,7.357929609058747,3.364734398675756,-47.48716478171707,-77.1057120559614,0.4258087862103557,-1.6518457289104838,29.968022069798085,14.503384526274724,-0.939307868396453,-0.39945068331047473,-5.833532561045554,9.681693893072662
-21.861387125517854,-1.7679654637555124,3.058010376899472,-38.17685824137822,-4.655361126736958,-53.34362792873713,-10.56659563354811,0.08685497322227269,14.32986230212698,-8.587513895745422,-50.530756431471616,-45.89564206372853,0.31999700639615253,-0.12607438883456568,71.07009581040133,6.121046875802756,-0.6081721276087146,-1.593771325248077,-3.142788788101864,33.433606151203904
10.216294307793902,0.8872501204747274,-2.213226373468764,22.394882269140314,3.2345725309525304,36.79683533828386,5.202076802845536,0.4385163004494201,-5.651732716631589,7.326248422751287,28.430199044705514,37.17608986423125,-0.06840876428215058,0.45979852065386617,-43.793998306145156,-4.230396941991492,0.34722473202542226,1.2427780943452043,4.224078213129644,-16.028984987890603
16.217858586194463,1.1627954754996217,-1.7688904002380064,28.47354546757053,1.583288413795304,70.30520912915429,7.8355812063467285,0.4631899410213387,-11.144218146586608,4.984934342401396,47.7554976866977,57.966846183763266,0.746629356616658,-1.8537360706337163,-51.05513918043446,-10.213405086251662,2.1377563069949,2.351938915823063,3.488082500246913,-15.812994128951363
-24.17477936843842,-2.0151257516891588,2.535405884458657,-32.266435481210436,-3.9369784680386744,-8.906025406550793,-13.076207710209221,0.03176983123209704,15.554926706528565,-7.9962518543685155,-25.322600328934534,18.7537971187043,-0.17305492996592414,2.5192185775227696,55.207655798704835,-3.420551281425894,0.060163667687356925,-3.7279442604183712,1.832225430966402,45.82184839597296
28.35746196468572,1.701793206979471,-0.23667335355082342,36.513027754149846,1.4895790882990474,162.76097306104157,6.1235167380157725,1.212442445178489,-14.825200081721025,-5.586498329547028,102.61064329084941,170.922165249761,0.4809491345211711,1.4404302429710858,-63.40600115346351,-35.20103148716039,4.319280546670138,2.5185202664378212,10.50370908254292,-2.2254474971669755
1.6797182340038364,-0.2533829208464976,-0.3302760742906482,9.499366511792008,1.5382555308786723,6.333221181544338,3.0832787513191278,-0.26473155393061987,-0.5314696011206904,2.156978145686854,1.222024750197658,-1.4879840977337633,1.607038570681285,-2.0261550769522794,-14.924312115510384,-3.124247153625971,-1.6493112499191738,1.7187655903016532,-0.23461134206120526,7.321050610787717
-4.14613223554104,-0.3090072161309037,5.310011217763391,-31.048272542132207,-5.782321156579886,48.95840996537594,-12.447928801441712,1.9717873529147327,7.587688564658828,-20.084778166795587,16.2250893929129,78.07203861465922,-0.8351356978814732,4.1040018026036496,53.02685519116709,-20.66462777039048,3.961700681130259,-2.611996739278522,5.2272015263092735,33.98188319440441
-59.64871890722255,-2.8734108562898446,9.761811446557143,-121.75611203314847,-15.366987200470675,-275.26989157153486,-30.126488020346088,-1.944763937872172,40.01367471870437,-29.980367087052386,-191.70550365204585,-256.016397309642,-0.5598610401081455,2.828728713912897,230.50539188081748,37.98860573611058,-6.206926919732648,-7.156254022762556,-21.812180770381186,68.89824408311617
5.426652084448272,-0.3376349096152384,-1.0996275080041624,12.750375291227925,1.515240996037812,13.078340862747789,4.717836436716387,0.3743138950714135,-4.406004849489699,5.755749187040678,9.817154676743591,3.3149961870453843,0.47878244809574994,-1.881682972882693,-24.79737955755378,1.735874148610211,0.5273517469963253,1.318316529183948,0.33950001570043153,-13.443724088718692
-4.512879925527975,-0.14598798247815195,3.5824547847146846,-24.369888686646107,-5.282060624172918,18.949570676436938,-10.13856161537508,0.3218229072323784,6.3208937587074905,-16.185994744371694,6.416096590216365,45.42599647153895,-0.2510649338196614,4.329349199852496,47.26014021123114,-13.08738012843338,1.2002673716219063,-2.88814482063772,0.35553540978693127,28.633833029135396
28.207373614623144,0.555677174368409,-8.823793128602931,80.24639541725331,12.11696156899153,101.89364900470093,24.465537151873125,-0.15929009073823908,-24.12352702186857,31.064849125299357,74.71169724709226,56.4972545296262,1.7383412289518287,-6.576965672621306,-149.19375821707945,-1.7595010671249791,0.33278040416396054,6.1794486591084885,6.009083043646362,-49.83483463452351
-3.2101234122891213,1.3329595189333932,-1.3096245203526564,0.17619787285640576,-0.5911640515644815,-68.43828549645279,2.2909851159544106,-1.8540399529644687,0.9691707019496083,2.1129755656218636,-31.696494019881865,-78.41145118424681,-0.15600145104822302,0.4338677423684375,10.897855357402614,13.10906013021587,-4.240375028558047,-0.2778845988687706,-8.412767128847747,-3.679786818243107
-11.258520819131933,-1.4946045632214655,3.0399079490976995,-39.01507455299732,-4.742683493973634,-95.94124977873248,-8.247841604873326,-0.28454137654485984,10.420935409847868,-7.853813856191104,-58.58995687086919,-89.86827082906623,-0.58262384990347,1.1326398655608614,70.38152130894036,13.030631485763012,-1.3256061573166302,-2.2333341126796227,-8.208791334020672,6.84511199998525
-28.710469890274556,-1.0431914725768971,6.384946782123405,-72.62791341839088,-9.336328950815329,-151.10114947591433,-19.182176474762706,-0.5543564135225605,21.98532169984696,-21.32142863625789,-100.07180859654855,-128.49171608570762,-1.4151218424877956,3.396142710528185,136.52274045656472,17.730985016860583,-2.2295174573797665,-4.348861342238951,-10.40923131861386,31.33042942073599
14.987095522967826,1.2296259073849467,-1.408160176919782,23.3440772236075,4.048735620801608,43.41880490341789,5.6155999978854885,0.7204408448463634,-8.810985810360002,3.641035747762821,36.78022289732484,41.43456684465056,0.2169552579841374,-0.028219260112310907,-44.904496231690686,-6.4011148282661265,0.4949239592132044,1.2676872486273452,4.076548430667737,-21.648874634621087
-28.78856909773246,-0.8320633972526995,3.7919348838124205,-58.13989857299059,-7.195288076742202,-159.61677808639874,-13.917803166646575,-1.4496743981118552,19.328167948174464,-12.523388779278088,-103.29457310443671,-149.13228016627073,-0.857998279399012,2.166562672437917,110.77002921514676,25.55735622371498,-4.1015980583895795,-3.7230162038062775,-12.010033278642794,23.2441108775296
0.910209971378493,-0.49822315219017793,0.6562815728585605,1.695545195528386,0.39663896863478054,14.312511966799415,0.921283762945003,-0.0046631804440036345,-0.40805169893553855,-1.4910649075438198,4.15708166562928,9.210197174590725,1.2859319350930067,-2.255442006235201,-2.555215447177784,-4.659715295844206,0.01989571843882465,1.3119168424979029,0.6686907658650059,6.468531124571971
1.96179481011188,-0.008882707623940868,-1.8116082072857485,16.88956088005402,3.913600490674089,18.101311795409018,4.739665679685112,0.3678911672859016,-2.710750438737719,11.174417170201036,9.964005091942866,12.998330533156604,0.25031257838731813,-1.8214038462732698,-42.67424120581171,3.4242363942571012,1.642150628544232,1.3850448587640605,6.189857976581956,-20.678145938659107
-8.88214123686427,-0.49774124289633265,0.9092003496299512,-15.464053352994716,-0.6759422069669382,-33.36391181782005,-3.310639740869894,0.026230017099104604,4.562351933007772,-1.3271570476170298,-25.968691262779355,-36.33947905732353,-0.015544788850488265,0.18140570606879292,27.32483729626521,6.614707116930152,0.15615243524485956,-0.4299571485477975,-2.7353906805116592,7.642802414229917
-12.95498499835137,-2.2105104995781826,1.0682488201577731,-22.46050979013507,-1.3091811808329334,-108.79462844423628,-3.6142887035710496,-1.3782370332120932,9.146898688829278,-0.12605965185709955,-65.49810168713486,-112.63499534940418,1.5546257957529332,-1.6946247121264522,44.25132268567892,17.426502011437627,-4.976668133323869,-0.3034325343403679,-9.685720274461499,8.206194339208112
6.4558736802529175,-0.07204503928485417,-3.6050278475704127,24.746860715215515,3.3441061063692974,-2.975400599841696,9.577539697108277,-1.1251719101967517,-7.607778061506257,11.985922460788158,4.42185509374437,-29.108556467309608,0.6570549087269651,-3.6690745770087543,-42.54982563736181,7.505979373238667,-0.984130891785485,2.542116618810051,-2.1443358126142553,-18.24511263337931
-10.958251363530804,-1.2459474965433628,5.755769493461349,-43.407833870339104,-5.339172583137338,-9.628953570783876,-15.098556952832642,1.324233383636361,12.639614126082414,-19.051730152335622,-17.50504185260183,20.51211134208389,-0.3598297733907252,3.0737113151893483,75.99093218480972,-8.605810409246098,1.8067347297981504,-3.031151160981597,1.33871589336238,31.160182201111382
4.429116770562656,-0.13377595761148345,1.3330686280712336,-13.291942643342253,-4.396405418297469,-17.040166535583126,-2.589568153144925,0.39672267204220824,-0.2548043218402778,-8.04981010019651,-5.480233917318598,-16.996592209517164,-1.0598565391619634,1.3314768310599807,31.80346869955686,-0.5168396570082315,0.18434203596596477,-0.4361618397571836,-5.8452361038308425,1.6214479087427667
-15.073420507860195,-0.55865434768237,0.16372328486613652,-21.67549552516245,-0.6954247196268002,-118.53574502529236,-3.018915677707267,-0.8564688494298914,9.183961138011814,2.9999923929240704,-71.09233269024314,-125.76783028302133,0.19520730873837763,-0.5198402212986958,38.70450314015869,24.246464557844458,-4.001445736661038,-0.9153408220321115,-8.131965435960248,-2.3790060380029776
6.295934762933236,0.6774978748454726,-2.8205721376528703,30.959156598904553,5.3115200234767705,54.015897203786764,7.9835476146025295,-0.11978910723437976,-7.862336241238033,11.383523334757067,33.22724188047393,43.92474759970482,0.289216980516927,-1.6716925581138884,-62.74068123917599,-3.4688702461696566,1.3802138132803268,2.232489916833612,6.924037151023332,-15.542003460380661
6.657006493039958,-0.35340726269882977,0.9096018489844553,3.7653855406178836,-0.8404588550717421,40.609591153240494,3.2332563742821896,1.065153511894997,-4.974967985301794,-2.159784557977985,18.209033753875172,24.013615399183443,0.8931214745381308,-3.078960750842814,-7.396799311043869,-7.311044203369552,2.4305713571694,1.3998720615286802,-0.31267551204126476,2.518180791265962
11.86300504471895,-0.22118962559574365,2.411568628087277,2.7499526582433518,-0.8711941654700368,82.65640621368749,-3.861903967435362,1.1222702828289375,-2.1347823436066538,-11.182279123363198,49.18579301178504,105.13317981483836,0.21221755037271242,2.382602308724726,-5.358243099977647,-24.124687171224682,1.9194300118644843,-0.7120833472066495,6.107355544966339,13.175598982517267
-4.0923065387972795,0.22010515340442852,2.517184831124281,-12.659128980582015,-3.0926489528497187,18.88909389405545,-4.006746755792408,1.3986642141724366,3.515049590413313,-8.118377986969545,-0.8740873823061674,20.185802792792387,0.39567772069775625,-0.8514691054392407,23.3125112326551,-5.803742359748346,1.2919636573492432,0.05224787212131232,1.8270447566900718,16.047177951581126
9.308993547840254,1.4998492609485794,-4.189287331173071,40.77057638091507,6.494752788272675,34.54955119794437,11.555710444465479,-0.7603464805642838,-10.020036612866607,15.663325601210174,28.90297057660605,21.666280970698338,0.16447724417203638,-2.4610949177452834,-73.23365692840154,1.443750061986104,-1.6732961648464877,2.4546320770964916,4.331106285778191,-22.96992956887198
17.53869713069976,1.207832736850082,-1.881439282578333,29.22553056672597,3.2711576506996263,88.75530684019515,5.131463103529251,1.4245092763354958,-9.996489610453608,4.965805718527369,59.27957591972102,95.57620442321665,-0.4739325454823636,1.2393051623970956,-60.17954186083614,-12.538036270359795,2.6094191098798727,1.701135910291551,9.758074481407935,-23.157820384521266
10.14682874301199,0.31412429760712557,0.8069857466603099,8.473890235140967,0.5888512459583128,42.35065188141306,0.12389024295913775,1.0489042273196094,-3.4206866551154986,-1.6743840656845728,28.47272218920373,50.204629823479785,0.1298402492573291,0.035990727404224376,-16.849651175233948,-9.597782278958823,0.7015284916437359,0.026078521052443016,3.8078525091461173,-6.748806525319837
30.286291438897607,1.9905554116025463,-5.077005423628363,40.42950095559486,6.196499538930992,-18.05976928857588,10.98943522143655,-0.3398339901427189,-14.01300339232398,14.878899382959641,30.41498670147569,-13.202471499721064,-1.5833352379034242,3.7199411152653674,-75.31572039463576,8.9329042126287,-2.347350809548596,1.5523232082102991,-0.6040109719760228,-67.92458562867586
-26.01542784608433,-0.5260581896805145,2.3881969076088536,-32.52159633537527,-4.390545544950589,-75.03175814847428,-6.758605446839948,-0.9474823075541631,12.961685237056324,-5.471460386071947,-64.07895949593436,-82.48431166430196,0.27956437680436597,-1.5388935450297572,61.91887072575739,13.584980324504116,-1.3447731506095604,-1.3184774387511426,-5.148299679536914,29.890771534659866
-25.253353482751894,-0.6314508993037175,1.2261113536170902,-30.721853668056493,-2.398065491661236,-125.47524020946311,-6.471776628463199,-2.021160812678669,13.680215254196433,0.4460716676840948,-82.1090470780243,-124.95893960733711,-0.4863471300126038,0.01967382890866265,56.58386039968248,25.424092393862015,-3.852860629640827,-2.168851705724076,-7.528251227256282,11.611850276499649
31.219634140738883,1.5294268161702715,-4.161700062849845,57.47907103918206,6.035036546926122,89.1867873439356,17.95544092608951,-0.4935077795383657,-21.44425948617836,13.234585874262049,70.5284393108425,62.437875231789526,1.650991238957197,-3.359497319203391,-100.91908473995264,-12.487031693700638,0.6197801270401934,4.508747311667803,3.7102240146157563,-37.09100894093211
-24.991496233436887,-1.1601751011543275,1.0470874574636049,-35.84935564974693,-1.3432354527238695,-155.01877864113388,-6.358097911632035,-0.8180619897956437,14.56361437483352,3.674000993238684,-99.83132741365311,-163.0408764986394,-0.7645629113757584,-1.4623301210996567,58.01677697090702,34.53835239958513,-3.421777002182544,-1.3251685794754513,-7.606123545068022,-6.399831656067648
1.1518850053851555,-0.028916026930619197,1.6519135448932407,-5.49239498928084,-2.432825148549721,23.986820602204425,-1.2786801954058558,0.18915209811795672,-0.22199235096744685,-6.968387348135149,10.106831632057188,21.932619005214082,1.1125872174098228,-0.150910252710308,13.943398868680855,-9.659647013889023,0.6326752950326919,-0.18466316585821363,-0.9397392748989603,17.900502470561147
-9.121307897835445,-0.02924507605508977,0.10884943620426668,-9.827580480075506,-0.7382358433991156,-50.255850517899155,-1.7999637673398294,-0.5674941130845104,4.4591742126474205,1.327277917985381,-32.80204216681243,-53.217054623454736,-0.1203074763640825,-0.9217627846776777,18.842025022997447,11.195070744175972,-1.3130876964752993,-0.031115192162645633,-2.2009758457898045,0.2321243376459363
-14.559760049084892,-0.24616526481449819,2.1569904043365464,-16.842399065983006,-3.2286953296175827,-1.614162724766042,-5.479757986649726,-0.6004523242815573,8.02606453638991,-7.241413880908335,-16.08155515573528,4.543707415082229,0.4689063816683763,-0.5888201900415264,33.22328565682062,-3.568737812747236,-0.20798776505568117,-1.3303726185666582,0.25372047941309317,31.696882680745052
-21.481587242591328,-0.7569983399413355,1.490384492103781,-17.638472338928572,0.47322873749132865,-32.43536085720757,-7.579716529827315,-0.41580794658070813,12.158163849365009,1.288067339583425,-31.794987372914786,-12.290438904879437,-0.23015409202246923,0.8561178813429235,21.725139051344545,7.40891918352862,-0.6915437084456018,-2.7046684431429187,4.556004972200047,17.2856931364527
-24.356669044817377,-0.7946969003994744,2.695987190495719,-45.44785010898954,-5.948429805635621,-102.07019166228042,-11.365865623616768,-0.8847523723728891,15.855048569949759,-10.111721371859154,-72.35112798396119,-92.13679690930768,-0.428345471505091,1.5040544729024647,86.11372565402958,14.19733377997141,-1.6129935792083696,-2.7564233758234074,-6.504209417259219,25.875155048454026
35.765289649533074,1.1636716935142137,-1.7523273017496441,44.53701017230831,5.3811429438459095,113.44981342438597,9.789031377461235,1.0532507433623546,-18.046871951763592,1.9202502610328074,88.95069293496147,115.95274608480938,0.7031315959712042,0.5525288254201355,-77.0802909018627,-24.59836435703957,1.4182231102254397,3.235353266282209,6.6106858722730335,-28.389132001953197
-1.884964489283528,0.01877471620367574,1.705400439737474,-18.491855518927483,-2.0349081825199797,1.6847402142251984,-8.084471929992747,1.1285334607114201,4.450675061429383,-6.957222494082774,2.8950568611732974,28.78229655181741,-2.8335730975796762,4.68381073894496,26.282877754486478,-1.0960112839832739,2.6256159107197012,-2.9612460619388754,2.861383837342681,-1.1732876065617925
-4.180433398685634,0.4236212499151801,-2.024461751296407,9.299541944778293,3.07305654172397,-37.207882525691765,3.83578000386763,-0.9272288676204006,-0.002401614452284928,12.166742054655822,-19.296785668797234,-45.245794373097645,-0.5122716508515109,-0.18457421836380822,-22.883351493091812,14.793805237915821,-0.6900759358836034,0.19964255325403443,0.46357195853715594,-20.757116311313016
13.662002116702087,0.36048474037069,-0.9315752767450636,19.291532420291063,0.905635387360133,100.48898888263044,3.6338406975410247,2.221856962872189,-7.806904173066056,0.4328125022621072,57.7406612478511,104.5082973931173,-0.5592299781022216,0.449735537258472,-41.55877088282396,-17.79780932165564,4.655870995577533,1.3368843877191674,8.186338798384119,-5.379559815394796
10.670799356027873,0.4926628094599758,-0.35947702330497444,9.57867479708139,0.122489808354593,-4.028637463357514,3.983477706237137,0.43946437527422855,-5.995547183449385,3.640074409782436,8.15986529055789,-11.595903966470836,0.31135666469321555,0.3153778678141608,-15.470759803957193,2.381332487552149,-0.17383778906689806,0.8981915512250094,-2.680882993609924,-18.01188602290267
-0.30199144456940696,-1.165457696967151,1.7412752016639694,1.076606275764226,0.641947051452668,70.65224806781116,-4.540548004659809,1.7802978512217797,2.818989328743629,-1.3700891635178258,32.48584728026588,91.64179453654528,1.1283894552731188,0.9642102040391286,-13.070907858143757,-15.887457906963554,2.5893048872342335,-0.9425667386877067,9.460167871065746,14.55674479240004
-0.43453011357507865,-0.31145126024531056,7.2054144930837,-42.730735170503166,-8.862217837519445,75.53135536377098,-18.632826541114945,2.4223378337567105,9.538658523803807,-30.881855326132357,36.1631487776595,129.07754683744577,-1.6209071938106667,7.961110168240604,75.01994079172552,-32.57944915753024,5.013033694083879,-4.61511481702951,6.408678687125571,44.4333893202895
24.76573027601572,1.3606516343948238,-1.2187392139060775,42.720259161268345,2.5751507821568125,188.23996147120548,7.15214945868268,0.9790821686439143,-15.95172317380187,-2.1176053101418644,114.41136336415238,195.10583099721123,0.654051717660441,0.33470357510141935,-73.233279959767,-39.14497805557336,4.442655464956607,1.9946654886424255,11.895709609269288,9.132584593976622
26.590636394116455,2.2632718410605612,-6.984486963638043,58.01251704292195,7.823069039429541,61.75838806707116,15.426494270843243,-1.709007271763261,-19.553511975118756,16.611757847754056,65.58307176525759,51.42792966185548,-0.8666792413206571,1.008029655151244,-99.40740222171021,-4.127709606408214,-0.363470326509173,2.4786469457158953,2.545535000442605,-45.17330173830478
1.0033777731936073,-0.2912771555218861,-3.5904915385601464,23.84738655684952,4.963362541654975,-6.580698028603526,7.846139511311751,-0.630254803150051,-4.3912054218197145,17.64562347140392,0.4698998577057931,-22.434594299229122,0.347196034056385,-2.707846137676805,-51.059019468023685,11.151423854399848,-0.9268242203612393,1.0146646018960717,1.3803218664003318,-22.701068157468626
14.964375461264435,1.3746139760501475,3.1967109263402245,4.127769165222966,-2.897310021227939,120.10822943170669,-3.4600263634786743,1.289244288518871,-4.60090074762322,-17.10746486137333,69.33865396116632,141.14169495036882,0.17713011008464163,2.9554386298842372,-3.4623261755779944,-34.88921424781226,3.8104720833742105,0.10063948148714053,7.56710166649616,23.257508247504017
-1.578615903267654,0.24913409434481745,1.4821167178205397,-15.28786005597521,-3.463140921983911,-21.15031998234226,-3.601850836865153,-0.40419494382840593,2.2120163099486865,-8.118947478713457,-10.06456723184526,-14.783912557789616,-0.31944052109789206,1.8228534904981457,33.38643563213652,-1.111373347461278,-0.8078253334830611,-1.5722194513571202,-4.559079307631704,10.917924004603933
-5.558809674929238,0.23272863668131588,-0.8992569121825946,4.964259562953627,2.3566321623335056,42.868335952586996,-2.6100865042359627,0.13501617079887546,0.9787516098100562,3.9569699133793357,20.150457143313176,59.81752697080133,-2.0912507248190635,1.4258070145197124,-17.046533113939297,-3.1826833591554857,2.1461581350177896,-1.735585689183915,8.117480953685034,1.4020362362511705
-25.62202864163197,-1.473190398632713,3.7082208397904957,-43.05655545895512,-5.575458240072772,-60.600544979318656,-11.055317280422297,-0.7233606080314756,14.911059188512125,-10.489344816027296,-54.741603548775615,-49.88946305720067,-0.33227450521906915,0.19728267978222092,78.5812734133934,6.071629830771787,-0.21131182560717754,-3.392112094421175,-4.275095697841434,38.818593717148644
19.160383504493957,-0.13395591907840215,-1.408150598526731,27.60640190446514,3.431534697258839,70.98889796993275,5.575129560855561,0.6819142499980081,-9.578066667366176,5.799868490524515,53.78157533625002,74.89919056474335,0.8070318921045526,0.33055848074283856,-53.339359068459984,-13.106275928563509,1.2605877988479337,1.1720475469359222,4.818243550048076,-19.814485026471242
0.7878469120044798,0.657815102595947,-0.17833349264909915,5.608917833706749,-0.11417240365597725,-10.806018685696465,3.61337875161355,-1.0489741267080444,-2.300553928445409,0.030428142607830555,-6.864463908760207,-23.091476264358537,0.04602954003121028,-2.585892052401686,-1.8706886941319474,2.205394067949699,-1.7203732371256382,1.1667648837936622,-2.8285814772435267,-0.26763087679666053
-24.136040578890956,-0.9324943893361566,1.9691901552373154,-30.34809272472264,-1.8227131532409722,-84.01098810707943,-8.157168533819647,-0.9637649526771698,14.387443014770218,-3.3306263777929312,-61.82005259913836,-71.1967088760294,0.05355164894918343,0.3558772839492691,53.048634624656245,14.429127239238767,-2.276419827430381,-1.7497068503247546,-2.1438615498751745,19.57483029255235
27.716029875420794,1.5584290363444675,-4.705742065042642,61.483187033679954,7.151133146157698,123.71909453831859,17.07385238391925,-0.441516171385358,-20.50015072553679,12.975420175410292,87.13132988618352,101.34349849901623,1.8240300939775005,-2.9704633372749547,-105.04325983881887,-19.190702628413966,0.729511279910342,4.320789172147353,5.669077582819213,-21.692471028791633
10.512670080657198,0.5550917700421398,2.09897540141959,0.2607243237249191,-3.5945137748442018,96.57377877501855,-2.8407260894444573,0.07521316477803157,-3.418283152455847,-15.2144448293318,55.52151282340046,112.47699068890638,0.2644857785480912,2.931647346160556,7.371072838769839,-30.23678827476446,2.8591803102282354,-0.5816819037822254,2.9874586974905304,27.87238870414316
8.396722919487681,0.6714668178032502,-1.6305536762872852,29.419014714613212,5.57198990519114,91.59392167535222,5.627132788032537,0.8885752623797246,-7.625338461305277,7.533450728714017,51.8466240846194,92.28147416912346,-0.6027284714228012,-1.3632292971327515,-63.3861104225786,-11.421745875747677,3.0446510290261073,1.0454161268661575,11.570939256054306,-12.444271244081339
-13.608948430697042,-0.2702655302734427,0.27619220860833293,-8.470131847440033,0.5261779255071811,-29.419944734045743,-3.2753006064997736,-0.35035326138141143,7.110829662139945,1.4945522806200846,-25.763204926301764,-23.232396766849178,-0.5062421005380773,0.05332188673305327,14.371413274338202,7.026984148500745,-1.4897296700638516,-0.9790223931776547,0.6590779551240968,12.40543330589549
8.457008656233207,-0.08161289864612492,-4.053207140127956,24.421215700868192,4.208872296152605,-19.675653403977055,8.67195979830348,0.0675040009121312,-6.757592149716816,18.138215012746514,1.8359435470355765,-31.994876178291843,-0.7462612229453639,-1.3165476326886267,-52.32598377292793,15.333130236380331,-0.6053728822688924,1.48725261284706,-0.005639626294660749,-43.49600280610507
-7.6435379622902495,0.858901302036406,-3.7614818592760537,12.379365405378241,4.89151577897103,-67.99539185615231,6.133550049116743,-1.0381610904336833,-0.29904034195825435,17.521238258037705,-34.88251156367652,-83.54845596433013,-0.7862672780368484,-1.4284404703469487,-27.876138417348162,25.357971604658008,-2.0008022475339993,0.9398801450294941,-1.195481686683409,-30.36693808199416
-22.645062963302372,-1.4159866312111173,1.152656537789008,-14.356724991910285,-0.8368595183697627,-79.7147746587901,0.2601767339636645,-1.5042532476346286,9.169171377529178,3.0556945987370927,-68.01201261296777,-108.28990128113996,2.8134139822149318,-6.486098140271128,31.467232226071918,17.042299227040402,-3.4364975336051633,1.5975438251082261,-6.175992185226416,24.168218188289273
-2.220421983853973,-0.1570595600242393,0.26148311968025295,-6.080629108629285,-0.8780745750417236,-20.21686151234157,-0.9283614010781467,-0.05823715558300203,1.8045316751921,0.08807490847628374,-11.338984083129954,-20.283884376836266,0.05715993325903914,0.5307873524884473,9.118129177367887,3.8912061535763827,-0.68300191326789,-0.4664470973167738,-1.7766378706852763,-0.7675243091802577
-1.9094688523740786,-0.6688363958433668,2.8848277290188467,-10.877373122441698,-2.487914388502574,17.43464762971261,-4.190747600290338,0.20869858087841234,3.427449924338597,-8.714765665465267,1.9958523035895264,24.48269976354049,1.205919827726639,-0.31271604634677536,19.32187696898474,-9.713449481434488,0.33941749038727914,-0.17980434096225373,1.1353886142372294,20.78021920744327
-11.149275337357615,-0.13928182936539235,1.7341910276742496,-26.088172773207308,-3.413795705029187,-77.38466972498004,-6.160210019624645,-0.6419792456193382,7.658234129767403,-5.597006837104785,-46.64984070914286,-70.11336475535526,-0.32364588976962366,1.4509570582639393,49.03962688494407,12.716659228964366,-1.4090393501190799,-1.7753417839027918,-4.962395490575387,2.2170752926204647
19.132739161095433,0.3695201775769067,-3.8239364045773776,44.25734612737127,8.539080353518905,107.68949395829476,8.001589178170983,1.4399093747605853,-12.741275160751899,15.864719151996036,75.20852005908431,118.73140497658154,-0.8414304574056601,0.9215195397886552,-96.41538537454265,-11.038305972636298,3.2069341166242435,0.903505073026727,14.468298658069912,-36.5688250253237
14.992488645723407,0.9375468726269865,-3.1525041620224803,39.98697593532288,5.1563009689461285,94.67274121504902,8.669990150329784,0.3574296059950225,-11.335220727452928,10.925430889179628,60.108626620223006,89.33303559408938,0.101969333003555,-1.1990872652554763,-77.02909040316733,-11.203900119251474,2.097504649630948,1.994957562884432,9.141475985689752,-19.548680891854005
23.915659296153308,1.9685635075384653,-2.973528873330253,43.21850086901426,4.1814957720585655,101.22584879546638,12.50890131190686,0.4027799666899209,-16.203324553715714,5.233485043476628,68.36899962057221,81.04140363563324,1.6067721260499985,-2.156985463682581,-73.30231996045228,-19.157122786204148,2.0001753894544336,4.101751630031504,4.7837814439548705,-12.785727392668248
14.271324657147789,0.7195269271654976,1.4734089544192388,10.26890644579252,-1.9294273455256619,161.64882029664378,-2.5209961184808622,2.0236116039332206,-5.948104764916776,-12.468261754412318,89.19840817633448,182.46142264739677,-0.2876561605531992,3.073111681309116,-20.60705807552046,-39.26040984636007,5.6168695814345835,-0.4866786858485632,11.248428707052016,26.61813189100123
10.084792803169357,-0.027485296074265773,-0.3992904784460937,0.7779548169150934,1.0486843131603665,2.227283698852179,-0.9114480372720665,1.411625208575517,-1.4001240766594854,1.9682595977028108,10.995741010540195,16.689406795125137,-1.0457450859934163,2.8830464212316063,-14.510464717773512,0.9800280286886651,1.903316652968992,-0.43696248976566876,4.118219698691399,-25.820071669957716
-27.659448310618625,-1.2494311287180362,4.476440909936128,-49.29789690681993,-5.846346501418029,-100.91870702915921,-13.38967639066598,0.2732330521725482,18.462778049241546,-11.047119808470656,-78.89874701780604,-91.43344107326891,0.38429764249058046,0.4433475113478138,89.15815107180946,14.674163306419885,-2.438452053547711,-2.612423551469523,-5.493982350993522,32.42055154588551
22.388659282984097,0.9200234347529165,3.3684820820126644,10.230888671846099,-3.2084934736321054,153.02904345684072,0.33669770426464174,1.8395696078160575,-10.681554804681397,-17.066134082055235,87.74983321096232,158.45845065152952,0.6433740948922749,0.8595900193938425,-13.123285393588622,-39.24286377749029,5.1756608808030915,0.8528404269737482,5.945759663134378,21.508449907250622
-1.7229994864128044,0.5280633924235041,-2.3810532825088995,15.959138591001715,3.1837848649196667,-48.51770394291097,8.136723943957076,-1.4783806006026754,-3.2205323391284386,10.066939767680166,-25.56255493676319,-75.97999064198257,1.6991954832471667,-4.485635273582517,-22.543201696807724,13.754995435166588,-3.9955859364419712,2.383306645532516,-4.948351038817861,-11.186899565159987
10.53315973533677,-0.06741404868338813,3.203784225979266,0.7928411967660123,-2.074625010004001,113.08809719617328,-2.5091431270215594,2.3111556169279233,-4.5020552262420965,-11.623751806115894,57.878508830794104,119.37235569845241,0.015073753075664331,-0.4304304728052748,-3.875009262390314,-26.079266709250167,4.995542667167871,0.277752276280294,7.3154077272694895,16.429617152998137
5.604677555241221,0.5095133156956396,-1.7791819952614438,7.941267186652103,3.1655641390704043,-46.642211066244585,2.1649338442303585,-0.2682046687468155,-1.2662755371573242,7.821275085978157,-13.108893239094746,-40.59415466668306,-0.5320658191993682,1.4346192612949271,-19.717754867042867,12.272300010021086,-1.6784007865799841,0.20610782105071293,0.22376634221908753,-33.365500145829024
19.221862733970184,0.9238943770395345,-0.6707024943799438,27.109790660088812,0.9375179038208848,130.2958939222475,4.385068875800589,-0.18049711659183523,-11.09867014276697,-4.895768178500193,81.94250597977852,138.86382059733464,-0.3074817792089196,1.0461289746309936,-43.24567376575616,-30.920979145616453,3.0985132871047933,0.7974772162779052,6.937339946331173,9.108298354917249
-24.466404290978694,-1.3688145704838606,4.940286784700453,-55.78148415004299,-5.73664061924312,-95.64371054520348,-16.941241257090383,-0.10041249453669707,18.707339752740634,-15.654474721617921,-64.84882753682314,-63.75266012602662,-1.7313399160515424,4.67137289643766,100.76665546256415,10.28413287461344,-1.356473945517849,-4.527557221295399,-4.926469293534819,29.8794868414076
19.72416999230066,0.9893426877021386,-7.893487301217893,63.38698573811191,10.76790374929902,73.78507050140134,18.041138074827643,0.37081157424208355,-18.054664389496207,29.738267517750703,59.10965050136231,49.39608815088444,0.07586600279731134,-2.554451875451807,-125.81834510856754,3.944579432560924,1.5437952170671885,3.574971256242954,7.722668462182128,-53.4160990486138
13.725176000563868,1.3139728624339442,-0.2501232443087178,14.385219642488948,0.4106377459267406,40.43892691561656,5.180247680088495,0.4085504237086516,-7.77041812540756,-2.550585677880834,29.207231601263306,30.338451201111084,0.6257544429693594,-1.0673479278644855,-19.602301474355247,-10.843937709729378,0.07331852462709088,1.7633918774493351,-0.5246024076827533,-1.9439407302843827
-21.48166513828435,-1.349005440026523,-0.6978369602624781,-14.197226508889841,-0.18066393430932426,-54.8791250177768,-1.4222766345510673,-0.3305419090533918,9.185020727778744,7.699677602140398,-49.128901963631066,-66.12641817679705,0.1915255298079209,-2.7225922502865014,18.122383626338493,17.270510526247783,-0.45301924538409777,-0.1875500955301661,-1.3846783741502489,10.996874693270003
16.331361981249994,1.279942383738439,-3.699135444756609,42.720951931232214,5.428533100874102,94.7135562277994,9.84523520144216,0.23322554387987096,-12.939325804897077,9.222980064199168,62.93401258972584,84.99205473524808,0.3264252501634488,-1.6790921324516646,-71.9035539056396,-13.02121749905835,0.7410178704897404,2.606778605853074,6.08215476739305,-13.351956908131356
-8.137464751312503,-0.6556145565861056,3.0996485777082445,-17.028093908056068,-2.6645262442241657,44.1340252444855,-8.610262611893434,1.2253605257406377,6.460304589635324,-10.036589677745587,10.153836358710173,65.61918194321066,-0.14236443480395033,1.7264381159820998,26.457219053439314,-13.048476561488037,2.551065006210369,-1.697983850103259,6.063865522944817,26.99181941447444
-29.212836806853655,-1.3177951572416684,2.3761830671760236,-46.8490935109421,-6.431077572628103,-108.64412629860149,-10.16204101091737,-1.0219579144169069,15.425886776970788,-7.735879555130576,-79.20921880879973,-109.52659767439388,-0.8642194717512943,0.8600776346064685,88.47142054670825,19.215772453250175,-1.261183353227292,-2.7872950743859954,-9.511840603826291,29.659374949829388
0.8635394133579934,-0.5368875084652531,-1.3596777339945008,7.204920074442677,1.980447815619372,-11.669100367971591,3.6728521462244124,-0.013666656747081877,-2.1525027185062253,8.228771555913093,-3.9735493738737007,-20.620852446008215,0.024648882500721173,-2.4700439298886865,-18.769321147673423,7.785092506817942,0.1784450375958126,0.049665981527398206,-0.2566690046566822,-17.228989110063445
-0.8854319846401051,-0.4699495768994745,-0.543923129933358,15.094593028855373,2.775178619944615,56.53042043088679,3.6575988310713408,0.7822213061339193,-2.971080226773796,3.2217314853234433,19.750185003814998,41.24406742804794,1.7537833736679571,-5.1292877004855475,-27.523773590277663,-7.667535696305503,0.6694491705923342,2.3802758529105144,5.649045559585975,11.80321441944807
29.82579198750055,1.155239617770857,0.5921668075872726,23.401566122185805,1.411816982314774,113.99333464482721,3.333250475998704,1.6477163337708374,-13.499490183729977,-7.264121166849305,81.22520288718059,124.641137898939,-0.2222668659774842,1.969019962226759,-39.949856530503396,-27.867944002530965,2.4997026437138636,1.4554913955213362,5.869907329714908,-11.513533326698033
16.829225007903354,0.9999542448254023,-3.224237206872048,34.06467484203412,4.236999246698573,64.56522496924254,7.68122838009658,0.32782267242618446,-10.445409745468309,9.808769134697254,50.77590948596573,67.09589059154558,-0.42023021835700175,0.41514862568981614,-65.89614290739341,-6.937959131751347,1.397657924619409,1.4542483346289108,6.562030219196938,-26.879434692737643
-49.09652985397985,-2.6917704637917717,5.224418229595019,-85.92103719740759,-9.522803443904403,-189.1597739753765,-21.895720016890902,-0.6127720114248034,30.939159329296356,-12.745199112646354,-138.93045452966024,-173.52296955499406,-1.6473247625226173,2.0986927699809015,151.5122335883935,32.45132286259661,-1.7070503765300675,-5.935703877861677,-11.014156393899293,42.65334048552977
6.1752699005696385,-0.22842215040780017,1.1407018007996483,-3.7866326719674723,-1.1643692518152313,39.60770374876731,-2.0451195312702715,1.5936430938503785,-1.4126400371936216,-5.809264276637042,21.006497063822803,43.73705903590823,-0.008562627359763594,1.077987296285615,5.974904303453759,-10.48819795762611,2.3771102481388637,0.43788058080096276,2.2382135427875145,6.238282199994922
-30.66567534977959,-1.7274245413585605,4.280258555895249,-50.278265758588724,-5.412539607217815,-116.43534946458925,-13.11687646881312,-1.3546949667566273,19.754647242247472,-10.893626510692034,-87.92763576790531,-106.25657011935138,0.29651716121166305,-0.15733450224340623,95.19861459719154,16.78379449707599,-3.514953513444311,-2.5394750344488375,-6.9939068763962275,35.23915938870633
11.108098074958983,0.7509877228253886,-1.0432865645691416,5.192257317712978,1.3510512188024077,-61.616119026648335,3.6821490560305676,-1.012206210861139,-4.738941061357493,3.1585015887002106,-14.622883081448657,-65.94388852816797,-0.8053653072848039,0.7147071280420655,-4.141449286800116,12.705473836305544,-2.6202248320677595,0.27791200174754466,-6.5712280011197715,-33.965545314659906
10.39683475348064,0.5604812074786888,-1.0822471884386158,11.92315812576232,1.4383936271106423,6.13834089745289,3.8674776638275192,0.5178465155228761,-6.066023340487077,4.349683611852454,13.955315353371708,0.3911819531420735,-0.4088283389416551,0.2789920767455467,-23.0289338288965,1.7903403301158582,0.7895392468832323,0.6163060061936346,-0.1135925621056304,-23.19937496247704
9.839991786852877,0.6025918025546937,-7.555494573972963,61.09300495008108,10.186373207019406,39.409655096255364,19.390316224351547,-1.347795976945279,-14.11334040242666,27.940896267231313,30.99677838368953,4.5325766618126,2.163910387047495,-5.8180165407111275,-112.58004799454366,6.7285812513344325,-1.7223940839830394,4.601152537552608,3.703323473325341,-31.173244716144108
-0.15926017325355035,0.37286423276333835,1.9718369518257224,-18.40949170494745,-3.706414882231999,-39.05002013084128,-5.0151673466152475,-0.6752062770756169,2.322333735674888,-8.372026248182802,-14.349180221362595,-27.611168485488196,-1.3736557331685222,3.617386312737776,36.93691917766253,1.8943832020572042,-0.9871051901162615,-2.3611852527634163,-4.780055333531285,0.653662622499402
17.94236217852904,0.9045212166821749,-4.200643259588892,32.76420001463191,4.766744372756075,-20.282757293136985,9.955537530259672,-1.20783224197222,-10.73718731069885,13.932946461377073,12.9929122234398,-28.67618931247125,-0.28184538128037134,-0.00798502336388851,-57.019219241008784,9.948141366004,-2.8856282648953107,1.6091541847020812,-2.838586663210548,-43.6375095060783
-25.6942500785401,-1.6926693163610635,5.9342581193375405,-63.197041179602266,-7.302746450924912,-85.08797889745618,-19.717381042390734,0.3662270799076282,21.179155841113122,-19.163096482863693,-64.4990216913379,-52.289568082399505,-1.056553242100772,4.550379304679245,112.61894891332199,5.100658649304253,-0.45925973756891797,-5.049233549360863,-3.9990816887989333,40.33982903012257
-10.853689851256904,-1.0832650482199089,0.7092636104353661,-22.340074887558455,-1.5020666451085263,-73.11452798908113,-5.496566447166806,-0.20478766172633311,7.482822144375335,-1.299738660512979,-42.76444710650043,-69.39943990105498,-1.149258032875827,1.1475591613704825,41.63455817958433,14.194429784081308,-1.9085822388863893,-2.0259806796797823,-5.76312584151975,3.8773020990750897
29.10392779997404,0.8896540879263848,-3.954686950355413,51.71639525202353,6.340329129960223,119.22312068885634,13.469058458961024,1.0425925684757227,-18.454592205664934,13.071479644571946,86.24969700612778,105.85211698179621,1.2262710067994051,-0.729513712047314,-97.19125691543985,-18.32302031594179,2.5032179070242884,2.466604836290739,6.637071902315548,-28.58741387710967
9.280164908236527,0.18356527369894254,-1.081134273424252,3.8705112649303635,-1.788808206614924,-70.56081970507381,5.633655233190311,-1.2279393041747622,-4.023452535674505,2.853132846934147,-25.51253993852653,-86.92223464483622,1.399134830631178,-0.46796697530379827,3.3864895584431354,11.115526788726893,-3.8927750780284684,1.4245088409964073,-11.235326220602161,-18.82921089869926
-3.617795466996863,0.2971729530254672,-0.6542455041714428,1.357625198300045,0.3292660924783355,-16.310262362875655,1.5218934427541255,-0.3448745780199842,0.4249304879064514,2.8429457339380004,-11.805974843655816,-23.132811021091936,-0.16851861538601215,-0.8335328348241485,-2.6891584230964933,6.479930189362631,-0.16109157047755407,0.10410772534380561,-0.5896274191966334,-3.645617695905251
-5.19825392671698,-0.09440434196884843,-0.3113397152183812,-7.100564375911866,0.5585072017867441,-64.0485575928334,-0.9036119678588237,-1.101271537598168,3.233369369221624,1.6329372058158205,-32.720810060467315,-66.01148313406296,-0.3587193899017154,-0.046561483631253786,16.988183858598468,12.040495192656945,-2.7682034177142927,-0.2937389820727502,-4.404077945648976,-6.399951592266334
14.432082123131817,1.2346738371024488,-2.6373177665906162,30.83132548196773,3.3364463921734044,58.057307267567445,9.653457757500579,0.5903115883132712,-11.361621758888097,9.28508089440342,38.30493849028249,37.280586979625134,-0.045452355011332386,-2.8270554017971783,-58.37990681413413,-2.667340806485025,2.320097228147284,2.8510170154208447,4.209776997520497,-27.243811439952772
-26.088684698584096,-0.8879451115985967,-3.1758552474732067,-14.501347166108156,2.845910459716551,-198.49276433931414,2.981086933524143,-3.1099695449420515,9.810668170311981,17.911953580839697,-115.96467282950701,-229.90084948855593,0.266194731843643,-4.1693994031518296,27.910215766785953,49.00411994572316,-6.920289587725281,0.08368340024576448,-13.303642432493252,-20.29327277639106
