X1,X2,X3,X4,X5,X6,X7,X8,X9,X10,X11,X12,X13,X14,X15,X16,X17,X18,X19,X20
1.5649402693875611,0.5159014093680443,-2.5870584939220613,0.341017459844086,0.5162820847841599,-3.0422344236408865,1.4739837733411711,-10.426356306308014,-1.229678923940198,3.4736831742961494,5.523308088215984,-1.1788233212522394,-1.0602675428632822,1.7736875837184218,19.270200442907978,-0.23662017366581634,-1.142874900597663,-1.4366807650636313,-16.803906347607942,10.364089430414463
-5.338929873963957,-0.6561119349814037,-45.95935934053049,3.5789777785987527,3.6082851057559107,-7.583151838012517,-0.43876008982814807,-97.65762168092887,-42.978694124619814,-51.19038191796222,-3.3237057679528608,8.795217305016429,3.4063638592858054,4.166755104822401,115.96175192797682,-2.6782514817970835,2.857246450451374,-18.664954128595145,-136.32288335924528,-29.54879854995433
-0.8299222437654492,-0.6978800546562177,12.296457957604359,0.2734225063312231,0.23588788458377796,3.8162774139259423,-1.5197190270718188,22.46698707286428,8.205033565861449,-0.9832961615595912,-0.9494304157489944,-1.2262205262763384,0.3955807632945929,-2.577020433468494,-26.749729651290494,0.9794575910633447,-5.626689405669626,4.22850644819221,33.85998037082273,5.896256498926365
0.5790968065399951,0.40376481573487516,-2.3730992729652813,0.07178618385344238,-0.16162974707149705,-3.5652953072413194,2.9580895212455065,-8.626158397650151,-0.8299754496884808,15.428892553685799,5.014057418994447,1.2607585056614847,-1.644358594000706,1.6410819533306809,21.898861574834527,-1.040372234233384,1.436770157747822,-1.9701527878791811,-22.36334838530094,-0.9232536400348262
6.74116981415413,2.1438237062449423,37.344962796958406,-3.034621358290865,-2.4408548071913363,1.1202810746888305,0.6740112947387652,82.86858542715734,40.51057875660951,53.181163751814886,5.524912289200842,-6.693049795595264,-4.739799865534681,-1.6415345610081884,-89.26828182855898,2.8511976379946193,-5.26729596388948,16.90979357140105,94.25752625128737,29.857471093395716
-1.7543832253871638,-0.6488005029869491,1.0419926829114572,-0.5132510244579565,1.3629078192992696,8.476593633397695,-3.8657564634144306,18.988739499348533,1.556808284868847,-25.967835714167943,-9.45822577082991,-0.5010145105247472,4.3470125924683405,-4.413916133018353,-36.027255606294176,2.0709040665459977,-3.3671744259967498,2.418136983273672,41.47198652116452,1.4060201709944098
-2.841421134944531,-2.0888022839705815,-46.93633924680358,4.212119115565825,2.664639572897424,-10.661800440144225,0.08857798188207511,-105.86100055949389,-43.14538185118507,-37.50477323922811,5.003642807163059,10.966395004110991,1.621185550024557,5.7288501778147225,136.79658425074004,-4.218318620369205,6.451961988643474,-18.50299245223979,-160.9572866278468,-32.73227273344244
1.0626742342263484,1.0434556204395395,24.522243158827305,-3.0079783850596997,-0.6496118762723501,10.897034747421245,-0.03762313639458714,63.422468962102755,22.85014613154099,8.706164344706732,-5.74995226433167,-7.390196533998296,1.6734552171595152,-5.029705245919374,-90.0743998586837,3.5702931209248923,-3.938524655710142,11.27230962144772,108.75940937586029,20.362810939216303
-3.8869912632415655,-0.2858700168896326,-16.680181211763355,-0.7857848195061042,-0.06574155944859483,-0.6865709340839831,1.955151174670195,-22.468599847986283,-12.868396308364693,-5.1909893787693075,-6.664201896828672,6.578249728252498,2.340427007836872,-0.336124019896732,26.604426354021292,-0.3782790612166058,5.557843989320436,-6.169567764813149,-34.32348016427532,-27.119397501233127
0.36629698938955446,0.19984359913752925,13.441524989285123,-1.2354867353748238,-0.10545220693246163,6.422470121208025,-5.680935421059283,38.10720682163937,11.252997951863705,-19.44871960868557,-10.958000817417386,-4.399948171015797,2.988101776787806,-2.6214169862258565,-69.36467958517522,1.4796302055867137,-3.8177903225939582,6.676612636325974,68.13138470111336,6.703783023290007
-1.3931361729272012,-0.9801431519269682,-38.59899657765548,2.4003105503751527,1.0712829765151481,-11.148364103879814,5.446247803798362,-86.98872707587836,-32.828030371825285,-3.8610526518951205,7.865758700400248,8.808852820780157,-0.7785265295598613,5.969545941327622,122.91504073771733,-3.008888850128903,10.918824568576275,-15.843245510142376,-139.07497670946952,-28.02254991368777
0.9459463907873237,0.10093835900268026,-19.60986981860724,1.250665384165668,-0.3597762965790648,-7.678100462826189,2.772496285815055,-45.34361190771355,-15.687766390776046,7.2648192432872785,6.803136950648263,2.7928885922695876,-2.1397056272975834,5.003451974544246,63.41633834188426,-2.2879557847444554,6.527543242602866,-7.235869064189522,-74.3663411057651,-11.403630127939191
0.6442202156118654,0.7863585893485611,23.553142879190055,-1.921155961870718,-0.8699502735411049,6.339787280097921,-4.12761716598275,58.96251307200131,22.767297602469895,0.9090722005677395,-7.66446648028979,-3.8545908043456176,0.6577996862398294,-4.154718603708052,-81.8488244982673,3.102283629001903,-6.847432593900827,10.682805663012642,86.26429043118135,13.132634787984479
-2.272668174846305,-1.377130621028317,-30.64778349873781,2.089207884780389,0.15893308183109367,-8.436228919123554,1.2365650208868226,-72.54352076306543,-30.46638887995341,-16.11854453408442,0.3362903407710863,8.687768461851082,0.5647896140882287,5.429829334128854,88.6404627261707,-4.097877060848172,11.614541440060941,-12.927174902736065,-112.60434525028963,-37.48715541388636
-0.28868169154983125,0.1198554811119499,-2.957143835680054,-0.03442877725354559,0.16054742284992668,-1.326904595895821,0.4265048182714448,-5.4801588994513075,-1.6686621367449535,3.41924062780639,2.027689173279832,0.13776403515622782,-0.01404949648553433,0.5760079420931173,11.107529439319084,-0.5813911122902967,0.26949413636747666,-0.6201936751654571,-11.72292407551104,-0.6304646844354204
-2.1610504182129895,-0.2823295976295853,-20.50467606216098,2.3975961976997024,1.3758458575273846,-6.806975351751838,1.6381756802603327,-54.939480900512436,-20.784375987934748,-21.139117106143516,2.4972155011908446,3.903293739215478,0.4097215778349415,2.6028908324500772,70.31134618079871,-1.76837254208955,-0.08004753616156546,-10.33309126269238,-78.27375988203529,-9.62604491532002
-3.282095735760145,-1.1260231112370251,-44.9148581699972,1.1615540439961154,0.7178579347713331,-8.99214616974971,2.499608906022444,-88.7321016894261,-36.624746805466124,-16.476453868933493,0.6517906449965598,10.954701039715323,1.6604656982090356,6.064291961606347,110.53274110305931,-2.5940124319497784,16.33917928714462,-16.072215633374128,-135.91690078725082,-43.71849604487556
-1.7001731878350812,0.08670458451801943,-25.5906317890647,0.331213495681062,0.5941849340003188,-4.450435770467549,-1.9035780263529298,-40.70810722378039,-18.3166306472608,-14.412529379000517,-4.23128711573258,5.641269045331179,1.6976655615432867,2.943087483727066,46.83100475499534,-1.2052387025572826,6.66867472083437,-7.3243745236311675,-66.70564051893984,-25.962498292378616
2.1513822745787974,0.9099698774002802,36.748349697335556,-1.5814907719208111,0.012325219415501243,5.971843897094624,-2.032454328403661,74.86566516508324,32.03136102825119,17.532824614961843,0.6308788108558371,-6.560128702556207,-0.7264979938717051,-5.099807810423272,-85.98147862033798,2.8519683164634415,-13.703349618019157,13.518850000219151,101.98782868589397,33.092176026432526
-0.3576683254505025,-0.09761386945375972,8.958397285427354,-0.11364139479388158,0.437674302706538,4.573724262836407,0.0865216375609682,19.31703002939472,6.213996720692666,2.419716507791362,-0.4250356348501906,-3.2636747042109358,0.3769134459087269,-2.643207011642949,-20.33819263871198,1.0067245868004244,-8.323223831491672,3.0346452173844756,33.9953646640004,12.347596717176717
1.928540945700994,-0.25909279788344475,-11.954898792395047,0.9817726703838863,-0.38032638429382154,-5.941481601037606,1.6375335869592411,-29.30161130545844,-8.551906937998469,8.138548961195285,5.981542947114208,2.913413385307918,-2.317889926139082,3.7316868611374097,43.92127412282664,-2.204440124149781,5.230256022505416,-3.5897811488173272,-55.28627424062746,-8.321984344379757
1.5055207515299718,-0.10493195025736038,10.334234175326916,0.5244201231160184,-0.02235342964957597,1.9035957719826906,-1.0936676581787617,18.694963155094968,9.018197150287945,-1.03161063028231,2.20444118158417,-1.6155222399673144,-0.40949630513400065,-1.571994498221039,-23.500361093170223,1.1964102645359478,-3.347424785283406,3.531820769250042,28.85112199794073,13.890773015204555
-2.7491993049238217,-0.8954099940388643,-23.203497824650146,1.446111345662876,1.1170060946212137,-2.3564438772538083,4.335878756572744,-49.60956595764971,-22.820953868539338,-4.106735740534413,2.2836739232620182,3.1853820495760123,1.6806277851870104,1.0300581456820497,69.6373949854093,-1.846697199364151,3.6282263986268415,-9.888396443976832,-68.76253501001577,-17.54904938556695
-1.8835690106282503,-0.6869637534046927,-27.93881283493216,2.2002165174030477,0.5773367327752337,-9.386282357518594,4.785616717722192,-72.8873679741688,-26.834889811378588,-8.41605742172114,6.400443271861393,5.950422678666023,-1.1442963863482025,4.9250512664501915,96.98585912096998,-3.409961658987631,7.9879951126121735,-13.271591751311936,-106.92863560049459,-18.346952369739952
-1.5246580382278552,0.33349458713443675,-12.926706666335324,1.4416975803361383,1.2579622364117364,-2.1736953151530054,-1.131923996485304,-26.917579369693982,-11.62359382145946,-22.927444644991052,-3.2792173280797017,2.253140729801486,1.7226235250586337,1.0689247932116999,27.755647960862518,-0.11455628966659875,-0.6991923197689915,-4.668500173345219,-36.81411072113774,-8.047647583362295
1.8638015058484956,0.8539034994320456,27.441507858008514,-1.668314529427329,-0.7833633730874185,5.2944041575008525,-0.2898629837044715,61.58911255555791,24.733267443509295,27.581164866706327,-0.46616618351937256,-5.642371064277321,-0.9621180614733905,-3.855412013907574,-72.17580257838596,1.6008162043752323,-6.079202255927268,10.795972212621946,85.62214813217415,16.813443668691345
-2.448991725288935,0.19976670304185834,-44.407063716379135,1.6278466567155092,-0.08086534078448171,-12.95582275901532,4.643161984378727,-92.15645314252632,-35.90041348322832,2.3228609180656816,3.0647076838124407,11.443141314889155,-0.8833504900083876,7.820401618666417,123.79467839537585,-3.658236013410585,15.761097197014895,-16.166702200377745,-155.46670980927183,-50.037676778001206
2.0704618365678717,0.08384400247158474,48.009131007246395,-2.424305813899939,-1.5302841341235596,8.61994341366731,-3.22335188212981,93.95977182623652,38.296885931458526,26.042828212069864,-1.9281462297024712,-8.638421708698237,-1.2657803591024768,-5.241941651855839,-115.64254654258839,1.9917597040343313,-11.933856644826749,17.493000727346548,131.7847047999779,28.85287228910371
-1.0592519971882544,-0.8376846588589741,-26.362565168263846,1.630736660286627,0.5209638225944994,-8.034615785105279,2.888067548611339,-58.77551018427114,-22.792992344061716,-3.611900909760444,4.653839984818799,4.448589832435131,-0.9114412087905988,4.107928412470218,81.56898294544975,-2.7401086977269893,4.89701347272201,-9.982231056972758,-92.2412985722082,-15.588750693856376
-1.4653632522135174,-0.8304030906386887,-15.006497169360069,0.27142474094777547,-0.8408257352307891,-4.302230456953908,0.5102792659574247,-29.675228730136407,-12.749389868760668,8.573149959967887,0.7024817883445391,4.67449133269242,-0.47804898958107495,2.519168584999368,43.485611199688634,-2.0981227665187556,6.003965531840996,-4.563130314350856,-55.120077200100134,-24.083523363769597
1.3747156584282796,-0.09196790009495197,-6.252079424051461,-0.5361272366552771,-0.6564585556232316,-2.7000921283612063,0.22725860923421365,-12.931998416770131,-4.69225182833242,5.334247324974475,0.37870356732229793,-0.3689631909677198,-0.7211004720264367,2.7545199283809656,15.814540364274844,-1.685216566218556,4.405920549300899,-1.6320583819803314,-24.52923097684012,-6.927180494642808
1.1320916158289676,-0.25037107389920393,-17.49023843818046,-1.506032064413327,-2.4822583430990197,-7.605191462911767,2.8430874345101027,-33.47601676180943,-10.722034805679352,25.890848132354822,2.8108523617067256,4.427502378520369,-2.0319367092072644,5.795194168266996,47.3575607870228,-3.021102221814608,14.695299015415717,-4.240632524395511,-68.3960298950161,-29.479066564763233
-3.0327941242720238,-0.43732880108879846,-41.0044073001339,0.9087867788782422,0.9947256390312134,-9.432806792732126,1.4935725724330629,-74.81423899303289,-32.28426650301819,-7.216965436886419,-1.7818373020264682,11.77995313155287,2.0240618542672077,4.874563381989565,99.77635750261108,-2.7090482725055347,14.161834768918624,-13.718594276518742,-130.2103397913697,-50.68502839188065
1.7647166143461688,1.2364952402992737,10.592187287597264,-2.6111654507085524,-1.7964863263387834,4.934804227313122,1.055767801818449,43.800285641525704,16.856454841944068,28.43857083656244,-3.71312139300075,-2.6843918514589538,-0.6702223359503676,-2.013061183590266,-52.35310425237129,2.510820559066449,0.4404477865592886,7.143468320738901,57.43095229841066,3.434235597044508
-3.5133903339245878,-0.2082976154999637,-33.52844078239818,1.9202452150957576,2.0220762285475695,-4.516174650339476,1.7554430584457088,-64.7068203134677,-28.62742150669554,-22.755934692812048,-0.925497531766579,7.136627047067173,2.2997045973132293,2.682449489073519,80.23665523450879,-1.2535134032404143,6.204359779504623,-12.633901289571359,-90.62397821639637,-25.313571565439556
1.7272322256446775,0.1587766858728611,0.5631982227865527,0.7031314619208886,-0.7894890656702305,-1.4092400261155227,0.7239297320427547,-2.339146464687277,0.6362271918661769,5.787730828064415,2.1383251497037206,-1.7057871783485121,-1.7971083607864984,2.16444120677542,-0.1952626147545986,-0.6021644081562527,3.0563229425585874,-0.39869523164408155,0.8780223724826453,3.9139290356220595
-1.8558815192383251,-0.7958773916719374,-9.415663997716974,-0.4635841062511947,0.8267003092284783,1.2270889783963637,-0.43619131157239244,-6.743160002249207,-6.662883330107939,-3.043019890950798,-5.060462371280407,3.4993928875049853,2.4973098791538337,-0.9142022368362369,10.268903597237632,-0.03744848320526639,2.814919136516144,-2.9102728895959142,-17.839723590544242,-20.74322180774252
-0.92890184346829,-0.14195584261727257,1.870786076344724,1.8341619554549837,2.70295381210698,3.737298881534455,-4.389433828722581,-3.2270896796817583,-2.9290606178885437,-41.69385194234134,-1.5183073484333265,-2.8327712180554987,2.4320587300974696,-1.9905894922406009,-10.009809427298316,0.6919564624514214,-7.378318413443187,-1.320324012453837,18.513763598921045,21.1679577273709
0.514133046905513,-0.02239202524175394,-4.8907630750531155,1.3966552993690686,0.5401901391598388,-3.5982271572796622,1.011723730627049,-22.520555342570145,-7.715328697890212,-3.7109035027118913,3.6744534715094064,-2.9460852664472466,-1.2808741191452808,2.3910145214143417,27.733399814628925,-1.0967020248707442,-2.6916916159097783,-3.563000487575244,-24.343471315999636,10.924892413088747
-2.8154860522087395,-0.7840835103764229,-46.56405696811748,3.0182771635480115,1.513679156800153,-12.019128791168551,4.625248657984943,-103.86789313159026,-40.394641144732205,-13.586606818330978,5.828781969190066,11.720469646783187,-0.17308672401947933,6.741685270293374,139.92095037020442,-4.105056240925327,12.00849659586712,-18.310679990095945,-166.0235673335381,-39.443902923645545
-0.22900173613669605,-1.522962396671135,-14.6956734409788,1.6505407879098573,0.23793812875587228,-3.2611157518430813,0.04480461200184205,-41.201350500220116,-17.2204101675194,-13.07016910973801,2.442388122308202,-0.7086651834443751,-0.03656378942586591,2.7881538490708024,48.00376335586897,-2.7282244463669176,-0.5925682920504138,-6.266667201169759,-51.336534745754996,-0.5641800655443108
-1.7264419892739498,-1.3101710552423345,-25.230189765637057,1.4301227476155516,0.9407271194649448,-0.9301200090708517,-2.5206156345479025,-41.015487865665534,-21.062694763046043,-19.656425620282068,-3.9897695643677835,5.254862509691538,2.514514391213705,1.190731509042076,45.25665289942089,-0.9956864780685564,6.280711779292865,-8.199814019170503,-59.19591531883421,-26.9702124351128
5.0670241464665935,1.049048038902097,55.27059799590858,-3.0455912521010338,-2.030372314677136,9.476773796606569,-1.5585746357135217,115.1511968636983,51.037103895941584,37.18182761338751,1.805511287830532,-9.942173329336736,-3.271317847865647,-6.389138583800578,-139.92346569636203,4.2904033673298585,-11.791150121871564,21.26728800146993,164.0466644014613,46.39260225380524
-0.6973529034892293,-0.7429037449022322,9.173540101399945,-0.03158953575169976,-0.40713477516003926,1.930819833248385,0.33291147363051615,8.752688223038161,3.5550293118040637,2.3751817674491886,1.2631779050882606,-0.982917319036751,-0.5570950143346319,-0.27720417683032506,-10.43307500575879,-0.8428730343594519,-1.095368205636351,1.0383699366905976,16.24945607648779,4.174224992824917
1.6924616464262194,0.22614798812346354,34.05757362078703,-2.857821528226091,-0.9312117158979475,9.13605784369812,-0.7103665958785239,79.78212228339157,30.23289355240377,27.1489463421525,-3.803642412913698,-6.431051415990043,0.7731972164031287,-6.10500256891661,-96.35688147897991,2.6957170608402254,-8.339331701292378,13.684464384361728,111.66942375937326,16.87388243055814
-3.044896646912008,-0.42788316132147797,-28.06979819454042,2.114905456389748,1.611058472385782,-9.274800259156379,1.0327885679093691,-57.41916547491017,-22.875613927355943,-4.6435138787402614,2.2636222984992918,9.13120151704115,0.053023709367475025,3.8571281865444345,83.8569981107259,-2.2163463757909887,5.7433378695984985,-10.713318601002413,-105.94499539416789,-31.752455156837232
-1.717599723143942,-0.5541402241704856,-7.972654228944624,-0.26014060945598383,-0.011831953819750052,-0.44913420284576067,0.6832214037796431,-12.134036735063384,-6.366952405036544,-2.302617183540319,-2.530532223955964,4.390810579811612,1.5448715303804876,0.08125411108779301,17.467713429805343,-0.4528685281921426,3.3413568444103565,-1.9510173437882337,-26.114897032198964,-17.21758596917259
4.445919059059211,1.8886594783163333,71.37754815790989,-3.8692542517098563,-1.0043721594879398,16.931470588172992,-3.555139517723921,155.07038737040088,62.11020211508531,33.34707302279462,-3.984621580288536,-18.880523700180785,-0.17570756204496152,-10.847347791107158,-193.3659372581193,6.226462156008655,-26.35388496675781,27.402424078949913,236.15066374926457,68.79767759488338
10.74550820452278,3.430147339966955,115.66712269005701,-7.409155990200091,-3.0540160333400324,24.308730421269974,-8.640483823883713,252.6956110040955,106.81339289463664,50.39931405494844,-4.06882640818454,-26.947494991454043,-2.9215785610577862,-14.879300250377035,-324.8577806341791,10.649685957229401,-28.66765854702964,47.31547813057586,380.08202089751296,109.18269118850284
2.6472947238066404,1.0440064073522852,48.96862557712573,-2.237724453079107,-0.6226545551807645,11.196424806723224,-2.648407788221777,94.66445771913247,39.26319551125012,6.276330905611429,-1.9207753788787447,-12.086210698403391,-0.8578492540433864,-6.3786579750514365,-125.35080800882646,3.8830117432565743,-15.312006441388839,16.22088633827378,156.6420279542198,51.84862030675345
-0.25476652280877143,-0.5346765183994019,5.792857677185601,-0.932193906294786,-0.662436342673858,1.561460114106714,0.3738713116118697,15.972396033427975,6.404869900511398,13.027705607076818,-0.016783260042541968,1.756913832162115,-0.5550322831434508,-1.6746078377177787,-12.647163299843637,0.26791338356847916,0.9359391563389762,3.21391795426119,13.040878627832235,-6.066873274792935
0.32414473008337097,0.37332860083786695,-31.177085284248825,2.1537622053575243,-0.13126658048416417,-10.677268096556675,4.768599411151589,-72.8717466083311,-23.703818329966523,-5.344196709875561,8.306397384340624,5.798477901526742,-2.6386748262725113,6.542338766956243,93.6139507760176,-1.8882415269078683,10.674635500863216,-12.074482822474076,-107.06631378254235,-10.905019259129796
2.4764063234687415,0.05705026138861858,23.957962271200113,-0.49602454897337733,0.1220793596515842,4.944040922860714,-1.6180327939781018,46.0777528044547,18.98056846714238,8.905453583575833,1.8126441762738694,-7.093514777038096,-0.3550405871036689,-2.9261237402124416,-55.51453923895318,1.0822640677677748,-8.721200020539797,8.548045321052422,70.39905279828538,25.206160793045854
4.104946623780319,0.6407086279540635,85.56400935587352,-2.9134467743467356,-0.9634969713565256,22.98831651614747,-9.70561671953177,168.63267260936644,65.43811525226066,-1.5914545406216576,-7.135377440504514,-22.976183571045617,0.40517288323515877,-12.240551856743318,-235.37144016345604,5.701471229617245,-26.14518477625736,30.28590350797156,289.76619688859137,85.54307414305394
-2.2995672642016354,-0.6119228865457602,-30.993545667949242,2.398205735246818,0.5555551836107351,-7.999218297367542,2.3486489485520896,-69.78114862632884,-27.611700387571894,-7.129314356578058,4.523642838784836,8.381551538288045,-0.2654936288502396,5.205611582711756,93.51682240440138,-3.2447565251435124,10.296674902929164,-12.362791332217512,-108.71099714990726,-29.607209314558027
-1.8551535117293034,-0.5457850419117677,0.25918945767772045,0.529518196975949,1.433892161822096,0.8091103488744888,-2.2823775746768593,-1.6658070990886056,-2.130199771950761,-18.782980341986292,-2.812256730791191,1.4794736334126068,1.6917880088760973,-1.556318104142068,1.5650383724874,0.24247920885850655,-5.9314124699562605,-1.8067473854761176,0.33959094258207223,1.5098423247406318
0.35947220389688517,-0.1612075009509415,-7.432767748664992,0.8199376445784117,0.9502016643125331,-3.4150524404466283,-1.5688051626791506,-19.006603237984606,-7.24838477632599,-9.0715428464429,0.8520035090091569,2.0296294210123182,-0.01577341481788297,1.3897998901370703,25.276547801350358,-1.1764100384327985,1.5661037525560226,-2.4576333703347957,-35.47962637151164,-8.22969189200118
-1.0313770102639892,-0.13789892331174972,-1.2104135512179,-0.8331087715136549,-0.6123041462153177,3.574381927711746,-0.5862452242074158,4.143631654461981,-2.385223889930552,-6.737058602769686,-6.627031951514872,-1.0527916490985936,1.7722290598178856,-1.0909918538887675,-17.121059344333336,0.013771762348199879,3.812327771005528,-0.4091818470409261,19.114006787374628,-8.301405335191031
-4.117648418064717,-1.778183807143948,-72.04193795432995,5.0429975668200075,2.86999886480458,-11.602951012706761,0.8937660785467618,-159.5623491558241,-67.71726191924954,-61.64026445533316,3.7687792117345693,8.63875385541192,2.351203391378359,9.459185891465701,185.57245789248776,-5.929669086673328,15.569530258266301,-28.71635191926949,-203.8944273300247,-34.509618252213585
-0.9104923527501582,-1.046940798987439,-24.154562584975587,2.792837493921616,0.8781043403029174,-7.4396957575277245,2.2280055668880765,-64.32423781879014,-23.193172284847364,-15.923570932615407,6.935014075747706,6.076642299118113,-0.7766067531766354,4.331657645139063,83.26919601734471,-2.7174471545288754,5.4535568679963475,-10.866359868860236,-94.9579616831862,-10.644619931376955
2.420828868584736,-0.8047817525412313,9.602808723573892,-2.1518184107772487,-1.833687263025249,4.221763603075038,-2.8242524856256663,33.228419906081335,12.394177133262954,15.119563361396837,-2.326251983777947,-1.739768666588106,-0.6706047892186715,-0.8790453662218312,-46.22662722029712,0.8151434175744343,3.3073951768321104,7.1928147225819155,45.376128781804326,-0.7083737552633138
-2.1751190226373587,-1.364023934345397,-15.436114583050253,2.2136278900211437,1.013224400755869,-3.769159676652085,-0.2396939108647796,-42.47356478454664,-18.50500491391466,-15.389231065376897,2.451425913240775,4.210278040341731,0.8448064402145028,2.2111150367385988,54.760278004162885,-2.1965603194958696,1.702025511092602,-7.910811325424078,-61.57899782637398,-13.58432452245823
2.085262532541555,1.4785031427531232,13.042177910658138,-0.018691627305127856,0.5307747734464616,-3.5765283351176493,2.315326188136226,18.739768527204095,13.622423167470012,16.593108889963485,8.71148547624491,-3.4403230273275645,-2.860338576991608,-0.14060054735881772,-7.636712029185583,1.2231915561725306,-8.420789935519227,4.338474506918346,17.798536111361088,28.426667123281153
-0.44664774328648127,0.6350504788215211,22.965148948560444,-2.623223165508098,-1.2267360087414025,4.981107817452555,0.8670454892882751,53.19247834226885,21.203246385465768,15.425491900246332,-5.530660203903072,-2.415849082339671,0.10891900926543951,-3.7757092628635163,-67.9448449667797,1.9910721072650435,-3.298794776995013,8.513397157691685,75.64880577172757,7.1427344894386
2.614328917906857,1.4656979824969938,58.65707021360668,-3.688867503204075,-0.8409282241329257,12.087590490399364,2.0034783378474046,121.6389625875639,51.42946764426994,39.35337711845716,0.5319225758435037,-10.041511337389633,-1.3656323442516864,-9.495996474219872,-139.4421899363014,6.2276382085473765,-18.585234794291864,21.330062330661377,173.58585051782205,50.01665728456982
-5.359857562244622,-1.056045548255942,-63.51566709275193,3.3413334742003373,1.5587835882444754,-15.039499938473023,8.018081169283068,-138.48823272996054,-56.56222673243575,-15.337487959617825,5.168673789851436,14.575045949246649,0.4712333811427085,8.863240258811892,183.51284698752386,-5.2184117507100085,16.38113094228376,-26.55831490549709,-210.35411080229275,-55.51117652332155
-0.15676274242026011,1.3637998522100019,-4.187685392392867,-0.3312346558680457,0.2785202162095821,-2.444514305748771,4.04055316398806,-6.519805103384629,-1.2735566884451337,16.942917756128214,2.713760118522197,0.8074885454952747,-0.4551139300675409,0.3163332790262895,19.667009066402063,0.49043987713889736,-0.3371621930093945,-2.1691867889275844,-16.991849776080343,-2.1643268815764327
1.4177045937113864,-0.20826336536459097,-8.569142651254948,0.14609296385176157,-0.20427427851009705,-4.222210131685859,0.8327310999767874,-18.30000135412512,-4.717064180840322,8.646852028804565,3.8999160166535516,2.1437441179253542,-1.720650001044858,3.295106050027779,27.264827273436886,-0.8206544369873636,5.257585357000662,-1.8409245903297946,-38.37199087090009,-8.464159194876009
-0.21334397804920835,-1.4935323418941666,-7.7674478809797085,0.9804185362098574,-0.6204559275475949,-1.9583537088058902,-1.1479575861020856,-21.44917858333538,-10.1967175204476,0.23562756616443314,-0.13128486759059133,2.454410550323319,0.06600651755029599,1.8370106434669746,24.770563290875415,-2.9043700958511907,5.468814105744936,-2.533513076839395,-38.529970578558164,-20.866128338558894
-1.278715975649234,-1.1851984960418416,-26.13672105671635,0.7645256636549136,-0.7318442845354984,-9.815465535605265,5.643630834617017,-62.8608722062864,-23.829003876899737,9.066149445052266,3.851754117781481,7.670391817751227,-1.0761703983950448,4.757286331178733,90.48314965901092,-3.938280242585706,9.439695339324738,-10.461601410232936,-112.1603437923462,-31.803971075052715
-4.492269973613682,-1.2022072252797449,-48.29349653277094,3.329576123281978,2.6080340110432485,-8.246710000541022,1.9491725088980818,-97.24613745975793,-41.35855423308973,-30.899625129022706,0.2448714334956869,13.130002394972948,3.079530380924106,4.128283248666354,125.64796866437362,-2.601412889621579,10.251964243112017,-17.54703701575674,-151.36149964614478,-42.774985618718446
-2.8644333358107623,-0.9020349059449295,-18.39036665087679,0.6141618614255213,0.17889026679088071,-1.376874078979358,2.3721704369202548,-40.6392320353565,-18.993797549908752,-9.303144388681552,-0.45544983348927925,4.738221577123233,1.0162550158086807,1.9165609974878213,47.79551613802052,-1.693191297282719,9.326831045251167,-9.240390655664802,-50.78754133607114,-21.74474222468387
1.2845130856049136,0.5851494018920524,21.273963294740213,-1.017079363294082,1.1073594987168023,5.6079497927370054,-0.7658509367790411,46.368611229662605,18.84304805901911,2.506134533719531,0.21933256260094158,-6.011454752859624,0.5012135948889789,-4.741017246116335,-56.59575218149775,2.664468773288796,-9.87520911975346,8.214661128410562,74.51959812119492,29.565457807024938
-1.3151038929907954,-0.7612968411113041,-16.028639949474393,1.8999954099469163,1.7206752631346915,-6.051594959260511,2.676350217664091,-38.798511840837996,-13.520925049644644,-0.8106460027088689,7.7694214524123115,6.596979588792142,0.0509514495933443,0.8661824435693297,67.83497490561375,-0.8481455892332982,0.5442624339417557,-6.574680317188892,-73.63145911673044,-9.608374490455146
-1.318913143142773,-0.3305942870275015,-43.54516549233247,1.131171761019889,0.055931458513126975,-15.344002102374,5.7916562637704665,-88.87540181989614,-32.13053536671406,11.011069610585258,6.74899371133078,13.447454627706309,-1.8450725910119814,7.489998387435432,129.78636765085486,-3.2610456634180087,15.729390333894925,-13.83935161974374,-165.57938121745758,-48.592577798070984
0.5228336827619844,0.6305869670526855,21.96097102931664,-3.078758640254118,-2.45444298682159,5.755527173643115,-0.14824210741510924,57.16751379552454,21.95195829973014,27.528495159723757,-6.540774936218654,-3.636534138170446,-0.6158131248440928,-2.983793021858923,-71.57998642892055,1.6675462570790467,-2.7568831805294165,8.716832621983581,78.54926133675475,3.4128421169993723
-0.27150963247947213,0.18128136718493393,13.473782934275466,0.8097155828567301,0.9440271582349358,4.165915982534682,-0.03760585373980635,20.30875378169607,7.426495087862762,-0.9953857760552947,1.2158036278193478,-3.7849186285105265,0.019148752303743688,-3.084333072929657,-21.289867820910672,0.670882137889693,-10.372345966009252,3.3886458935359847,34.75347658118713,17.16356844658728
-2.88468098080467,0.41840722411075476,-33.11076109560897,1.5002026747065496,1.0537595776257265,-8.608694182470366,5.247158090547412,-68.63462480229417,-26.140076429863715,-7.438001693123336,2.710195243133576,8.650091830090991,0.08916467440209652,3.682143867631754,94.50182155000553,-0.5890131390613497,7.839035018595154,-13.67314155641046,-106.29900894052872,-26.121671425196396
1.2997853652798743,0.4367434846210205,5.588894182789246,-0.4748091342546703,0.6235748973693823,-1.5260988682263334,3.6526362261495606,9.636612892734917,6.545360303626508,23.692081543443383,7.131296436073563,-0.9381245656956265,-2.286467730800619,-0.8389206773159349,5.652640643901014,0.11405920559458482,-3.1015912903762097,1.0667165721567333,2.9393028927722273,10.818947746093443
-0.5536112155998955,-0.7262802882668576,10.221894402339183,1.5554237166587805,1.5825369336077872,1.58810423034361,0.7992348240597213,5.505259794945991,1.8914602636133029,-5.9236551510835005,3.774752712465956,-4.243308779090231,0.5365587342106997,-2.032249828799679,0.8244415931539801,-0.32253845697701045,-12.301127971614743,0.8412903434672142,12.905522800263096,20.3827673879873
-2.497275313408997,-0.47907571011959926,-49.843486626217945,1.7040410455333057,-1.0112882337948372,-15.351624402405314,8.293975880891368,-107.83183094979016,-40.813957600635845,13.208887787069845,6.007734448406344,13.909129191143604,-2.164417920277323,9.260536744312402,148.75613131803104,-5.288099665826048,21.82861989135852,-19.984021971577437,-181.67820359897945,-57.59873376394737
-0.6474133308704696,0.180651187296838,18.4880225789264,-1.2204872158130575,0.06949044910718634,5.797996881846139,-3.94150241936096,43.92908861177577,15.904431271245295,-5.729173257694947,-5.316529677346111,-2.770513826017416,1.2618952219336286,-3.8197731230768133,-62.349450206779395,2.21305410610527,-5.710282223236433,7.1849435675532405,70.87564308035245,11.292601926509164
0.07542351028501137,0.2609299860638089,15.900386639073378,-0.0893006732821724,-0.3570679397838663,1.3229955197409118,3.2013921653581487,23.7738369204235,11.761343363254026,17.138937638003373,3.35252910194294,-2.376879538650399,-1.8816072841377165,-1.9072270167640248,-22.52820485266973,0.7716911002215255,-5.700847626575967,4.214597417964179,34.22166332152574,13.39451595954615
-0.7008912871819175,-0.5302596236156315,-37.13503858035507,0.938268647503278,-0.397173459548809,-10.392178503641267,5.135626050491002,-78.13778622061685,-29.605493508663756,4.808545049110658,5.350499260645413,6.497754141637602,-1.593386337152868,6.60969328358977,106.00833405181564,-3.080566990103012,11.796276424510834,-13.198663394464912,-121.89064158439258,-27.573087778951795
-2.872270655072797,-0.0703507375511012,-10.234675749961113,0.040726495076397695,-0.6332271843594606,-3.9223356572929142,1.0267570878139807,-22.582195059560885,-10.38450524173648,-1.9851680281784458,-4.300404242631249,5.99835671709537,0.3008788372853538,1.1112094599924964,29.551227171110924,-1.6096248812375857,4.3398933388523675,-5.144224495100969,-42.17039586490882,-25.445011173077912
-0.7931458259412867,-0.37640765816858446,16.716312028884722,0.1216413261214242,1.270137364613749,4.3894003495742036,-1.950850443140501,25.88262284644293,9.60551299905697,-12.107553597847605,0.06292000558050259,-3.8791342701913463,0.935831426948857,-3.763478455190797,-32.86305289494822,1.4369695650923058,-10.339247852956005,4.368998199237788,49.079105738909355,24.137442684820876
-6.497370551903718,-1.9216811260116202,-19.35689040754664,1.8720835204525468,2.8954919616694452,2.057127321684044,-1.4645422953060263,-39.29174232297955,-23.312299540907677,-39.48881373641015,-7.6647318280009396,7.788482276874994,5.80710922183522,-2.406521631932496,44.19426592552937,-1.05438498161648,1.1013270246499984,-10.184974859894249,-49.8833267786349,-28.51979386390355
-1.3515539229012306,-1.6404872219321505,-23.267947939796958,3.1861949381273744,1.6745625614223614,-7.482522693589631,3.6075428996422074,-73.18048817517281,-28.06395168183705,-16.61712400687017,10.499188280523521,2.817813543824876,-1.1585084761878535,4.307530251849152,100.39479728929507,-4.0409426985478865,1.4302502674721218,-13.135640908675542,-98.28880168233441,-0.23991366760789612
1.421552122792277,1.5367611015362803,16.202791255515216,-2.527682096230614,-2.0307757052327577,1.1945955716818009,-0.48525559141794916,46.76494427799622,21.192450634263786,28.569776611296255,-2.9291470410821967,0.006495276131513794,-1.2738198709933675,-1.3391478198300109,-54.93523451445409,2.3026476559279567,2.1696625414440422,7.939314742708675,50.72250049739879,-2.9204678881893655
1.400155020311095,0.456781952220983,29.15915352528117,-4.223204363306177,-2.3918569418595133,7.194088660388004,1.688275085815149,75.24577055722544,29.090720019400926,41.3888631692465,-4.720684328768997,-5.54523827182684,-0.5167516263740382,-4.066736490118017,-89.12527006899946,2.41498005904249,-2.327022285333392,12.290274316787276,102.32123629207929,9.08674516118952
3.6126580603620804,1.7894774459637182,33.4119620082524,-2.893565820165502,-1.4502491432879467,7.170309425288477,-1.2810382608055844,78.03785324390527,31.88660794422869,24.43418197755241,-3.318591811570897,-9.083583233231481,-0.3823946926686892,-3.407313741962457,-100.07545553098053,2.4262580453989875,-7.275591084956742,14.223711505248128,112.69755759342048,26.47963127134542
1.8783491926696068,1.3796930241075487,10.796260436079859,-2.876095538964184,-2.2247330304727346,0.6990784051773269,4.291650224984675,35.390893723765295,15.68687151349942,38.65452478032009,-0.9917640414587356,-1.1452059915505668,-1.8613918552016595,-0.7237508944334513,-34.4898827803645,1.3945717980272454,2.182554417733352,6.281254600969499,34.79046197155267,-0.9909873660580348
-4.879387681167633,-2.18215362990833,-59.736817873640156,5.104534604485829,1.742091116981094,-12.129378980713053,-1.1197766166475975,-131.1260104514299,-55.78190983583638,-44.452105184798036,-0.02263591171946744,14.016358929176327,1.5412499695451922,7.809943045619874,156.37514789480448,-5.976434532972755,15.710228186793119,-23.84898009395113,-189.59404635775948,-55.83738989153394
-2.5185705303922075,-1.0300456847302042,-5.876955496834079,0.2437676244126542,-0.38174795230194547,1.833031888692707,-2.540379168095802,-10.39360245642326,-8.9755640598334,-9.35053245960892,-5.644227253567614,3.277860701794085,1.875377205567537,0.19763081676643063,3.692383487086513,-0.8797448864174022,6.089041162066053,-2.465075445651272,-11.787884496931534,-25.27106418698784
2.959074953700231,0.25859883653466403,36.45612478055096,-2.1051444109589417,-0.47520668375746966,9.304764539933139,-3.7325529629639047,75.32925481693887,30.280353240872802,1.1583764451462155,-1.686351280559709,-10.64329834291679,-0.23937242571605322,-5.51531401447216,-102.04540783121683,2.7280795678350303,-12.800660631638134,14.374989348237714,125.94594571788498,44.47450172416305
0.602872610523413,0.2660200769394223,22.3510016721997,-1.853532915968801,-1.8037970037794488,4.508865336717267,1.6766764927120592,43.607903348972734,18.602253924483623,15.492123662731338,-1.6728473667157235,-5.17991496066194,-1.0187002807060117,-2.3980578989186574,-57.987354638208586,1.305290681607207,-3.858533995340881,7.717145235546036,71.6886409821394,16.720987533269646
-1.2213837604125863,0.225483495336157,17.806047521679886,-0.1009850429032289,0.5542565208519585,7.662265486198248,-1.1497136653610047,34.436799195956645,11.506297477061272,-9.580375796704491,-3.2820759526932965,-3.297617588397901,1.976886545078244,-4.400005298957297,-49.212675237140594,2.0326923391588387,-6.068713544936951,4.779985911578461,66.59259878596437,15.461881580527571
1.9842992963633743,1.2432502263108078,-3.3436322417440154,0.7143871504064313,0.6524559487242305,-2.31205460573043,1.7663757639988096,-10.346050027602649,-0.23962625401994253,-4.805366602586554,5.418665146826399,-2.357177216138039,-1.0311532101839291,1.4254847872200875,15.575344668644146,0.30095422848840764,-2.369519498137121,-1.8551888251958073,-8.138029335294043,19.883789993536265
1.102743227729258,0.7597277409404778,-10.851798069286245,-1.013847596498655,-1.0051715571859643,-7.5032271460293885,4.462513886651847,-19.13088814909173,-3.68686638713489,26.167866005006374,5.063391614167741,4.001455181052607,-2.4409381611667262,3.1688458935910764,39.00456964184581,-1.09821385910816,7.5934065643441295,-2.855571388011733,-51.98682770896772,-13.709514665729762
3.641242917365389,1.3856247721797077,75.50272886128053,-3.17679492997526,-0.751443719202085,17.68584212482288,-7.9180755564588035,161.8759091305644,65.34721796653758,17.239619612303287,-6.943826569507858,-14.002258216822968,0.1513849343639231,-12.028195416358948,-208.38301294924034,7.427259884142631,-23.574606413396978,29.517548389057758,241.9355385862636,60.794562931079845
0.8681532541764643,0.19083941985342076,24.904136372464702,-2.6714286111551586,-1.4799675849739065,7.711390369810703,-2.763232490441574,64.16826212398558,24.12426747728415,16.124190072082424,-6.142821125674173,-2.398156252203682,0.6769223186250216,-4.257479938732428,-84.5570651702937,2.7003334660486695,-1.76492769417726,12.179267391838422,87.83700130593388,4.753856603504345
-0.2516981479550888,0.40272629606401705,32.728385101745815,-2.1844849911034347,0.09220980774329057,12.90930845514138,-2.666796213026737,79.96881914048596,26.8490163017389,2.5154049469143356,-9.561012797764528,-7.717831944410404,2.1982109904954035,-8.070913916423802,-107.63666120451104,4.320775708234915,-12.623244067240988,12.689922595108936,131.19955670595243,22.6803208703305
2.6743062425993758,1.5816297410199405,31.58925177734238,-1.6556853568205168,-1.4781495647750473,4.275950103850459,0.51864290253777,61.48032124235801,28.401473534215004,23.059258085753356,1.9424097874101893,-6.39072364460813,-2.3747556007228012,-2.4835941290167423,-74.4141064606832,2.117661941885305,-6.839960763738494,11.523899349065559,89.01342415945695,29.219795589882988
1.4045606015869494,0.7529563915596587,-6.57864377215837,0.8839632601905321,0.3952664430877277,-1.9450480305179254,1.3888895419623215,-16.8291807187038,-4.502478584523473,-3.684032794311646,3.9236774603977675,-2.8540487296451165,-1.603692042651908,1.745305890640835,19.928302950010156,0.04880483429476168,-1.5659454462518676,-2.248699548406184,-14.340637444130095,14.089190876407137
-0.7947027864044182,-0.18861693068319646,-33.76703781527225,1.7752466609882522,0.15425398997714956,-8.185998526967499,-0.6403988197497608,-68.71131960234156,-26.69359508566998,-14.88012777620094,1.5675868636572876,7.466368443804995,-0.47126189454085576,6.347817483008203,82.07129172514185,-2.922232788559705,13.096938396482619,-12.320626460908755,-102.4011971285694,-27.933395417048057
2.807117160732017,0.37377273931667365,32.67590100254008,-1.9287786029375926,-0.6955245949818434,9.765932049591388,-0.4340384097546348,67.63133149372098,26.640407488348572,16.27256345163958,0.4038105883339047,-10.558372663468617,0.10014286604106426,-4.323297390830145,-86.66686437280055,2.4939569824961896,-9.416204302787195,12.395865538774084,114.0369015574992,36.365462296906216
-5.354108274775552,-2.489081008788034,-37.47409698257886,1.4477643364563355,0.32910768962887893,-4.679416438998289,-0.09702844724516235,-71.91626325386144,-34.44914495241596,-21.10954885433773,-5.6794595667812375,13.031362755058534,2.9160043136162295,2.475446430331462,90.49677281477943,-3.635560601893219,11.315701820685096,-13.574012609894504,-120.59738900373065,-57.21247381403176
-5.678733487439741,-2.392778095476559,-76.80344756422818,3.6884813638017246,1.1198771268346555,-20.730634459750206,7.336860167961477,-164.18029498291546,-66.08795105070776,-7.720539711157492,7.027984461664696,19.77151771616444,-0.4003694990226261,10.968098610844722,224.5956676365617,-6.928519894392286,21.581041827312863,-29.113236226001174,-268.78494622325496,-77.92238515687113
1.4585988981266036,0.35297860269551057,2.764818930747338,-1.6795102055932307,-0.8983105830086172,-0.24476706655026648,2.3783506239873287,15.438242417587965,7.096021837406866,25.41794426788384,0.8325683227911692,0.7047556690158356,-0.516094540915773,-0.04184720252845153,-11.572726326105247,0.8588433831713899,3.4908465828524298,3.511225344289757,6.136545314050909,-6.667331152435917
-0.6181935884281765,0.8731394699991399,-17.116931872196325,2.6476941762445247,1.1994802891001668,-4.870747870174509,0.2836667265169611,-49.74499698696098,-18.84361244527424,-29.94831543520952,1.7243875907742066,-1.6244531258640682,-0.4396882168505085,3.911239696125816,51.171354049052724,-2.3616438571071092,0.03599083404324699,-9.906744068288669,-51.336629905902456,8.517061234265608
1.7549725831224974,1.1604658578961031,16.49658522915547,0.12204813134568804,-0.7789893337605137,1.2111310342432382,-0.6625851191575242,24.368416095118523,10.887830165134604,5.602199977954362,-1.1103518468215205,-5.490161780907366,-1.3191814020901946,-0.3889522761623412,-34.130484806533815,-0.33924630532126393,-5.366655782799384,4.239147087383713,37.7395555335411,14.981900478759707
-5.449864629755939,-1.9469937808543447,-33.609495097614335,4.136175971841614,1.8651176260638032,-6.303358728663708,0.40182133748463755,-83.53393830613346,-36.96439835188809,-40.33326971559192,-0.09741586689117454,8.974599695826122,2.6169378090983297,3.0567177566698054,98.26858527475261,-3.6364899073500325,6.645716684795593,-16.484866911548806,-109.34610710032688,-29.792284734350385
-3.916292605667319,-1.69697674980388,-46.042480214537775,3.0280482101370207,0.32889344413706234,-12.126398268841383,-0.7376586379722823,-104.84399074499346,-43.43612608394593,-25.382365855732274,0.3558454127184145,11.27809540909241,-0.3928522677574616,7.855035232409284,126.80761081481442,-5.940935895744895,14.51163664909783,-18.858575895119735,-159.9747853958266,-51.00626374899864
0.17912577567572063,0.22161493340038807,-4.7899952804049635,0.4149425584276898,0.8525243529345325,0.19778139878887796,-0.5341761420130815,-6.63845672031277,-3.366403927634631,-6.431955549368749,0.6406471519452024,0.2668276021381508,0.6102964757894696,-0.22567773753060355,11.349879503750063,-0.018023396014712256,-1.5432939836756123,-1.5994241377516958,-9.050396814748199,2.188523109792582
-0.25189025786298747,-0.1752529485639681,10.469567358071258,-1.3820105784640626,-0.9862266334743234,4.1148072254389945,-4.182304912768619,25.230065032757025,7.784088908228555,-11.280012034844523,-7.503643668932261,-2.142811895053355,1.5129435199293564,-1.3752356261219594,-46.26915898535193,0.6893046421476998,-0.06347450239150854,4.3939612903315215,45.696721580967974,0.34517862683745665
-0.24813086339960355,0.16103152575734256,33.17122048053633,-1.8811059307039946,-0.4078890056188451,10.684545631543257,-2.5844140356379928,74.35078057647542,26.924267488764762,6.063091774927222,-6.441896986011534,-6.103872780386566,1.78447350869394,-6.440707260381817,-99.15274470829706,2.6512238099978958,-9.504037791523864,11.936750428951804,117.34135006852634,19.417041325481886
0.9327383677621758,-0.008245162554218638,0.16796116278102813,1.5062412651775052,1.7360409241566754,0.6137055203156687,2.6021752237102422,-9.891811625726891,-2.085441077603827,-7.955226239732406,7.814069346495222,-2.9985689027582656,-0.4222172995395481,-0.8432716745028954,17.61819477969128,0.7864526306546492,-5.70408621492515,-1.5101613894162993,-1.3475340918493892,25.921904665677797
-0.19398229656602195,-0.8855070415964308,-12.456071507130693,2.8268754805119474,1.8889629223815687,-6.071130838617293,2.302668284293311,-45.662587545974354,-14.966829322595215,-6.0828915790819185,11.43727412931518,2.134193541310794,-1.4437927227867653,2.433197728572506,72.65452602520664,-2.5703784002054078,-3.2169517285233233,-7.0504122726367715,-69.34712411425924,8.649158215858604
4.5551612181435175,0.9159854482516444,57.49366062519907,-3.2524554398366394,-0.3283437316164557,17.113740559925603,-4.7526514979787775,128.81272621995967,50.35721612645851,12.665479192309594,-4.818027011241891,-16.392184850672177,0.7799712668782933,-9.509433257500895,-171.29864634703944,5.728156490211224,-17.889352837680985,23.9302610950166,208.4793514236617,60.1055916151571
1.5758009780672717,0.7953383623918296,55.06726312910922,-3.3766767372455693,-0.5062419038969171,18.578158644804475,-7.7039545714587225,132.11178816908142,48.87347891856183,-1.3505156034750332,-13.151685857192948,-12.206236645523097,2.7711863991555754,-11.000198066397205,-182.39380371220994,6.690978914159704,-17.42856115999323,22.563965288037263,212.35366105885484,42.88807660135276
-1.4962978799011495,-0.47425357004271607,-32.98267122501099,3.336069685989923,1.515441436062689,-8.304433044614726,2.480621649497224,-76.87753392328233,-29.528437601646857,-22.472199895439672,6.326548153453423,6.458607209956593,0.3083704857310595,4.919990381718407,100.5629802220254,-2.8816668718497005,5.954744747822395,-14.430464434476065,-109.29992370857295,-13.49749158296956
1.9824991902969296,1.5484357186921707,23.901073648841358,-1.0524569634622492,-0.4344837012483703,5.439038101113842,-1.214089278526043,49.46671361124027,20.61916971665816,6.425146122740131,-1.1937148826557755,-8.861225792112368,-0.5003898226669962,-3.1161851050017777,-66.97222672445585,2.5128591764772534,-8.919345489300362,8.767817299527552,85.51173396906535,30.725543188004167
-2.613985153454045,-1.4025318036672263,-38.414676277904555,2.3969789104146546,0.8388989487799353,-7.765957905830049,2.643492110415413,-83.74907809850215,-35.013880066377375,-10.51122698458974,2.5346595888828896,7.627102498941914,0.06517227794232106,5.678597682523219,107.50399099001241,-3.679419577815962,11.45913753183649,-15.071819450652374,-124.58092959200799,-34.79558880894335
-3.815184877715633,-0.9490695419846271,-28.02803960262454,-0.4911335271623146,-0.6998643800267557,-6.449420545532722,5.481488018960569,-48.6974035668629,-20.72052935858991,20.582947582418086,0.2039720753121963,12.630223412057248,0.3337240822187784,3.6032895998122174,76.33362805976621,-2.2712301201653022,16.802425358141576,-10.549675167536869,-96.44147432632576,-53.18218388934742
0.928006891685383,0.15061860575660127,24.987600945055537,-1.3265770336611253,-0.6278253660039561,10.883367968494962,-7.451893912275057,65.12208557547994,21.622094606184586,-11.044245429239233,-10.839545404521282,-6.206368640929247,1.8948814929045046,-5.3722016017653385,-100.8559920312646,3.171910497070262,-6.415205727771133,11.50189420794271,107.26621798726711,13.234967588374813
-2.48196441357918,-0.19906219236464273,-11.876655710634278,1.4798666144097887,1.5172375385462693,-2.149722058619338,-0.9333744706067699,-25.805191484326137,-11.491400635520307,-25.232234059705355,-2.2705050621036973,5.485480785056284,1.746964413108751,0.09434361950533571,27.664822689917624,0.07655696291479008,1.7129109108296845,-5.374438037734684,-37.77890812489142,-13.339309029675288
2.210350985084392,-0.4045855083593741,6.487543866738449,0.9520200174320215,0.12374232415969924,-3.782363672533924,-1.2504645566889099,0.2330215304505524,4.306397261870418,3.841008737808398,6.8693740812083375,-0.9855076722795281,-2.3855516405787096,1.4877888458137885,6.5584145308240265,-1.4687099536334824,-4.102075385713842,1.698630444346626,-8.795828935712104,12.995442165632296
-2.7570891511901827,-0.39563041908813484,-25.469237519818574,-0.10599937162047013,0.12134142711485738,-5.1845314609139574,4.353580106931093,-40.973518184166096,-18.101270945856697,12.6790975788168,-0.07035784116197137,8.26132393808743,0.5405967539344475,2.2708061048402337,62.30843169695423,-0.8507044038976604,9.155544417892848,-8.59722435221078,-75.62280851587644,-35.92710185529203
-4.2334035993382475,-0.7141688892538439,-61.8067565667778,6.726620640653101,3.8002126163312333,-14.724105707371539,2.993803868283098,-150.80770180175736,-60.18158821074723,-59.998887155180974,6.216339080305889,10.007637935534424,1.1104018755939333,8.683755399931737,184.1499573364606,-5.422921392321653,6.685625961129756,-28.37691112146307,-204.35423336792314,-25.910985497212973
-2.4254225854561757,-1.674755814176426,-20.493307933253714,1.4879353018541492,0.40171847581223596,-3.6704387995063086,-0.17312849224578544,-54.09016653111371,-24.92742369492751,-25.272757143457756,-0.5827097438676373,4.721347951276983,1.4716987711752985,2.972262830135696,61.14111868164583,-3.606274838485498,6.855131921050313,-9.893652365010144,-71.1563730430084,-20.060261719695028
1.9831990352122948,1.2991588112418366,20.874414927001233,-2.539499485434102,-0.5559057242947911,4.462062494482715,0.06296865296130993,59.35002824534295,24.992737316023586,22.91205130820201,-1.3995383204423457,-1.6996505699748194,-0.0578031752552792,-4.227681160132461,-67.40245552096512,3.9474747716329084,-3.0504347853981426,10.786541522147395,73.01173640852296,10.190442629349226
2.682617087983649,0.31547089802813655,22.542708970156216,-3.0078849015890965,-1.7724641648720378,4.643228965925729,-1.3605187223042954,54.27572350298759,21.629950069218108,20.49442551550811,-3.151801920500568,-6.197278309882127,-0.9972122085174977,-2.6091385140555565,-68.91682447935258,1.176286237001294,-3.4033030864811384,10.484723508801368,76.10884599520342,15.372134298624138
-3.088315527275121,-0.09575435197115373,-2.251199118986361,1.0165259207455652,1.3155910426676187,1.0602888264828034,1.1519499686709873,-11.361293055680758,-6.024189752222618,-18.857673765724982,-1.8958196455624645,-0.6368222398412229,1.457125433613903,-1.2434624165937365,10.32857917180746,0.2695774002653154,-5.812436746749102,-4.774251175147582,0.12531277475179692,8.24382598721538
-0.7684593169327844,0.234813269631023,-28.638442437615584,0.9281473218466467,0.4349376443437999,-8.55755756191383,5.037039737281755,-59.296287675876194,-22.16166656231394,10.748705286593605,6.831186854025154,5.684942348709146,-1.3387955470180388,4.35142642125975,88.92504778039579,-2.2836338057324816,7.592608605265801,-10.977158213852316,-98.86625653246325,-20.19318458801113
-0.14456977661176051,-0.6212018654752347,-22.76267809117645,0.8919391034100514,-0.7345907717207829,-9.0657516627719,5.140466098380761,-54.79070225433248,-19.639004334047097,15.16473715874399,8.376341336598994,4.771551487908877,-2.9751333105447433,4.802814122383596,84.59583752852508,-3.3008930255059434,7.519696372329191,-9.384161244730944,-91.53766921782893,-16.621310386499765
7.490337432479025,1.1755356534468975,72.22609786347981,-4.466793621475083,-2.267713670419847,19.628644976660333,-6.73081202689818,165.38217943958077,66.00616517705411,37.058253806316095,-4.477806264630101,-17.19943635025401,-0.6231207969399251,-9.653666553516798,-216.371537176828,6.640465382338609,-13.866796163664658,30.982675509446477,249.92473190869575,58.795058225026324
1.1441030051109424,0.24655515834201794,26.485790944658905,-1.3803530608756642,-0.502877174695701,4.548388142355084,-2.2892593561195795,53.743884964392784,22.332144741611895,8.58081246755874,-0.2535685575955626,-5.140355446349713,-0.9618866524244223,-3.5742623115604095,-66.44073137919268,1.6731461400130134,-9.657490378031621,9.15900467575914,80.66239284166859,25.21006745077148
4.470003456277315,0.23209882616788438,25.65133444752751,-0.9840616954912379,-0.8092103029464544,5.0545202769483755,-5.192495927372437,51.47724870384435,22.146504326912954,8.474516461214268,0.7004108577243524,-9.113854496239972,-1.0134172579493337,-1.6900797037999096,-69.79871305950971,0.8905280682478016,-8.027958876852683,12.232946422859316,77.39492369067281,30.270592387404953
3.5418960251112237,0.8879002662324171,35.57967896046879,-1.5673802196802686,-1.299971268317365,7.825002768391185,-3.868951217160987,76.53876673979559,32.443624118820615,9.986799373357206,-2.215832567357085,-7.632996527416573,-1.049882224901453,-4.139760114493928,-102.24902776773766,3.1343444981696202,-7.699316081566909,15.350264371756325,114.01190645673971,30.884301793798755
-3.1593475004105636,-0.8229814357179722,-26.239745662808847,0.8375441665204398,-0.7381751648268465,-0.9238580621048049,0.34921209866271463,-51.67231334791795,-25.66008215580123,-17.87376835481036,-4.429546916879865,3.3837888774293603,1.8104765205552282,3.1747835521757044,51.446549372630756,-2.864089220217206,10.920073174839942,-10.765527427817299,-56.86676666037883,-27.945705478555098
-3.969728436778835,-1.8004221961133537,0.4778476078173486,-0.16877524616645978,0.8300229909099992,7.317943781613265,-5.040079449529097,9.00145581665236,-4.079619162470524,-28.969298358438802,-11.284729769974085,1.292339591328835,4.740162778434026,-3.7432952834846747,-29.110070045064152,0.8613434077091173,0.402627640391396,0.7357258360094865,29.054706752031986,-16.219024190706453
2.62679220993264,-0.0782351333632252,35.100302194460625,-0.45180211227570577,0.6259400999555318,8.435897210818002,-5.552374420820235,62.54335870244862,25.35622299340412,-16.236767319090635,-2.109013056234331,-9.666621951877234,0.6081829970869232,-4.352683390994585,-90.96056791305155,2.2542413839476527,-12.77732204289732,12.584625208451525,108.24506885439536,40.544730730102465
-4.37639371843305,-1.4416095700138718,-58.58704272845569,4.4463745394011065,2.001552332169005,-17.546504589939246,2.9527544917441695,-139.18408860762557,-54.55251669547979,-31.5073233418645,8.051379772983978,14.618648401811202,0.36493990958411887,9.32249704197036,181.99662906147924,-6.042473890728573,13.23489094606629,-24.207583691769333,-213.91290199134562,-46.455210786937045
1.9243687548538957,0.27483896459617996,13.619742663538025,-0.8111793558397916,-0.7801972991177588,3.745040347898685,-3.0039085750528574,28.686189692162696,10.823991975196256,-0.7872640314093011,-2.7539055403900594,-3.5963565997115943,0.15394900560169855,-0.668202329768962,-45.98821653070754,0.2552657378558198,1.0664382193248294,5.275009682202838,49.2488501263785,7.520679503454231
3.728578821903161,1.6402159241584797,62.95890821968824,-1.1869548636282898,0.38157060572857193,16.24607863008881,-6.869424102989866,131.0283335695432,53.301453742000625,-0.7371714380096073,-2.327260653630783,-15.780135533722955,0.471737688050472,-10.733604662588718,-172.1955300896809,6.473670984795554,-24.730661343457797,23.231494080266113,215.1044008772027,73.30423236555205
0.32587501232344496,0.12079194922996923,35.55955964865353,-1.1766408909145536,0.8559300933972026,9.53763756562182,-2.3401573676590965,72.10709024233309,27.26684405041721,-1.9166903503202775,-3.2546862565900003,-7.783562816055619,1.2180579367598146,-7.289356177980351,-91.42007045779238,3.5023614272748325,-16.321937747625746,12.230810440370375,114.47666343491963,36.315660819093296
3.6658905225349363,1.202411598680763,65.96556287876487,-3.549019684469476,-0.6997755789634776,19.12434808153505,-6.393611193234187,139.95709093695282,54.21964509227733,4.05317700161091,-5.621611210641159,-18.824585913951882,1.043680296850928,-11.009905477429642,-188.91879695374502,6.31047563422112,-24.03916228056629,24.80785302893375,235.65338044008791,73.28151329580226
-2.677034297691112,-1.3869726204573842,-71.6672764623458,4.388977180832135,1.994726587176027,-19.358372930311493,7.894112144106416,-157.23019903942824,-59.797442049497526,-10.332223566109846,13.726218324979241,14.929550282672642,-1.2697594082252799,11.128147091297613,215.78840566078136,-6.2836751102478265,18.34286825645356,-27.092523437049152,-247.03638097338975,-49.60812940673062
-2.5196668015090116,-0.9351929347412088,-70.77146073237296,2.43380481677357,-0.1383689932131298,-17.0281501196046,6.262433381614501,-141.922436659563,-55.56254517766744,-4.773410621277191,7.5538501283048545,15.920528637910653,-1.2825239875047905,11.351519550289744,189.10419287688265,-5.369004116363572,24.561838921125148,-25.17239540563025,-223.7537713029473,-59.79850548547817
0.744243882339787,-0.7953422502055556,-0.11170641575314577,-0.8649352246406816,-0.47393203527917055,0.9631752508580607,-1.1301717498957569,5.272085631358615,1.4957759770008814,4.292674736307145,-1.0912357238389139,1.5894015102692223,0.24496650882564341,-0.11606738037445963,-10.061703110872843,0.26136741654791706,5.9763485940343015,2.017686750433634,3.532264784853586,-8.520170196287443
1.5674423676867475,0.5803289609278942,73.96287196547907,-3.2483469488973,-0.8790098890880795,23.153230165960245,-6.414450425643147,152.68525857008444,57.79077567666801,0.8796287927258897,-8.165427988308089,-18.105472633227205,1.7931764076831382,-12.892788352854984,-207.6086398926565,6.214478619714509,-25.125852740505646,25.8102144825717,262.8536314613543,73.5242051002785
1.2577326959111552,0.0877793993132354,27.149285948951505,-0.06032728480220528,0.6100140592992377,8.41559132814327,-3.151882154284618,48.21407547105647,18.658760778858166,-7.520182964446286,-0.6285519366785899,-9.318641793327423,1.1540367320725329,-3.594862632359029,-69.97305770456563,1.1903582668842523,-11.18586058589643,8.645526497599414,94.1112429911498,36.70287919229441
0.26296836140872637,0.3497940232940433,50.63980158967075,-2.125189372974583,-0.11258217184383168,13.851447182952754,-4.582237353109031,110.93323940072453,42.66204416409247,5.427671719214267,-8.167498345884695,-7.172694531768127,2.005948541947767,-9.428185219468743,-143.73519327863275,4.784685841194474,-15.563213736918604,18.50218978639491,163.43672178913425,31.651390335405626
2.5096198479788767,1.0488636966409435,5.263147139628206,-1.4943579564291203,-0.8491887637682037,-0.5384040095456195,0.22310266289990513,19.893736412074006,10.251666683326217,17.175994594632105,0.9294667868956243,-2.4994168857074617,-1.2166714724943586,0.2667181640975683,-22.036270632857885,1.0504550246228468,-0.30251271831250554,4.564323184054026,21.644515069748817,8.387024825606229
-0.5363908299267522,0.3114952916441755,3.699533292281194,-2.5170351249152896,-0.37257104141844455,1.4238959950753813,2.4550155574975627,26.016765723205946,11.001084139151503,22.75181307942631,-1.6141937982990362,3.6211655799570615,1.0498037638126576,-2.3987057645834016,-20.950423102960677,2.50694236622277,3.669174056647172,4.0042551078399296,19.703269000033288,-10.006113001766835
-0.9588753142141668,0.8054972372754193,45.52425330436518,-3.0886620257092487,-0.015231747011709706,15.050172420337184,-2.8297057868283333,103.83136866981408,37.06467254523419,-0.17859099821069202,-11.82003446485602,-8.876488998027773,3.252617232125849,-10.177903051692242,-139.65818757073947,5.158346436481676,-15.935469036529003,15.481221708458337,167.91823506549656,33.035489817555835
-1.7079013066512871,-0.25959544981953275,-19.243008591054508,1.1666367784708316,0.6587189178799694,-6.1947105149564985,0.5135282816442659,-46.8732176370753,-18.478970945551875,-17.520636639180456,0.21314307709528513,3.403102186579523,-0.1692898628258559,2.939748788958009,55.36986596159184,-1.7729505751040606,2.9458430485434186,-8.0186388964057,-67.41276412092449,-13.582232742252387
2.4584810525433003,1.050835457028691,30.712173416703994,-2.3837238322073855,0.05351250203551605,7.793227368267437,1.0368739607977808,69.35341597046767,28.683143196373123,18.48135710111897,0.6937211108700007,-7.693444874099468,-0.5961618394141641,-5.380945960121176,-83.61598555665836,3.5201842681983058,-7.936634691955246,11.501291031433103,106.94263485698082,33.45120298473462
-4.232191095100749,-0.6672944313345448,-17.80557248186234,0.6954044274350301,0.9759325105935264,-0.5288658967394104,-1.3110972947593456,-27.830202226487,-16.6680203013686,-16.779289892368173,-6.8626182074391195,6.164350294682672,2.9114490406998788,-0.2843358426957212,33.01246580259808,-1.0609940581949657,2.87835050266907,-7.116854356358649,-44.680108961960386,-29.92070967641513
3.852117542895402,1.336261602834312,36.00655207092522,-2.1896682397103127,-0.7644214490025201,7.275683405994533,-2.185675089521701,80.87594792316426,34.94424254976732,21.584820142160666,1.4773247675713317,-7.568175579421241,-1.4275423752511707,-4.709270894133406,-97.52896409612636,3.9534554155006902,-10.268927932508234,15.767181202322872,115.05721764746315,36.83230678372483
7.526976560455457,1.6931945899956558,65.17571982835364,-3.686739159096138,-2.199854582939195,12.26431523837649,-3.507212006482898,139.06128859544015,60.00719782719901,38.544570130617956,1.4296778641774117,-18.063468859582326,-3.3014617648217,-7.1387812387506875,-173.76574742105183,4.996910902924119,-19.487638957539062,26.272097526119264,209.76143495968415,72.20274667240935
-0.5263927186548306,-0.06179397762074299,9.138764729469472,-0.28599903600696464,0.21238178143449038,3.861302304796247,-4.53446839793223,20.512981297739444,5.413742405449392,-12.934944343245697,-5.426064011331328,-1.6079375432248766,1.339821140342739,-1.4365274011648002,-37.074861989547315,0.9065980798568911,-2.43534886493822,3.2568425933879395,36.80148765632508,2.0359144506578226
-7.108821663485067,-2.1323846656902847,-56.70464812431,3.4380902938796587,1.5803702632424899,-10.95242212375542,3.794700922654309,-129.8921896908313,-55.65741323433812,-34.4503104290105,1.4786467042135463,14.506337586997926,1.9626872261015436,6.796510639438471,160.5728383015982,-5.338556170527255,17.22158281479516,-25.66484917592357,-182.66370240934302,-54.94892327039512
1.508605369409861,0.5897475103355055,18.063427693225687,-1.7611073318184307,-0.7021288843662711,5.6967663825890575,-1.886890766989447,42.84531237036682,17.63078899250754,0.7871820523920144,-2.8246384751779754,-4.570386571459334,0.1867094839734385,-2.541087489977727,-62.04596401169192,2.4313593582758837,-3.8285387671141864,7.94789429457252,71.83131950796712,20.63180174370061
-0.6445597388982929,0.46528343885435175,-46.21986064620191,2.051651313544875,0.9095389015518855,-10.215135498189786,3.3892043405600676,-86.48865642229916,-34.10844377750345,-1.6664083679470307,4.08350769240753,7.984061288090097,-0.08976207031139494,6.8249426922698335,116.80096509159763,-2.8325531477348806,13.277769628677095,-14.550780654923685,-139.86244481111603,-34.52682296872507
-1.3172442703504539,0.2241619269100104,-24.866365362867395,-0.02210086411563711,-0.02562967540472358,-5.096323543833549,3.5877307002409413,-41.35658172562308,-14.721220158874987,2.6353482405734066,1.5502543300524412,8.473956097806468,-0.43603899587350387,2.892572857675655,57.396152499206856,0.024724278039569475,11.7321799232744,-7.695768679510699,-70.65268648066146,-25.47613246720333
-3.105834728924754,-1.2819785163721724,-47.61004367530424,4.164503829153601,2.390460711231501,-10.583990467099664,-4.374921333048714,-108.49897976755491,-45.06049278507339,-57.452745578581506,1.3475766553985131,9.196795386666285,1.9229581844301196,6.735227779032568,122.8117042157747,-3.991619217676778,10.032548704270601,-18.483582414756725,-149.0034630458702,-30.247342505660907
-1.762724255721611,-0.9502089891583332,-32.74914681149821,1.319349885208545,0.7322094889764581,-6.700036088605568,2.893318604555863,-65.08185490497873,-26.30196450834902,-2.5593936466286697,4.294798320649627,8.026342691503043,0.5394140557828321,4.428559467383438,88.74608235903108,-2.126609333104454,11.061539615681346,-10.794437069333458,-103.94930594213885,-29.792357453123856
0.7227332094597778,-0.7679340673136595,7.194094666576108,-1.0917374578243728,-0.737763914901645,3.3253863387198495,0.5663759006092176,16.581737732279635,4.931919996411932,12.248935897348902,0.0005882435182640311,-2.99990502977019,-0.09802930547766664,-1.058366064702466,-19.319747118186406,0.21786349694215987,-1.0161684218296552,3.039787407482898,27.498092822130697,3.0825601737715713
0.23903155278957944,0.8694438053898895,-14.590016094175173,-0.573813392469017,-0.03621940307822091,-1.6477124925557645,-1.927364183896659,-12.498425351795625,-5.655108719294139,-6.067939439091564,-4.338046840250147,5.042704587984569,1.8100762822415604,1.2174889653422232,10.689172276234324,0.8345789712354237,8.341110414565287,-2.1513637676523474,-27.982232029665564,-20.764381222598384
1.2185946096384965,1.6433893706707416,30.161775543995525,-2.7593528559964184,-0.642369860359279,10.538599070695243,-3.7373419407198023,79.91447093286386,30.228339683567217,1.5090716501269883,-9.382235164545772,-6.560530188760057,1.5030851337278963,-5.801513497366577,-114.53610527262835,4.66929144806437,-6.620300598438301,13.422621332858247,127.52334478130543,21.15298578139735
-0.20456313463880876,0.09192882931734493,-0.5917028247066382,1.7285446389832955,1.7992222965445392,1.0750522496901653,-3.605602295221539,-3.8936042723428628,-1.8384213563822243,-25.998741328818976,-0.8472388458684655,-1.3739456503654452,1.2304027017777617,-1.3912858560440942,0.023560891559884056,0.96830806458185,-8.102056362879559,-0.6099752676311438,5.167543541866856,14.08697651440283
1.2606334729655488,-0.2577476000213775,-14.878345313691698,0.9013083066741636,0.13067879310904063,-5.4871042205576295,4.230476711480376,-34.36311733214693,-11.066265076837915,6.911035647819462,6.924300055501286,1.8658308100252627,-1.5775161109287996,2.9148535189349696,53.72089240925023,-1.1556480839717698,3.6291239241913082,-5.780236966461004,-56.614279623100956,-1.4891747984318433
1.4369879014714217,1.045653744524029,-0.3540475424798689,-0.5866037925850409,0.35786309172342223,0.08353201935731863,-4.947429196235917,9.762879179301962,4.476811166794523,-16.192014429825235,-5.5383582010944465,-0.6614899077867838,0.5110543780331039,0.24904743345768288,-24.605662325906877,1.1045088571925104,1.172033992136854,2.02990575747692,14.510375220043686,0.979832707241382
-1.2462234607831313,-1.3022720351908388,-21.277683470758152,2.0983725304206127,0.8988802418191474,-5.519135397947918,-0.776650304579755,-54.624427880280415,-22.777091145960572,-20.677967255889627,1.596978560530478,3.0778035090385405,0.32561618218929533,3.746629492067166,63.706696411468464,-2.880106683205481,3.2790836048678766,-8.91124885502276,-73.89097070528996,-12.689304050099324
3.0798984384598773,0.9700128843717114,37.05886647522347,0.446722567106821,1.9061227998995174,11.600716390050993,-5.634368564733678,70.30324558813324,28.18307074534618,-19.0376901485039,-0.37985950961261017,-12.738099916689217,1.4283949284248871,-6.022776191146607,-99.29519884350206,3.7047925370709613,-17.782933935065024,12.333163787486475,131.14857283696696,57.8551286977198
-8.52921312876161,-3.0541097377503053,-78.902648553545,5.817693584630511,3.713191372777048,-11.670585396781103,0.8139840679521788,-165.19470894447664,-73.33172011802019,-63.80839145568315,-2.025392675155168,18.580603829422166,4.497314807848607,7.300673743340864,197.4870204572028,-5.419980726405916,17.92649469846256,-31.160958026270347,-231.3388519805677,-69.24146247857952
0.30630521077663064,-0.8102598844524902,-11.705383794142216,3.3650859460213987,1.8848534935013586,-2.8015924004594055,-2.6036721424487044,-43.58592113504735,-16.929990826038114,-34.82343438989918,5.219536266065164,-1.8400350230528013,0.3990097898765318,2.6216231170774673,44.91601899310854,-2.368802473276694,-1.9812506266570076,-6.702587244420722,-40.23132688165128,13.52844359086559
-0.24301792113341716,-0.24043079496284797,-7.634621737393784,1.5017311579593962,0.9904399139769573,-1.3566153308413114,-1.686951350730511,-16.706092072003376,-8.2681561948916,-7.489649626802592,0.11542246971239312,-0.6205576328643247,0.062197180988775636,0.6846579643075202,21.562978654522635,-0.6098671369564319,-3.6328968517445563,-2.3979548430648183,-24.77269538932449,-0.872861170421321
5.166340415892452,-0.22741414261802523,36.5321861415985,-0.6778279967400203,-1.148203030374351,2.0505780127579882,-1.891842931283462,66.45887927485684,32.37849884186141,33.29051109273497,7.624680259522035,-6.811439565930098,-3.7867947201738845,-2.8403896187318294,-69.11437405926034,0.7668425562599239,-10.02323705797466,14.967678549377936,79.16099678237876,30.413494872473837
0.7632156990856768,-0.04099930076835597,-10.416361363105917,-0.2705112025554909,-0.8823400774659702,-4.101427979547774,1.1659737596411026,-20.807949564419687,-6.528998498615425,4.532292712354156,2.528650257346225,1.5409940939104554,-1.6922283114790613,3.323247676351426,24.441928221418255,-0.8432760209629284,6.76371815709937,-2.5107675094634323,-30.56717712961424,-5.32554743995581
2.4000742125244456,0.5724542559368749,12.149761629351305,-0.38140404451856647,-1.173294843152536,-3.029013585235249,-0.35963333391356556,23.82859076173889,13.490698010198155,22.268492377598143,1.9586849163405362,-1.4709861914946498,-2.6143234599287317,0.11119427388821579,-21.001315932821512,0.48219185717032287,-4.417180844778876,5.915572640118557,13.720578181123797,2.819896701810624
1.8516509780843,-0.20334806725318,43.418662004292386,-2.027654673944922,-0.8134810499405983,9.00403882551335,-3.468458433328914,87.6257581142571,35.538053598956594,11.313941526915537,-2.980850884318334,-6.856122940116842,0.01310303321985351,-6.505943260090451,-110.43927587580284,2.264998145417988,-11.455165341045637,15.707059509790994,129.442720016629,30.14697186054484
2.378868544952445,0.06156754476131371,20.362271893018463,-1.1638941491231,-0.13395564387697426,6.22141302223765,-4.097205303468213,47.87618089646053,18.92663194589528,0.32413712844605524,-1.2609838809392364,-4.975769980708568,0.5290966776348911,-3.222332814775361,-65.50161490948992,1.9253588382734126,-3.994229487614191,9.182558570506202,75.83626940213695,19.550883378921764
4.5377085767155885,2.271297561711721,58.36511610054171,-4.880826011730305,-0.5645522588048733,15.880617708503888,-4.4459519542020765,141.0912852212199,57.56434313782044,21.42317229768786,-6.838094802428242,-13.79984331500735,0.595143283123431,-9.416488625936957,-185.71501403851042,7.2924726520109315,-14.528463208008285,26.042956470478238,212.19881064125454,53.41759553575027
3.888133958679786,0.9425607767960597,39.52721551757257,-3.192405678966203,-1.3527666139571681,7.48923304185618,-2.9878065099809827,91.53674685601518,39.213462776858805,26.570566597176754,-1.45488397744797,-7.830277415887195,-1.341709211013375,-5.541725064624958,-110.55800218077314,4.266530032294269,-11.248092998404914,17.857403868222395,123.9784571304685,31.521725844309497
-0.08186853550216895,0.11375143468940241,13.683885598014403,-0.9567822908305434,-0.052132338982784396,6.042922185943541,-2.2793496726969464,31.21291885331303,10.410366239569946,-5.469460274779827,-4.492134473632729,-4.37497509362867,1.105734531284241,-2.8532542471273152,-48.637727817825265,1.3360952416570793,-4.594362280624743,5.732035014884317,57.594874642741495,12.045147284519489
-1.4157199405973127,-0.8203896226019488,-24.61836437047754,2.025192255098321,0.37579134832779904,-8.750250483077755,5.126832201188257,-62.87903062086794,-22.163433228837768,2.467248148068052,8.744965386720871,7.371503733819113,-1.7977318433818799,4.53471331055629,91.16401597138666,-3.4543050831750586,7.174348225272999,-10.909802333481226,-102.22669376083465,-18.180827542022836
-1.1960084649160327,0.6127568348914144,-14.203367564897137,0.8360523888644265,0.8701000806981316,-2.500877389870279,3.645111978288843,-30.430600846644836,-10.849124977555507,-2.455304223946742,3.206111031957728,1.996422771170816,0.06331438200556777,1.7083230878868603,39.826298207348465,-0.565128230086231,3.799729118351782,-6.833552597523734,-36.77283884471411,-2.1055224381938036
-2.9352276472057235,-0.810738743138481,-26.549078023352205,2.699706819380732,2.682192005848348,-2.8430768843350878,-1.2816169138764866,-58.507639235963936,-26.37505741199554,-39.40617928475808,-0.801055362628875,4.507046115938413,3.000655495295112,1.3651342922385252,67.52068052814002,-1.41925838174755,1.7101841457299827,-11.209962374522995,-74.45804350798724,-11.944053924439697
-1.6257911184890246,0.07102912099054867,-18.776455010394503,2.0416655586466104,1.2792416187415467,-4.844620610737865,-0.14983618585638125,-40.656909064461985,-15.975741043136342,-17.602727477757014,1.319623180093588,5.136776340253869,0.4727895829953176,2.1937850435919137,52.83246878224538,-0.8311353576152707,2.055727579231774,-8.154281187083818,-63.33746423971664,-12.014675559786875
1.2860893869332208,-0.9143012594067136,-14.431443584643818,1.4890021364284263,0.1246034586026839,-4.762800573621876,-0.12270340506098609,-37.20884070714746,-12.48825222353466,-10.712517155720757,5.461122129498037,1.1731118324522296,-0.8798698874879427,3.8605090766630306,45.72802368744824,-1.469291502282355,4.7288437954603575,-4.825236450957315,-51.02905646880491,-0.354254659571776
2.0772359697992187,0.1546932848736607,9.037004909846525,0.6467664852393484,0.8241585871093384,1.227417331541214,-0.5383411018639254,11.406839158779905,6.356496223188721,-2.4789094564851633,4.849116370654045,-5.6915444153554375,-0.8179034591154895,-0.878167149254081,-10.247474516264285,0.6695455520945762,-9.454238350179025,3.19384176561674,26.248323193634146,29.775625296848048
-2.6059133581354974,-1.9988694504540736,-46.68090729086731,2.554488469284933,1.1322793552138481,-9.224168286840989,2.3888011097033477,-96.59804497679225,-41.515937603120776,-6.426505201604881,3.943082495671803,9.549890531545419,1.4475371800931764,6.482773341676649,129.03439985227627,-4.840446369383092,13.343394731264041,-16.11267024359678,-153.32486679870374,-46.398400986434716
4.672891225061541,1.5688156813925074,38.96099986455715,-3.291721737761874,-1.2433369992322505,7.3352931986339485,-0.5889311567866097,90.68767269444243,40.161962614714454,33.906996737480526,2.2267342684948477,-9.004716282442669,-1.8023701519717268,-4.840642302204732,-107.89185749708668,4.209798437148943,-8.859512412032787,17.45721755659383,127.2305184854126,39.33115605366678
-5.500697946477166,-0.9123094838940626,-26.872980507428284,0.88260289578624,1.1255170990975953,-6.08064701646963,3.2926473164570544,-51.03618607830411,-23.413241021322424,-0.3862645711586017,-2.565877858721668,12.123423271838803,2.6403891453213255,0.8574307036217941,78.56115764498195,-1.7448693689092285,5.041176110800925,-10.539655038037493,-99.31152098769796,-46.162398523628745
-0.530823766380759,0.46608812795725507,-3.3952360955042247,-0.5662062929885958,-1.5717428138870884,-3.2302175357791127,2.961061928988962,-10.975059673349397,-3.4439192427471865,10.37904428340747,-1.1006110668369171,0.4913537764577476,-1.0000472697501521,2.281527963444855,14.621730675675261,-1.1692837704841097,2.3789051050411265,-2.011609721731703,-19.884744627920952,-9.4567112386618
-4.040505241956357,-0.5627880972243237,-41.19831438481069,1.6579518818497265,0.07644570055970734,-7.583795170217485,2.2409851808495764,-81.3755400931429,-35.32971549906563,-21.543163923207203,-3.603407266240158,9.908921842095394,1.509426069662645,4.646787638853266,98.34358186848229,-2.6554832438040816,10.839592904003675,-15.555873435406012,-120.15275783474766,-42.88601667491089
-3.0744407573596924,-1.2408610873690509,-35.99100273744494,2.0811652867174786,0.07920132073200903,-10.659810057721957,2.8818034728710407,-76.1344681107027,-29.672227567295153,-0.9244980046224089,3.1473620544808947,10.982771603997163,-0.5732130723667445,5.775547118312259,104.3975518311938,-3.7718583383264592,12.538328759547754,-13.732235909864345,-129.24557545416184,-44.18411954123388
1.5358544527707325,1.3088753639255224,-35.91110748829202,0.9664489818531956,-0.12305757395249095,-9.639319790517705,3.206261332214372,-67.36099640991988,-23.746141306415588,1.4980038628237922,5.13283025448891,4.471254269488317,-1.5049000309337635,7.005738990940118,86.91721323091531,-1.6493709864475214,13.518362773047128,-11.530051656450219,-102.89959749257528,-18.77756365424217
