X1,X2,X3,X4,X5,X6,X7,X8,X9,X10,X11,X12,X13,X14,X15,X16,X17,X18,X19,X20
-0.17542360069976434,1.6821685503738288,-1.5376428040696708,-1.1784002291876452,-1.3606480679925488,-2.3343787320689935,-8.137990608086158,0.22385937175068427,0.04508132745106276,1.1480614268717388,9.361054773363493,-21.176748666222373,2.2784653287314884,16.832799209820728,-14.310396752220585,-6.319950192663543,0.6735242085950954,5.653664587596854,0.4171842250634517,-10.60242656511868
0.4720169610124256,-0.15706398953132522,-0.6421582006934782,17.382706674920456,1.6547908999472378,12.119071890685477,34.23917868223968,-0.9708341240141989,5.152616412141807,55.87176736935167,-78.65936689348766,210.7505163605702,-25.00424918506974,-82.06888714875052,67.32921392041136,29.370754141411815,-0.3536754173721213,-29.193144637056193,-0.7253449333307986,96.18734176788061
0.9753901089217495,1.0201255511681495,-2.7634811283108625,32.356292661825584,4.059388177695494,28.86376968056682,77.3811554942416,2.7118030730594214,12.246434476464932,110.33542420225706,-164.09736196242207,434.8408812975914,-58.39703084269887,-148.93878763974797,136.17334177548898,66.1369755977284,-0.6207848052832956,-57.58112037567284,-3.1737772663700707,203.299081989648
-1.4198506272851028,-1.1593920993814653,2.894306902980003,-46.68289239746778,-5.277147316427011,-37.634635625841284,-99.47273370756392,-2.061106491163933,-16.309168235544185,-145.95023920326693,222.11229644852918,-591.5686839311379,72.94819301144392,219.5138482521405,-184.06351117147176,-81.5485586635814,0.4311842784270832,80.68338760672249,2.983607132102666,-264.4586434082775
0.007083560136361147,-0.9013477968064182,1.2095860739187865,-9.009158366035908,-1.3004026694813526,-8.749478985686375,-21.302189864041765,-1.3577944197814624,-2.477855440186638,-26.878980514854803,43.15512406457224,-113.69136849863797,14.556973453427627,39.320974073209044,-34.59376096813984,-16.780891997882048,0.3584548440431523,14.680029878452721,0.2850486249366342,-51.083423837692386
1.9804881775210603,1.3871960986899459,-4.367804806874474,46.732068476868506,3.50871970353035,33.141738857321286,82.18134801444434,-0.2163625998080092,14.13941868387195,162.5185489713869,-202.68480009408552,552.0907389004528,-68.18629146662938,-194.75496285952073,161.9935368284634,73.16804070519599,-0.6996356613802669,-70.49308783363615,-3.1429774073420895,257.55723544097214
2.0317779797937177,3.6651206272748413,-7.132090130880869,54.40686218531717,4.449335909084164,44.60167901094672,111.06871653534868,4.05695630958214,21.583074222934055,185.55554677892044,-256.855603583892,697.0563862075385,-87.62943676419326,-242.0941325232518,202.582371650044,89.8998995045692,1.2198227953894059,-90.0902195885065,-2.3294889547243094,312.12730905289493
0.007464362131732383,-1.2964319368579014,1.550427371036041,-1.6712755842371085,0.7435359568685193,0.4784575304691412,12.678146222604287,-1.1239201674270853,0.18041030019091453,-7.902421342073062,-5.215037419147071,2.6070124369564613,-2.417961189974978,-5.541700226438772,11.062178908819869,4.319398320748289,1.067733439641254,-1.8930528287889798,-1.365392903425541,4.776489885865542
-2.281722454646326,-1.6761864254258327,4.7354389315757945,-48.44719738295447,-2.6128114114199543,-35.76901369651631,-91.11657597486513,0.6781422943774948,-15.821483775638422,-162.8446663900265,216.67726208269252,-581.4886154553175,74.73717246106153,206.81005111910608,-176.0724324059248,-80.44009550103733,0.26464260909849063,74.70604517813196,2.229571207611902,-273.46532888957717
1.981818002955676,1.0686932761742898,-3.1181369162206583,43.49097168806993,4.636047643273832,37.79967530224475,101.64767484113295,2.7649030775610033,17.357033462502233,141.67549360277886,-217.70750576762873,580.4113189738667,-75.10631856937114,-210.42251756303875,183.547794940779,83.28960730945744,-0.554947179275959,-78.79285606153431,-3.0508043924434927,264.28342051609195
0.6097252474763316,1.5263197354717988,-2.615138531367528,18.34647180434681,1.9514122430720073,17.0070480703363,38.6043530315789,2.3554998829368055,7.6871113317455,54.20070108330727,-90.13515269454129,241.86955911920492,-30.261667205996392,-85.47589247303216,75.25203201364228,34.199566643183395,-0.47764539865508915,-33.874551665161206,-0.08900305572330913,106.90186769828081
1.191543467191961,1.323560373990792,-3.0302715763162498,33.13860084201673,3.815480517463888,29.263503824819104,86.7447388688284,2.3807664698389224,13.322836152354704,108.62657780934906,-171.48204925849637,451.9004088243708,-59.77753689863354,-164.76745846206404,146.26032555635143,65.10920572206177,0.48952141366367763,-62.00822065899676,-3.019847319381328,207.84773714599223
0.08230198293041685,-0.7636639873882423,0.8727653323734998,3.056050441237179,-0.33306372560566244,-1.5042091942958948,-3.26757087281221,-2.4625453768499277,-0.7266774674188913,9.8717424119583,-2.4889169669816473,8.626938242401016,0.2147940360392948,-7.3915944510306755,1.6099640250940288,0.08582948588223904,-0.17528641558544455,-0.28201666797962005,-0.13155572844029417,5.258771482685401
2.355430857623522,0.8623103698794125,-1.1409575336623345,32.88311141720913,3.324537797845614,26.56506102241338,92.5286499445699,-2.867849872691842,13.121937184050891,110.24044006350053,-171.58804032720394,449.17589842110004,-60.4825124078856,-169.321565129498,157.37421462487973,68.98686904948879,1.213919219710352,-60.88518170320305,-3.0815771814614443,213.65096877114144
-1.7403960796100426,-0.3242408335676098,1.6064709879444763,-26.84072680292666,-1.4724902248422846,-22.898477791485632,-72.60215555646344,0.017599903618391588,-11.72123767846889,-91.14574154925589,135.0074946303111,-354.1043889497907,50.48253965191128,124.49479501304337,-116.79069528740652,-53.816152783489265,-1.589565179969272,46.37076428903043,3.3474091590671113,-171.88275809203185
0.05851115307226261,-0.9493780934701558,1.237805989704833,3.3935678597374226,0.18599213133426207,1.1717810024386515,13.33146663051686,-1.7204362024245081,0.7620257864363247,2.299077776434525,-13.738753259812231,32.57250755752444,-3.5703786109386604,-24.743258335962686,21.647773081530914,5.415559864862542,0.9536282824439132,-8.342633691347244,0.8160864301302294,14.565281639068248
-0.9136230598523722,1.5842088427878431,-0.5000890215631169,-0.9255669369398263,1.851934443669225,4.016550280633666,9.849635801121375,4.051342200257342,0.17743269308269807,-9.117672970331382,-13.329501819002857,26.485721135615318,-4.761483535815861,-6.653958545591507,10.438619694236333,7.631942123419197,-1.0837152347666823,-4.405780987731265,0.4643964510461501,6.596630800815618
-0.8438322926427165,-0.5158128230025433,0.16977194821173258,-13.880116437267077,-2.882678519968052,-10.879294727933011,-27.997484210334854,0.4231065360732391,-3.45360114852984,-45.097510445502536,69.12786135627023,-184.2211443662798,20.1379573070192,73.26253376662716,-60.88115166265367,-27.353838349680554,1.559228414945249,26.624681330939374,0.1952506126744129,-78.84953603051412
0.2729833462659974,-0.5498277881814285,-0.9663878108483698,8.888951040193312,-0.4259460957602199,5.19414378930596,9.466493816747553,-0.06153049208022665,1.5950601866498233,22.928058252982023,-31.63438487060173,88.00382709959061,-10.767411646636157,-38.116209827050966,25.906250182988213,9.657115266731331,-0.25096441794678226,-13.00054204548256,1.3540526292720587,39.37376831660657
0.24459937487573014,-0.00442042588828781,-0.03257719849694468,-6.737819116620846,-1.3162745106817457,-6.234603251699599,-20.282844354203494,-0.6318853530124207,-1.7048062933060535,-23.11760727442244,35.335693842861886,-91.73608739066181,12.145831446544738,31.65171619009049,-30.217751769536576,-14.937158016281538,0.19485847653468719,12.407092914814458,0.9943412319997336,-42.85028743758955
0.9897970411149303,-0.36855220524289156,-2.4771864591104427,30.05855863109722,1.9750154339898356,22.135883530131377,60.198399535543686,-0.5711852182417371,11.18876082265241,109.97426614613458,-134.66606729900053,365.5480567422025,-47.73162852215702,-123.60829852219686,109.68981376023602,50.794635425380626,0.6269522611670965,-46.54265320453205,-3.8524458061968962,176.84481402916919
1.8848387421306132,2.2813418551038183,-3.5679234492200873,42.980783504361966,5.105049330455148,37.560324722634476,93.13513562507671,3.943088805712569,16.51592808286776,142.32734792595988,-211.00001521213375,565.0642653467211,-72.06113759466585,-199.37845143717993,173.81135908700523,81.37311736637749,-1.3702687526669537,-75.86089971644626,-3.080301728784734,256.306897288001
-1.1171535536843507,-0.02098476449433717,2.3352109873429856,-27.43913698759648,-1.3881719004759434,-20.73597656815774,-52.122809680013965,-0.056911082184532114,-8.665451784300288,-91.80157430388418,121.94808936476525,-329.68249199155184,42.187159831964074,119.57602790066719,-97.44728206848843,-44.36476272453171,0.6331901615146738,41.63240143453147,2.3113303180853255,-154.19961191222924
-0.8505445410954876,-0.914409901337113,1.3565186026069245,-14.557880114232798,-2.110095903319488,-14.717286692594717,-50.0544849113599,0.031465631501585545,-7.821681539425319,-51.99689556719467,87.76871467546509,-231.74780767310068,32.05721473864207,86.19328534353068,-83.54505537990937,-36.2810558726578,-0.8889543516506825,32.98497119560083,1.5166338519891018,-109.88321342476308
-1.865631444860506,-0.33379388368522334,2.227741158743865,-44.04441374998032,-2.76835700862633,-31.030859412093626,-84.02042171382213,1.7641590549641109,-13.874682268602577,-142.30917772630949,191.30856755976797,-512.1781806675875,63.3171739770131,188.56415348139532,-159.24227829382562,-70.51687183069211,0.1985357161325136,68.28241397110044,2.780714667388624,-238.6001173444657
0.8803989280693868,1.3346546307788034,-1.8270472243099345,26.736260988319504,2.860170738395821,22.175143180543003,52.84992352978816,1.8933641652923345,9.551139626631283,92.47909655185816,-126.1422793188184,339.2327719190289,-44.15566529821237,-113.04520024250795,101.26508127566467,49.76797604019579,-1.171213761863129,-43.31462738366968,-3.1413325983197122,158.53229694530128
1.243550073417625,2.105158115618413,-3.74215441252949,32.31656820413921,3.589702667123321,28.945726854873442,69.79683627217925,4.427216324171162,12.846833618480256,110.76053439265364,-159.42563424076283,429.53760462716184,-55.6747304234494,-142.85288691166198,125.0179125539423,58.807072999035995,-0.14887933814859225,-55.79041890407827,-2.239906332086602,193.1202471155273
3.0610377776616238,2.026513743246533,-6.150901434714049,62.82734697662884,6.194312702439185,55.00124816226751,150.81383643758875,3.8765914399114627,25.82012877225739,213.5691717941296,-316.24170257372685,841.1122227662541,-112.68913040870702,-293.4566284681651,263.2191424402692,123.15383878460374,0.5766269826486838,-110.81080554077525,-6.221247298813555,392.4891431365946
0.9878332204762887,0.9757055329801395,-1.855274631054004,22.853906632452478,1.9136191003776464,19.146158423029604,53.808355419669695,0.8214456335293859,9.005975585279336,76.93102116934412,-115.23221065391179,304.6643329227036,-39.704753930853386,-106.45090713183399,95.2798837284036,44.774923396926845,-0.33393191974664255,-39.65340924804527,-2.11947616673672,140.52448456474366
1.4372674908358931,1.2881698302584008,-2.71725656251442,34.901010948588336,2.9393984626092187,28.17958264195006,71.56195414973702,1.8751237857553262,11.89431123999742,114.07605161182866,-162.79518248378093,435.7148234145773,-56.07959595181307,-153.66668785592677,132.67219091317352,61.1426490423512,-0.8800139978046775,-57.44041802578699,-2.5227673330705356,200.00046454965187
0.5722979595399912,-1.2547832563713193,0.8015530712207183,15.554575761559091,3.257153012920722,13.5447143729356,45.90862290873604,-0.35791031582143984,5.163514986918821,49.26803619339819,-85.99669773035555,221.7002314843394,-27.98073391320264,-90.81644205715074,79.71010062133425,35.83838548726632,-0.5692752322832183,-32.76742394362555,-2.876283153838694,102.34268362225886
2.6631391888351037,2.0600732078295527,-5.389759217303441,52.71557607043625,3.72463312837087,41.32424725703585,102.34192412731987,2.2982256744922696,19.253728279383907,184.50735652854007,-242.54441162685816,657.4038182344461,-83.69547264645135,-224.23242076760917,192.29566505397239,88.56807582649064,-0.09376345665755897,-84.26037061520894,-3.857107951337667,302.4519358823454
-0.7237370012810257,-0.2080421512952197,1.327273845501373,-13.270085972814359,-0.5026728691645642,-9.812456361721999,-30.828110576751953,0.9261160032500884,-6.075367925123517,-42.644672574355674,63.123077828869945,-171.2348230572524,22.54768284580169,68.82638058419798,-57.627915559282286,-23.097271259304474,-1.9585582946234066,24.42492890337508,-0.8464766030162698,-78.44121817447243
-0.31859022760547717,0.7013433933834531,-1.097789150210938,-3.469940246753219,-0.5527082774901471,-2.022753562019629,-7.41141826672631,0.9907111040191667,-0.02995055933961943,-13.528647278730393,16.40898820155035,-39.093689445729865,6.550486997702198,12.169683644652943,-12.814926089464121,-9.272755925709932,0.5896330463545773,3.768942167521139,2.2618898363976148,-23.367244776455188
-1.9252565272406226,-2.342029957377564,3.9531303414904695,-44.3790407890229,-5.64254908468755,-42.36446626803128,-115.96838134727963,-4.5015915008006,-19.325815731924767,-145.8805424878618,237.39875266436476,-625.6149772874508,84.96271691217389,217.08175101433946,-196.2880400244865,-93.73456697245823,-0.38277101784907047,82.28047960999496,3.9900123046278093,-286.0286043180777
0.09319536650819871,0.3979980674119759,0.8381816574846085,-6.300133512505415,0.33000132301713353,-0.6784307676931725,4.4173592147006815,1.3884411581409442,-0.5418856789278185,-31.84918882283536,11.600949362783405,-40.67786089495624,3.958264695162077,3.5720792175356033,0.7391804581423875,-0.8383975987660066,-0.27242348317446047,0.20050785912341818,0.962291360113829,-22.862477711258663
0.9790000921593186,1.459910888775624,-3.157909517067986,18.36887612217426,-1.0200666788160935,8.67025249663552,11.649285215985817,-0.40549322791334685,4.886730772091758,69.72204198597818,-55.855537637603604,168.2333591669416,-17.52252393473619,-52.198178741686085,33.58712326345267,12.242711098446371,-0.3052449784512783,-17.676581317894573,-0.09897303158971393,77.17791464744577
0.17157726214459335,-0.7457329678715653,0.45312611297919914,3.2340244208440803,1.4663352899502282,3.6949067961521025,6.899486561375437,1.1155963707209904,0.234078871324241,13.060090476168115,-18.114882835007737,48.18471166903741,-5.737338205267352,-19.604224040618657,14.682391487448033,9.305613167770694,-1.6054045566199329,-7.143102966074828,-1.3245603856517223,21.544046391283498
0.15225304898932787,0.30332734940920514,0.5338885057716947,15.125117933060368,3.1122951368434006,15.40483823021384,56.94858672076098,0.5666322290357435,6.151757650549101,39.67368098689617,-95.21838549104011,238.4988315545197,-31.616519490682467,-96.27385531807228,89.4844379036458,39.40760618070039,-0.324887944016597,-35.48695904338778,-1.4150344603593632,105.79689576739463
-0.14346493338192354,-0.5313244590879072,-0.00010956917761872909,-5.430512372760747,-1.8911866718468457,-5.7598278153066795,-16.778259005888025,-0.6011482264671026,-1.3756157210376305,-20.002183770833106,35.884294238686934,-91.0515362833603,11.713938781996074,30.456672362467298,-31.398866573448256,-16.568348076814956,1.362073934975421,12.250410305569178,1.3507738962291356,-41.65010320198747
0.2784713438660916,0.6790069302570922,-2.126684300925951,15.36304662213962,1.5934757615928525,13.154242396816782,25.136531175492493,1.729716341971519,5.367721541289847,49.72854074863945,-69.44484782688153,191.473744595366,-23.8933615131865,-67.7733218050836,55.228411303512694,26.061085713780912,-1.001819887074928,-25.987295167797235,-0.15990834263637788,85.18848178393603
1.0900000807519055,0.5164351368418563,-2.672472962495954,22.775156386255073,0.5263543038619485,13.134316487429295,31.912468745589354,-1.36727909200828,5.869925866261223,76.71056831027109,-87.84501234480052,242.06076135649874,-28.88607342363998,-90.85025172461204,69.57790996194953,27.847421357852767,-0.09986127821135794,-31.05906233785905,-0.48992010906689076,112.66684152243064
-0.9361145748760724,-0.1922691442033621,1.7775454630885639,-16.288658148896797,0.10213413041549335,-8.012101170331395,-20.736419967017213,2.836188800999021,-5.259696846649878,-60.157920799168565,61.73700073872456,-174.66368681271175,19.45285713637344,66.35352790329118,-51.47853485397032,-18.099277700906317,-1.06291044794962,23.603559164488594,0.35010694803900977,-80.40727746037233
-0.9930579010989893,-0.16942684831135835,0.1009735802875249,-11.325513005866616,-0.9112026234964965,-9.508752656108559,-34.512307327185425,0.7633249360676013,-5.579808059833736,-37.21782455490827,58.18737817895682,-153.9311030411111,20.273556947019344,62.38571729688441,-53.38846239996689,-20.328917484398723,-1.2141437710100778,21.71778777501981,1.4218371185684733,-70.98770332842743
-0.03802952675399322,0.46535360245374074,0.9598781280342586,-5.337916730858425,0.05346757284402544,-1.7576397402425463,8.11313187833198,0.5036174900328995,1.0370694313433635,-23.510111650496558,11.558877317624752,-38.478233391169375,2.224761445149357,7.803221111652963,-4.043531017078618,-4.1537884119619015,1.9856319556014879,4.306805094950018,0.2545813294329766,-18.32488774709742
1.332026713306973,0.31345519106194186,-2.20663096917405,27.31557890976542,2.7829483613439394,22.892562399892494,73.96951757716779,-0.5921243376369143,11.484146337080668,90.03685605067402,-143.22272093282635,377.76726917566486,-50.886507285608275,-143.95868527249644,125.05064397215959,54.206092870532565,1.6363237958991714,-51.00277163752651,-1.780228826378228,175.25067228168206
0.14480314295542962,-1.6663440142036965,2.6607682998484283,-3.635316320977236,-0.21752993400100218,-3.7882488810018193,5.824329796961166,-2.480641701067117,-0.6641254255807062,-19.878540468188255,12.512532570186034,-43.30616241754364,3.06702835493157,4.538937602177966,-0.2646251945281317,0.06503947280747535,0.92097770797146,4.452754718716244,-1.3103879231716362,-13.758409536758315
-0.8784560721062266,-1.2541953499620617,2.2392945272728486,-23.302311975787056,-2.668015098013821,-22.877413182165384,-64.54894666125557,-3.008248632914716,-10.45633499004071,-75.20622015691443,126.27606307179536,-330.5919816727101,44.17361852276521,115.55567197676979,-104.82634366528903,-47.6525375691828,-0.8495702929334622,45.16740484728564,1.8493417661488833,-148.9890121418561
1.127743982351739,0.42850538119704584,-2.5880634559662274,26.82851228674324,0.5871827582913045,15.708057762612768,40.278958849311785,-2.0659156880646967,7.804189869706492,96.88715434771126,-104.44094050997224,290.01932283935923,-35.1527810124986,-101.0100030003573,79.96764370356601,34.148338402518895,0.4727374516675538,-34.91742119599143,-1.7986889227790805,137.455937981682
-0.6499162379691401,-1.6140349605566646,1.5455709698274953,-9.893589885823681,-1.1433812143840827,-11.910951695608777,-36.24069103488607,-2.601228948191804,-6.278768897835775,-31.24291032398798,62.951889513683696,-161.93292205869275,23.154663582686627,55.35306833226339,-53.84567330204797,-24.68223162362475,-0.5141717515392797,22.250957133571635,1.018139383020639,-72.96664595042138
-0.8693118472994683,-0.2871409600193855,2.491042469860794,-13.62856747063705,0.001604591040254011,-7.611316871578558,-14.573659528724946,0.764485657212386,-5.204661646338008,-54.4523671866018,48.466111105221195,-141.21727667501835,16.179740505164066,45.4652258016344,-34.52059293726951,-13.930072730244166,-0.18459926233714655,16.555719721653563,1.4179441175394374,-68.39350785252653
-0.3336506864061012,0.9373966067717989,-1.6362588527224382,7.582695136289495,2.0916755269242184,13.294371784518612,45.99829888175214,2.9247286999454065,7.735296386503464,23.952643185768107,-68.10251464092457,175.03103544631395,-26.211543599887467,-63.25077594754498,65.68258901364442,28.003371327702173,1.7979421742369008,-27.39240769135373,-0.5757890851230967,78.11524991041885
-0.8200362861854652,-1.297618620279128,4.230372166324914,-26.048551026728997,-0.763237995391504,-19.57395604089543,-37.94929692519586,-1.9703095893937574,-9.453560911235899,-89.41442545776763,107.99245589264427,-301.3378885376904,37.89868321031088,101.91906279949256,-80.20233050789406,-36.71889401441857,0.5710624868616475,37.70617505890592,1.9716429705009526,-138.22242336866006
-0.75141468850115,-1.0283878035316394,1.326580930271636,-15.398366264237023,-1.759434300606821,-14.775258290512813,-44.17248934468562,-1.4592432941432207,-6.688279491338081,-51.08211048940006,82.9373792847272,-216.7447780115028,29.917253420297303,75.51529953627659,-71.16410479855904,-32.785506510871606,-0.5535666438343911,29.172928168921263,2.456615627543896,-102.17907226844146
-0.8312858984837448,-0.8786716132415076,2.9328352706139333,-22.932084116124862,-0.9276598513073155,-13.798518972198183,-20.627335654905824,-1.0764416255922846,-4.861324698937148,-74.34857749405245,79.3421195669516,-223.4378186510445,23.712726014642776,78.3272110718367,-52.18452376900116,-22.07616107667284,1.4007915567685354,26.811338699880338,0.7027142830874872,-98.59866918929868
-0.03036375997849609,0.521260561278289,-0.1814501632993582,-0.9820242626408219,-0.27715946880710896,-1.1840233601940864,-13.415131485283998,1.0946436605634497,-0.9295409116072799,-2.3462570414316257,10.645033027561547,-23.125093310718075,5.085371570082677,13.035213793520878,-15.859393086116022,-6.078847776380102,-0.4385445856164036,4.568000250017747,1.5210384662945102,-16.14161885441211
-3.4597487280584622,-3.2876368868704136,4.824169366800682,-70.6729098367342,-6.290629877139328,-56.17624948142022,-150.08319375610475,-1.9121895568552751,-24.174467917689267,-236.24095359522843,333.54055855647397,-891.2704971454112,113.36115304894778,315.71466501193703,-272.6897172296675,-124.75335871746019,0.9387924456865574,115.38164286822176,5.481630044545253,-410.26507907160686
-0.001532317069814074,-1.4855905634593274,1.3466793880307923,-0.29124230979474164,-1.3062593005396397,-3.641056678740516,-4.01717098035107,-3.122837947974794,-1.4316051990350491,-2.0992052067558116,10.908897027949319,-32.19160149745435,3.8552244509489793,6.482909674997776,-5.46157653608878,-3.7795831646852056,0.5594230311197848,4.0962564167698865,-0.5512815723226898,-8.172898833626325
0.15770344010295106,0.6249142040847353,-0.7351912365806577,10.55341031749672,1.7141670172244794,10.370892006853033,24.55206003651831,1.5053333134041076,3.884245041220428,34.015572499680275,-55.147963756019514,143.7938869693371,-19.373781526486134,-48.648080352092215,46.675766535573814,24.033149232719886,-1.3014988423147396,-20.00185443569485,-1.5617806097892228,68.59881324124046
-0.5880080604893577,1.124107763818531,-0.6157688988173179,-2.420412274745112,0.23101537285314233,-0.5675688978221332,-3.5554606277655734,1.4034000098084767,0.18154389145017244,-9.173254792666832,8.104618725364604,-21.717902208916346,3.0079626072514265,10.586249400939032,-8.068308950584765,-4.005416066543621,0.1771336491629828,2.7904493657491,-0.083482578931381,-13.203542350377269
1.9923023407452245,1.8809944588293106,-3.312388248537183,40.366582760511314,2.3932679452851224,31.11041478106123,88.40115007798917,-0.0715695316225442,15.666881379027572,134.05346071132396,-189.675328589517,509.3166164629193,-66.7064908452819,-184.1496024194389,156.49186049541814,68.45650624386836,1.3000870613587212,-65.23601741276376,-2.4205806896630397,235.16251816691667
0.5203760468883802,-0.34549191334274026,0.8994366097991735,6.058014639032467,0.7890821926290248,9.362420753913177,49.71914544003122,-0.6654379522164677,5.945545534879221,12.998388278302226,-55.3088691473518,131.8671695115478,-22.448021361618597,-57.74341134959,62.65423844239127,26.161943568462007,2.185371737240144,-21.072379671462826,-1.4133222625992377,66.16894504672902
1.0778468294530694,-0.6131180504424043,-2.675595540032008,29.426478259014985,2.573050041274623,25.425386680135645,79.40369732257322,0.07957579400057158,13.675360910812723,107.63498698149886,-152.55942170163067,407.25246758202934,-56.30448039056443,-142.26899286857167,130.49418307970902,60.1986337317017,1.5734000973555937,-53.454284281739795,-4.485475059463907,195.0297686685715
0.4121113552103524,-0.058271143150565585,-0.4488772943567459,9.151977371624369,0.3548018502050876,6.611662946933377,26.653558352840808,-1.550763784432296,3.9971256629853618,27.410122906276854,-43.93452591730714,115.44786170027658,-15.604573099833669,-50.368842712263145,42.697133757855205,15.503671067598257,1.2881815067151612,-16.38101553226756,-0.3369284311169831,55.27368058104931
0.7418562828205235,0.9274125341437143,-0.41195653064439197,9.568902488109131,1.418928085029488,10.733592092309953,28.04272820380684,1.8785058315816165,5.18312267386084,23.78068364072628,-55.066535516311255,143.27293809341896,-19.429265035181192,-53.33255245413643,46.29792411131866,20.336244097642506,0.61581836637701,-19.646517903823074,-0.019878213622281482,60.066678561439865
0.4193643601478961,-2.1488296854330793,3.5075631147889075,-7.911637972323348,-0.18938755426336762,-4.8782007729455845,5.016483907245081,-2.6672324911143113,-1.256758051969895,-38.60973001442278,23.437781613801175,-75.89663330599456,6.996805353904972,6.460737977056404,-2.462970271389956,-4.471448472157856,1.2115006736404388,5.149219061949245,-0.010120128867819655,-31.27353598660821
0.9204809556190764,1.0597894355355022,-1.1115958934466972,19.146202965619587,2.6930988337564457,21.54371864560794,64.29067275445803,3.107381025996196,9.143825989913118,57.31602311670368,-115.54781442981476,293.28236729867194,-42.8175329148026,-100.93993561754203,100.28888389206953,50.63172843789519,-0.5461037193819004,-40.22246392611739,-2.9911807844909024,137.11062450470308
1.9005128056010945,1.8437254537829988,-4.500340940099252,35.5261956322999,1.2929186850502783,22.967446595150186,45.9823091334429,0.19784316860083187,10.195892329574129,126.67652788646488,-139.71649593817682,389.78008366399956,-46.93626275888761,-131.1931113326481,101.64815965964839,45.98730740099687,-0.39986830770861587,-46.821108331109656,-2.2111956300679427,180.19844822124622
-0.42551563405961446,-1.868414838949454,1.8286384275710517,-13.536298922043104,-1.4187579865073277,-14.222755952068992,-35.995288687418416,-3.292993454744066,-5.74369733069721,-42.93674204817714,73.80075087470777,-191.42250943032062,28.022376392879078,59.540899724738814,-55.533294593213235,-28.733011660332195,-0.16474889995173417,22.34744793517809,0.9649591559890622,-87.51304585640004
0.8437539257930867,0.1593205024721851,-1.7706193873453313,21.239286919894862,1.1916087236861423,13.447430122942091,38.05808613653259,-1.370549031344435,5.256597096352355,65.65358209581662,-87.22577798030446,233.56752615627684,-27.94192104252219,-92.70345173838267,74.09770030860743,29.939493355106336,-0.2969242348605635,-32.1421394406079,-0.868482679392433,109.13566366664656
0.02271538353638391,-0.3696659486435967,0.21660376764844358,4.679581412865834,0.7761094117070935,4.286288499577993,16.638155586065484,-1.3102539050007924,1.9548608290572196,16.672456272698316,-30.289297482314236,75.2170327295334,-11.735085314452137,-30.70439873517653,31.82312355493962,15.25619577939791,-0.0860995228102267,-11.067308556519103,-1.1964020407954934,40.592556043893374
-1.6328780978628485,-1.2247187254185476,3.1502119364576058,-38.127206642451874,-3.2966874387636715,-32.548630401387356,-84.68751219263773,-2.336689059383909,-15.624694103602138,-126.30844691801384,188.11290066386846,-501.4255421680015,65.53090446197241,175.59541959705334,-153.8485672467631,-71.36819450769778,-0.14960577307038048,65.77336839214888,2.668766618195172,-229.95814071957142
0.012578727432769643,-1.1582288114191872,2.2480011303210023,-13.780374157143749,-1.4424145009204496,-13.285355426198311,-31.257592358846363,-2.9844033034611908,-6.5771436060971755,-48.757285774269455,70.79497965303398,-188.79844095378627,26.29636621449921,55.24214648073865,-51.564129299277596,-25.81814292093415,-0.45294042816396035,23.149658470473902,1.3226594968456744,-86.00456879513918
-0.13708723682729915,-0.05857352195895837,1.3436019734181082,-9.645362840369865,-0.07670632963804613,-6.455522141679209,-13.681866221023643,-0.45860299958120687,-5.2216655795645615,-31.408792680614102,41.171650257325055,-114.66784586082385,13.151200264977398,37.65275415114184,-28.24710695536503,-10.447076146051364,-1.4870454053989786,14.49883438429971,-0.6462657813590871,-47.606472198932266
-2.019193982907759,-2.5364207410040684,5.949699836314628,-45.19464778903319,-2.9888787940191017,-34.37554877096045,-75.16335604325239,-2.1085293214398204,-15.996133059255715,-155.5556156595184,199.65917840361726,-549.595826812508,67.92008624730741,192.0760261510889,-157.03036883906955,-70.59032727472153,1.02349328287031,70.968615945556,1.7009209602205242,-249.87349004173416
0.6101197218792941,0.74874788020448,-2.3101660431458586,18.400680564571253,2.409686457772744,17.171430558677546,50.5712143922474,1.34205692791406,9.391899651989474,63.746174362930745,-103.85136828806144,277.00255138054206,-36.984032004556155,-100.75060979672944,89.90943833684098,39.11411899330468,0.8439489733169627,-38.4270718851541,-0.9832482493257915,124.45342138866579
-1.5135146388632315,-1.5534712513670006,4.535674840889509,-37.55557642233423,-2.4404723974516735,-27.927262228901913,-64.30080340163384,-1.8898190898663931,-12.14771239119843,-127.3616622261605,163.57852562119768,-444.92217447446603,56.36535866154481,152.6981742312415,-125.48073500324026,-58.20340403089486,1.0590508945294475,55.62298818529436,2.6155873647904393,-205.51043303596617
0.08797135353370623,1.5552188121873578,-1.6766514869650475,13.538486909877788,1.9380059645242682,15.692819930769314,45.79417561264275,2.2187931248323163,7.093440455158523,41.03431143233914,-82.55733128531666,212.19508912536867,-30.901314634962997,-73.73963345506019,72.97564269337337,34.120184047356915,0.3909746227779337,-29.703270759840372,-1.1511667892777184,98.60156455768404
0.29699166815101696,0.48333817104212085,-1.6830874536365292,7.00261406047016,-0.04962431403917311,5.744867103552643,13.006107566459267,0.4040529530303891,3.632615034538202,22.485315956448325,-31.567821489631246,87.68763700214437,-12.753941057166518,-30.3588591193553,25.23508571206767,11.930327191678645,0.365281830884601,-10.599571669175196,-0.2756385787906577,42.16385828639824
-2.0287190560057686,-3.2197060711045586,6.8682664664554,-49.54041342302979,-1.9115357929143832,-32.64151821893057,-67.10166998939228,-1.1817744798984273,-13.792593675677827,-175.99023495629558,193.23513888746888,-539.050628982052,64.85778169371694,177.3323999404351,-139.19885000454855,-63.70844638418873,0.7999533604327982,63.6465733626625,2.5666936345091136,-249.54342707766278
-0.10826094674691816,-0.5723282648524135,1.3336512862599332,-5.980916067702537,0.21712846850181178,-2.550196304645618,-3.786849998201338,-0.11536786917919206,-1.3958443680131902,-16.08018308677498,18.467665573670175,-54.18975657749694,5.03807240284712,22.330464883838573,-13.633673856728477,-3.8354025261245224,0.27093797954292786,7.7871381859801705,-0.6784472384965594,-21.83287593073397
0.7530126981936792,-0.1890249327278779,-1.1334484946772807,8.501917245262016,-0.6331567720327903,3.2730441659714264,3.158491818607112,-1.3812983626174822,2.1648420735226965,36.836059013024716,-24.934776449162317,75.24675861191244,-8.354857997469638,-21.794165001498886,14.537061665124092,6.232295713056365,0.8396085747724852,-7.188842997824238,-0.3696575883181821,36.87371955770384
1.0240780184396376,0.39157652979608126,-1.9531638998723944,24.43770290171272,1.7552250911313465,17.154700283761482,39.5994082584374,0.15588166571982817,7.6679866444249765,85.73729345224115,-104.285775939735,285.8755138013188,-36.12993828682661,-101.78677960142393,83.57203470164096,37.94986316636137,-0.5262406145563117,-36.70519248529387,-1.7230017813719114,134.34669124124358
-0.32541916965988765,-0.5682059185685272,1.3463280742094028,-7.154126491314626,1.036043188404788,-0.24731775614534635,15.228128232127306,0.6156694729291032,-0.19483461715694506,-26.064998955157208,5.122456464251897,-32.45462637819675,-1.2766272588783174,11.530073259085613,6.428730548827589,5.311416487653642,1.2042876248663787,1.8507058724152576,-0.9128260004517351,-9.538624694844577
0.27840615728327583,1.145861341731145,0.24042083607579112,-3.3373708881819164,1.2758347209775924,4.0537583067498755,30.34277478811706,1.4669840824637668,3.736247301007715,-15.502247263828012,-19.717442595067688,39.96110608147029,-9.846443564466828,-20.81124877531173,30.550497046779725,10.935928912308393,2.384184841586097,-9.266939757655804,0.651629891053404,15.647656095024718
-1.0248268257547006,-1.9677607472900673,4.916404563050698,-39.1687700541291,-2.696635240943441,-29.6871318013623,-62.94491475630853,-2.6570236947111323,-14.270735156316604,-141.6784629545499,169.42239743977558,-470.20510392321466,58.75290966564703,151.79934656038643,-124.66327038895243,-59.46280117008732,0.37115139463055313,57.27072231667709,3.042384364808025,-215.15830058755196
0.22508148951496895,-0.6572439978959499,-0.0827883808609548,5.7579033737947745,0.8067782052877663,4.841074872407527,13.157429979509264,0.05634400959602237,0.7801801965534199,14.940416256110746,-26.850505790657706,67.8434328034362,-9.683840054681275,-27.39144947114246,22.054116849073388,10.723205752580174,-0.20579502685620304,-8.444972038327005,-0.4162973660117966,32.94786256230737
0.5705547215211533,2.2741619898090715,-2.2252786107037172,17.792186781593063,2.754689981715556,22.51070713159368,69.55909168088583,3.8323696743720324,12.495672768996293,59.39942595499781,-117.95531076814768,306.51708395444047,-43.442639934951245,-103.71863328862766,106.95482876090588,48.88721008937786,2.2946538311826954,-44.66480729438581,-1.2238055620667048,138.7172633714311
-1.0713689753536013,-0.1065157153094578,0.37558640695585943,-26.62753527497494,-2.8507389546232424,-20.172287850816222,-57.95787844167321,0.31809038100055875,-8.265962875112855,-84.949447840747,125.98449961396491,-331.3438372967636,41.14069542288325,123.63588185377886,-105.87435334003888,-48.84094403127337,1.0306873132422516,44.279079505916904,2.650924692593553,-152.34836723622328
-0.5920101100347236,-1.9399878960656345,1.651839248096218,-15.741304535584662,-2.6164465219651154,-17.527408937528197,-42.15663759158779,-4.186586923735099,-7.800904868796887,-48.3554808784724,91.27171359675793,-238.34065933071477,32.4354300456649,76.79325812177616,-71.39390617969688,-36.07564184261528,0.07506721946253143,31.477119212132475,0.705132743102782,-103.02605015389446
0.13492805108614106,1.0392245282511492,-0.15866305402362246,-3.3177520270791536,0.8442710653147107,3.2766575917636955,12.226942503223619,2.630163522107297,2.723060785910751,-9.34698350433149,-8.0035152347752,16.412839012253404,-4.933918838497206,0.48520774541935563,9.174329743635536,6.538582539666638,1.4878340240713246,-3.306486951135766,0.454684613821031,4.163176736964482
0.49314474965819294,-0.3788518999578563,-0.21259575248749069,0.36670460470625565,-1.6017589228143125,-7.484511704240778,-39.61453515335344,-1.758495513828866,-3.8845471266019236,14.5749990877878,35.09760322394273,-73.68641319560884,14.247702613335358,38.260378559919914,-46.44728109650921,-17.22628499200852,-1.4622759643980812,16.423140581487285,0.12048975578557264,-32.69463717241929
-0.37659467527297896,-0.74948820489836,-0.5404863463539915,-2.454238128091914,-1.8835665159108508,-8.280304018201232,-31.96991675760966,-2.481449176280692,-2.8672645723294186,4.70318466578737,40.157793551789446,-88.1689716153774,15.54984071009755,35.982528190227995,-40.979891208309326,-21.004421101601096,0.5499998462054099,14.687008867810283,0.944216639675948,-39.004380260822465
-0.04010859693203709,-0.1924503754666429,-0.45152597233506253,-5.637374503916372,-1.593327416417116,-4.586614654565678,-20.125077249764914,0.3215032850812303,-1.1086669262709,-17.833025043086632,32.412363305943224,-81.97864457046698,10.825174730186635,33.52859776532073,-32.47862240330421,-14.879609941507391,1.007449432089143,11.944937703090885,1.7141696013859773,-39.339850930732595
0.09762935643428616,-1.808792290960239,2.4443552169035243,-10.30790247925375,-1.4232510050132845,-7.679395662690348,-12.064577265120613,-2.0708283516317794,-2.5062454468599786,-34.11895965227148,45.59641192277882,-127.28440924675698,13.915679947301255,44.298002650264884,-31.133489158786723,-13.578185554925248,0.7390239685037363,16.55487933167305,-1.0067707329124058,-51.51058425347046
-0.21184134840357252,-2.6182942968559892,4.092159390787881,-11.986027976863971,-3.4265128789341306,-16.75838659130032,-53.43904517896099,-3.830296500900416,-10.698128315981277,-50.534083733701316,92.5616750247277,-246.99866346989256,35.54471566685987,79.4715303950641,-79.7501051479574,-35.830921271286456,-2.6578514144652177,32.95872096097227,0.7842930907858312,-111.12450692473648
0.3249985293831833,-0.4048062342047136,0.8699541483355308,-0.7177049008004471,-2.2179801122997698,-5.399771565002033,-15.50562603049081,-3.5111285127979377,-1.9299186972451037,-0.7477147200957552,23.123720550227553,-59.54319287813326,8.111989927611678,20.267450297335326,-20.571336027056574,-10.752879646303475,0.6817892694085342,9.67602003017111,0.3283762083158071,-20.76052691008916
0.32862658447982795,1.0084788468577908,0.06535706735104507,0.8644823692694849,0.8021902337739589,2.202361275689324,2.112434233463745,1.203584901311669,0.04069240717405109,2.4467249639128044,-8.896788700633882,21.429611329647315,-3.387179516013503,-3.4779699226516323,5.177973649715115,5.361470947496945,-0.9320265018438155,-2.037652469242578,-0.00677020039124171,7.7379233039212805
1.183579070372541,1.5002501767495553,-3.2361891120889594,28.743003597786423,2.611288973053419,22.77750768176977,58.46485880237082,0.48068674199771766,10.286614295661694,101.01672608070965,-135.90052287446517,367.4687417604894,-45.81127232845175,-127.3056570734093,111.46614077958884,50.78718830466277,-0.21527969506904765,-48.36995351243315,-1.8056316162612216,168.92926537986688
2.658942104146699,2.433719607896171,-7.892190587782816,69.60123798739481,5.3277299625780605,53.486992771947875,136.25495076812334,2.1452808317278134,26.978427336925183,249.72751101518375,-319.1410714001344,872.5777281288733,-109.33275220426658,-301.3812865793847,254.0561104214921,113.07404533821644,1.105530927118861,-112.92202898085004,-5.4362193343975855,400.19142047632755
0.2615060117545183,0.9834779379576352,0.57861970913088,8.096774114679524,2.7834037788963784,13.713782942967843,46.70935736559731,2.9095285834267064,6.0578721098432196,18.347190671421313,-69.73359054267564,171.5207642722775,-25.830332869542662,-62.046636917676224,66.6901918151986,32.95495363803124,0.47036195180883317,-25.569858578443803,-1.029904608917961,75.42980906789778
-1.1253735017695803,0.21243239590490182,0.6471414031945416,-13.803976960049804,0.05185462026495724,-8.398063895710163,-29.93401892797734,2.012827756344917,-4.969563176823981,-42.161494952333726,60.187738898453304,-158.54423930384405,21.188933011074543,63.093684364783705,-51.79384133511914,-21.155454269162384,-0.4107700164596699,20.367712000853125,1.001002491484419,-75.64559962817644
0.3702521557618961,1.552864523355542,-2.013269031364619,16.080505719541396,2.7098494775823365,15.718049861366959,36.525005243922045,4.525771247413532,6.5568453289010415,54.19950111880058,-82.73492204181845,221.55048057980383,-29.001788286019522,-68.90636865113176,60.57655558878497,31.178120947252516,-0.12626536623675666,-27.583435917216516,-0.8252375203442044,96.3482128218634
0.14434341427013953,-0.47819852809459296,2.3981690929276263,-13.155640950516906,-2.109948325259834,-12.09686832230571,-19.347735641163553,-2.547653547415626,-3.6416135514028136,-45.95174893541717,61.05501859632745,-167.57742242781916,20.69424003304817,53.649461685476226,-46.107912375166215,-23.086047911148814,1.0771212612535408,22.74357198845718,0.7014753159558234,-75.19253669464315
-1.3090668387572455,-1.7057567047659634,4.140037294183194,-37.096031151976284,-1.78193049584261,-23.872139715223827,-56.80654527288422,0.09218722862577722,-11.06031658007781,-134.10796929330397,147.18306241677777,-409.5531380368332,49.76774194192797,136.11675562294917,-110.1038553413277,-49.44003587562286,0.6643879203261417,48.7214390666855,3.0144444514255655,-191.8628982790349
-1.0077210802510914,-0.7791038127874564,1.560153428721294,-34.04879931588989,-4.720248806635214,-30.533708163409255,-87.58308681460971,-2.6749713453667323,-13.389947576615421,-117.22233361794932,176.41999106932317,-466.39110240002213,62.18552652037719,160.4825984087003,-146.5862547239135,-69.95304737131765,0.07734668153585951,61.37338006870548,3.8468624721997298,-215.09314638998683
0.2665399682113138,1.1233187578031683,-2.3282500403681468,13.491409427312718,0.9604017882077871,10.318888152674479,14.332520938885818,2.819099805970441,4.0441635277456065,42.774045054997124,-50.926962512365115,144.38365567826088,-15.621947405622329,-45.871522415752004,33.55593157577699,14.217064749837187,-0.22060564018095247,-19.38488604630616,0.28617473803334625,59.29127865289781
0.5909618578878403,-0.13633004609191957,0.6514881816715777,9.118649670619769,0.9701528592125483,9.398390252697244,36.67842889321944,-0.32042927927922515,4.256883970791208,25.201137800698522,-57.17585614065068,141.856192025625,-21.1810867243475,-55.52363988630712,56.88682590848358,26.704414965727363,-0.04497611995453121,-20.700584826714817,-1.1583275814800345,68.8868233430702
-1.1316031668561244,-2.2175986065907325,5.1092183402682965,-43.36165153797071,-4.205380566821344,-35.886474567963525,-83.19017058452862,-3.579726712288786,-16.079419018102136,-146.71515365413094,201.4877012768228,-544.3071974289797,68.43134665576733,183.9373412487867,-158.7460650609124,-73.53228669136895,0.4884557063193737,71.41838048057063,2.643683166384749,-246.2016034372039
-0.19093790663200308,-0.061923334464039984,0.7811998528097165,-7.18439694061516,-0.9338689392197511,-5.315847097658921,-11.677097777558313,-0.3481915696904526,-1.9104502097696963,-27.12749395997023,33.06189767526172,-88.47074506283644,11.15066692147604,25.926695141572743,-23.736298825070886,-12.706270812227583,0.6837562254422387,10.519511452550967,0.9200424546757007,-41.1654458119607
-0.2701540074277218,0.5405278354299822,-0.3217808154419648,-4.608584187118334,-1.1089393257671973,-7.27324505672984,-25.173808126811185,-0.3435992861325585,-2.317380428166966,-9.77247958164051,38.34292601214255,-87.2018771869392,15.164771427296104,32.915277796581485,-37.55387736859488,-19.10903537686683,-0.5620604060218569,13.680939085455442,1.3881655853691433,-44.3733504347541
1.0562849511539665,0.32437856711921575,-1.339100078315712,29.457397262452893,3.078866067619152,23.547972069139018,70.19466074831226,-0.5724837216879932,10.650614878644554,95.24172997579137,-146.69346333064306,387.5917738827582,-48.41140498814853,-147.22320122294346,129.00716839224157,56.856292720616736,-0.5711470381102999,-54.1694494298521,-2.4111588211553556,177.18065333481587
-0.2841280598832327,-1.736852236448158,2.766948388320576,-22.21973222473006,-3.027369934948115,-19.904853667067123,-46.038039870456124,-3.1125052988358384,-7.563898607605859,-71.81813330498318,107.63203396497657,-286.72347799387927,36.1517236192713,99.02658722691035,-85.64454473348512,-40.4433864997136,1.4160312161415307,38.452345348643846,1.830550040822363,-128.9269496169384
-0.0262012412014083,-0.08215876519218276,0.029082328048533626,3.6361099646541097,1.863987595729363,5.436497804387331,7.269548340774222,2.3742644144708343,1.9022804150297983,14.99238212343494,-23.77366377751172,63.146829242440546,-7.5522092957685025,-13.670400878368056,15.491457096830397,12.49988546769748,-0.8433541935632295,-7.776093443738775,-0.623217286812047,26.30000464133176
-1.0062995962378207,-0.7259339340226347,1.4041754186352575,-17.34177704467874,-2.80838659050186,-17.68819515970391,-54.10676413006366,-2.457762098365273,-8.552639456786759,-60.590161484853276,98.50185002024445,-257.6631178520464,35.11681798609363,86.90059743202042,-83.65990843196164,-39.31292992873549,-0.38951637625167057,34.42470645821304,2.689092109623283,-119.01562708442312
1.5418844759806487,-0.2175221449240572,-0.8637188100621078,19.169400298109746,1.121375911418371,15.27603464304742,54.74141943716934,-1.8116389503272248,8.467859182722698,65.76363555636789,-97.29929113736577,257.6985022758633,-35.5378743305555,-96.64291273400436,88.90511633565775,37.787165856786785,2.210191531624299,-34.80187483392979,-1.5285433091475746,124.56778540988131
-0.07643189599043926,-0.19488567969920395,-1.1245247412763137,1.8859343567638733,-1.1314670734702257,-3.7412150029183673,-22.107980988469237,-1.3967869338806447,-2.0133662803246954,13.486803600519103,17.83377202671189,-30.743292307717468,7.75914984035747,12.515245657698696,-21.65588871470372,-10.960268332826193,-1.3992378536820798,6.052986870686155,0.3769396219512413,-13.093507166153811
-1.1161580751823266,-0.6409807830053611,2.3652321618820116,-23.391704101111603,-0.8590053658476428,-17.74933948417139,-45.65308869172862,0.04531772825671157,-8.452366068342451,-72.69714173658008,104.732601215971,-282.9707405201785,35.567362336466736,107.86112994336281,-86.77788807871303,-36.23562457892942,-0.7160698303712176,38.04490224642021,-0.20942709466878262,-128.15295735994806
-0.2812474054205893,-1.0697274337366591,0.19965183853261936,0.8860375369388471,0.731554818937662,-0.07604869052077656,-2.8541909967096997,-0.09533659836986852,-1.3934458003952102,10.288304479033537,-2.3040667177662897,7.546865577115885,-0.40855677090410625,2.2383635921812233,-1.756453613450537,3.0837266759538418,-0.8862757990360532,0.28166270972227425,-1.70003156258748,6.717670192387786
-0.24260221910926805,-0.5503165942818175,2.4414942476861285,-18.72946745851863,-3.028592971317459,-18.039439097852856,-46.54201075012987,-2.3543070922269993,-8.800592484012249,-70.06220578088889,101.0337089663404,-273.8809251707423,36.63671715302398,91.02164941139056,-82.44182211170464,-39.804563071947925,-0.21725099868150627,35.47945103627746,2.068868142500717,-125.55988793173815
0.41859323086838274,-0.7451446366536771,0.11796117257725021,-1.8206506338979707,-0.5255391770324624,-2.7961881689461987,-3.9259802743686354,-1.114382480868298,-1.3267901415203611,3.283023522901588,12.445459624929683,-29.078615161791618,2.685260404060468,12.438873248949838,-11.099603164764872,-4.285219913626463,0.0900305931082444,6.614394995899605,-1.1385519837249563,-6.435114353680014
-0.9652894217443745,-0.9235950789771509,1.6706555706716029,-24.661526496953503,-2.219481885811652,-19.387325098742473,-50.686102660225636,-1.8156437502770737,-9.404941380805914,-81.73176561300451,113.84942903313484,-306.4102885734259,37.884537742262786,108.04455358670884,-91.45326649275152,-41.023566903284554,-0.5190789800421116,40.71157734573329,1.6984746002439994,-137.4856698268871
0.6566286804862068,0.5339116439358893,-1.2257256387195121,0.9688216667942886,-0.4710665309028277,0.6254844955204901,-3.139863644297161,1.266705045486973,1.3159708183050676,9.74719029589522,-2.8046870466958174,12.659784477811431,-1.9803063037368567,3.443537849776386,-3.69838151847497,0.19035128051031736,0.027763664372836474,0.311216969419323,-0.9230874497416645,4.680251026746097
1.4678359844536903,2.3468246736725042,-6.162595987940904,49.01682900828791,3.6581143310125723,39.33329713817307,96.71747870945153,4.288018673660253,18.790061633677464,167.33412952114134,-225.92713929463758,614.7119096208331,-78.13234613200852,-212.1694574110001,177.24048774086555,79.2543483013604,0.462440133611063,-79.81773342276603,-3.2263955337469747,278.29569183059226
-1.148591573598916,-1.7509250452547311,3.2496603637660675,-24.09731663653417,-1.9008869650324818,-21.548546991912797,-56.61608775029164,-2.190831879947852,-9.92155049106508,-81.27888716644534,121.28966947136928,-320.74761566461916,42.79539356278952,106.98686664033599,-97.58307046568653,-44.92999510343472,-0.5309602432510295,41.74515720947787,1.7034049966582243,-147.39478934805734
0.35257488770007556,0.49632122820795477,-0.5097785386497211,-1.2366464100111962,-2.2412268041054357,-6.651255904935747,-17.705438325299838,-3.1442731303527465,-1.5390228074495549,-1.7894549124985315,23.91396918645651,-56.4064719466377,9.351759395002746,16.276042156823596,-21.096397699760463,-14.356800787019756,0.6329178378119743,9.169184788871423,1.794831040322148,-25.651752142399943
0.6277862694107855,0.1885146106685916,-1.5813049479434533,16.983862062611536,2.3816897657278595,12.146877806759825,28.79520724095116,-0.408399454057477,4.984162708836688,57.35915424049853,-73.55783363630236,206.0068786743603,-22.186058974181275,-81.8440219474094,66.68151403342773,27.595902381063954,-0.8199490648281577,-31.390986805167763,-0.19343220382642934,92.61060367925104
-0.746931068506281,-1.1189178420958013,2.0363616959157196,-8.2384550359551,-0.7803189837536593,-5.6251013774587495,-14.53542223709402,0.44583539897202507,-3.676237219325008,-39.14227120334838,39.29902669179557,-111.71542968749168,13.27173087162824,32.10884365195357,-29.190895862822344,-13.79795989577697,-0.7187297741361913,11.699832643738114,1.1696130731978027,-52.45312582043015
-1.189656690977045,-0.8232113397171027,0.18563810993471597,-17.91040594623777,-3.2126008010929685,-20.15423919708774,-63.04694189902267,-2.2274546599270777,-8.374036962342904,-55.49182002222536,112.95211375917397,-287.224860526786,41.42479692646841,104.01388086903103,-101.96756453313783,-49.291831942847416,0.4429895612466,40.04048605442554,2.4143450156849076,-133.78540269861182
-0.3198239342644676,-0.2663624752874954,1.2027603056328267,-4.4808507629048435,1.0618329655145613,1.2669985226190628,16.378022892637496,0.7686251541193442,0.7105812670212303,-22.415608677710157,-0.7669085231890782,-8.029790281593977,-0.8374585359220152,-8.724316479564724,14.58505776329213,3.1542191417998353,0.40658137728987315,-4.473231601978043,-0.09431569486380292,-5.322028163688023
0.005817615097393361,-1.4290991734694876,1.5737891810291889,-4.366571304411709,0.6834153723250612,-2.6985695004045187,-0.3956554024749661,-1.5829159036166747,-2.0149084057031104,-10.88317456099365,13.92110145983787,-40.49216879097308,5.016274633594961,10.22387218476012,-4.002860775129052,-2.0106893932594136,-0.020218511762272573,2.842148870931214,-0.4467443403010816,-16.073527903603935
0.46317555622417395,1.095344476610308,-2.5828060316664194,13.363473407899143,3.021214721923749,18.277227131363198,55.53190174030674,3.9451008632309708,9.445312687454585,42.742891875659296,-96.6642785510431,249.2852719309347,-35.97814961094858,-89.96793940411784,88.10459386430932,40.10713523117194,0.911700671845302,-37.16951370662473,-1.7494474264374744,112.04418865711031
0.8073961942494755,1.2083246505705172,-1.6564067914984018,15.629742775266566,2.3734468282971277,18.137229653582324,57.807913057934954,3.1351645277826443,9.713299058502356,53.573453715791274,-100.16351682624865,259.55551974473104,-36.86527408929006,-89.681378300957,87.8828704531592,40.64388530540519,0.40314857870647103,-36.041914092390144,-2.5975380282982528,120.11492675875387
-0.25759069028551873,-0.1461059649200308,-1.1234997514423504,-6.186203197196532,-3.198337727600875,-14.476237164076155,-65.29860611130879,-1.6378335856529604,-8.12366734488472,-12.576800870656932,78.56829898984921,-188.65518454615636,30.866734953881167,75.78578478448479,-85.80066189043231,-38.96124329127147,-1.2880656369755519,30.498473232604177,2.5912002387510142,-88.72979291803027
1.1402696058842183,0.8690144706111497,-2.5955258954102916,15.406772587611476,0.23527350859623763,10.418560442642177,18.13252498513706,1.1693148374480695,5.245436731051983,62.444964083060405,-59.855962098125666,172.9813035507403,-21.74311773319481,-48.58128232041034,38.4589688194905,19.591454496664493,0.13127591761140653,-18.27367960376996,-1.107860644092859,80.58610622111203
2.331850098805859,1.7569580500147475,-5.363908270140959,54.252127133769065,4.847913634106049,46.17904065452143,139.07455839950916,1.9464461137473306,23.8821755861517,185.72678431290117,-276.4432175081228,736.6181719630927,-98.80092632676279,-262.67325344977525,233.66527242221736,103.92648139536011,2.163504379597705,-97.42220455712,-5.192671552130646,341.29640011438926
-0.46950696455195506,-1.2780765892421664,1.4247513393893714,-19.298624568871485,-3.8243932942142793,-21.917042553731104,-63.623867722825665,-3.6228707502264506,-11.30580787169583,-67.37677406139696,119.20718934816021,-315.28539981914366,42.50642243561679,108.81516824960946,-103.85371791876818,-49.52456887765626,0.12024781646314463,43.70970006370987,2.9095190228680137,-142.02730237404302
0.995543030682449,2.1658414862306685,-4.381809086059166,33.81060147380901,3.4481769542076965,29.498250526018094,76.88127705258849,2.732562388004128,14.399224665935439,114.52993797594326,-168.0913014993089,453.0285759397012,-58.382139170141045,-158.09476262497898,139.22167983341254,62.28931391346327,0.550273423644379,-61.22149326389918,-1.9916112043240763,204.52962241400581
0.2844691533251714,1.697583292894163,-0.9963625998326378,0.26631242535540356,1.8835359571976578,9.570291445237832,32.51720220099369,4.249627962171542,5.093881767417121,1.793479777474684,-38.466968028861686,89.31727127392573,-18.602043185515555,-22.31949102084713,36.13190043186749,21.714017591080875,1.2642573242415431,-12.05560277862099,-1.5969460574310352,42.75009111522343
-1.712580044157695,-0.6914972254426789,2.501459307586626,-25.804041170670498,-1.350300807515358,-17.83874400235039,-45.931491210382106,1.2630935771189038,-8.299364072350256,-97.03453314433312,114.34819494996592,-311.6490473921006,39.748956676466484,108.37649692039642,-91.75028850728732,-41.357915934341605,0.37958666280214726,38.4534114652591,2.7355745736019754,-148.92141131503024
0.8480072586969941,-1.2831732168111705,0.8474284174433027,8.257808106380581,0.43378948019712144,4.906796634859878,27.7858078276924,-3.9351899420189698,2.343935039522113,25.505563958212647,-42.76765792716275,104.83872456412827,-16.061496052137194,-47.35631057642337,47.51150571589903,19.425069860124978,0.27068158982769763,-15.549719343974578,-1.678444290142402,57.930027179157285
0.03985733473763225,1.496015663196371,-0.7429422263885267,3.5254003801273535,2.056876209058323,6.62364731102935,7.561104957606263,3.233860882585579,1.449546909397285,12.555358554901305,-26.339154403554414,67.21575415912646,-8.236206169200926,-14.200895326917719,16.882446536623444,13.033972636709835,-1.5335830019972283,-8.237213933165059,-0.4331358626478995,26.496310633218712
-0.04230092036081353,-0.30233319359495964,0.3974403728497974,-4.483819801949984,-1.1043772139332837,-3.8854713860221857,-10.445212162880622,-1.362199706726366,-1.5451355671131837,-8.609061383098576,23.43817394179182,-63.132179534973076,5.638985233004968,30.928565309679342,-20.38652823709171,-5.636865509005309,0.142858717012141,10.734310116419579,-0.8968847224102288,-20.175851910583415
-0.9564336143970931,-1.7593556019447152,1.8813299996985384,-19.972332162714306,-2.1194261092701985,-19.707153467654923,-53.99102612511838,-2.6694609855110683,-8.465645082381407,-59.50401640741928,106.29740158486017,-278.56982588578256,39.24505550772209,100.20510326321917,-89.00881499341476,-42.11317083445915,0.44027998058449896,36.4163030342593,1.528333894786993,-127.83190304591076
-1.813192130050194,-0.14567040235545936,2.7420653836883626,-35.2417063115143,-2.738546746219643,-31.846010575352903,-90.72815068323852,-2.4254340603771287,-16.312101845142962,-109.43133006507347,179.04632653702947,-471.49009643950984,63.989241891617674,171.65857005877353,-151.99392796655272,-69.00429152236043,-2.040028598053816,64.19432413486705,2.602341725031094,-217.54416664232315
0.49066841559522617,-0.7991355718312738,-1.480894578248,13.937441781737476,-1.2032470940241824,5.961056845693791,5.401915233319866,-1.1305241094450216,2.025283129180374,46.88459318305672,-40.28495569048148,114.06420559083074,-13.152136733302097,-37.62750840790065,24.186800916617756,11.323210985506662,-1.0205128357011122,-12.644007137538997,-1.6730538021182488,56.930897257572624
-0.2851528910935133,-0.3884462946856052,1.8275672379305323,-15.44548075039335,-1.4765932734648453,-11.208321984315749,-22.558872594429605,-0.8874821261373227,-4.6324535735996895,-48.26780228426105,68.91934620663311,-186.03093615092897,22.25165016628088,68.7277768956257,-52.76652682400487,-23.19873231246337,0.6508261780991015,24.79817029238467,0.32237383668128083,-79.82717959877765
-0.900782288043372,0.591836648725214,1.6444133134900696,-13.581877924776594,0.540465425178029,-4.736180638471305,1.6823768081068098,2.0032020932041688,-1.2552837115539477,-48.787144567037494,34.384262682186815,-106.9128765172398,9.391277883667009,42.85856927700038,-21.93758373727271,-8.422023573616952,1.481336112924094,12.572770438603287,0.06655956677801056,-50.54237312641177
-0.17788390683374408,-0.04520541446243834,2.1057480985646313,-10.279435269438531,-1.0941028184657713,-7.921208752847934,-25.44992316422724,1.0996543030754786,-4.117050917812848,-38.25050166202122,48.931022144775106,-132.90219521800952,17.70292873538091,48.55760318760993,-46.60949415911645,-19.79264043433225,-0.8066764910846748,19.024976054355935,0.5424454068969872,-65.90069217402635
-0.954432552129625,0.4565661489342583,0.6749159824603327,-12.188391131921994,-1.6419002454197777,-9.165983850752653,-18.93240927767578,0.7168516727902142,-3.046307537164865,-39.91641544251848,58.370341873960314,-153.84047941203877,18.634424857129318,59.56147190375054,-48.91565153526805,-22.713613604792958,0.4962517385246504,22.340476792654755,0.6389088661839826,-69.2614550921621
0.037527859615785614,0.7893736591107301,-1.379245249425681,4.139298969370511,-0.5742632151806867,1.680715369280995,4.920768408623258,-0.8197083407785477,0.8134734656236173,13.87240209944387,-13.38725710943828,41.368051901094866,-4.117943444868176,-20.17844915430482,10.660440331660949,0.38265282425392666,0.9012102959355331,-5.320370046134928,1.4158102912139732,17.692184581368586
0.7171432499440266,1.122376502582564,-3.7405077267578704,27.71378785304195,3.0964546195919747,27.05163415524559,74.59136267386285,3.4947977803479544,14.005580185223296,91.76894093653334,-148.36157780571068,397.2774512124472,-53.844848217873505,-140.53272414305775,124.64688519896222,55.913585384791965,1.9768483105758208,-54.34585669234296,-1.42538567262542,180.24110352913675
1.3015383356388484,2.629539138462956,-5.1258718892964525,39.70155573774329,3.376601038385991,31.858062697442413,84.97764562323506,2.4345521891961783,16.33826726974735,136.79312941620688,-192.04184732534304,520.226196334969,-65.92922967156373,-182.01170226344277,154.47008445492875,67.9728237269976,0.47177297587776074,-67.82697375401203,-1.4688719607336709,234.25174023869516
-0.5654471469525115,-1.7855230519815235,2.325367065651043,-12.47196728873657,-3.225425713563514,-18.23644982754752,-51.10980232030666,-3.9859093291515144,-7.998098531111816,-42.03086901460731,91.92856717271252,-237.20325051022672,33.81150325144768,80.01294263748373,-80.48381604834053,-39.60151983298724,-0.23240999254277178,33.513602370097516,1.2539441339043007,-105.83624502177933
-0.22725037430943104,-0.011285069467586006,0.9700996645617792,-11.112237036166503,-1.4726322842436383,-11.143531784909548,-39.27977961909665,-0.11282575236053538,-6.302177116883286,-37.122206019903345,66.19777616466183,-175.66940892860666,24.38177798924619,68.3473837071247,-63.62443700872755,-26.661542926452388,-0.846004449570467,25.932813224101537,0.5111908017262912,-81.76716146341636
-1.1930317136120192,-3.057115122138425,6.39906527476908,-46.089716755789006,-3.071716765847843,-37.383733913831755,-85.56896060495377,-4.136898778743231,-17.809337597548517,-155.01889600240764,209.8480613587246,-571.7518218566557,73.75659397414796,195.12912659970132,-163.64532738137112,-74.62199628520247,0.03271912129925409,73.46867832284988,1.9116232966761433,-261.17032949541766
0.8615340876602453,1.088652773448925,-3.7030450421015177,31.40927601670296,2.3758433379842336,24.173190691838283,67.0457930875534,-0.0773494361379059,11.983850870698483,110.87884575646297,-147.7712220294405,399.5204165739332,-51.3506604102803,-141.6280992440706,123.34201709059182,53.26736314051374,0.9461546480621608,-52.98550254376038,-1.8642780808205408,186.63338091956075
-0.7958769024650196,0.2650289369252711,-0.12585747436838124,-13.165756325997616,-1.678050097934633,-9.974744179205455,-28.66622127320196,0.4037471034217158,-2.648025125446422,-34.45606662023171,63.341706595261115,-163.99187452731292,19.772154434261573,71.54943797208354,-57.01478211829233,-22.884960457508207,1.1748902602603721,24.834726022742064,0.7909033582556964,-71.48989192246985
0.03695058250596026,-0.3866676510136113,-1.0354823699175109,0.8140784691535031,-1.1495231832722572,-1.2916961924227028,-1.5173752871922344,-0.2500939607206447,1.182310410935503,8.593675392926235,3.102068918033272,-1.2282869827283693,0.37070864347785404,2.8495161584520217,-5.350078517395472,-4.9510836168075505,1.1074604503964305,0.9243228193827515,-0.5051730119243655,0.34039934653851767
-0.13893919797132412,0.08967093436764492,-1.0068411782458504,2.7190267249638205,-0.2763975615979993,-1.0444848790004435,-10.15830587109481,-0.8522936055797397,-0.45340686906905797,13.45197930273157,-0.2848886840317245,9.094051169313298,1.44401449552897,-3.5255667873427523,-5.061437759911054,-3.434261678236845,-0.2510978658056716,0.16352623078542605,0.4403154859090893,3.158470346325828
0.9317691294707002,0.8263901277132342,-1.2772212172825506,17.891573439731125,2.953501118101811,17.095105595395275,45.55354919767538,1.850575214630439,6.72248077706265,61.48103706112045,-96.5391619579286,254.44850606495413,-33.15762257056682,-87.57664626882371,79.21434662007209,38.441920431639055,-0.07689132251229112,-33.73760266016739,-1.535542048668111,115.46306425801765
-0.7281246474569805,-0.21742755190093993,1.8848185209348847,-27.02897198812655,-2.398421597886777,-19.74058543660003,-53.46448933953629,0.09532156016750482,-10.039497903039784,-91.82229620832868,120.97027663574632,-329.7492073035527,40.75331314731023,119.92218854259123,-99.27407063657544,-42.11944466905863,-0.6542339144958407,44.09635765468704,2.127602648262113,-150.0708376138312
0.3586405467079712,0.9342359327461736,-2.1376865403286702,15.181227400790586,0.39585756117255066,9.38127200802087,24.523875591968824,-0.9628273920570907,4.624392190954471,55.70932841620631,-62.41777819974317,173.58051594633844,-20.759264331535054,-62.66695068392011,48.856867414812555,19.28136949435157,0.4956246736511885,-21.49774709675871,-0.8103101375857047,81.33639967649862
-0.6213972757772388,-0.4671367269439626,1.8617088073674322,-26.68351584493198,-3.5690679753873416,-24.2829341311837,-69.7816806632551,-2.4606339395670966,-11.187762011139343,-90.33053176826628,138.09259058192802,-367.26396473956015,47.783235618371755,129.24029316714234,-116.49561666761302,-53.14415802935052,-0.19183494099963258,50.26691821925878,2.6574182730360665,-166.8704020482042
-0.7821325112541633,-0.26742558828348767,-0.589690703313599,-4.708018187518342,-0.576488176620025,-5.78867575793862,-19.83471355182186,-0.5868601637660855,-2.666343822260406,-14.765859782900334,31.040836231847926,-75.42175206285361,11.626729820164217,23.671576496895245,-26.442158286964542,-13.207012051361446,-0.6518161351542308,9.094055593213673,0.8696318578202016,-35.74907400302552
0.7739409973461466,0.11819943256546611,-0.9782008198583112,20.41537014158946,0.7626089692975248,9.72558201420373,24.46970568269635,-2.6285296225327244,3.5395206934857804,65.9931611763952,-71.29967774628508,194.55463373240937,-20.216121808401788,-74.29194209275778,55.524365993452236,22.30167164057106,-1.2871796541523208,-24.32282933592605,-1.5922328708456384,90.49370171522177
-0.5499994868669861,0.16292599587468198,0.3123739591392294,-8.607320870280374,-0.6762205126719785,-5.280638412029336,-12.066516225129904,-0.07692806321511958,-1.3765123208803305,-32.85346071789648,32.27855658857204,-89.69233895920524,9.66727865752988,28.790684342620295,-22.694126052121728,-10.321480939405046,0.19573498302567321,10.28787133374504,0.2320776576705248,-41.08071131143107
-0.6770548761823562,0.8515455964474792,-0.249192615783834,-4.078693891040688,-0.4519467677035215,-3.098756642004609,-16.001959947496072,2.3252270293436754,-2.8091565515042727,-14.495021339140642,24.404557268968343,-64.84603682865226,8.085400152386466,29.888577383463257,-26.626509283833915,-8.932806413749681,-0.8228425000157453,10.469866778787756,0.9999743411551566,-31.18305522650668
-2.0004944643553793,-1.8689649405198803,4.209014796328629,-47.81927085325929,-5.820331055518762,-44.62578204714388,-125.79189329698579,-4.066221282683998,-21.676013773541936,-150.40993838403102,251.44783221983275,-664.7125769537018,86.87545948865969,241.62502750202444,-215.71298835338825,-95.23392089349781,-0.8998283625482655,92.86680102893338,3.517737096235143,-299.59327665675295
0.011984894691790683,0.22886491944587523,0.6515057509637081,-8.094024954453388,0.9243973529136273,-3.6176852495154797,-8.669718274043067,1.4150886536329135,-2.3859708132668005,-29.45689768400375,27.944043519831673,-79.93801032892097,11.031575701431395,27.055416458894467,-20.851501668196544,-9.898744605579816,-0.4504394357949359,8.216892252739,0.45518399056480613,-40.686875894647265
-1.0322383664574843,-0.004616135684104239,0.608548844004634,-24.927013014272646,-3.488787590168331,-22.22779303481395,-59.281084673495464,-1.4732525384019075,-8.31528278424382,-77.74992491985275,128.1006939162877,-331.38446886964965,43.95487933619205,120.79957505972827,-109.01021401101454,-53.50336901176384,1.254039325803288,45.529698078546986,2.340750832447844,-153.8961286490092
0.962214612498649,-0.20395776633177487,-2.094722541229079,35.47134878987992,4.1875990322188406,29.03707439619808,76.01334407615595,1.846112505685424,11.665169115852812,119.83003190440219,-168.06249041141152,448.60192620934265,-57.89481028608011,-156.04957310675834,139.23444285699998,65.61077055759621,-1.5985779654188141,-60.017280969659865,-4.409206247814836,209.98784853823514
-1.1447672332193026,0.3494207089738379,2.03729380616223,-17.260373629507985,-0.3538370995460476,-9.778901223841599,-18.342191075342868,1.1618918151495072,-3.9607051121570516,-70.97864783326709,61.87017135357508,-177.77971432425625,21.124835600319862,55.55356526104067,-43.615523589964035,-21.32651928667436,1.3686239506308322,19.73048512096023,3.1946927639869593,-89.69854382286923
0.40018027879621376,2.653876435131541,-2.712127465250183,16.510382731898744,2.9508278325970845,21.957732494882613,69.17491708330594,5.103265581674605,10.786522578065883,48.45026984170209,-115.56491207695079,293.5056360116141,-44.41116661836847,-101.0278736364621,99.89780650648966,46.699607029301575,1.4011801168133227,-39.86513000715576,-1.2609646802994434,132.06956118946573
0.14102134261084592,0.011849509678212439,-0.5289234292238777,3.6666676163538545,0.849678355914661,5.823767595420986,19.3987862793816,1.8110280867883004,3.004227859364733,13.743902955405346,-27.90199693322446,71.70274252119445,-10.671888141704065,-22.86239585700578,23.678931822929695,11.33322686729956,0.33609268144953897,-9.991942983710409,-1.165770229550431,32.873134742447256
1.144128381142978,0.7999740897232749,-4.00239815168619,25.247360289579685,0.8096339118987139,18.063436617150664,44.97563087221495,-0.7393035504424489,9.59529000162657,98.7524362944537,-110.81512370832382,306.8929859163408,-40.971534923831484,-100.30864387349838,87.24697755823311,39.436907444139884,1.9155963699928509,-37.48582094674016,-2.004238538476103,148.3334010901639
-0.6166723157331495,-0.15670137591252425,0.8672319242014471,-17.807551222567827,-2.479613448886975,-20.195810059605506,-59.97935134157665,-2.9521954133432944,-8.42860873790574,-50.453388341969635,106.36077080821421,-269.6905695491849,39.11380623561142,95.18254550000403,-94.29701009322503,-45.48433668458955,0.10126202148114105,38.32440357583648,2.494706219754841,-126.08688127304627
-0.5713222153969338,1.1309474882775363,1.098942402386978,-7.739536820525331,1.82434282704943,1.0869652973083015,26.06439625897895,1.461081453930857,1.7685299549360363,-37.645879709543784,-1.6239888621496101,-13.415203568265262,-2.460710499705325,-5.752967623468141,20.007930177674254,7.127936747428495,1.6602608236305132,-3.8817880910675875,1.291434786113767,-8.719917325275894
1.7855516764432213,1.397802490535062,-2.7125663408415743,32.97366937970584,0.9611075509541398,22.30454489012754,56.49562130945048,-1.1722679992689538,10.06597500984078,107.35445989505439,-137.76037300870237,372.88453480091357,-46.51109050563528,-136.61642151973066,111.73471729032964,48.48558134583163,-0.0313207432525056,-47.93350486120331,-0.6623981147384099,173.788448933909
-0.8207227469739012,-2.139905324533843,4.318040810234197,-20.044372272492588,0.5428240240726234,-11.49094290153678,-19.032277378512212,0.2150435241462596,-7.353446560763876,-75.27058751745918,71.83539693854256,-211.0410976185475,24.25273499643726,67.65281351845412,-48.154598401281696,-17.787867274642103,-1.270256589483754,23.685928923386136,-0.6687466006395564,-94.89397002735281
-0.34338286304254945,-0.2221504985582427,-1.2771039608106571,2.2848978203043644,0.31304288297313687,-0.5352332625467975,-14.009236983970096,0.22717946738864395,-0.3048344412541212,8.82924596921074,2.1091922058398924,5.623604178151151,2.703909172401511,-3.6830224827375195,-7.854124254881484,-4.588328273379552,-0.9219513752515566,-0.3574561494784363,1.1902864061885228,-2.7714751553643944
-0.31037263177949975,-0.2115026937809622,-1.108047558101723,-5.073191245683045,-1.4039106570714983,-7.613135351125461,-30.290300221541784,-1.1460273058139492,-2.311482699846972,-5.714886445923518,38.43927534085443,-88.69471838051106,14.567410210767756,38.00067771633742,-39.33264664879236,-18.691032126211304,0.16773839999315157,13.504005982304005,0.6475772488303455,-42.07360713768145
1.3515420569926078,1.23754217084832,-2.711471989911712,25.20582322423595,2.750460314213051,21.996747865306318,65.35209478817869,0.6454028235482546,10.232862577586655,79.19505752638678,-127.91779140484866,338.8588459103429,-44.018938259978654,-128.51575671386195,114.33662384403897,48.023758109542776,0.10255610816659352,-47.98946248907707,-0.993792485311709,156.5093185596033
0.6929680088324978,1.6448555384417385,-1.0170957432525178,15.76948645904613,3.4092835604544556,19.396764524960396,67.88566103785033,3.6131357336947936,10.167860897291233,43.97340527995826,-107.15699447518392,272.2620328153657,-38.101853873613145,-101.07618928074389,95.70897373757552,40.930133676575075,1.2970219243262018,-38.327487367938325,-1.501088397560828,118.43263035826723
-0.5435227861920074,0.42030936499288124,-0.18697369246689005,4.192979586096984,1.3336352552574349,4.3991511848902425,6.797218400239973,1.680600202882732,0.6933398627712886,12.095948197513602,-21.321032874013582,54.43048685367986,-6.363862711662488,-15.951800622523079,13.001054392166417,7.10823007508052,-0.18607902545845537,-6.979118235953003,-0.348837298734881,21.585168742252772
-0.40249208512424517,0.3480952599746118,-0.27272446223963903,-4.717391083808037,-0.5165413440475085,-5.134101724568391,-26.422920169490915,1.2222972654940651,-4.001897137218168,-19.87873734428096,33.7575356127384,-87.41362048098487,13.586549131128997,31.37777945111044,-35.42090805511312,-15.071863830310894,-1.2654110257750952,11.359733136929027,1.7807650765713383,-45.520923983579266
-0.2981088679969658,-0.784652557729645,0.6565653889581647,0.26420792510679836,1.1324069697027297,0.328707760616494,6.080955399004099,-0.3041844112424109,0.2918326220951619,-1.2124539493500772,-5.9692516537692235,13.959414807243288,-0.50802513324182,-11.496820876292766,8.519757520392359,2.422865384755422,0.5924587059096117,-3.598820047564383,0.8033621969975853,2.553763941734725
-1.452843937090742,0.974082046056405,-0.18500723590849844,-24.312480075278216,-2.080562542418618,-18.44071145076247,-61.24353271972475,1.7189778508193225,-8.068202616269971,-78.37857802330117,118.14867057641085,-307.00201180285535,40.60739956724374,118.47516767327953,-104.67599141079502,-47.54963996151308,0.2670354336125996,40.96183471401514,3.2206605214587345,-147.3495957815404
-0.4928020208151176,-1.1351005954259001,2.758708160224242,-15.94540617747819,-0.8951415099111893,-13.031954919602056,-33.92328989795176,-2.1159847908374663,-7.6850304201756705,-55.314647032458105,75.6833634550504,-206.77806485281292,26.480256056520403,71.04193668634669,-59.96640557442166,-25.211001288149358,-1.4006142070384986,27.954874141811764,0.23722564137797153,-92.08263524088387
1.0364047764401847,1.5650465793347368,-4.2548806131981705,38.15096733745769,1.0635790862836054,23.91733187469555,52.28653293750659,-0.13836560806715648,10.178604133193527,125.86070972522873,-149.32069593448935,410.95333049279316,-48.24165712344947,-146.51075757530757,110.39573817362282,46.92516136749546,-1.0294893590345624,-50.727929386072766,-1.9123906174031242,187.01101920419975
-0.7544136164874802,0.7122048517383638,1.6082274701317631,-20.953904133588562,0.39505697511995264,-9.461286622763078,-27.517568124713293,3.9283390137684018,-4.31294472928369,-80.29224298168855,75.08434563988008,-207.9318991079698,25.783985826362553,71.12195912763949,-57.50642583127558,-25.83256281723537,0.3856029268040223,22.625915031329036,3.350477820841502,-107.19888580942377
0.5012196372828441,2.2285696757103644,-2.8573296073559074,19.76413351408855,0.9046474044162257,14.784756611307792,23.675320005824098,2.897822240197277,5.677245280048819,67.01108483215305,-80.74964909823201,223.94508157901365,-27.086136682556265,-68.49725667397449,52.29506396170258,26.201323491232095,-0.9397345796051452,-25.511802217167478,-0.009981965817635552,97.74943431573158
-1.5134937965127317,-1.8465237194105506,3.459016260922251,-36.988463279165344,-3.9890565538433385,-31.889000457793852,-83.52467047629932,-2.742404798711842,-13.69764221426462,-125.64247094739181,184.25817390443612,-489.1894494122113,63.771774961986345,167.93960907451932,-150.21843280266,-71.47646813697033,0.8649498509935837,63.68131047448341,3.2873322204428685,-225.96169171843258
1.409540101009951,2.0984979698526898,-2.359753390569201,28.5376751562974,2.908309564503382,22.433069549469444,58.85713213149624,1.8229777694061222,10.398955237642793,93.19129874278981,-134.33205589163308,362.18346738346924,-44.55781252028408,-130.4821377353741,108.83926124889435,48.16005137779526,-0.061553646821620164,-47.36800651579898,-0.9749135694249309,160.9674445467278
-1.0616207952513244,-1.8855731710058778,3.9372613029189676,-37.46679348561271,-3.6169054379178682,-30.79755089266527,-89.63859683095711,-1.8216586677909175,-15.700490164836491,-131.98630952199977,183.93087430449455,-495.5830026093391,64.34981847376373,172.23086654528777,-152.47062430275466,-67.19934839317827,-1.2196796446889053,64.98930675701021,3.439865641196585,-228.63467916526093
0.27846832479911093,-1.7756591878609091,1.4918830190805685,3.848303451393133,1.5389778420293698,5.172951252616948,26.490911398913486,-0.4341388202941787,3.0162283679023294,7.211064299057806,-33.06624300447836,78.99307632531625,-11.81381017020707,-38.479448794418126,36.89056413960079,15.770089713463928,0.32626525254318106,-13.964251731802085,-1.5868701641082004,35.46974484021537
-0.3813646255790116,0.01307226522074545,3.3504923663310757,-20.15403343015457,-1.6753812479761765,-14.641877133797365,-28.25120534318727,-1.0522907554020087,-7.594306401043074,-67.73557473999425,80.28929294505437,-231.40700206984747,25.281411951111508,87.87005128441237,-64.36762367926978,-23.05310449030923,-1.1780873489252155,33.841460879662115,-1.3021558301584668,-99.91658120315422
-1.5043570516845097,0.3702402316156641,1.778781267403426,-33.931784719612,-2.4093957772197703,-26.452563969137593,-80.86163419695266,2.249500336092322,-12.71009249657834,-117.12365231561567,166.14234267938633,-439.480111679517,58.48846478937408,160.78610491064427,-142.37097294452516,-63.4498609334029,-1.2519333019209469,57.889752160639134,3.4426354609416006,-208.80360802943798
0.4605652433893471,0.00838123859317269,-1.4646669616740513,20.009300712712427,1.4641665794839545,18.163645583175352,54.47325141368627,0.907392377555053,8.389270042564252,57.56708143231381,-101.53838095907828,263.38746419614216,-36.66729308988546,-97.16620265632706,89.68664599022067,39.37515409980367,1.3871112372665286,-37.40244938900788,-1.2988423549119217,123.37078366072348
0.9107025556901691,1.5664608412757066,-2.21327660355969,19.634913114257216,1.9604301059928844,20.712565585364857,65.76017210088112,3.239480062102513,10.393472315735373,67.11081831253757,-112.67015947900411,293.1232273560554,-42.328696041741814,-98.29264072581333,94.17036195349607,43.56015492881105,1.4878110250392225,-37.57644748997636,-2.6003212967674516,137.30386762650252
