X1,X2,X3,X4,X5,X6,X7,X8,X9,X10,X11,X12,X13,X14,X15,X16,X17,X18,X19,X20
-0.13846992344177228,0.20818726772096627,0.20677273931097948,0.35308436891919215,-0.5038817562380697,0.657708187894429,-1.0137766754354998,1.5184978278491827,0.23311751129953734,0.44728024545420586,-0.13981078378790268,0.27568986070725826,-0.42516513048013826,-0.991115561255716,0.022581623284141532,-0.781904292350628,0.9858671213925067,0.31990945628259015,0.9394197241705973,0.23171657359219627
0.9525950209585067,-1.1229220389089647,0.22705535696614884,-1.9035526378875867,-0.49823054092983965,0.2914462400605096,2.395246154893712,-0.10111913071783077,1.220777731711022,0.4270651961438872,-0.1338748577726432,0.6447716456612372,1.357604799951184,1.8625732324801696,-0.22799002764106593,-0.5508024046564415,-1.1479746280782512,1.2138637985757494,-1.1953735023721614,-2.280347197625932
0.17878597470959015,1.1489336771738186,0.488116079848339,-0.5536349174455184,1.9845607175882363,-0.9007913001568028,-0.060879955448758176,-1.6809281910113525,-0.8550268335479855,-1.39810956624098,0.0592020964694734,-0.05009979964327512,0.09862139321961612,0.32701479003937584,0.6010458780968442,0.1334063484499144,-1.1276352543582382,-0.8647802515878261,-1.1102450363243068,0.4733051597539475
-0.6000619827638524,-0.5546598186917706,0.549432870386539,0.9466500809913573,-0.6736986075278255,-0.8414842482528786,0.5669463020843271,1.0510531022150165,-0.6531142344354476,-0.9624832089137101,1.4725981086138358,-0.2112560280564446,-1.3750570468318077,-0.7353336250304833,-1.500380597279426,1.1061189716051505,-1.0609026658960592,-0.18769477622504693,0.08472887008098438,0.03626107882390362
-0.7104595046364968,-1.0577433247645374,-0.9238853815219455,-1.0195521464233366,0.16899878955501846,0.34931797195211967,0.6661324339428475,1.0624779019764987,-0.1743387794843796,-0.37776099970949745,0.44167063008544666,-0.7717358791753871,0.01712466560454903,0.5237019019872076,0.45803492201415424,-0.9596746554310956,1.7065843729219492,-0.17931155234610585,1.043868560578961,-0.5490291544819432
-1.7539584065949274,0.7639890950430828,-0.6106406439276388,0.017171630865164256,-0.15043956042416137,1.7364703663657344,-1.3783795153599792,2.075406915177472,1.2455308363001623,2.829345063653891,-0.5240314283051107,-1.6154360643410415,0.42592164980300684,0.06818287378702853,-0.12447315533688552,-0.8375614524554976,1.398700874606144,-0.17581565542626437,1.6346984820261623,0.7274460458495488
0.014137713281471542,-1.2430635499800244,0.7774309748219728,-0.9844366011553756,0.9779740060584904,-0.049780274292736126,-0.7078269920507646,0.6236488546960841,-0.7545857544972884,-0.6333575155231447,0.85681408826087,-0.6973449877190742,-0.061471175927090796,0.0639811302007238,-0.7693579091928504,0.10262926460275253,-0.07390229843679141,1.175540752004296,0.07052240840510852,-0.4922679078119662
-0.4220796060980119,-1.3185399412775298,-0.24959313059282293,-0.3238111001295309,0.6802541550697111,0.8919977874948877,0.29611720954962617,1.205633319579409,0.9647489270323212,-0.9648250727181615,1.3979946622627284,-0.6401537402198404,0.6956527796176006,-0.7387743204870022,-0.7863056436327166,0.12113888551932636,-0.058403746740756025,-0.8356441716625155,0.04850352605689699,-1.0598749620652046
-1.2887196787975297,0.5520404763205868,0.5647696090166483,0.39779331978666016,1.692035858193016,0.0019117870172715575,-0.794467535050413,-1.7241057848250385,-0.39789097559646947,0.23176169411823233,-0.5145902752995412,-2.395825153159584,-0.5914690756663842,0.09175112960950577,1.5651796583086974,-1.5679533297845867,1.8060214036590336,1.1258975804064748,0.166108126613628,0.3526384444662945
0.4381577564088045,0.9176538104181534,-0.19903947775726513,-0.22857566405812127,-1.136931907618339,-1.0012504732990033,-1.4472777712912213,-1.105031262351152,2.275733957581204,0.1013903902865609,0.1252756360945152,-0.12491168796515532,-0.5913964969370257,0.7258236018815671,0.6289934555774975,0.9359845360912105,1.4286374668738422,-0.962507802537844,1.193814665267002,2.2003860114962026
1.3891422017136688,0.2792157914525684,0.30036985429767,-1.7000181130204595,-0.206985321772719,-0.47695680678475993,-0.3245635177037517,1.2299773232005333,0.021763749959063397,0.12555699859499633,-0.5036635069547799,0.16190931932257255,-0.26171235411575317,0.0030513645852388045,0.8702831667467698,0.09518771258703543,-0.41016908100541927,-1.0507437520275007,-0.2401354194551622,-0.20031317332508444
0.873251263079394,0.23166150925934026,1.252850365526182,0.5947408093773738,-0.27291953089913285,0.2566427562425484,0.3993883013407533,-0.4831857511655154,-0.686879213692321,-0.32508552700112336,0.5554549949925593,0.20586431011119885,-0.6794428214298981,0.5604645637032698,0.23120648599073265,0.43600971566273106,-0.5913462247010077,-0.5435506461403803,0.2886776346144847,0.7571489817643454
-0.3332092224770103,-0.3118818378885968,0.23034996351576137,1.3825921312257594,0.7032899641999355,-0.1412186897990187,0.35153106429625125,-0.023833225550834298,-0.46609939878352374,1.1167997589317504,-1.0587865952086242,-0.3457235807147698,0.14406596439745642,-0.33045152538304035,1.1704403914641404,-0.016057622784238012,0.5259894862422039,0.8227626670750752,-0.3839902328503319,-0.6862996040006674
1.5415607969719443,1.190037159279955,-1.407998620651848,-1.1900429668681574,-0.930626116366929,-1.5608912445543943,1.2736047020687116,-0.4555773976445486,-0.47231402307783255,-0.8421468405773823,-1.5979837827817105,1.5756970636024012,0.4560814506571491,-0.4969841658420563,-0.39853035450833335,0.5992155485137489,-0.5890348246129912,0.013995343253629942,-0.701061414431796,0.9916038127999741
-0.2315948504641826,1.017487737550992,-1.2478515851180576,-0.36372695993692467,0.6763376256992581,0.42407965709895307,-1.556449952927832,1.0347186002139992,0.7914103761646966,0.34544853501298345,-0.18046689252935638,-0.16417920115789986,1.2768787899656322,0.5076449795435588,0.9102089060324838,-0.5360826780457199,0.5657483291117033,0.03632844511764869,0.6403258012862033,0.8450421275692428
-0.05383461785515672,-0.2508676344115987,0.8240892529927243,-0.09703502136755643,0.4770463084021916,-0.773840593705951,-1.1394597094937746,-1.2207748103914682,-1.318409862800437,0.6738496444491848,0.13805254520676566,-0.8389897104237922,-0.5511167006464346,1.4396605261509292,0.654414040058047,-1.0793461212956414,0.8008758167235384,0.9038499376786979,0.5003613596414075,-0.593925486140734
0.7536380406824238,-1.5954820448487987,-0.8462243797824012,-0.23005530621608838,-0.15307287587372057,0.7023571870193335,-1.6192149237384097,1.2886473283535644,1.4372822144711574,0.9747724212119487,2.18319751289926,-0.9601504335413461,0.25208326703283257,-1.567735471645108,-0.6397447914152689,2.0967710274698006,-0.05924776330454309,-0.034442643905965964,0.16431926063273172,0.04109459140202375
0.8477756487624057,0.2751246926228883,-0.9287873681686137,-2.4689225248052113,0.02496099898818501,0.5024656511862369,-2.043906100021436,0.2431279542387221,1.7865381254590529,0.20636699236353354,0.11505451190830429,-1.1502131594872518,-0.2882213198936909,0.5566948531038726,0.9566016604469437,-1.0167825127927919,1.9940369578855854,-0.5062905660904475,0.25099971973258145,0.1793672981880808
-1.6026795851040947,-1.884732813985263,1.9022318798706435,2.078554582294091,-0.5921218707417948,1.3516968248947772,-0.8552728850148323,0.6416748702990591,-0.6105764981984309,1.1448635133114047,1.9078162677958013,-0.6622973616998694,-0.5657978456128463,0.6552854841811274,-1.0025885576310385,0.3247429097902053,-0.4133016549968673,0.820303163573366,0.9695918596434163,-1.9751754779662678
2.973962952957985,-0.5469347953797242,-1.1617684733892943,-0.20468313242153324,-0.13622229768161143,-0.7555061902098239,0.8264502831403339,0.35214687850836746,0.070870727915492,-0.9732096219797947,-0.22244249739285726,1.422378073851328,0.4481518012445405,0.05205314015200204,0.22665522451348638,1.0554436394205147,0.2903212483200541,1.0596809918354708,0.04152379380311235,0.28807217445619493
-0.91300948725271,-1.9561094588947903,0.6801005466745583,0.9140155625828155,-1.030064432243107,0.21928520962258008,0.4321957531672768,1.1861027929337369,-0.37455187324897016,0.49140957269163726,0.87690155269562,0.24302473945169392,-0.4891042152081573,-1.3852619959700063,-1.066307587792818,0.38451763770539876,-0.38816169126319094,0.3993492303548399,0.062000964467464906,-1.3696175732844231
0.2556849563506815,1.7058485943122617,0.6611492759069503,-0.5102787638428397,0.362944156469921,0.6140608546519022,0.2982125917561842,-0.35372765234518727,-1.1271857495472888,-0.020894256858264335,-0.7634925932090434,-0.8417232941305345,0.3944506121591499,0.41453741242941705,0.2641291192466139,0.07076851437409067,-0.24531474187290897,1.5265568417452717,-1.4657282204656226,1.058458355451447
1.626341384708729,1.090310486318636,-0.8508556701889548,0.06269479331878522,-1.5521050021176424,-0.7541023210570096,0.12149173209297627,1.182439297664256,0.3899409640108544,-0.1104339825298129,-0.4538845932061662,1.533237581808985,-0.9063300343443684,-0.4075373421417139,-0.4332084011232338,3.088901477906158,-0.47915008561575034,-2.590166945656976,1.1031259891680554,2.528331230898514
0.5396037872837552,0.11511103455741828,0.28416261675185717,1.776780277106938,0.4918590055912844,-1.5192816543268992,1.5091231189576402,1.4663084456643458,-3.0627197918858076,-1.2942358707081847,-0.08506370427276656,1.1336224226966802,-0.36498472111661556,-0.33145219254222,-0.3431656388012525,1.3005912223909242,-1.3988414613337918,-0.3434090822315702,0.110781065764669,0.10343403303378723
1.1025220535043816,-0.08272653074006153,-1.4910826924575644,0.112367526622384,-1.3206822820374071,0.06837248394030938,0.07114896566379024,0.500770961514287,1.5515775675543564,0.9711917663196741,-0.1544758785260458,0.9794623519842607,1.792164300153973,-2.5818590968603594,0.4209491265193443,1.9339345746657735,0.38563004367484605,-0.12488843750533302,0.18314360070652239,1.4797881163946893
0.7510592475076545,0.15038131047807837,-0.8016313909664007,0.42946770472946116,-0.5336591427835254,-0.36835318536324785,-1.2897772620694437,2.6421096360376057,0.5607099352744267,-0.7948422460507915,-0.04521109771856197,0.5573987522930829,-1.5326078366788418,-1.0091583323580926,-0.7875166617504543,2.1821402081978327,0.5226842109381307,-0.615705557483777,0.2851219918101638,1.6398121647388364
-0.3644816720791005,1.1513468521482833,0.7932056481316011,-0.3480882814330147,-0.0022872815396744206,0.06553802875397398,-0.33654198826595505,-1.5471780824739285,-0.875584112849571,-0.5150138271807656,-0.07909414652986031,0.056163564665968384,-0.25327268154862187,-0.4514293310932647,1.1302683761780379,-0.09683305778275351,-0.20353595405198033,-0.5449939100966021,-1.3541068862195171,0.5634748928731389
-0.7071496008270307,0.6730823316135178,-0.09375993114909194,0.3839618122874078,1.0580593487745444,0.8408549402214356,1.150105357615207,-0.49890061687685167,1.0419962466372281,0.2506995370764596,-1.8473283557476032,-1.023538242846879,0.47179118823334854,1.1315547685468281,0.4344504294440042,-0.27105262344818826,0.9176382011235703,0.1501008402237072,-0.48224916521458705,0.4154244906489029
-2.223068999441178,-1.1558228579637408,1.8019976816561913,1.034630208642527,0.05567703426830328,0.022856405025003405,-0.715378074536758,-0.1801828061848729,-0.3504558360026073,-0.4914158032749635,1.820515068174968,-0.8048582642073825,-0.8425061355384456,-1.8424777027848827,1.4265646129668244,-1.0734127227737587,0.566255552249855,-0.5407090446899386,-0.07541763957301599,-0.6775488745451381
-0.3384089802352682,-1.192510315754218,0.4657430053466428,0.10338867685249054,-0.8080646117484869,0.8974733625908793,-0.3962033132008735,1.5189857293851334,-0.30776051255641196,0.6549986822470505,2.0525269741829044,-0.6342381057578379,-1.2537000582510702,-1.1153404974684171,-1.7128640910909916,0.6607000275595837,-0.6138345533070076,0.5069462712929504,1.5588269825390697,-0.4592577158620955
-0.42932691200220735,-0.5643149867660857,-1.4371130404383143,-1.4929457675740998,-1.0983499802722616,-0.37485445323885397,0.4916263266308445,-1.3966838101574932,0.45276055915269364,-1.0798693928941798,0.44528592402179074,0.47336265455093796,-0.5349307611260848,1.0102618388801516,1.047661599194398,-2.0001101563000714,0.6028744526488395,0.10759929101374005,-0.14772740241336782,-1.3738667711500143
1.046441049297794,-0.023235850406263067,-0.01692089979558854,1.052752136393331,1.2071159841050916,-1.7506517621559747,0.9833644088713325,-0.48094167393480364,-0.8833458197196501,-0.9239594128936695,-1.5963167809704844,0.6223186802271363,0.19826621709638217,-1.2205914571140026,1.1265437872463926,0.4739985675591117,0.7326056330312306,-0.3744186269315051,1.2808158403773047,0.6341775774949447
-0.04468151251730345,0.5758467803360526,-0.7678504265774111,-0.5004171655372076,-0.7718579451337001,0.5865265814948198,-2.1340690202905988,0.7721296965447403,0.503629749969532,0.2831905423508968,0.8508621186105391,-0.14763839767023626,-0.5614997230740623,0.06935761199638751,0.13482710198148923,-0.3536134160363021,0.5828377286766645,0.49986820809049026,1.7121210579316188,0.4067323252410515
1.3340873403534579,-1.5987304944872562,-0.26414769043128916,1.1973073013970235,-0.3647555563594374,-1.05877549719976,1.045386638779698,1.6525622089239247,0.6423359917474221,1.0294816108430387,-0.4679187775025538,1.027834070057615,1.9118988832570807,1.1899845951713113,1.620801882002583,0.05222935764366847,0.6510824262916036,0.9901295367123518,0.5131974891776115,-0.6834159017518829
-1.1083895676521445,0.08727836286282067,1.302791405024561,0.25736915907335617,-0.1966046149241124,1.248012354815815,-0.2615189140100937,0.6232288320787752,-0.3055613683664382,0.8732215369813621,0.1427793976758326,-1.0387093786608819,-0.025799990980625215,-1.4277729985010736,0.006881985385334373,0.012421201261468381,0.507388060294063,-0.2654906667202274,0.12645517684195953,0.3774597438456781
-2.0785322531263826,-0.5830581255975207,0.11762366505441212,0.838165955525967,0.3982745937048941,-0.6485914973328617,0.21570786086067953,-0.713561715742169,-2.3097120676174785,-0.13905859299914491,0.25244118793388065,0.6404655653885151,0.002619817353194672,1.237364467169453,-1.664388007781401,-1.4335611919144486,-1.5736332613825297,2.0637276928318067,-2.8987832904054653,-2.0267735728844714
0.9573877388783613,0.28479235285051263,-2.0320410165538867,-0.7322354087604244,-0.42454260029394325,-1.733353882121663,0.471090849316722,0.22402626618507518,1.3280762536942645,-0.256228321515598,-0.8616255505964628,0.2762148592467386,-0.43388452649325526,-0.08287399157728213,1.467468645240822,-0.16726834756001438,1.817487294939133,-1.2318976905226355,2.375956007033973,0.8571205664171715
0.17217252663006863,-0.1678508313344359,-0.5748955841372534,-0.8448156474998569,1.2025267919588567,1.016061417883054,-0.024073399750264214,0.7952364717435488,1.3941475047599445,-0.48833341702493666,-0.2767496986345021,-0.8156655737153856,0.4939841455062671,0.40834135105800645,-1.0828993164387193,1.032384183621031,-0.3796369590892115,0.36525118518006344,-0.5080565326283637,0.3054679777688913
0.41263677190503467,-2.2177236669772635,-0.16754293187346916,-0.9230524296405226,-2.1262534014151635,0.35126937560134674,-0.042669992344908474,-1.226215895779855,1.2388101184556581,0.4825749160620129,1.26004538905375,0.4224143303189824,1.4534248341763842,0.24108367439610734,1.1846150127932988,-0.1464336183720444,1.0073369392075273,0.8289714858864697,0.44219886999916735,-0.9170767604770166
-0.2538831271990426,0.18117492439762295,0.13197479777789844,0.7142699892627341,0.4712491281681934,0.7303540838659119,-1.0030679322003173,-0.23463057010764574,-0.9343134937326074,1.307144361186684,0.2496013967421818,-0.9068766539102584,-0.2868150081856608,-0.1045354112288576,0.02251918955926318,0.29678507259265363,-0.28448280009200566,-0.9944099516098933,-0.8614291756771928,0.06810731970251567
1.2773841564754698,0.026546510023410786,-0.024225623952334546,-1.5117683048893393,-0.4931768354773613,-1.1686034986652445,0.822168166481309,-0.6461369180295812,1.3315136738885616,-0.41874509623263184,-0.2997892786785937,0.8000164531378338,0.48973554981381184,1.6923618242244727,0.5355587390358729,-0.34951128989214386,-0.2226280458365368,-1.5391241375204001,-1.2911666894170353,-0.012038969552654056
-0.788822019144533,-1.138056555739449,2.621653590136432,0.8104875197378124,-0.24721141553560488,-1.6612152437746124,0.9867273103185871,-0.21222299770975758,-1.2900183811294372,-1.2993387918514752,1.9487432404259233,-0.13155570078276596,-1.9580289737010523,0.3360490498772944,-0.7703951689901282,0.39487421044814924,-2.2474935317242193,-0.14761545249651062,-1.6665459102804114,-1.8043849284083797
-1.6587472463729407,0.2787478590738132,0.6196725495160292,1.804725374831434,0.36748791104240064,1.232440645248379,0.3207178864496908,-0.5197981596932484,0.45861287684049207,2.1701938259990703,-1.1210728902281806,-0.8922698476352985,-0.504531803115707,-0.7078758274185726,-0.9914560231081273,0.10564635753548277,1.030503847468251,0.9833515105251133,1.6257657601805762,0.4145234322102499
-0.7757560421756748,-0.8569516176061049,1.1817443857018117,1.3663248501714869,1.3767104925529596,-0.050721204632549304,-1.3184822890099346,0.9123936722695982,-1.1895081544548167,-0.35346972132754684,1.1542740350002696,-0.7496766048091289,-1.2560190583885655,2.1173859072784182,-1.3910084643515956,-0.8508984725093145,0.17030644734010816,0.7343539412747243,1.202252973275252,-1.08897260478871
0.018813733802297547,2.3028390809340666,-2.2036541493972095,-2.330794636706495,0.1084643536875241,0.4456310723381515,-0.31710906203302885,-0.4059972660984349,1.9566969479528253,0.7585253904640356,-2.208168111317245,-0.8147560268028936,0.3307574985524598,0.35414389602845914,1.7699025557113643,-2.114111158327697,2.246254708633649,1.2173301445637286,0.21717708939135888,1.5339850320956294
-0.14902896429414403,1.1832808365735636,-0.6539527650849576,1.043507478106947,1.2511900937652276,1.129344543353933,-0.9395100497245856,0.5821270555528476,0.5858201613418637,0.47909380444226723,-0.9674456605052225,-1.2459337774000694,0.6289924766418431,1.2979410679895393,0.22436544452040108,-0.5834911611848,1.409586512427068,0.13617289558491302,0.954376289451966,1.4333053413970787
0.4145884625471739,-0.36909896692425465,-0.09958357383582321,0.28452194512661566,-0.023987699304833292,-1.2451859419900542,-0.7738800774256607,0.7151603678937576,0.2779065229032763,-0.8712936467880209,-0.17303838579795805,1.0216458431328796,0.4134608542748793,0.0355110655666927,1.3441071911493805,-0.9925305175115422,0.9861101808146021,-0.19851215472801334,0.23637724070536958,0.012028617583806083
-0.4862967793130221,1.1682399353515422,0.5001008445712859,-0.2592616894454069,0.1003167692963985,0.015365560656625485,0.3122324346597304,-1.7327667977773855,-0.07115604071613285,-0.6776043030125897,-1.2943013796544927,-0.35971499089092357,-1.6080712668071682,0.14447203667644726,0.8947570222960364,-1.0466686637625489,1.0192080681643416,1.2082232434630864,0.31631842158977963,0.6852836930095227
0.1219747635444159,-0.01601431098284604,0.6832774584183661,0.4249471851567881,-0.37336339516001626,0.8811709598108952,-1.7395536769362714,-0.2548134018250725,0.7670309480290967,0.2562188822636043,1.595126892088275,-1.389538061380388,-1.5176018917117797,-0.62566129165413,0.015627986296583157,0.43044193021873445,0.29741534534045283,-1.4076295594483967,0.29384027654702144,0.15265438302453263
-0.4168980764501106,-0.3903495447736184,-0.5989351038176168,0.3934554090815703,-0.9331131980820925,-0.2872086748652075,0.4835477586470044,-1.861432169129317,0.625729394308971,0.051611711486293316,-0.2500159028207094,-0.7962934597925342,-0.5483048926780916,-0.6886586879020533,0.6233793716784801,-0.09141618732807134,1.5217031082593455,0.049345142002252075,0.279987079221268,0.87387116806033
0.3289448476251802,1.4512910005079356,-0.5833301436236199,-0.22648426348303694,-0.8947247291727033,0.7926692226252966,0.6308101407925132,1.5384192064218274,1.3121049642042948,0.029883080789628595,-1.479326219488934,0.895168372950057,0.054098478811544,-0.1908161697551069,-0.7764795605115545,0.3574730682647238,0.03598372380160645,0.6284185101203245,0.3795372133689384,1.721089327302216
3.335786783105772,-0.9679713297932687,-0.7787544187536902,-1.154420368223071,-0.4724259227984592,-0.45319202561476174,1.6962526162292488,0.09905328436980608,0.6941073478573535,-0.5028075949532432,-0.6820055857271445,1.9450893748560185,2.0908983305303863,0.43146577966264416,1.1132619868593907,0.6191022596825164,-0.22760148963058044,0.9645917750845807,1.2367120069897035,-1.5213838598555955
-0.13101037738611068,0.23408121312806782,0.8248739376568589,0.06254557030358028,1.5399702441363765,0.05819983904484347,1.1399519597205134,0.5457992352089812,0.8674510133223708,0.8898765586148045,-0.23104897555415163,-0.8728118399608117,1.1606053408169028,0.9754110383870929,-0.752341820567729,-0.12337769570218468,-1.1086641028819055,-0.3351085409335412,0.07128476206879106,-0.23752939463482545
1.4476972301726432,-0.33491013652186974,1.5755977367386371,1.0725519387748832,0.6854374045229861,-2.8813703365324255,1.1322754064987401,-1.706339322311147,-0.976294018885223,-1.8196548592361892,0.02686694709817948,1.1865647707203493,-0.8335635704586571,-0.06633393750570483,1.5138225923855768,1.2126049244593167,-1.8314172993754476,-2.3813982926498753,-1.488751760329174,-0.6358241095844344
2.106934392072765,1.2415945200014165,-0.5407602421425687,-0.851405736289801,-1.4152138984140419,-1.1213984698715556,0.7892437008703741,0.20464406282922662,0.9508169736277473,-1.3303502903366795,-0.4690402977826768,1.9104698001498517,0.9964056229847251,-0.13146641291972003,-0.5018008950858293,0.5117248921159656,-1.044963072908849,-0.25769502846872316,-0.6690126462373329,1.1754335773775189
-0.787850156586214,-1.113915468643211,0.5508925246273209,2.105587156083906,-0.3703290821296562,-1.4517858597924629,0.39315506598447225,0.16758840916604753,-0.7823595817672047,-0.7680439206928672,0.7609362487626276,1.267664861834527,-0.8082468233657757,1.5796021875681114,-0.8952215635011169,0.3374036462415777,-0.4336668614092207,2.17541828994898,-0.8146775784236161,-0.20808752834341007
-0.23883156281237422,0.19821723578193032,0.6966895824235603,0.4311972085341664,0.13064492575595843,-1.8295559215664197,0.3225567771353902,0.4119156655595443,-0.2560470957250958,-0.11875223455136222,-0.9222328224270775,1.19052689747306,0.40105726585145046,0.5656308293249372,0.47074425301417955,0.6276149728982431,-1.1156266030766835,-0.217528742074942,-0.7285513937677609,0.16981702764348777
-1.4258108033036903,1.381245083665808,-0.49747597088415546,0.7343007442669596,0.4697766679885988,-0.24906321471170742,-2.0310003204958478,1.030631968379515,-0.19450026424017275,-0.6516113127742633,0.16296795288791413,-0.7332544371220444,-1.7456439485313995,-0.05621914265814125,-1.2867235120524507,-0.5566762094605554,-0.056792254505777594,-0.3382602301650641,-0.5593179650050029,1.178373544235079
-0.20714640309068927,0.18069296629798504,0.8443729675603517,-1.2233834306112996,1.530399303018127,0.16027009289836683,-0.9592522190680083,0.29394340901208077,-0.8282282492311477,-1.8267205983173025,1.0090606256785832,-1.3194212173881321,-0.5241650179759699,0.20538438111337676,0.08760864031899421,-0.7130210780282421,-0.054353854711297146,-0.24613320893957635,-0.2375800926842092,0.01943492867819305
0.5585842155567754,0.45654552935979564,1.3810705335630529,1.5779474430164742,0.0935352826500518,1.5766077011008446,-0.404656815788911,0.5390400733933096,-1.4807106575771862,1.2293085513479545,-0.19959126553464027,-0.030654958903362353,0.3375843996138593,-1.4551070670718036,0.9067386477556354,0.3285732644462948,-0.333616131282643,0.10941682533818821,-1.027707325954082,0.7623040718488708
-0.7639683993092374,-0.6106909026790179,-1.0842310619425635,0.9639939282279736,0.4250218509973781,0.572068516795057,1.4342989415327865,0.16523386399620543,-1.708922971853476,1.6294519371788152,-1.5626515204013331,0.24924902930932605,1.6943123713947437,0.11168225847020789,1.568358989307022,-0.6345332686633077,0.8666029040754949,0.12059225749205064,0.7088628661408967,0.0949598549320558
2.0838608481701786,-0.7374505900673117,-0.01259126786467859,-0.8403943670005289,-0.18336038488108886,-0.5403031686178809,-1.5437312801588212,-0.15148269166048883,-1.5172141366732572,-2.4266587169841753,2.2177921758344796,1.5703539186803157,0.254852266823051,-0.31761541424775136,-0.17916841252107135,1.1550588914693674,-1.6207928511334855,0.11403421171785484,-1.2930869756051877,-0.4748724907917342
1.309802095123127,1.1154999447933114,-0.7434951449261823,-0.48936642224515814,-2.457230196997813,-1.8610462914683967,-1.4760778727432866,0.794952450702569,-0.1655261870725557,-1.0203470235107972,1.2343622732274533,2.597507545613308,-1.0386504891985247,-1.4393875223415815,-0.19625041527803408,0.7523595428419926,-1.2654834383913613,-2.0837596647930123,0.5266630692907516,0.16064460253118906
0.6966594147441546,-0.12966588896537684,0.22275147389938718,2.0152962435830437,0.8335028382506023,0.4037212846600939,-0.07084450551085897,-0.4475424824068874,-0.074554412276779,0.1777945994716137,0.11341681593733839,-0.472268402776434,-1.025228286234569,-2.591343320619016,-0.18707700452121637,1.38174581686329,0.008998799437429213,-0.34648762938860456,1.170849304751957,1.3001310618999233
0.6403855881640197,0.5341718812500879,0.5842742190010323,-1.198341875623568,0.163618492734562,-2.3092635632934995,-0.11590927720237484,-0.26527910496456936,-0.8870040078603331,0.6202737178774125,-1.3216743446182402,0.8986941057880257,0.42161340383125984,1.8639222291756201,1.1641991109570349,-1.2856390599254117,-1.3385156966889948,0.6737743173064622,-2.0319858252930962,-0.8238515097048495
-1.0329426132136243,0.3545293274836934,0.6663772864982526,0.15402877255782785,0.44503812446429175,0.9747584585776493,0.0808134474222669,2.046923525819096,0.2217387567101817,-0.3188756319057122,0.6429416841905454,-0.37106034963591683,-0.24781702095602137,0.12748065579833998,-1.5397749280265831,0.3455319142743875,-0.11819832301435076,-0.18911575340385042,2.4136949745415874,-0.12680439929407492
0.820177999755116,0.4423896347064406,0.3941274761218987,-1.7584711800179944,0.6725190431634085,-1.4962235959583292,-1.5460641941631754,-0.45530757469325195,1.651544579539562,-0.8750716958430373,0.6309482879614812,0.24435694509807665,-0.4787412274718888,0.4113038109186564,0.41252498728938136,-0.5021540433952516,-0.9171611348528238,0.5764218202996967,-1.695275193967552,-0.5786556058668652
-1.3202902241157328,-0.037222602090145836,-1.1584552945502629,0.8453306115376852,0.6399110755620133,1.4868949501556097,-0.520286194775991,-1.0977322721070608,-0.7368654834124272,0.9875509315673531,-0.5400099996277116,-0.41786989955886833,1.2127936120892664,-0.1200351296707117,-0.35164025788687125,-1.4014302626971171,0.91264595764256,1.1778483504335082,-0.6724736451058858,-0.2852052438339177
0.6569932741751655,-0.5642828543084057,-0.42453160708092386,-0.40073654606839315,-0.22839729377661053,-0.6230209207312625,0.582059219929714,-1.1729726282499762,-0.530474292936838,-0.3002545759601429,0.1279624889017303,0.18148458676780077,-0.7925881927574263,-1.5294032133297661,1.0399728151634726,0.26920717491743157,0.7757138601183204,-0.6199003512236445,1.2747495144885697,0.471737109575968
-0.15220610447219285,-0.8406414880590755,0.06908735592996434,-0.2158692239615717,1.0843633623761795,-0.37714978243914987,0.006091588971960015,0.7133607554787493,0.21478806860980884,-0.3291768479857577,0.5019120298095184,-1.3155330395858968,-0.7670226932369204,0.5052224105704041,-0.10418053112975807,-0.031085223715834904,1.016132787366552,0.7198260484253002,1.8464114672663319,-0.49047917582217015
0.8447838922112723,1.1271826614263907,-0.39191955386565236,-0.8359977639178627,-0.2901951982284577,-1.1029627191505882,-0.22503928522662917,0.44727537490378894,1.1949376789653468,-0.28018543495413045,-0.8770344371738665,0.4091891769552956,-1.1292593211257242,0.907392889839374,0.04701825055521273,0.9978737017986591,0.3481203500531302,-1.4435798354088938,1.6921448005006836,1.413036744683041
-0.7853581383565261,-0.7748908187536279,-0.2407593235887369,-0.2064872644869321,-1.0761771720418976,-0.6084085607312969,2.230707786232954,-0.6082780309011534,0.7579427436259433,0.1945184633969689,-0.5234483697215186,0.7170923632981074,-0.41554222998802787,-0.19034809813836884,-1.0689341680336777,0.2269982589453728,0.24097088852129214,0.8738467193066555,0.592567770572384,-0.07468052582954084
-0.25695933720117436,-1.726680277434494,-0.000828039860663817,0.18487072096550103,1.8739917697459065,1.090617755130969,-0.20900656183849503,1.359077273009215,0.8455148059553731,0.05960372631404919,1.6548661825089306,-1.0693367228960404,2.0094662969994377,1.2777126415793303,-0.6400225863006538,0.4908373016290385,-0.49031231281592635,0.7012131068413577,1.1074239070123255,-0.5984448374390565
-1.6846140129641007,-1.953527711016176,1.6935429374701993,1.4597067320301116,-0.07162403937003621,-0.5102789238490281,0.953034046754158,-1.568835699093662,0.014891703637999172,2.0403946224151484,0.22735509805464077,-0.6493247379802605,1.3767586752155305,0.7592585159305905,0.264488644282074,-1.6248903678199007,0.1305981705633211,1.4777079669097741,-0.11965146653083887,-1.626367864071011
1.1383307960064946,0.4493945871189339,-0.3238481464180844,0.16691208744362393,-0.5584938150971047,-0.7795472622266653,-0.4942458760206114,0.629942190498683,0.3790945692875487,0.07175362788486563,-0.7396671545350442,1.9424424150960058,1.183527067030951,-0.003764371115566711,-0.10916812787771171,0.16978157118223863,-0.5702113173359618,0.8996124637695274,-0.8136334738269672,-0.44515363990988444
0.06561966229774448,-1.1526738405787071,-2.2735516234246345,-0.4419681442977185,0.3117206108523758,0.20757112885379508,1.9521559280970804,-0.12030268104903141,0.44799545975098926,-0.14947123053648406,-1.489407322859728,0.78809475867018,0.5646106809554144,-0.05384290994730174,-2.3356723231349035,0.8470902721885157,0.25131379443728996,1.9883036916312202,0.8950782453271047,-0.06915895419147237
2.009575431012868,-1.332554786580946,-0.7287962755776523,0.35236817189925584,-0.35504905091537936,-0.872789108643512,1.8433207803009581,1.0437592588423172,0.020074745635911894,-0.8261201576562448,0.7965307993919988,1.1308369722823974,0.9352910189420178,0.37793959093831303,-0.7440156215802696,1.7850882285808412,-1.8544614845208764,-0.5724498967648876,-0.4121051245560911,0.12680717554613008
1.0321306581770302,-1.275151781790967,0.4704370966861962,-1.6819839217933519,-0.6500134395547634,-2.21912487053141,-0.29948407763506046,0.2232818274079634,-0.38903942722107454,-2.5102762178960543,1.8679683908757412,1.4342162719664793,0.17573393986343264,0.6270905328728377,0.7403566252907426,-0.1595437022898933,-1.1657335354342986,-0.5953766354801411,-1.0121082956219964,-0.6318413365832727
-0.12167777602736193,1.4919332716682434,-0.24803767709816701,1.2459913583016209,0.9182176586275044,-0.5000344190499063,0.5133662255831427,1.0053391571692034,0.0006353603730882356,-1.2257759202222864,-0.2304939334795421,0.3325337157991614,-1.14620643699563,-0.46109848705409734,-2.776242119970315,1.991208011973235,-1.9119711581031162,0.0863718923674896,-0.1095711127114491,0.14997386061873216
0.8325153668207042,-0.546777401204682,-0.2429585935402019,-1.5331028331446959,0.6510414453461765,-0.05043174386612808,-0.9731703852851087,0.2872174658149334,0.07210376868447652,-0.39644387461355335,1.5594760059858248,0.3969698941319538,0.7808126757704559,0.4816901311656899,-2.206240926372404,0.9206592048264064,-1.88168292127518,1.3629168328690722,-0.42231929481806535,-1.5108302380365792
-0.4308228269624706,-0.6771557700849312,1.9166944104126917,-0.4360520202134001,-1.3443218417901301,-0.544039647102311,-0.6415818110959525,0.9290861871580249,-0.44625307849726714,-0.8120557040921335,2.7058434242798524,0.7688148921403617,-0.9014712284580276,0.017182285503721025,-0.9285309101902931,0.254263309994354,-2.1311030737086627,-0.293183211426012,-0.7927428101507485,-0.40636845203013133
-0.09055595998273504,-0.4077095058836744,0.5204449946634191,-0.7558276523901005,-0.5321047762574124,-0.4665996593567774,-1.8708637859237818,1.4663953877534508,0.424123943880727,1.3984246001087843,0.19362665863599332,0.21436879645308216,0.49597395378359177,0.7356073456401876,0.7019999382880499,-0.6122860806987196,0.593344513409229,0.5521917766161101,0.8870754812147496,0.05444898051107929
1.7178982260658535,-2.9402627350294597,2.7252708976319364,-1.847668032727559,-0.6751693239327413,-2.079064643000698,2.7823342997968736,0.555199890216551,-0.8027140577493344,-2.072728768271239,1.792473777394301,1.7121003548679814,1.0284341543417144,1.7905184759883275,1.010547278320793,-1.1142255852299183,-1.8038347264407792,0.8647864795053374,-0.4771346473553746,-3.499847433730109
-0.09870319059748912,1.2117003673434188,-0.06969929804498778,2.290923144241091,0.01208652250070438,0.11267020995407703,-0.5169754838636695,2.1754556522630932,-0.4939555462901414,-0.7472085981728612,-0.21204334662584295,1.1494059909480203,-1.8230849546128391,-0.7308750738541262,-1.8357088797182677,1.3548273143036496,-1.3624272275542544,-1.5069607779502148,0.4407378339779374,0.837426888347913
-0.5251136729887664,-0.8007318611257739,0.9754894329854897,-0.10086196448634997,-1.5637574239953604,1.0049545048140478,0.39765503689697,-0.35147124552120523,-0.7126015691503125,0.3227141755831778,0.0015158358778070917,0.42357942454611597,0.10061893312700171,0.3558755257337057,0.47683875143806315,-1.0335970688090763,1.0496029958873596,2.1199344171394876,-1.206524178301744,-0.3764885097854028
-1.1074151596798205,1.8017610864986064,-0.1012980068313795,0.8720150906028005,-0.4574755567674391,2.209369702261516,-0.4514182724481714,-0.6697110177684599,0.23882918168630468,0.5934445570443577,0.349299361253645,-1.7864255014335708,0.2795260483629362,0.23541690223487005,1.455204854225433,-0.5488773497028899,1.3386251729407823,0.23184956524902103,1.0521972738127967,1.4506968537191844
1.1227677411781936,0.038526560948095874,-1.3700013946541025,-1.1533481774538155,-0.056386720611127636,-2.0390906636150206,2.1996601114515633,-0.4038064563303891,-0.32267488072931133,-0.5738310942300502,-2.0571608959015757,1.8614198737232475,0.24721269001830284,0.49128919441238367,1.7055066399813563,-1.4318300789509442,0.5851445882099043,-1.4341661839003503,0.4621056235471546,0.19078636380874583
1.8613532002066289,-0.324448710609037,-0.04643553939476575,-1.992596526013517,0.5832892960132927,-0.2725219704172964,-1.168485472164521,0.02697326277223332,1.2694509364220095,-0.9979432535527044,1.290187683312564,-0.6209070048356176,0.2402198494752694,-1.1951656886242514,0.682665634942778,1.301317557974918,0.38643938990590215,0.4574281270739513,0.8205969772509802,0.055894131806768534
-0.47242939045208665,0.7253976981940603,0.6494494300951853,-0.5284474353215455,0.13723663488041127,2.2691786940276617,-0.7411954401036801,-0.5595452811336752,2.311347423922432,0.6748791479125641,0.32137034306292717,-1.2716831941621363,1.5377017817995515,1.3725824942844946,0.8960905067916478,-0.3324630686404875,0.6557243564390973,-1.7652477983776669,0.004743552919640262,0.4662069893721664
1.6052118258145385,0.7291520725543973,-3.2786733442637988,-1.2658325878552965,2.284235509564929,-2.0948493615826256,-0.4517189013651305,-1.4120132014061417,-0.9151292998358572,-0.4789340330119664,-1.6776052218250936,-0.5513582353625649,0.46976945610182214,-0.7818310999917771,1.978546777569499,-0.3985153020567509,1.212195288032217,-1.7259762949377881,0.10828947452117964,1.041708596312213
-0.3338328720867537,-0.9091291066380189,0.6825037065071268,0.9471720037739405,0.033525147483478124,0.18003234179730845,-0.9862496336005654,1.382134623577039,2.2060178388161162,2.4530040950940597,1.3654064546192302,-1.2394993301586879,0.2407420635325952,1.4865311526636635,-0.3983159430322823,0.322002021772097,0.4537837320890001,0.21059019049085198,2.1907357965640095,-0.5829762844797446
0.2524891246780432,-1.8797803616559774,0.36929572884054257,-0.9408160663545098,0.05957961847004676,0.223139729946916,-0.1836157141647552,1.3517699062813306,-0.08615346820721859,-1.1799253396032754,2.3287227278294402,-0.3008031555079682,-0.7842125392686689,-0.6071198496361765,-1.3533680344216374,0.20702575193397094,-0.7869380918036204,-0.15103597101465355,-0.7864143530669395,-2.3682672609858444
-0.20402297484777632,0.05514423763344402,-0.5275656556767914,0.030402588548238234,-0.9876975715742401,-0.214395850324509,1.3435571905196442,-1.5367297128197261,-1.2846731109958875,-0.7465475386986324,-1.8051551591830621,1.61190758252853,0.4261854140783981,1.6531097349056467,1.2027112775398296,-2.373251173487486,0.8724972214615093,1.5434011700226613,-0.4579020417747667,-1.0382816127892855
-0.011205809556662049,0.9945580220364326,-0.30968761722858446,1.2603267388475592,-1.2696438067591878,-0.7724595337787181,0.21044467249575516,-0.9493392197957146,-0.25159700802262314,0.7183948170679252,-0.24200646413071822,0.8548267774069769,-0.8608759140205743,-0.7923597637603822,-0.46733849290264945,0.7172457560630211,-0.7123446930820975,0.6219101832387323,-0.13729207225542797,0.5296935963867979
0.26633958940273694,0.058297941913822586,0.11409501388400103,0.3850597053221152,-0.7477272947556799,1.4666147092562456,1.4576554262941717,-0.31592847307812594,0.322326183101688,-0.3756810704474376,0.25384171099927466,-0.025974838033990023,1.0800469144997218,0.37996347227826316,0.01963851692427669,0.6787571889074334,-0.20560883732160784,-0.3602006064514346,0.32048431107646097,0.6505679676082929
-1.3895921455974303,0.21841333344865757,1.53832761827778,1.0422059479274077,-0.316212378199355,-0.1369088945636969,0.8202227622715366,0.047203001661760904,-0.04842836585693279,1.2053506377000773,-0.5637753649184808,0.2232614951246943,-0.6812910676306934,-0.27032231893072595,-0.7107533767851565,0.18450636996962028,-0.5197078513608382,1.3862035386317257,-0.46828518419512627,-0.25542417603903783
0.3767243060595897,-0.7697895618612133,0.23145385142297706,0.8876239466346365,-0.31906789882699726,-1.3351579454505336,0.7777612741478971,-0.3194086618858096,-0.41808686383335153,-0.48276290973491787,0.46826203365623276,1.2378113633592447,0.13744209557591566,0.28827791859365354,-0.34731509967506075,1.0263357760515093,-1.737721449232694,-0.3677234547812773,-0.42343453498454303,-1.6223962937390746
-0.8481435066492258,-1.110370550821028,1.4143994520559744,-0.10151630481800153,0.4113328155963432,-0.7743334701323882,0.40973737281233535,-0.13518958986500543,-1.3028049970968898,0.09348061567538209,1.0802071969615081,0.08243943802538037,0.5418601667141134,1.5365641003752253,0.6626418832692341,-0.46894862577256985,-1.1039330240075373,-0.3145987384408423,-0.013799353663722534,-2.3281131609564607
-0.7438057543758744,-0.8527912985703289,-0.672890324309664,0.9097316289144565,-1.2124005726703637,1.2532695622245973,-0.8205999358800761,-0.26553725364732333,-0.6720996473556312,0.07919672962983662,0.5689240271652396,-0.40953779433248905,-1.0441913228369226,-2.0441408996661687,0.24621977761503738,-0.18691187097952436,2.3810957737136014,1.8787519621337891,0.9139337463187216,0.28559773825516493
-0.6401244745191806,-0.7174983910592282,0.3637349350889197,-0.4736559547744496,-0.4574358706604392,1.240090206242595,-1.4962364949866394,0.9608816436684121,0.17674860560473946,0.6767750953502686,1.681163023948276,-1.1775651061711367,0.4088544956867497,-0.008274841193632651,-0.6530763130781997,0.6968142186619138,0.26675064784966157,0.3699042056847059,0.3544282102387068,0.44300230981618033
-0.8152572361579511,-0.42734737589226907,-0.9901785755395007,0.15346985533231494,-0.9201213807168654,-0.6483528751592068,0.16031430742633968,-1.5707073284687698,-0.35773895727075455,1.8967089053700845,-1.0536090953867903,-0.3475282617251369,0.504202509467217,-0.3348942220134255,3.195275017073111,-0.9330579201779221,2.8919239382975483,-1.8985438024471735,1.586127021085795,0.21987336698370397
0.6451563125687274,0.4752998974060557,-0.7647893568844141,-2.1762346370264263,2.1184409079156836,0.3443306985381719,0.4564514235383658,0.9699041777608824,0.335418128105386,-0.9859528828358947,-0.4221316445648356,-1.1290504986658243,0.12404273284881095,0.4737986847574625,-0.29564640368425293,-0.23606809866571643,-0.3048622792039894,0.7701201786970546,-0.8398299841305912,0.759512531515447
0.15732862163296543,0.44165221223500506,-0.5814550867179745,0.7167207763165206,-0.5247962999024292,-0.04347846562328208,-1.295165561521224,0.18135782924288488,0.8630606146385207,-0.24397526668166153,0.05038116075848958,0.49064174038687247,-0.4859818159883095,-0.6559573893976777,-1.592441151065807,0.34874784409633897,0.20485680546224436,-0.8459460266846587,0.7392852953442794,0.3756971305635873
0.47583496176371637,-0.8511940029280767,-2.2545307446924614,-1.374472609390539,1.229460714926933,-0.3699095923409674,0.7976940291089935,1.0724097697849908,1.4410976623788332,0.2285181992145407,-0.7005845183662618,-0.6875124329040464,0.9765022076697113,-0.7818172786409927,-0.10173925862522365,-0.5629116283220656,0.5789393069663289,0.099855719150671,-0.9122079482193077,-1.045054745503201
0.7797676222082116,1.455115247490387,-0.21054554219797011,0.19479229824552988,0.012786142860915142,-1.3540058391044356,-1.077901190731146,-0.8439649660819016,0.20081224819473537,-0.9114940566087367,-1.479882456267719,1.0354964132365854,-1.4007163651414114,1.1256864605216277,-0.3967674734465314,-0.695034046513699,0.08300696212293995,1.3562500861382565,-1.0246755450849587,0.4413887296724188
-0.1410187711562256,1.7851591611020843,0.1132197135446286,-1.3139240817054072,0.8628768369512416,-0.7458653406956961,0.28381785876165955,-0.7428644589111929,-0.359355138374851,-1.3229623385447855,-0.7938540768287068,-0.25189277248932,-0.9976764166316935,2.14738528596255,0.1643877587074682,-1.9460271772884483,-0.6959476907530283,0.3467292064483111,-1.9524708122735421,0.9467466100719729
-0.15527453536711835,2.0498959132114907,-0.34611314150942984,0.48114174741527904,-0.89560766371205,-0.06376314299710804,-0.5767968055266749,-0.3217337305202327,-0.7845221471489182,-0.6595742170904129,-0.1442939367450996,0.0560028447100532,-3.0323885558771684,0.4545444592904476,0.4685578351522273,-0.06502447342109116,-0.5455480008966397,-1.7906347647972938,0.5279928839199834,1.2458726932017024
0.5449474661910818,0.7615041510850787,1.3113145541560889,-0.9255465353245442,-2.324366264434735,-0.7471708993097039,0.24441306551618588,-0.028340310654677993,-0.009013048737422218,-0.22591243147500253,1.0606246565986925,1.330362401825122,0.858369959451655,0.008096755838562541,0.8148957275668369,0.6870417524041253,-1.6672044049488464,0.24587649664851577,-0.457895274080992,-0.21990221430191928
-1.0410625955299442,-0.09379553932760201,-0.7485511947516851,0.1314926937097483,0.3267212472279918,1.053881399466473,-0.7254386639221683,-1.5955858805836733,0.279626709353371,0.07871237008415824,-0.5131642572602717,-0.3785678058057157,2.0427881458823998,1.7185804311310733,2.111462842883149,-1.8067612327319935,1.2165284004972607,0.16906614289080793,-1.2203953209160145,-0.5084363258281056
-1.2101955969736145,-0.5125430143485994,1.6218290444110626,0.08582875217970959,1.2518023416510975,-0.8680966154477219,0.5631776781414662,-0.9605887821947554,-0.56574642530659,-1.5969305783466041,0.6954120251446265,-0.7446833149732835,-0.07845751699546259,1.444091401405319,0.0008576940081446716,-0.6064175254014442,-0.25886356000552396,0.07071652446608243,-0.5316606342223509,-1.0866148566471017
1.1274682551352706,-0.0931795047150003,-0.3924955745188583,0.5694984894690053,0.44148086789227975,1.0277227828362059,0.7344482655846026,1.7682817092366865,-0.05657772673990906,-0.28314453307773413,-0.751726607790289,0.10179167253814242,-0.6133717018218668,-2.2642669023940694,-0.8302606768072353,1.2371152711269975,-0.17204255060659554,-0.18995770566209635,0.9523481134084625,0.7759675088314613
-0.03748574091009377,-0.9698708437459728,2.5629322478378422,-0.1570216689882037,-0.8004876239736345,-0.1252867792156316,-0.5967320733533823,-0.020312274182737285,0.24905530828191946,1.7771351302588585,1.5514807475048087,-1.0820210508867634,0.26826023555332956,0.8050319947711342,1.78992749362998,-1.1726469377880635,0.30250315063945205,-0.9821318534925266,0.8284624492338716,-0.3450531910929577
-0.18674356754255506,-1.3608566410094751,-0.8387238425077563,-0.4072792380527561,1.1987684043424613,0.39449581884105894,1.0306190936574513,0.39534410378674517,0.18068473437130922,1.811223542882926,-1.1969896459989522,-1.4967252368351496,1.7408586108167825,-0.6414135862059209,0.9173040746407796,-0.9092717212121044,1.9686519715351796,0.1618036147399064,0.8241417022950255,-0.009301698010788553
0.3269434178249224,-0.9577332151096859,0.5233761447734685,-0.7345018544404587,-0.47488013678767194,-0.925417360454063,1.174575617033094,-1.0847356568267006,-2.0453563006159547,-0.5018537481139965,-0.25772978036188654,1.8111221641969746,1.581808188272198,1.3624304033458123,-0.8824790616261574,-0.6544157296829959,-1.8423772013209334,1.23951363361481,-1.919712456719512,-1.8669821753510059
0.07229908052844947,0.3531686870871749,1.3613139116902397,0.7238091602376495,1.3542677348715753,0.3359162228519559,-0.1226893990746152,-0.4242505050055645,-1.7712035338257952,-0.1872020148543622,0.5050605344437356,-0.9711485354718635,-1.1347950140058243,-0.19835228353591505,-0.7665180708279602,1.1932883396897522,-1.365303982557978,-2.226725780766316,0.4919722816230661,-0.4288273757360616
-0.8464876099323455,0.16328325873767136,-1.3665418554861386,-0.14952187726102767,0.05201009936769336,0.5150429872413078,-0.5734262010298891,-0.20288332243642807,1.6009780955101953,1.4837939037425458,-0.8105754359698369,-0.17039548622607292,1.6661455790317736,0.2555143527930969,-0.531157932490127,-1.601320479449776,1.0276829987917662,0.037170563173024584,0.08647800518080494,-0.180407987288029
-1.7145370879472557,-0.04931463585498484,2.2380338858996907,1.2231754958971537,0.10065275752763839,0.8676745749762037,1.2193271422756793,-1.7629236786471163,-2.4491197744496964,0.334376431853224,-0.2424118169333912,0.0233135479012862,1.3092175667391062,-0.19380937161065487,0.04414688586795311,-2.5972329043851135,-0.8427919389759843,0.11688643831110618,-1.7068063976394081,-1.0171269995639312
-0.5353803954907539,0.05997491742209853,0.12052427273644736,1.4759496810855113,-0.4174512624270008,1.053453676423353,-0.7338856897710453,-0.20908075480778726,-0.4232445428038726,2.197966617687599,-0.5508547103876253,0.41376472454595337,1.2348973946238126,-0.8245021934302941,-0.05950167214231668,-0.24547632167387975,-0.23719717693479214,-0.1876759245657608,-1.3101420399854675,-1.2807990861297753
-0.5537384238269374,0.3156021936517571,1.3413185813354729,0.5368655202874406,0.30398022844409056,-2.0788078314548084,0.3035253735932671,-2.4055045668868584,-0.9297225416216092,-0.7341542157090337,-0.4121509893468937,0.40980978439926347,-1.695624017619218,2.305660231307166,0.9202309188238749,-0.8954688655045455,-0.7649294787837386,-2.234241100494228,-1.426822932698835,-0.5459585328200823
-1.179752262967627,1.0145519172020527,-0.27266398536738173,0.2972865845123951,0.6146927375319936,1.5021939583563013,0.683431622607287,-0.5235209676581,-0.49445190483036544,0.25983512932413355,-1.0654910667582702,-1.1228513956682165,-0.5880851359139551,-0.6295896188424839,-0.5600122947841915,-0.20148506524490573,0.3725993153675942,-0.3296577758763396,-0.6258338705410914,0.7786063287861338
0.8176906928061205,-0.045462838527406894,-2.2293725642171696,-2.37553484226627,-0.8156554242695851,0.6011531082468239,0.7466962721538616,-0.3466496000457747,1.0024067618418055,0.489705931138293,-1.035219383738714,0.9305766831583424,2.6276383653185738,1.2482241677476562,0.6920711684216807,-0.258383466039995,0.6331035253186299,0.5984949795482505,-0.3227548422984724,-0.3691613370068579
0.5724479497644641,0.7983266527810016,-0.8392657079017699,0.6069882133980055,1.0740046106097199,0.9194349280287176,-0.28125230068917173,0.4380561315939171,1.0114530282031957,0.40487292488365056,-1.2431784119760143,-0.6871453131673044,-0.3038683329021415,-1.8488076873878703,0.10879910808087374,1.0093902013378317,1.2672871746756398,-1.08839406915273,1.5683888801581116,1.0760323839147918
-1.418397719863561,1.443003461080625,-0.49838175616027475,-0.7905939576131513,0.617201246613393,0.6243703151530721,-1.2464982286247908,-1.1808053804525196,-0.744212437588255,-1.9787044118964099,0.02208930384206613,-1.3264057248804542,-1.7240848019743373,0.585156979732253,0.5630797919396978,-0.3374817189239256,0.9643731046724068,-1.0152320557390229,-0.2915750633450848,1.2197181391306133
-0.35946540748126116,1.1384694857158328,-0.9223689573395101,0.8114665898801453,1.8819169801227782,-0.5522377048217283,0.8014419105434115,0.2890766924789957,0.45050806422508277,-0.630780501872415,-1.134274181487814,-0.8603458732285015,-1.402612438941662,-0.5840905891630974,-1.689759050345289,2.2518241804194896,-0.5705849927708863,-0.09768727102162955,0.6524882313829458,1.6535656084673405
0.6930980558122399,-1.175797857190977,-0.15706452370537588,-1.1381464615115273,-0.03754261733529661,0.7188725124130866,-0.6136041255831468,0.16922670996050282,0.23689603800529263,1.0928902132998632,-0.26742889509112516,0.03138030604431202,0.06374374128372713,-0.24754403162391728,-0.46750468014517904,-1.0616631134745036,-0.4268502651612413,1.2512649460578318,-1.502427886882966,-0.9921543936146598
1.0967958415238155,0.8219149853359485,-1.040887196424071,1.2146016114223424,0.12196133883989092,-0.7382683606791426,-0.1887008011553186,1.1557861741489985,0.33896997269175244,-0.061091967962734604,-1.4736820670915443,0.7506733071415475,-0.5928152383681976,0.7602334226285361,1.7461884679153175,0.42141399397343704,1.3953828595220976,-1.17498253299444,1.3814628332482002,1.1899188332248496
0.49734432499055825,-0.48360302733327387,1.1406526897110314,-0.9745966431134101,-0.6611145108909586,1.2120841781769083,0.24165026398439415,1.0362758929280194,-0.3286926320390891,-0.3715387564466283,1.21676141998846,0.34521740025472786,0.3386797970093431,2.139265695909105,-0.2877864277615981,1.666855372997816,-0.6768303349327696,-1.3441544612345357,1.3879822088617624,-0.6638896128737055
-0.5496620984358487,-1.0242519675677146,-0.676226768916691,0.20188530259358098,-0.33198591058020127,1.3911570302657437,-1.1832414225787715,0.697664532199815,0.8682245127101272,1.1452365692367532,1.2066382039256787,-0.208040179716875,1.38386139192991,-0.7102502437002683,-0.7238454403709997,-0.8907220592984596,0.7586546583111364,1.0860345075443847,2.3440547751871916,-0.41746026620694526
-0.6512558299941638,-0.8184647386648042,0.7025823918490599,1.029423844840681,0.8991245578370209,-0.12043447761441206,-0.9720516505674067,0.08344222929235486,-1.3693951552063384,-0.796099871865718,1.476627816974188,-0.03558187169225115,-0.6908365482938057,-0.7181603933834729,-1.132874362040183,1.0228151141469985,-1.2509508937892355,-0.7017002410995519,-0.1543141931266607,-0.6591905424479804
0.6660969788898584,0.5444193528512293,-1.0994756907915213,-0.055639299770783295,0.8360623886973616,-0.7642733673856074,-0.13414360278585877,-0.9506375082399559,1.1855700103612739,-0.7761278250511577,-0.44905130879008587,-0.49065004972945314,-1.3771070060925117,-0.3416708387594138,0.565815887995148,1.3750955373799143,0.14082558210017126,-0.9154074059280677,-0.3863015081253361,1.1241271109303321
-0.29299066909140736,0.4227381198997091,0.10649398874320079,0.19079541295999483,0.2499733984484379,-0.8510257422499793,-1.0029515888198486,-0.16106545465689845,-0.3295146764919521,-1.4826688342468604,0.7391611372982112,-0.0016489986004401156,-1.9026545899828071,-1.2818660469383023,-0.6722465730857653,0.04589802942106211,0.011032144635666279,0.1304610889897926,0.10013338143947377,0.37189533240002604
-0.9024666389168562,0.4531718949010551,-1.1802302323015101,-0.791160504417709,2.5615774796211213,2.108863093283853,-0.8431941477682608,-1.7490911496929449,-0.3360128480357926,0.5715058783913963,-0.21622220653465082,-2.804404681708328,1.0472942671793446,-0.8930367637002877,0.3866839758756398,-0.43578097564772683,1.639163562270117,0.11954610799472819,0.879478853349986,0.8519621119782343
-0.32801337896015376,-0.9333953034528237,0.6075603090918746,0.8170997313263391,0.2674423650049313,-0.8157502867252475,-0.05402497489724331,0.8926310999126492,-0.9072353116806524,0.26761105211788466,0.9643350689321881,-0.37280472593422553,0.14733188851766288,-1.1504131052235698,1.6940668849354132,-0.45621919897285773,0.32755033679224566,-0.31492488268134894,1.4083628793643332,-0.10905564792242528
2.23064506591478,-0.8359043149703275,-0.5770635171844666,-1.793209474986495,-1.51104709660974,-0.006809081955195039,-0.6397032778430393,0.8137230880008971,0.3992170585870204,0.35075079129951026,1.1814760249566325,1.0189037888466888,1.509359887748277,1.181272541238918,0.1857138898891873,0.7369181908808055,-0.28086548274236384,-0.3370604148768826,0.6240370708734755,-0.1776824861395389
-0.17837476048688897,1.4597284769925296,0.41389205013370406,-0.5039921409785444,-0.04516486081734346,2.1083069235854786,-0.4042991032233963,-0.038076896119184404,0.675205747707541,0.1191603432491012,-0.552888521827451,-0.854028109531501,-0.9941462453851226,0.11644897286944733,-0.8030776798180284,1.598287601700837,-0.29182614478878915,-0.2873318097595528,-1.5933340926293451,1.5036829029079128
-1.4931955288139196,1.0139018150628603,0.38305142608343,0.24309172992026548,-1.6046142322186336,1.310938589285756,-1.5642094402094135,-0.6182979788536014,-0.6389091882441945,-1.4482806161790682,1.4506208733318438,0.3807171945991316,-1.2898815126886425,-0.6212635304120376,-0.8672684704392509,-1.1675701575661577,0.533890789615963,-0.04415760491194437,0.2633617692538575,1.053839436485048
2.555522013241836,-0.7140118183720773,-0.9218550708960083,-0.9759479276988504,-0.8464043332428106,-0.940608937823285,0.6280350334960819,0.08433971121591613,0.7663688045071682,-0.34115334464308167,-0.10149341823360464,1.0917529988512609,0.887974900551634,0.468053385103655,1.0203824990614012,0.9319944503816404,-0.2231952492592111,-1.736689827734702,-1.1043358462738202,-0.011120897620283093
-1.0992687561215029,-1.0152393414522516,2.110447766622014,0.3362812107931754,2.203950964800559,-1.868248529024318,-0.7521791810147895,0.3630717082711197,0.7098516946289218,0.06355986264281893,0.30564454790052376,-0.9276741820046652,-0.5384409047182317,1.2031583075999355,-0.45528909311098975,-0.052054095305418,-1.9098126051080049,-0.6774105420992081,-2.0226084137576716,-0.9568501591546609
0.05404321637248006,2.4962484125404005,-0.38958055628109944,0.8553261223310679,0.028391712353117392,-0.5643187199958056,1.8453806048311259,-0.7214147814894923,-0.8144202649026917,-1.29643851895889,-2.1415982073195505,2.074572345204074,0.48079686073208944,0.1774110362827951,-0.9593035810668765,0.2576468606292289,-1.0496552120797835,-0.16213872673629887,-0.6615456945473763,1.2371467196919592
0.016943973551283794,-1.3254074848971837,1.0220924899081005,-0.999882490329948,-1.1220203816267331,1.0875365780556883,0.7137522983172538,-0.7153709619666425,-0.44323868571674,-0.7586764989785582,1.0890139493067819,0.8978910826647793,1.5590914540103298,-0.6167188098584713,-0.24006121062323416,-0.6962421808030961,-0.8211361243903508,0.5333684405609675,-1.8348066628456112,-1.1958732908826641
0.31300468416546184,-0.10274992732145183,-0.5603754713004208,-0.25047613291264814,-0.791972320187373,-0.2967345330220997,0.00632990664838489,1.3819446111429572,0.5918282940225367,-0.187203587726226,0.3599988991559288,0.22468763014492707,-0.5402521290531688,-0.4144683738900209,0.46634908140731746,0.825321149902524,0.3608673396039102,-0.49721461406207923,1.346317490579991,1.324985572302441
-0.6122040292172855,-0.7055436568077388,0.4397415149518701,-0.6937456715991812,-0.07688945800641382,-0.10086348590078663,-0.2583307475566917,-0.938107101722567,-0.9247537670679115,0.8921651033135324,0.8603872951560279,-0.8196182150349898,0.21980446766997086,-0.7684347779127578,1.2450478909530327,-1.233897115288855,0.004060612472752076,-1.3244062780417396,-0.30099096740620557,-1.1028396193316843
-0.3878240585444579,-0.6274257561533119,-0.6123232117187787,0.5721497711149583,1.4461649377163992,0.6343313731216154,0.15615804128927543,0.7826162057001471,-0.2957809629869278,1.8753325475813256,-0.7830093623533456,-1.1952829622693493,1.3208631221889864,0.6239649101919531,0.5512094837217011,0.54941470850493,0.7008774368524732,-1.508057084333327,0.24705883446307372,0.1912029757714779
0.3924344610953624,0.28569273826589775,-1.6712458931503622,-0.4819841997939168,1.042150260752358,-0.7472927821837231,-0.0948725513834481,0.3785484753490095,0.9071070042990814,-0.06649217282932834,-1.1067583821839213,-0.06872363471973182,0.2469631754809442,-0.008846898342636427,-0.4373693154784426,-0.46745873468944765,0.8871594843799896,1.3141828866958303,-0.6623876961640116,0.7348647918300728
-1.934768646616993,1.2402431325611676,0.33981096308390474,0.7703537200475957,-0.2235570090141467,1.9522881878834029,0.9287776139061412,-2.3852138276416683,-0.5448423295245297,0.5875062502480322,-0.32361810983846573,-0.7512264738678369,0.29339867013202703,0.5858808866194203,-1.8612992244571231,0.025579840244691024,-0.9942668239327862,0.7934365357147285,-0.17945227891923698,0.09812207523431778
0.429315048394662,-0.3268988174220792,0.27915498882230333,-0.05552017747556402,0.24623967919747117,0.5912957404556299,-0.5576005961961629,-0.541558129557586,0.29778542217441806,0.8648494875278998,0.7434750198803481,-0.6262883710267622,0.37775214585498607,0.2560692805137066,-1.6390026718494042,0.7975985349610507,-1.1708306334924905,0.5931308894221368,-0.44059483614289924,-0.2131943796195648
0.6988493426108641,-0.2479519368007123,-0.08680611182586187,-1.2588676792621953,1.8111063793412472,-0.4733362672803328,2.794161423554348,0.6375922703116832,0.4156325662614888,-1.269189598347023,-1.0467700157388802,-1.2578877260725054,-0.7310971223544761,0.18581709732423368,-0.7913046896647176,1.2858246019467083,-0.43140508834535984,-1.8401915085605811,-0.45820886198762917,-0.5516975904540957
-0.20701906317977656,0.5103877311130522,0.2350252745219998,0.9766674830281814,1.1758632248520386,1.1726000801975542,-0.4908290539961728,0.5531401645397186,-0.2742941704130444,0.1244184873555062,-0.5255745321509895,-0.9433374954322781,0.13960163816682175,-1.4569798321629985,-0.6268971481787687,1.9783208307223037,0.18145765551522308,-0.46538879268614136,0.6677496363699926,1.3937278697574167
-0.19048555133783107,0.9363686581180706,-0.8372033765850375,0.6561359388873227,-0.6517407740685723,-0.7658389749785889,-1.3749588651040257,0.3514669439585761,-0.8325555398437522,-0.7791996549160578,-0.02011730402042801,0.7849762514446407,-1.2524829450046555,-0.20897934878642416,-0.2133342582103301,0.28741569672397194,0.11768759992870624,-0.013927697502736066,-0.611941930051242,0.6383920654245143
-1.3153062491302134,1.971920879488223,-0.4630479945395802,1.2838681838118426,-1.5883289947473973,0.29608712170521084,0.3173805855160713,-1.0140543476289152,-0.9108355637220789,-0.06688456903736173,-1.2613421983379187,1.2207287518857601,0.5361992946741033,0.5370930347860814,0.9534231926433652,-0.10835180070179577,1.0718390938233218,0.4462735175852789,1.4206485669849496,2.3260923268202998
0.976258572436966,0.6763732667530514,0.7929079040459763,0.15609080625673027,-1.192347988977301,0.09735061481180128,1.2055133668300486,-0.9950191952891351,-0.07312541520026644,1.0726038978603878,-0.7660302836331875,0.5668676853428579,-0.37940239459140707,-1.3115002210450843,-0.5588115963269462,1.777098003366712,-1.0503344631930132,0.47027287238217463,-1.3467893974220664,0.6830126356261549
1.5491843537607408,-0.47846546832799347,-0.38405733975064743,-0.13636453332490653,0.6360620893339258,0.5212247839936696,0.36188812578490304,0.8253356338143288,-0.3271962667288363,0.4841222028933195,-0.014257530464593528,0.49080122524964126,1.4095243497939292,0.3405863092295443,-0.8857156156620837,0.5429845280442477,-0.27443062996693995,1.411717176351326,0.12618224642536507,-0.5610497923895491
-0.6248478854643617,-1.3723176038460856,-1.754536213364773,0.0545540610901692,0.2712740159673259,0.5070208467900961,-1.4062276416083632,1.8931851852216879,-0.2710263939695321,1.0708397991513576,0.28638282933050807,-1.2672886343051466,-0.3844628377013737,-1.131056419695879,0.2671935036011219,0.23671278179909322,1.6985064635506149,1.4219807610847874,1.2062151368112186,-0.5425363733168105
-0.7574045204585754,-1.4029297379154277,0.7134498123096729,0.2679017306304528,0.13517056931670401,1.521257981656417,0.423928307729291,0.11776675930961959,0.5934888373816267,1.4670842377679094,1.1563084679568576,-1.472980388027393,0.23424712729671063,-0.6981055712437754,-1.7299947050018567,0.4269153613702897,-0.09306252962255053,1.9741167208656962,0.6870475930994868,-0.7621104119064823
-0.9800617543254523,-0.1378986240447213,0.9990711335564568,1.043016022843491,1.619104733724804,0.29639675452155384,-1.2602273172036238,0.7015847863698937,-1.7981558386854448,-0.32743395635174305,0.029050866363400787,-1.6598373281476486,-1.2365069467802774,0.08331008140650599,1.21249945692087,-1.7497335514030197,1.2213897864624244,-0.04520675623231435,-0.5356763237323149,-0.10720469435976339
-2.1112925936982085,1.5821301157105763,-0.041724495207474274,0.22840122132266635,-1.3213747467853598,0.0860624335297561,-0.49575962314125144,0.17340039079524858,-0.3378585174851712,-1.0509101507471381,0.03541585797092563,0.38334391890055913,-0.5644596149484568,0.15268559146578542,0.030280933955534307,-1.3820442063712988,1.0162646026478512,0.3027283946097166,0.8437852149876435,0.8103886779347577
0.5670760393452488,0.10321553189544905,-1.391284281839351,-0.4530040569801327,-0.48264724794056724,0.7445687198232304,-0.8137719599548351,-0.28450429473380784,1.5847485883917884,0.02140738110998431,0.46248585431369815,0.725901217018094,0.48960185135101875,-0.2035301854994437,-0.9380883219635343,1.0747832012873773,0.07180161830998195,-0.06324317381585229,0.5314587904094714,0.32674465010313297
-0.8702317573251053,-0.31522084800278,1.3383706686964976,1.3161644292919443,-0.35426298779223964,0.13348592740949153,-0.2806466309988703,-0.8656578868915751,-0.8589126387875485,-0.7491668366598528,-0.26311893417619403,0.20445426844903608,-0.8895888837987086,0.41756406772451776,0.894647379527806,-0.597825243279249,0.986248312674816,-0.35874366300579164,-0.2624827455285288,-0.04970596778536593
-0.2958542550043639,0.7866948789781806,0.22241782342562372,-1.7030486245782108,-1.2351927997732748,-0.08048635022564199,0.7619993649912259,-0.2704027909661272,-0.3852366186059412,-1.4308002475869115,-0.7906765453184801,2.194236843566583,1.2340421853985593,1.7455900885167634,-0.25151142961229095,-1.964007813698926,-1.552423754412396,0.8242801670182006,-1.879081573051376,-2.5876248374931468
-0.9210170710504315,-0.670597611092347,-1.0852413152988647,0.5547992218963417,-1.399849798965647,0.3657272879266454,-1.0020994993833772,-1.0391802095135887,0.9094173643336009,1.747004195331487,-0.008744432116370975,-1.0945047330090838,-1.5716555555343077,-2.482672599465543,1.5309777206459698,-0.5583086035509666,2.2800228635168263,0.3511524592532417,1.1681319508795083,1.0681933993417032
0.1013989480804485,0.11272450897764646,0.07762443502022606,0.14740948697693407,0.5865479566355692,1.110330196180195,-0.15728833392242192,0.8029423325039539,1.4737379992428068,1.0446365558617672,-0.6070282860051921,-1.107232108148318,1.3422509785846535,-0.44727885727648997,0.21567950702317332,1.5142786036375095,0.9414987581172203,-0.07292406316261482,1.1004971828676549,1.2402144076427706
2.0310442001971873,-0.6511083057987472,0.5673511516049573,-1.531463762363006,-1.2258911404682908,-0.7905426712810383,0.06951633173131376,0.4453119771348018,2.7026041515931962,-0.15413523997228548,-0.2371734707042163,1.1362363066627363,0.27609898763651725,0.4782511728192199,1.0031030152559322,0.7766000004187587,0.2064425801711056,-0.8067550268313782,0.05920896538834075,0.38090972051157385
1.237149961359423,-0.0966482612016304,0.30850852149149904,0.5882170445987489,-0.3880456607718865,-0.4301868074949234,0.9226578797365599,-1.0295213543748953,-1.4625846109017562,-0.9521610330472272,-0.04766241839636221,0.7772854992152683,-0.974600461109107,0.5062284479910207,0.18972265680820136,0.08062825910968453,-0.3719706928284982,1.224331098452717,-0.7640725342109951,-0.316719694933547
-1.951012421478825,2.310036661807695,0.8064356260682866,-0.3877756988945647,-0.6960911218434698,0.8647543795245616,-2.3211535584435916,-2.7457436297257605,-1.0379255068465836,-0.8086552481918012,0.19454127635445767,-0.1747763667649097,-2.621372364191769,1.0596103178858933,-0.847404840833848,-1.2296188538364476,-0.5820235658352463,0.0020723952622230786,-2.6645618292912308,0.5449499941799668
0.42981406888726215,-1.4630238128699966,-0.5002602557677103,-0.0943465686832176,1.1785413197969061,1.156155833525244,0.44537355804769463,-0.3841233603756706,-0.9109982025797517,1.3001610993336783,-0.38420628459183637,-0.40608391734865645,0.44895562917720366,-1.1604113093666601,0.40631801155056757,-0.359292413077764,0.6250581899530173,0.41615777177320207,0.6676405443093292,-1.3251720454673648
-1.2056415723445082,-0.5092396464590548,0.09553311552418987,1.9056940952957793,-0.8045025982480838,0.1977963350704908,-0.628724199269079,0.24126856064504815,-2.3548452100763546,-0.37364482391194687,1.2469572116038674,0.5327455562225835,-1.6805179868674958,-0.6438664409615655,-1.0588106592565096,0.6133342385962569,-0.45200899091242014,-0.47011117717900425,-0.09566322619469723,0.09892631370361686
-0.03322808575664195,1.3704394660406556,-1.580416097283044,-1.2337747618364634,0.8988973726672946,0.7370694681986721,2.0455042593414556,-1.0876596506335294,-0.6495477914423178,-1.036055624228951,-1.4902796348481668,-0.5958581621419611,0.34240561136369935,-0.7907513449745205,1.5800691861412939,0.07843507493120762,0.6631296460390079,-2.5336363012876633,-0.01645862007723903,1.1857496638015819
-0.39626289153312977,1.038945893458718,0.8243613342433073,1.3816513055004802,-1.4342446453697333,0.18937179225182846,-0.3304043557482443,0.7666179159349021,-0.310300993698105,1.4814799286039244,0.2392816787970659,0.5360486621154523,-1.5193313657356746,-1.3738950866302992,-1.1923448425877021,1.3971789708731142,-1.2791713181184123,-2.1093259472049426,0.38302614344421393,0.7234233634615409
-0.28908490862794484,-1.301912813824072,0.9572451534287719,0.3682984870934795,0.744750537707673,0.07903507514037078,-0.6961639252803261,0.4314223185312301,2.1846020519747724,1.460953285628478,0.7537086115905883,-0.8519750281882873,0.6316271669132881,0.3661778875210311,-0.9809413855917033,-0.10149088820946053,0.14545606025496058,0.08192401640299653,0.7720032073321375,-0.6981334443057965
1.063452867069561,2.3284662782118617,-0.5557891137088106,-1.3754897918136255,-0.7174641263207038,0.6854251168614861,0.22522727734698667,-1.3242168834095076,1.3898331196473062,0.7523902244590382,-1.0626445814635974,-0.358322045926642,0.06625146726802941,-0.6992763452744694,1.0089768636768517,0.4306523766034618,-0.409052455163886,-1.9110282092203508,-0.692799761862397,1.2882736206813223
0.3363764114965604,0.9792046136056414,-0.5063470668750609,-0.5801485738250194,1.031871117927475,-0.10136002765484438,1.0077443632366578,-1.9785082942017111,0.8292046628240252,-0.2809914363746645,-1.124846175250515,0.15464350812052804,0.39117959490161264,-0.22701585631724422,-1.1413969220886073,-0.21844784335231518,-0.3481384277819729,0.743149122809534,-0.8013029186380145,0.15705328719355835
-1.6055598914838793,-1.267487855076384,1.2760085264566499,1.766807205257164,-1.9072844484293314,1.2859575775785068,1.0507166394197152,0.4920710976276055,-1.7091733401880274,-0.6810071602018282,1.6591833927542876,0.7508671381804211,-0.6029937302369534,0.2856368965136382,-1.628646250586599,-0.5077818659806186,-1.4244086251347132,-0.05098445482962352,-0.541570520815223,-1.4427372982246172
-0.31724414147256863,-0.5999811705955469,0.40702332997214913,0.39890774786278976,-1.1120109793868869,-0.9448405177915697,2.162037451305244,-1.1887976306199632,-0.12478168051729124,0.014021099075361436,-0.09270376266521096,0.694068831300542,-0.49239760725132437,-0.9388587442781946,-0.7368895743711233,0.7682527820183398,-1.1741312146116976,1.9042321234018649,-1.3047895547029211,-1.3529153265947382
-0.4033652435702929,-0.8410687710447642,1.789252384863152,-0.5219589225851617,-0.49985453780754097,0.7392052915333424,0.32072891225623307,0.17869968545833534,-0.15260307587868585,-0.8634719086446978,1.5944352354258018,0.08847609113078479,0.028684371915907943,1.796564643527029,-1.5328979085126868,-0.894684897235562,-1.592857868858781,1.6965774650009422,-1.7442716949736332,-1.6718823244904684
-1.0057219210155042,0.8206586891659082,0.47984334268479506,-0.6694194941854413,2.0574468074164654,0.6352566294004128,-2.0583403547487644,0.2022704313814204,0.7008825694705872,1.6222394930038717,-0.47947878504934455,-1.9591788835779917,0.6672936263837764,1.8641538841047982,-0.37237088462852497,-2.1377015659946577,0.21386449648620195,0.4416592415708978,-0.23898091657297457,-0.9550927014683296
0.3155492448627166,0.6226431644198522,1.110958089418198,0.16610115944714607,0.12352823237017169,-0.07058555053385418,0.23644285208295981,-1.4121355894130692,-0.22351724180819532,0.010347447659591223,0.0903419166560339,-0.45465059004321884,0.6782676185986234,1.3715705527954738,0.042448761321153106,0.08370880596965823,-0.7077550955137017,0.7275951048228462,-1.0681874439244736,-0.6752448952733369
0.35345911575668343,-0.5368401035395051,-0.5992817385737625,-1.059881715803326,2.133971519861007,0.0868143660104103,0.7586127721605176,0.5247509224012636,0.772559805283452,0.41524562690898,-0.5259644787729344,-0.9516427502963952,1.2823362676360175,-1.8340789072780743,-0.48242861176967217,0.6055989613159392,-0.9160181044209129,-0.7611562757907644,0.1100320255226066,-0.32930986038477383
1.812148061636085,-0.24308255926890718,-0.6592788519774354,-1.5752554388850943,0.6607084503926085,-1.7505943874667567,0.30660309807053554,-0.4266385564367941,1.530618157311145,-1.1920382088643957,-1.3778425091094562,2.0065502204521057,1.289766452428671,0.22981096387280253,0.900786472877168,-0.16827312242666087,-0.3235623626120448,-0.3892736060028689,-1.0524190391887465,-0.3658932707560104
-0.2489619346740848,0.30358710745619893,0.9367114999689421,0.12222090815450004,-0.6294240495830712,0.8066585745037402,-0.8043196109898612,1.1633273305092553,-0.1584447088359158,0.37823669351597017,0.8305090863000519,0.70975066636843,0.21009982266850127,-0.044533876225557316,-0.5577921131423295,-0.2789360050657507,-0.702663843150323,0.2599805320476165,-0.10223924780238325,0.12550573409728136
-0.4987843017741046,1.4128651379108872,-0.30303620851849994,0.11486194910941129,-1.2027955711094498,1.345157943379853,0.12448744060240695,0.7522957308510847,0.7961874551300748,-0.23305120195798582,-0.5017803823545821,0.33407725392709137,-0.7781041575500147,-0.17803559589378143,-0.9507006448234024,-0.2846970558560746,0.34464194602793063,0.16927508941621092,1.0858530161335493,1.134738306376486
-0.4625701221773138,-0.008856264084815615,0.5022588133247444,-0.22767339530878047,-0.2452393846025887,2.3625039269830275,-1.7642486667885255,-0.049050042463221075,-0.19440075526944747,3.031681696149336,1.3218147108130545,-2.345888206066534,-0.5496806468943025,-1.259949102013814,-0.013376070179471657,1.2840932974715782,0.09631543860357615,-1.8819330918976935,1.0837517517085908,0.5943584343230223
0.009681393772855486,-2.5234865025055666,0.131014138305186,0.9786495780188125,-0.28882375064309906,-0.3688209037146613,0.4822133947590649,-0.5244354392817377,1.2010849752313957,-0.20012544052202255,1.1855907710417155,-0.7834745721378937,-1.1338340583189945,-0.4648960181707186,0.7211235262284825,-0.5516467136751533,1.6295869242152496,0.38256663553051684,0.5848241860738601,-1.1998616511812235
0.6884561727544147,0.7046963432518975,-0.359953170573362,-0.7260275334445487,-1.5930578908708204,-0.9146590537709625,1.1534716528575255,-1.584385786627036,-0.48950132735810803,0.8570851306729091,-1.5144956356190702,1.2438338185032078,0.9771611131353511,1.377081089470333,1.0751912184866141,-0.8516634046365101,-0.11115552519480318,-0.005826226323373556,0.04406428828438187,-0.1427303739156948
-0.6144101102394192,0.9430209701739568,0.8641672002173235,2.2532839627694288,-1.2145351630198962,-0.39418499436106574,-0.32032090603858004,0.5359589069830921,-1.5355249587902042,0.2610394316245625,-0.1582627561303067,1.8076665965268646,-1.0729413800791108,-1.1041280664297626,-2.306644478238471,1.3954909412808247,-1.6887976655736698,0.5037853809576034,-0.06697990037606012,0.4498930166527944
-0.26876768408267454,-0.930539013666577,0.5157702534765605,1.8080868063648192,-1.2447892919215255,0.21385601085393988,0.21963929045607813,1.0163300898472203,-1.1817264030598562,1.4347635824630722,0.6687984732347687,0.03782459475496516,0.022645383466460597,-0.8285655722810868,1.2811862061225305,-0.4741786297059268,0.10391764737537648,-0.6772434663860797,0.7065015179304843,-0.9741409270174164
-0.20305004847374464,0.38586568161852636,-0.2826657133652457,-0.1913382916872755,-0.09778287783718612,0.03823152940778407,-0.18455128047550057,0.657650638872492,0.8482714623835117,-0.6169612190826641,0.13067012790261875,0.5152958554696377,-0.09656494915260645,-1.0688187068899673,-0.21224408422016394,-0.32636056150058523,-0.46685747680681583,0.171468843864065,-0.12301108013703593,0.2516155337796089
1.5691364561111016,-1.4048676918954808,-0.08338873272587136,0.3313403381264455,0.00674324484482003,-1.3222622929449257,2.3127173192589496,2.128153477192427,1.3529864472456279,-0.6340700192085793,1.2251520913554141,1.5007070850837956,1.6863872441358996,1.0630315390478018,-0.33787405744476845,1.3065758898739812,-2.0250085537031226,-1.6984543529680445,0.9559329330279365,-1.838539441034334
-0.6488910390089421,-0.38448153454211575,1.0442557875994627,1.1796776640035893,-0.35587105987249257,0.6868121037079394,1.3819188697948488,-0.17056136306968778,-1.8811093063506221,0.07030417352603711,-0.4402393097690064,0.5509023666006436,0.4853615301559583,0.35735323819491915,0.9157032661058931,-1.6781363625413745,-0.13829072730382258,0.1879897625422685,-0.2812877485579778,-1.4844716385876282
-0.5615747537075096,0.09200207836635785,1.0688548869548844,0.11205733134120213,0.9698945812273067,-0.8466025455836681,0.5315947898365116,-0.9030067395783741,-0.6072593751974394,0.28083359765363347,-0.6138669522018361,-0.5176741857918842,0.34981206007529064,-0.7428884153411859,1.49600859454156,-0.5063046222906489,0.2818143862549703,-0.1259125853487029,-0.351112708103515,-0.7926809884598107
0.8547561151865528,0.8214515168155772,-1.7980848713053719,-0.30366819327305444,1.2499359215601527,-0.5262820855327097,-0.8876685372707872,0.6243081540038257,0.0044196594944778955,-0.7225671851589073,-1.5547447833664116,0.08172780218799224,0.21381044787111889,-1.6810477710993104,0.9302307790774083,0.12588340993680525,1.1669060572926782,-1.9616702415644391,-1.3002724265504224,2.3311393818021893
0.4424036401273177,-0.0651218088261093,-0.003292692288222613,-0.25747099287300884,-1.6674920641454198,1.2863179247340382,0.7127991440201822,-0.44285542686614116,0.7012832020979752,2.431278073490052,-0.12306043920610693,-0.3924782886484335,1.2362657384072173,-1.3859829094879248,-0.3736444925749243,1.3419514907469718,0.43093323008575635,1.0230560512319316,0.9579656066553223,0.994906971794569
-0.48981318657145273,0.6911666673571641,-1.3851031222326253,-0.6756436214710324,-0.03802265777994328,-0.7090934091378384,0.36476668723854183,-0.668774530184308,-0.7727645545413779,-1.127401904006061,-0.3798529563667215,0.14240484526447944,-0.8787496235327558,-1.2878692840576678,0.31070316484946253,-0.1345346861733172,0.7617993975305969,1.346553423602897,1.0680303839673426,0.916617017809553
-1.5030844467734275,0.6222601482408632,0.9071963321332366,0.9017157655234717,1.2208739939667526,1.1076160309760965,0.051345772606629383,-0.33652868366353356,-1.006092527124788,0.5572350112351325,-0.3353381271146586,-1.912154384240617,-0.529085923286193,0.14774447698548238,0.08818972056535689,-1.0266161066733095,0.9292806726620672,-0.005552104260218294,-0.10777328289081661,-0.5556241767615185
1.8379968760534364,1.0122637091558004,-2.51256649695685,-1.627431281878775,-0.29457807920388507,-1.3476384417598193,0.02762372229656953,0.9300604854352009,2.2257437485982927,-1.113749183672556,-1.3774946662981526,1.7556386038455498,-0.13119482409378938,-2.336590000063195,-1.4195087338430197,1.4022613119172471,-0.4674425081975184,1.379545086865786,-0.3155460992396207,1.36158012696136
-0.9111882315903232,1.3305276523376577,0.16040367557790045,0.7132126958514485,0.3211813619613224,0.5811474913745714,0.6232895319592091,-0.9655671936449303,-0.562120982872489,-0.16955303018657847,-1.1525689991919816,-0.14278821726222932,-0.8122043987434073,-0.2596490788951294,-0.24132232529896191,-1.4084210889145592,0.28106281508926984,-0.25424332403104427,-0.9153999210701973,-0.2907884448652235
-0.32303976264264256,0.44330371377678107,-1.0703441927006554,0.5874550341430295,-2.4823927313049854,-0.14805297023876704,-0.5976801227728776,-0.27856478409801694,0.4642808283557828,1.1734106124331734,-0.826756757805843,1.0544362344614313,-0.41664761755166774,0.6799948070343224,0.47320381089381164,-0.36009876730640566,0.5667173239150578,-1.0021956759676025,0.751985742220334,0.754419582353812
0.219764344489227,0.8977088246540617,-0.8674755922190097,0.272671733332144,0.41925606397791193,1.2001039256797892,-0.6177980212248739,1.7393452418259854,1.1395430009055143,-0.5650295987730497,0.6175181829315708,0.41869658580936353,2.182288395371001,0.09930692853902956,-1.2083497368434997,0.2892615728057773,-0.45739268687370144,0.8143236221679272,0.1225490163073386,0.2997614980960131
-1.5114365110351238,0.42024260098404054,-0.24817924906041658,0.508894693107212,1.5285405846830102,0.20771264233561113,-0.548768925707269,-0.6739084219098508,-0.617385423166834,0.2580978371086636,-0.5810376567039629,-1.2275241217648856,0.7991854301226439,1.1215024709255692,0.04588973099241933,-0.6203094568053242,0.23485618993798338,-0.4471021109877683,-1.49755298361773,0.47600796532341183
-0.07002487635551702,-0.5748568485746358,0.27379111740839585,-1.794412600940205,0.6474457449667367,-0.6162610582262701,-0.13616529878668776,-0.15043897553208702,0.11644977381829297,-1.7700075212507058,1.0779540502361789,-0.968723332743264,-1.4559848602291967,0.3035743711791206,-0.45304385189545576,-2.06809556843921,0.4705184077896512,1.199580565099023,-0.7504079056647202,-0.7321383850004697
-0.5673136821212372,-0.1090831571186632,-0.9828478548297342,0.7220135331326232,2.7093144985585447,0.11381279437901094,0.39072341395944105,-1.9730229038514384,-0.5884758719619807,0.9261378082531379,-1.5678756874898758,-1.2067056651380306,0.35456332134942475,0.17559533071674616,-0.24929879796151622,-0.4005138430881327,0.8077968667831481,0.6112035918301058,0.7964475092374282,-0.3721556123476269
