X1,X2,X3,X4,X5,X6,X7,X8,X9,X10,X11,X12,X13,X14,X15,X16,X17,X18,X19,X20
-1.0702594240324643,0.18460346870431962,-0.1604577612601662,-1.7874053736012285,1.1381898176227379,0.5845667903773819,-0.9916583361021032,-0.6165939377574329,0.7359878978436796,-1.6460256466870715,0.5004168575760743,0.3566318969986323,-0.5758224769290029,2.1359743096617776,2.0091932383072795,-1.2739638914668814,-0.02773569339936764,-1.612381264949502,0.2799114329142376,-1.5111183281924256
-0.1924620611437848,-0.8222443128777338,-0.5562366847817986,0.2891262825285419,-1.145888666496481,-0.34227280583044034,-0.15164559077551015,-0.15188622660763665,-0.4603856325794571,0.20203491002226195,0.9134535432923188,-0.10171936295977109,-0.5815795634581217,-0.33940398041910175,-0.2660254606424721,0.008534640579754895,0.2648871030563601,-0.37296606551711037,1.3209058048163231,-1.5878336938889372
0.7148605078907511,0.4056497316056342,0.8728524566635874,0.3598719482214113,0.150763295926254,0.8392987199768368,0.12149233421335545,-0.5198311608483427,-0.33053579270538475,0.2632497356203486,-0.11970173894222588,0.04083434669078321,-1.0950375953043407,1.2331667086641624,1.0126644938786302,-0.7495958242449429,-1.2528780846547412,-0.07611538509577165,-1.1998888418926217,-0.7151732633073836
-2.4821731240506524,-3.016215003224414,-1.7453801269985942,-0.26489092325139596,0.261301800919737,-0.2820287981042616,3.004325907321706,-1.407006154774342,-0.08540420079756965,-0.4166508977356561,-1.7935519589782518,-1.8473866530216305,0.24750742058299077,-0.25186068059888134,0.6311238249129952,0.31843970260069493,-0.6808624374827524,2.1162332573632443,0.9483876608900892,-0.542457580850573
-0.12036573201106154,1.056608128851238,-0.2234008669576716,0.5790343334815492,-1.5316124009241583,1.1481986411814773,-0.22174960988431244,0.6268413288471207,-0.29706050219901936,1.031381982977623,0.149862211497884,0.32996665202194936,0.8918225705235714,0.1584537322444454,-1.123352798178255,-0.3421414307662709,0.10458422278478344,-0.24562164812294246,-0.09110065117756562,-0.9280415446483355
-1.034438598456952,-1.655610725665592,-0.028421724825029217,-1.2431178792607962,0.273537072495359,-0.22914819695809088,1.1396288673936603,0.2570923995559543,-1.3281479238782368,-0.3873859404597052,1.1383948598423774,0.5565793757225521,-0.9581892730331588,0.44096052799813906,1.530593390665476,-0.05226837595563248,-0.8846401872449696,-0.5476324603662176,0.7227167118276205,-1.5957182141659558
2.1716025563448245,0.9020607782865823,0.6508447926782321,-0.2941971002606955,1.4332292147460963,0.135848674187957,-0.18366210822934464,0.03463102914645151,-0.2065237879705631,-1.203906411709714,0.33598578377734595,1.1537606349319787,-0.24564887094156326,-0.7111946553110664,1.8733028065651638,-1.3802494470976232,0.7529578636285585,-1.35899445851817,-0.10658958587242127,-1.4179373319968664
0.3436083046674511,0.692023941091538,0.16443384930735777,0.20137377175391125,-0.9546409048958987,0.21571376693042532,0.822658292147766,1.3419760893187687,-0.8408109163312415,1.1257880540306449,0.7422220841506741,-1.7332527534954856,0.29606652489088536,0.30672192135917126,-0.2400004169958185,0.049408672457010305,0.20334247606949418,1.9185443591934561,-0.6982856299093616,-0.30668195366129003
-0.8625413737609431,1.6350884599372224,1.5027009531407283,0.5854459084109941,-0.5145427987002426,-0.9877746006156601,0.6493159478583597,-0.17994603830673161,-0.5934178176437521,-0.4026192925605468,-0.37059947092642664,-1.911339586489114,0.11583977581951496,-0.18244538942237784,-0.5613151486731747,0.5601554333229115,-0.43204624194784913,0.15477508401287512,-0.04861089550800933,0.8396011444145945
-0.5313785273597192,-1.5237744302124367,-1.5250158734792347,0.2831116552302448,-1.4315382054057115,0.32807163744656676,1.4609728124432007,0.9562276151623396,1.9121783865706672,-0.2857229283238097,-0.9260742795876098,-1.031715487686566,-1.6867414765303554,-0.013808527682221456,-1.1028469792381432,-0.2991759367839076,0.7510075506004392,1.897083272925713,0.5374690649384343,-0.36883346034185904
-1.3753350838969123,0.13343003499311404,-1.2066255700481647,-0.729070631315773,-1.0782757191050891,0.2690927147062809,0.317948048936452,-0.7643745550770856,-0.03363753946883925,-0.3312468589133014,-1.4550248908658312,-1.0541136671577889,-1.2976457649982431,-1.2204671297077483,-0.588378905402239,1.6442192136840736,1.206221911897302,-0.18627288504907114,-0.14925051377457604,0.6226206003215111
1.853342823311095,0.1306925346269699,0.4196856465418361,1.6779721896749196,1.0841021409313594,1.5575302852629482,0.7252100488705108,0.7028829873472836,0.3837723057240768,-2.3631672837251556,-0.05088109201591814,-0.29010890996798033,0.35787086518389427,1.2890067888434367,0.5346664095880007,-2.849950378000331,-1.6043794965312626,1.6181183062909688,1.7989425498764178,-0.6124159886993895
-0.6931634850581263,0.26971687246808773,0.9532285260567238,-0.69799512715361,0.10255778900292656,0.5816543435502298,-0.9497837960519191,0.04021208519925955,0.6285278126795046,0.1346568093174138,2.084130876806226,-0.11501967984765075,-1.0210222095078034,0.011531929735457727,-0.015465586904678351,-0.7792825616157417,1.0845928028325986,0.04785007310686794,0.20904169523690053,-0.45616095436868864
-1.3372227771960736,-0.32098883408112505,0.3897513085449019,0.8531016127115365,-0.9907493167688248,-0.05104715121903408,-0.3530227865762389,0.714688290495583,-0.651759667645339,-0.05714315325401884,1.7636350604332165,-0.7218832927223042,0.11385302980792725,0.17890222358624208,-1.4074297002336515,1.0941115330957587,-0.3460475797724734,1.6168197650457397,-0.4579593929072792,0.7628505147089092
-0.23466496966227499,-1.1128846240913333,-1.309664835931673,-1.1589038055653829,0.39250461445908463,-0.6089292285512874,-0.19753354819124197,-0.4181909396146889,0.5949029099156941,-0.29965429170878893,-1.1505461246962303,0.8258381672678081,-0.3474614532013487,-1.5832626486465124,-0.27933079927611293,1.0940611765416512,1.0494145455347037,-0.35833410509983715,0.6192632046585134,0.4463076756146061
1.0347965994205754,-0.9345580904628545,0.16039706958719588,-0.863484730564392,-0.1259585352219066,0.36425103808046605,0.05716055998786978,-0.8647969917167337,1.238951361488864,0.2061000634944015,-0.5064137375451357,1.363658912001846,-0.27231670873619696,-0.3887647851372895,-0.1131552306046964,-1.0067903003764258,0.9248937884211328,-1.2076098096361814,-0.28825615836191787,-0.4064087007014895
-0.953092929507066,-1.862316482476699,0.29295905719899246,-0.15606465320748203,-1.2896595044043244,0.10628398205228261,1.06570374712922,0.5053670737838586,-0.885398445044748,-0.38184229342735004,-0.8554950103883694,0.5831321533153777,0.9706257375154286,0.5480442782875026,-1.509175743778405,1.4165110403875163,-2.059196785464285,1.6655115252266088,-1.6782989961264996,0.9792918159725347
1.1458049148465208,0.97729741536943,-0.30301203519010655,-0.16925033856831972,-0.2791046385028802,-0.1942448222184152,-0.33697209721099264,-0.5485931178096763,0.721760602548974,0.5728553896062204,-0.8344716379015149,1.5292648825399688,-1.4468009135887854,-1.2257022720723052,-0.8244408739831601,-0.26404505770379394,1.0069055127254227,-1.5385322704831947,-0.4412644966628502,-0.6291744307263577
0.9337545159435594,-0.6742353039480462,-0.7468657873684936,-2.2390525136090167,0.6684613066552666,0.40586774689691507,0.747945252095495,0.17572165185167643,0.5608720826965229,-0.8274255464897716,-0.9072190572992074,1.269368243712742,0.07239880356143505,-0.5222018976051089,0.24822069455101672,1.128771052108574,0.21238338287257597,0.5608409953836435,0.358210128918916,0.6289618259193753
-1.7024793868378993,-0.31119485762661364,-0.851048619148136,0.427593877233685,-0.03077791033955547,-0.7479844113323698,0.4773291372089707,-0.4015056039164444,-1.7215770803114097,1.10283622298139,-0.06898486462663603,-1.265463769400213,0.7043166522279248,-0.6166525072850186,-0.11498220608108457,1.2875254081755223,0.1816463220362743,1.379945475078055,-0.4037154940760001,0.6261241595626487
-0.5565773590247792,-0.40285513373233495,-0.7979128795831133,1.0407561154039393,-0.795200926977107,-2.0147057481876045,1.684392697204866,1.9146493821442554,-2.068864252105076,-0.28437669791251213,0.500992867775611,-0.43452029096191463,0.6559914288082813,-1.6214606432224121,-0.09955169369021538,0.5739237496756021,0.6276926171597234,1.1575493954440264,2.2480387122209673,-2.482002193541266
-2.5183174846843497,1.2860713318241979,-0.14684341762027858,2.865058804782335,-1.6329948882997105,-2.794790077926822,-0.26609202437817214,-0.31292702633617425,0.20734485447600753,1.3129614165805514,1.2014361545683938,-2.669772553466818,-0.012386507471592319,-1.4997010976223366,-2.058071072369028,0.3374501901851802,-0.4904883712063146,1.2912772467811533,0.35909169405477653,0.4161771188295412
-1.6630872580192844,-0.24662437437022572,0.4664548548656036,-0.03049561382192869,2.982015790764681,-1.85464827758654,-0.01301512677270713,-0.8169560702314644,-1.9514871486248728,-2.260039288808511,0.3686904666929695,-1.0502220459382203,0.6979002689967779,-1.432215679093048,0.9771743407851208,0.025686717395769568,0.03358664668357022,0.05056384316242198,1.2809894066123482,-0.256226663420305
-0.9303139771712404,-0.4344624527910456,0.45462098687570585,-1.1638676205262914,1.327055454735671,1.3474361078010728,0.15255292840917883,-1.7004461646069393,0.08456765198708817,-0.3555109944312012,0.024785580710212505,-1.71405120704209,-0.09095080954949535,0.879100896067751,1.040044804928258,0.4649028158325976,0.9911054058699251,0.46768829352666297,-0.7955616596014929,0.13214554460366948
-0.027659125256463742,-0.07026103130398373,1.9110889137406368,0.4175665809711232,-2.269242555407831,-0.2593629028557049,0.634067993247409,-0.9805145789924449,1.445252812127256,1.1649200717460484,0.008096257039198081,-1.791698617676379,-0.23445109276659992,0.03291715175295122,-2.3867823491923326,-0.8198216381217768,-0.21254553349763655,0.7553224760761097,-2.0248153166214737,1.2919812815011422
0.8599253649482622,0.5984695386205906,1.2568975489950451,-0.14759971986039686,-0.7841735786752474,0.7875498638297596,-0.27653705618428326,-0.8957326494090637,-0.35825845434404024,0.41024951420133543,-1.0699259792151108,0.6747297094829923,0.5259853783946034,1.4907315177358171,-0.4272306453957801,0.44904172335195447,-0.6009780689694898,-0.9920819925312527,-1.4724508773455012,1.297202034240279
1.832490438676222,-0.5331462143912726,-0.7850450604623351,-0.4409069092118168,0.6554562418056632,1.24940882656655,-0.00036148060506356106,2.1807515656777454,1.6915785438842539,-0.8303614973216695,-0.33175619992346345,0.33718881407450707,-0.8686913521253607,0.4509245751101284,0.8603775305637943,-1.0002360737538183,0.9506063321693304,1.2880661671120777,0.44020821989558845,-1.0438631613161993
0.7932923798715722,0.007349603867875889,-0.2588889831761442,-0.9101277909285597,1.948896130294419,1.5745799602750317,-0.6197380394319065,0.772226354469128,-0.928704709173124,-3.40463929425647,0.40826050514722007,0.8060408958445242,-0.025613305816104177,0.7623583407287128,1.7701775701467541,-0.4413886053436534,-0.2731763089449401,-0.20012825139770213,0.23047422593998332,-0.26647041898986623
-0.7831493892103003,-0.6373865338440241,-2.7651033795640885,-0.5128264223103005,0.43899989603880424,1.6941450950435206,-0.06281916995631401,0.5767708896532454,-0.3166280935121709,-0.4390553552792145,-1.003088174518854,-0.07316986633302455,-1.3003851044752153,-0.1522436482179221,-0.07072290795545459,0.17326468031747672,-0.12599417991273373,-0.3337083408634636,2.6858580430620815,-0.4970997316392007
-0.3833856489238549,0.5086842711584564,0.3601066214760658,0.8765179575484743,1.0024031916640879,0.08046311670877443,-0.573539489342959,-0.05184439117060872,-0.14550735938345946,0.13672389445349678,0.9286500635331502,-0.45817426063842664,-0.44234357526825113,0.855505450968144,1.450324675097203,-0.30628868456795694,0.25242798114992737,0.14798465470213565,-0.12454617368117567,-1.8553792533509965
0.008515017336487515,-1.0226747259005755,-0.6647676261819071,0.19152809319935774,-0.7070316635606,-1.9717513048951936,0.6840208472327276,0.7586997072665529,-0.8099222467296054,-0.6585493533797859,-0.9739240258866625,-1.0403749964605455,-0.8653166840108188,-2.1225655114653894,-1.0827029161497208,-0.24087718007660752,0.6069927843007985,0.3473676208535951,0.9137081005212219,1.1708352559695705
0.2218821011767006,1.5090431749063802,1.2282855398222436,1.200007380421375,1.2515440915081468,0.7768240266875138,-1.4920351580830475,0.07677660393617951,1.0730446199173673,-1.3767407000957121,0.4728737919980889,0.7219831097816665,0.956538635341148,1.6755714419536674,0.480453145832907,-0.8545802313672042,-1.3914455571301494,-0.4337078189896335,-0.2392191632611689,0.0725847425797448
-1.5775587773768334,0.07730214713516582,-0.1604297264422796,-0.38321853506218206,0.7381601070184679,-0.7268766314995113,0.16628605777675384,0.6794333461389931,-0.9406825646938499,-0.9129868284528536,0.050545338449204134,-1.2075826348516272,0.6581829842035679,-1.0577345224186971,0.11006971599231127,1.109465491941077,0.787334769517347,1.737794222621183,-1.1004035153483396,-1.033793378099753
-1.6734916597819398,-0.49581606680823076,1.0942814599180086,0.09180807621562015,1.1547334817273036,0.04821827876487118,0.29831705405368575,-2.512306838981213,-0.7174133851672968,1.248975803188868,-0.8356838017216572,-0.15953200171674928,-0.3860620569093516,-0.4389424860219248,-0.20662510177075386,1.3840889445757927,0.8696786840909333,0.3568865949647143,-1.4260890321830055,1.0584594277873944
0.15839613974817793,1.2772889271901804,1.6226877114702702,2.2601021599819924,-1.615613039420752,-1.4336864546215342,0.9709521724347381,0.29936304654462925,-0.006847907766135855,1.3433285475047605,-0.01121048764188548,-0.5674819668745797,1.9745451251876547,-0.2844504718797787,-1.3043053380575047,-1.0719167044591753,-0.7457272804860154,1.0190807706943026,-0.09682474868579447,0.18953091093927146
-1.309626309231623,-0.4745632620935404,0.6378021072680815,0.16007035051724725,-0.10667437507620091,0.01662865029001976,0.1261157467512982,-1.93502558389138,0.47657696321722604,0.09853392464715921,1.6096485983225841,-0.10389572903948935,1.3293157449911075,0.18147952800620745,-1.0807777779066825,1.6815962675828684,-2.0543694662658813,-0.30125493597271147,1.3779081508513489,1.3527211410311806
0.8482290196439829,2.0528305374803475,-0.6548467904017524,1.0337250340918103,0.19127850360321824,-0.44187238573400656,-1.1470258854459836,2.263756715496853,-1.457392735449658,-0.7544604813973166,2.7279774323619184,-0.47003285518741345,-1.3181708012459694,-0.40585015974599503,0.7917105800074935,0.17541052502457433,0.5429643001129834,0.24903772572253222,2.0323507722726704,-1.5645644741818034
1.6325474847417187,1.2022099676239126,1.2224980005175647,-0.9361833114945041,2.1648572735418554,0.7904938714391982,-1.8469193952916236,-0.2928485201693857,0.1363373968275197,-0.20131553172659783,1.8361864346404912,1.5876276445988877,-0.34554955740313725,0.041745854200927406,1.240485793320136,-0.2245569864163442,0.4363582258212485,-1.715090306271815,0.7480788401191332,-0.17953555872360893
-0.9241453867752261,-0.43580854933012103,-0.7979656605463287,0.3025190996351321,-0.32806878537837003,-0.029801514583937868,0.5066483670030162,-0.1985970653093792,-0.3837580175306933,0.4712751077866713,-0.27836323311278166,-0.3890242761584337,-0.9537656572766499,0.7598700422750804,-0.1475762148353531,1.3484336832921278,-1.9566947198809577,1.186009049029066,-1.9897804751043935,-0.6666917179489379
-0.44067515041683275,0.2766340030939358,0.7794640181800302,0.9131302409491712,-0.7770222091420922,-1.0197811093229472,1.8438631920459736,-0.18563538204791763,-0.02510636709025879,-0.14911004754960738,-1.2058044317832088,-0.7970105942026331,0.17879219060985554,0.47242224392056736,0.22494421135507342,-1.0462066433213957,-1.1949244590902017,0.27029120241858523,-0.669152103038982,-0.21870045831094262
-0.3896764830815078,1.3945904047071993,-0.3483850500577779,-0.2720015130720876,0.6835847438200495,0.6212304569487104,-1.8194427461429703,0.18929460463209985,0.9591534716087385,-0.42747149775572746,0.23491208055514587,-0.2078552951663798,-0.4367812435931571,1.3135004192004496,-0.780541382442515,1.2706656684172724,-1.7145010038716906,-0.4881604443837288,-0.5817115119161226,0.935354915044658
-1.33298586745838,0.6911736785300749,-0.5006020727555428,-0.761370538300466,1.4450798633060813,0.22161080557478394,-0.6646933185306662,0.2884171160860204,0.25572362294122497,0.5930001603643047,-0.3915231054817624,-1.0030641702966245,-0.8297785313237206,0.14892674027538816,-0.458399008639294,2.212197156391071,-1.0907349406236817,1.2395043239599837,0.09049604021437195,2.191385057045221
-0.13845838226051885,-0.297998754105556,-1.3457782947006045,-0.6067178729945016,-0.12833999876317226,-0.1591137402813092,0.11074311850327577,-1.1686691367080562,0.4425506206780375,1.5600694588347856,-1.364797638662234,0.20803248404678604,-1.1346643551711164,-1.896653701798184,-0.15500683045724234,0.44869763654096695,1.4458993961168864,-1.1753326572021974,0.7954758194190558,0.4966891883075277
0.8812233600860943,1.0077573513084768,0.29358378704740434,-0.8960416312786292,0.9024967104390827,0.16784149803542286,-0.9003748488050007,-0.8740916490685116,-0.26389965288549533,2.631218165753666,-0.026474959798650163,1.442049883760254,-0.890726315580663,-0.5108853032062934,0.48075254983587534,-0.08349652465762872,0.5641575516409137,-1.314809572233166,-0.71703476056163,0.03997605254386852
1.2147663238622688,1.8470310850624867,-0.22287487244249024,-0.08044997642107364,1.1380889463476924,0.42867193853729585,-0.9671911131417533,1.1201989532594876,0.4454901254639941,-0.42974095458272765,-0.20324877897777205,1.1925137460123447,0.014142646686653465,-0.6440302954820468,-0.15319527339554495,-0.8881030349912333,1.3528757759531096,-1.705282139270767,1.7008468688451186,-0.8065764504357306
1.6650344010677551,0.1112190395431006,0.34357183613083303,-0.9211584045243377,-0.04779086131971845,1.7932342852831875,-0.5353018662108355,-0.9927493059856288,0.28976459076385647,-2.3475469074449347,-1.339890917119804,1.1028672823627383,-0.3969420824271728,1.1386910493652658,-0.019683519558118402,-1.4394283027137156,1.2027164548978027,-1.9861631176123271,0.10222073282456258,-0.09294475280133835
-1.1411049720143636,-0.6307464460294476,-0.9278163209039119,-0.5669030395062844,0.5222590519761033,-0.4254486064511997,-1.0196545135719046,0.7983202744624176,-1.1859985065607723,-0.3433987092423654,0.7597618434208769,1.1030712173906527,0.6484188975778545,-0.2630236818840541,-0.5068338304761842,1.0491827540014844,-1.247703740764687,-0.6031464486604522,1.33277771285716,1.0810739098315174
0.5914822440066089,0.3228085503107359,0.07274862870149464,0.37464777033393,1.8075979652944472,-0.08456225634187439,0.09597166580355955,0.20849132899907874,-1.9205557998976142,1.0589171341387826,0.6508412427287974,1.7731897692004546,0.47162351837449196,0.5565851931886973,1.692595611823813,0.364985911015937,-1.7110159297567178,0.09686271450283344,1.1348388824444111,-0.8703348340708432
0.16615593957428182,-1.32155887015905,0.8502289379122902,-0.9418135752284779,2.1722594340588777,1.2128240348568595,0.4130926089609293,-1.4347282620782504,0.6913379251792969,-0.39517582664294953,0.4737602833248508,0.5403123220646091,1.1035102252706996,1.2043885147403999,0.9545866911243982,-2.0922112741409236,-0.4974767526383726,0.07128672592557195,0.3849938624347826,-0.35486191899125763
1.3322832917867011,-1.1080744515912055,1.6286084517018233,0.17143903329785642,0.39462754999639904,0.33230976464547485,-0.3789955080486644,-1.6677143073603053,0.08044542054841897,0.3621331423510463,0.7868485686631174,1.5236484121091498,1.7504993318512763,-0.03024789905270784,0.15848791396631748,0.0004559081120313057,1.2125935636218492,-1.222897131021276,-0.38620043474313,-0.15170177495590764
-0.7869769447170636,-1.2108937431312545,-2.2139172697618354,-1.0748849409438304,-0.5763508561723781,0.47711404660282125,0.5871589066852592,0.46246640094515207,-0.13561811333831034,0.18826775280584165,-1.8254919875548592,-0.5114098883000324,-1.4665627588345937,0.014685221750462617,0.4027355734142729,0.44279406249441833,0.7089385851654798,0.6402555284879337,0.5384777670730321,-0.3326059248950098
-0.586332554256697,-0.7849518739379627,1.0336003636512272,-0.6485232497779716,1.1046245089155635,1.9106974037310396,-0.9548973333574492,-1.1546622522269696,0.6877398682868664,-1.0122792263336229,3.093172166121019,-0.2276719282560131,-0.4858746935493304,0.4959715027130275,1.6784615035829227,-1.3653043055771423,0.9137828742865549,-1.206857242230143,0.36593122303584347,-0.7371794754683477
-0.19386003028452292,0.3235595071407801,0.9599085923327687,1.484302748853005,-0.3772928450129376,-0.7082889005094708,-0.18213660453042174,-0.991808275285722,-0.46072717602786517,0.5624779234173083,-0.11428723119726772,0.804718821012741,0.6649699710438213,-0.18845891292520595,0.4835686747994441,-0.5393996516636014,-0.023197749205256114,-0.34038539362579395,-1.6415829580324197,-0.34779450578664933
0.1918148061458688,0.23450922313466382,0.6185665459992523,0.22361896321901212,-0.40929095401790916,-0.6679467648710573,-0.14266051337497415,1.0481324885924326,0.23639066619972707,0.16422292135709118,0.5897116314707024,0.4112611676062366,0.22216058688658918,-0.3176447419618098,-0.34241875277084793,-0.09041958101686473,0.2926402332669733,-0.6783988322289729,0.5402240359013886,0.39932933154700123
-0.01977786066368509,-1.2880495418186262,0.8387476914374845,-0.07220981760863049,-0.4347079631230617,1.2456188979082627,1.407853897533131,-0.7416941894475879,2.7535858074290123,-0.9285769923809324,-1.504963245476433,0.2036015774312724,-0.7377759755662681,3.0797843235336666,-0.008163774645434248,-1.0888581157127095,-2.320512227541642,0.2517947839540239,-0.8767015975797534,-1.1651772689586144
0.2719780267224897,-1.187811044829405,-0.9644392058366268,-0.6504577780817855,-0.09884544076069188,0.6514827139046181,0.641413599378438,-0.15814764818710303,0.7262529221665889,-0.7424856934509363,0.5456084510774524,1.1431955615158036,-0.042574382321703616,-0.8019153212664403,0.8292657962751132,-0.05589373089903023,0.636628804732464,-0.2742315632906054,1.0714581410285946,-0.8171008222467617
-0.9300302531394274,-1.1626435844240222,-0.6119018793235034,-2.1052407114871343,0.6635799926564854,0.13145655114795418,1.256737120755452,-1.7250498697191685,0.29449420415611127,-0.3729271445538874,-0.9320201287213026,-0.21108714692935876,-1.3821717537223865,0.46024179738182047,0.6186426695743211,1.1264818926962632,-1.6520328443350072,-0.35120489738374844,-0.6055236272026175,-0.8678635262030978
1.8906802506300804,1.2892494288737966,-1.2999719112373087,-1.333461242861985,0.16781414265463251,0.8025234173605997,-0.9026973315056308,0.899212045058133,0.8462798308892501,0.0400958364991441,-1.0048510517066789,0.673182909668432,-1.5498500658374115,0.23487531072930878,0.3728807880958306,0.4557409478326104,0.5675538791603499,-0.10765964155072241,-1.0778012477786103,0.15287457475851193
-1.0735423011604615,1.2959899791191196,2.0802025736196827,-0.7812277362466707,1.4396488114816404,-0.16929545744956662,-2.847933223822116,-1.2638866514447342,0.7406826391963561,-1.8638877085068277,3.3480741435904955,0.5480348626014547,-0.8098935268465368,-0.29845616586613516,-0.5565632696972739,0.3468410839666282,-0.2515238344737666,-0.7496823428980427,-2.3956639885923203,1.7173033482023679
0.20169484561186168,0.4628608334228247,1.1011368231300933,-0.14329219731704773,-0.37191255731934736,-0.6422138740692087,-0.10332397129111233,-0.3694653240501069,-0.8961514331544849,0.3193435752277571,2.2666036414543544,0.43376804007103076,1.6082501143011112,0.3878329114164544,0.5903561432314001,-0.271209988013968,0.08800940295261296,-0.6312041322034097,-0.04692588402742669,-1.639815480120734
-0.2195846960855839,-1.2550640247994584,-0.24864293973659446,2.0058965261287587,-2.08731136586951,-0.8640439100754588,1.3527702762753155,-1.7318307447526355,1.110713747710874,3.1201915517355503,-0.016199365273345152,-0.7130579092486926,-0.19719184213627922,-2.340810963678871,-1.5560060867559908,-0.4527540168828697,1.254235744365804,0.478099155526385,1.4805647994083564,0.07121279465452048
-0.6461457454021152,-0.994464297901272,-1.1375835627790167,-0.03790646680032399,-0.04060468862644971,0.6689276312503064,-0.04309753789762047,-0.4276429309671626,-1.2320986622284291,0.8822387469125121,-0.3207062880866169,0.7032183441100733,0.0776503802520819,1.0690872951813275,-0.4681671519592716,1.745499787478288,-0.8666134366443965,-0.36306729414388367,0.42681479844829245,-0.4043275768125327
-0.9833176610730228,-0.5792217172769614,-0.27631860008343007,-0.37607223533076956,-0.9702370834055107,-0.8938858799845463,-0.31630077809664714,1.0666229693371503,-0.5049947647042243,2.502531414116443,1.2851100991949136,-0.20779658819926763,-0.38056099117034303,-0.9191467726265258,-0.37044024103657947,-0.020186445326593087,1.0791204532988823,0.7234852848560943,0.601094499508046,-0.4022018790448107
1.4026438559087182,0.9664832698822178,0.1365415994893551,1.125427942277914,-0.9789261245547932,0.5911630705204365,-0.039541007929723114,0.5441552142886277,1.671036184036857,-0.8040225476262284,0.6559191268764945,-0.3358137906907405,-0.05641714479796874,0.10878408186585249,0.17282591878031411,-1.4000901854116081,1.411435201278512,0.1579881600530277,0.04297770236295102,-1.4413760556666577
-1.6294263249069854,-1.453078451445319,-1.1283820735246515,-1.7194197808919354,1.1152283273045538,-0.5549473860082965,0.3556620498922466,-0.5972321961698206,-1.4550195599428115,-0.7708151029316179,-1.4818146163887895,-0.9639963887155996,0.649589767659569,-1.1626013827081616,-0.3662673351516915,2.3754069692463857,1.6724601561419528,1.8638837113756468,-0.44598259129380213,2.104196168129703
1.327398818148801,1.9211767350329123,-0.5227165615854984,1.1869596157318971,0.420732079634594,-0.20241245318913606,-1.2745710084908426,0.7506609770489724,0.5638734958474252,-0.6637282872419846,0.2694472451784506,-0.49744028642002597,1.1934859890781129,-1.059726530381454,-1.114831425412267,1.1665698553685986,0.8012286049919407,0.365245579426652,-0.1453237111016449,1.1027118477092264
0.3005128916020289,0.5476262557278593,1.4285805091457415,1.0388660192349335,-0.02100305897749342,-0.2324336053090519,-0.11904814752270537,0.6920164391218693,-0.46032566327847935,-1.6000122772607897,-0.14989600417174287,0.18931588118620976,1.8947967985559881,0.2152659242456754,-0.9981882838393854,-0.39612004328306205,0.3489056294589006,0.16434492764044117,-0.07227283448710521,-0.16430907603143546
0.521706728803793,0.5215827242510406,0.1197657169479283,0.335625258605776,0.09668811612213934,0.2163018879655447,0.6122274066683088,-0.5154086468870801,-1.1745242181615616,-1.1948693343547732,-1.2677797382375147,-0.8048236111471033,0.3623865403273823,-0.31443669692888426,0.3552145894718943,0.5518383876197285,0.8683420123202922,0.06116882243491207,-0.2506408576438432,-0.5449324381380127
-0.047344800059508474,0.16713015613922064,0.6670038983540301,-0.2087134903798496,-0.9448335957880856,0.08498422969650576,0.46023681956685114,0.011299480562995665,0.6304837481989175,-0.1969574596136288,-0.8306333902006879,-0.9214718648672514,-0.39795739634569005,0.1780063919709276,-0.9335607543453046,-0.33719770451571535,1.0338590222232087,0.2229898493489333,-1.932641152984362,1.0424686305676827
-0.7513851863042471,-0.30864125232724343,-0.6063508514310967,-0.025223271104178404,-0.5179363985559355,0.9894511940081372,-0.10057034723457782,-0.3651694377304778,0.3670326909516579,1.2821186290177529,-0.05097736146623071,-1.0887451902226484,-0.21300739968138335,-0.8924964880790387,0.3889658113208418,0.8629790023183069,2.023134141619327,0.3072582899901122,0.022075387337151257,0.5877568406353383
1.3496932063193345,0.044901227385808574,1.1090751592723398,-2.551485980244918,1.4484526293412774,-1.5771963108180886,-0.5166098656791706,-0.28823143642739896,0.06837655708433524,-0.2894396612189159,-0.03697408215298948,3.025884335421176,0.2090628716219853,-1.5092287768735901,0.6032852116576324,0.5779680626162135,0.24093899366496782,-1.71712509531544,-1.770929002805133,0.50787236437824
0.3520184433502953,-0.3521388843536338,1.0426070276070138,0.41026838756048045,-0.13540183960346147,-0.8754681289382533,0.9535690949024367,1.4364049138752508,-0.7278026058119601,-0.8354158203383532,0.8627588949449977,0.4010149434201579,0.8537140584615418,0.4581801665527683,0.9157926252588531,-2.1119898705396167,-1.134553032142516,0.25113789624861266,-0.31782489098370004,-1.945120906661807
-0.8960816199398333,0.9515571810628567,-0.7236288763422001,0.8552741308998537,-0.38101886856593375,-0.7618707361332233,-0.7795759767155607,1.9958005329252875,0.26775879003826464,-0.7535127104198036,0.4965394671382254,-0.7361980302725349,-0.8864463083139966,0.16799328693345472,-1.0914398225588577,-2.047648728536243,-1.9703623964036492,0.7871466025392786,1.765265736659806,-0.6578219787185284
0.20485552847538208,-0.9084523614194309,-0.6988503042060156,0.008265840489231919,-0.5615622226011401,-1.0942744376847928,1.586814333459603,1.8545491529871774,-2.121270666726957,-1.1082252013825058,0.8720476192675439,-0.01974778921787238,0.23433349633466455,-1.2624211725992387,2.4200999100664067,-0.43394435325341546,-0.15380914096908319,0.8169149184225071,-0.6578432403867944,-3.975272614988323
0.21789884363176543,1.1974437422893187,1.0942142593175748,1.2386709946254422,-1.5088346555897558,0.9286852743666091,-0.5374116873459779,1.2162840990783863,1.4533219303011127,-0.20289567115675441,0.020847972646102882,-0.8502975636611466,0.7142413190398168,1.604941963695809,-1.2241228570561689,-0.7195147580077547,0.44628845132352324,0.7056841038063068,-1.2262357789201086,-0.4767802761982905
0.009376514613141233,1.858180514860736,1.1609895811368274,-0.7660604431233156,1.2430547554994216,0.22789213224560628,-0.9041604489505516,-0.41234455845825135,-1.2717329384974958,0.2106696005683155,1.0462675289874344,-0.4464103555508169,-0.6318986111944723,0.6417798357033588,1.3796344717778928,1.4266563131282155,-0.5499390114845152,-0.4513477649020562,-1.9622109671201455,-0.25621994761706474
0.48020822351447107,-0.42734382387784503,-0.20239206224754305,-0.801852854484754,1.8359263387877354,-0.4052112302739126,-1.7974195875771268,0.4783930489317685,0.5811807714512219,0.35194875833173306,0.5815723990224765,1.9988390990120124,-0.3425719738068019,-0.6644345048776285,0.7986171474339746,-0.2528151914749575,0.8986502442104529,-0.5482104330593837,-0.34714804528705573,0.8046330587110038
-0.23251461765716083,0.3652063962606747,0.5204739860850695,-0.9094227468182133,1.0750105999546853,0.23090536308007997,-0.7635418270185073,-2.0099460397464224,0.6131620076799509,0.37673921352596024,-0.6394896844003206,1.225854362238348,-0.928898138882195,1.5248317533168612,-0.487332389929058,-1.3931295493920273,-1.852949034201727,-1.2775473287921375,-0.48215496580058975,0.9171025274261433
0.6655680910298366,2.549822004980491,1.4575141877986517,-0.24984066604626876,0.8650662681034094,-0.3238423738254507,-0.8555412442689957,-0.26371572664930876,0.3016300747005586,-1.6324424015885703,1.6697484883153562,-0.07514373067346525,1.1296333825946427,-0.837457189565167,1.6238961319996341,-0.25691882472987077,1.2599765202281068,-2.016421774468359,-0.3722384071537369,-2.342845955400318
-0.5094680222359986,1.806076352855712,0.058197857841799774,1.3668867449969149,-0.15959590941377547,0.2830971896777285,-1.395410160057281,-0.13814506192495474,0.904291624092839,0.48017738529796405,-0.5298827761371968,0.16070579483442177,0.7886407421261488,-0.1987840975327843,-1.3057679092194272,0.7329311005392761,0.22509208552414267,-0.6578392839430804,-0.22296238995091613,0.8264638521431124
0.9989605964632187,-0.9492116782274662,1.0226488172699992,-0.7971178266983742,1.3467835211369648,0.3354301628681377,0.06290409238027338,-1.0520452398128202,-0.305964327061229,-0.8116730908159866,0.027300472070022452,0.7907202677036365,0.4631400042835886,-0.4861137569226594,0.8305201131095362,-0.7225281295032644,0.779859369967949,-0.3033695354158597,-0.5779048950057883,-0.18624325591251417
0.02493805013042752,-0.41561838805197293,-0.9650284728546127,-1.5487183408931298,-0.4189261171369888,0.022726175219664826,0.08376910550421464,1.3647522431474224,-0.24400435547695082,-0.8484167463251147,0.5064778002922539,0.7250346010107804,-0.5686105543586882,0.06186782207027943,-0.21750734621862,1.6183673589648166,-0.5230827028036825,0.9613997889840119,-0.21422634222642906,0.06529699019602463
1.004281298125968,-0.10687231290368594,-0.5709461446014299,-0.4770167127681963,0.21997637203921827,1.1048237715805282,1.1221070644733473,-0.48912466766857193,1.2468259396963879,-0.8568427738658804,-1.6622608992403558,-0.7937163932665698,0.2900286135006822,0.5001388953586434,0.4448573592367607,0.6775189224682545,0.606591965275901,0.3802960481285865,0.7939073525749131,0.7074623611467217
0.8010710349287573,-1.0616145557982837,-0.7501917787515011,0.4378618528108857,-0.5830913107274446,0.16304332804419844,1.1436774579999227,1.5589214247926586,-0.013007618179047437,0.46258412625518874,-0.475860648306411,-0.21073815694264786,-0.1532676623464686,0.8400816890409973,0.664366528376728,0.20127682276820105,-1.3026500233203193,1.5296785333046765,-0.16351168975820637,0.7627058285743707
-0.25551184838189317,-1.198069865131285,-0.1523143075023482,0.4990167547590021,-0.7736666092768162,-0.14241714598323746,1.0318943787939299,0.41528660796723327,0.2558418594173108,-0.8179828905671996,-1.6350969948658445,-1.0874997489674103,0.2727282646650421,-0.040286932847372246,-1.5033379362264974,0.09532450444937969,0.15620943251490882,1.104648948677581,-0.3173888548067563,1.2319712967486554
0.05062793133206024,0.05989244512407958,-0.7652798531264693,0.6699948670743344,-0.6068026903511167,0.45679184297034475,0.8617807698188528,0.6433548515180523,1.4205419579308751,1.1420166915388863,0.11436570154269822,-2.569318853717405,-0.6788741179014911,0.44812583635215614,0.090578613443929,-1.563943360693282,0.24219112641038215,2.28885875651675,-1.0286835376362666,-0.982926004801084
-0.4131900330875478,0.0890351558674358,0.8392360042917041,-0.5615909007927118,1.5658724371214032,-1.0035334851983428,-0.730776738768061,0.2553720969530362,0.5791115947692101,-0.5026143856501498,0.14098818549417091,0.09118272040138116,0.3892852621613351,-0.05242606186012397,0.7921101353342593,-0.4423971439053893,-1.0573940702596938,-0.4668407218878419,-1.184585952025756,0.7246349800755617
0.3706713333734646,0.8249364716858029,-0.05366269544165752,0.2319699362924789,-1.5925965827142288,-1.3738851302151718,0.25181971777850637,-0.5158990005624086,-0.47205110135952527,-0.47639714145647244,-0.7006364089113636,-0.5041317440576054,1.718705707451594,-1.226214061054827,-2.426927457165844,0.9936170436362156,1.239407426174862,0.2899665464292467,-0.6886126593565272,1.7661720548927151
0.4446355957138953,-0.018080673239847012,0.3033080626176869,-1.0674410047296343,0.2811650411942019,-0.9952522917873016,-0.11879020598790702,-0.2587101947114809,-0.4810042272085808,-1.2844952576222124,-0.6808804970834624,1.103168841345625,0.8861526048320644,-0.956291325095945,-0.3048204800953251,1.4665255550767424,0.25174054411237734,-0.1114204597725082,0.3006098771967105,1.4179590749737099
-1.3050681637835202,0.22324819884857638,1.8745971896824816,1.830155632010441,-0.6909859534617082,-0.09051399331551828,0.07089951467955893,0.6614470591120052,-0.28721181932820233,-0.40970095380854615,1.2164722846054652,-2.2830573165834314,1.4400648926832795,0.330987069777033,0.06278689770640673,-1.1245961062804928,0.4790568508266921,1.6042387207508197,-0.997781074160848,-0.6037764363493763
-1.9535890951808454,-0.8309478057693668,-2.515884726777089,-0.0346408671219328,-0.9815845507329083,1.0131681712518676,-0.7568283292445391,1.1203728581676236,0.970329522426067,-0.6522621482267293,0.03368016844143616,-0.04847525714287199,-2.4225634500661934,1.4790820999425915,-1.3019519781513003,2.044147876719421,-2.610947666379535,0.2984214788994496,1.7632994462810387,1.155911170979908
-2.1578335238979003,-0.33496143301768694,-0.4291181407111879,-0.05231945239992331,1.0019619960681583,-1.216853556511344,-1.3523881963780207,0.7488349151313282,-2.31273938592879,-0.43882564722973577,1.8913883101383149,-0.3269345305416784,0.30127458346064295,-0.1009234618880201,1.2793329317619537,0.4901783439058243,-0.5036127507270676,-0.26832255188595405,0.09604871630889407,-0.3946566985877892
0.643710574624046,0.6907791076745076,0.5722234255635601,1.6899059837379617,-1.0880617990447712,-0.9665678408376863,0.17987168637818313,-0.1763608204679464,-0.79017618974342,2.025404488395576,0.6860633632233168,0.8843141356021769,1.6875140959518207,-1.8198849801678605,-0.7035684253507863,-1.1454520491187337,1.3940656100206044,-0.6669171076428068,0.6385987070492629,-1.0830194764493335
0.9700666526052659,1.2341483541005513,-0.15239477588874784,0.680837897975742,-1.137275547458569,0.4124065068997929,0.07713138898976225,1.1249582277331271,0.016645584622871086,-0.043124578054928156,0.18820873572304989,-0.4488364704897466,0.45745391973958943,-0.0372116861263116,-0.4218555180397709,0.016064135266061968,0.4673324391901513,0.5756170886227409,0.47336003170241453,0.19219116437659411
-0.6078010010653205,-0.15236617627471583,-1.2158376476667825,-1.171655100299628,1.1525784943548887,1.6353178228329894,0.16010965692301637,-0.356346693167591,-0.47721322086219664,-0.24399836800201005,-1.4212295251636187,-1.1563538669492281,-0.031810758742198963,1.1455477872685733,1.8362972310397883,1.3505418861383451,-0.005101187059133799,0.3865626561509021,-0.36938480761672526,-0.5007458706184437
0.7041037790567586,1.1812458635032386,0.6783253449031436,0.3286684910641564,1.8051571941295474,-0.9244088201601166,-0.7110852971566449,-0.07997180805846112,-0.2851023434468613,0.3502034724750564,0.018986220161632643,0.9608141676473738,0.3173549777551718,-0.4205176657740176,1.0005040196051076,0.5224692445806148,0.017037861177324747,-0.8553758576280135,0.017149656959027676,0.066208426405032
1.7613448141720158,1.8654037777892098,-0.013841466805212059,-1.0106505042554546,1.5737359427167916,0.2624881916843012,-2.2237684400849136,-0.5799551374736314,1.0037987478969206,-0.41395986472850127,0.4852243190719352,1.0058487018052051,-1.7796507510032957,0.02612800170048414,0.08579680104255591,-1.1623446560746775,2.075121200547752,-2.1934244513282084,0.3254594242588674,0.5947402361987083
1.6911554807871862,0.2716379438303301,-1.3805654617668246,-1.2428315277347277,0.5146060761440855,1.345921349622002,-2.100853124846415,1.6230502913853524,1.7504791915220963,1.5421157889016983,0.5215888046188584,3.362374201984933,-2.6035479121215723,0.5696713556860649,0.43374545074434956,-0.8591289858037879,0.27551205150734226,-2.313436673396748,1.3230938672360042,-0.5568335563604121
0.08962569462713177,-1.2040783634754084,-1.5007237852711866,-0.7170791581338305,-0.5015059232203692,0.43617088714582014,0.6986234250626363,0.9546457412072238,1.4582717609642444,0.13139702843431766,0.37532586134589846,0.7039742847099925,-1.1864790485242402,-0.12244229112833545,0.47689957240500297,-0.38701233906697535,-0.3497752563006627,0.6086736695201909,0.9815983458603771,-0.5113343241386095
0.4695636790631259,1.4164416121570365,-0.8812702787691686,-0.18671559885130082,-1.0467941790747195,0.42138234463779894,-1.290170752798559,1.392191045085761,0.6799754581019376,-0.39275330821441484,-0.36771211175764906,-0.18020723832682617,-0.6313181433614944,0.4238954732830437,-1.323814994526115,1.1167821406372442,-0.5005282927712624,0.03974226011800977,-0.8843394972239434,1.423491949942121
-0.448368649178381,-0.7558891534916311,1.6942748551546678,1.712121554297535,1.0896720099720025,0.5070733486073253,0.3621350964945206,-2.0452831959558235,0.13017134071735595,2.0299186992059064,0.5749872348922571,-1.0246485641657488,1.173598798628717,-0.7273720583144987,1.07081962736516,-0.515346404728584,1.1042804298748863,0.14305753096475485,0.12549180905550242,-0.9433428424940979
-0.4815492034490245,0.1788722486737151,0.6815303406442033,0.19035172991373778,1.0573568152275508,-0.8699395223276081,-0.28128737360903217,-0.8278675802457613,-0.39317646985958177,0.6177824576419323,0.8771951368799492,0.8389244409915249,-0.4801953222385643,-0.44557721050326093,1.0307410668649142,0.22198594709860822,-1.1146623167092395,-1.2029223461611838,1.3211074973508512,-0.21649056864998467
-1.3085571931875466,0.8350365276756874,-0.023731175928277386,-0.47768768533787453,-0.5427198845080556,-0.7904054140671517,0.15381897453432716,-1.0583489391184953,-0.8962123540539837,1.2703415461810705,-0.14720045275478202,-0.829041570828734,-0.4865537676426595,-0.8965700424418583,-0.24531027492234989,1.3926495943783435,0.4147688390578885,-0.6890137792849306,-0.5208411248369476,1.0221922472792497
0.6678578991403956,1.614832898731764,-1.086694640046895,0.33684563875387186,-1.0376303050377957,-0.6055764328585475,-0.44163560582370665,-0.04476141560740511,-0.23755470164397005,-0.1655350282151804,-0.5053690009131977,-0.12256734715417097,0.8907877925996892,-1.1257731541011575,-1.500234021579915,1.9329311267129412,0.7340836488936284,0.09715219995299408,0.680622049098161,0.6480052690827214
-0.5176403181211484,-0.332658564865335,-0.5915779077103079,0.6239590764004791,-0.9029044207078838,0.7566974635750758,-0.15837231105832744,1.5304928497831978,0.7378846944046461,0.19481481453680013,1.4268516700682097,-0.2472632924097476,-1.1601658711765357,-0.2543515003050594,-0.7691043343961016,-0.6690067294438263,-0.583873420540511,0.6883435746736041,0.5624554434585967,-0.6363138793333282
0.8387250496586777,-0.33542696235352076,-0.3523442159523453,0.013388523776843495,0.5440469945236518,-0.1453689095049897,0.9183024308435517,-0.2823445308732904,-0.157287939863857,1.2070943668853582,-1.9109408240900894,0.9299325950850389,1.9318477634350086,0.3911865623003825,1.3109327190063387,0.27965394639318036,0.18068124154837287,-0.037324147562437966,-1.2775129779594094,-0.10992202038590379
-0.21400007855676434,0.7002708455808341,2.0739692333756454,1.3442521356902986,0.723505483887862,0.514359203975308,-1.9470064008907337,-0.700837747103106,0.1728182678756456,-0.43772140882950966,1.571036390132597,0.7333754819104651,2.2346567350838993,0.5693266119241195,0.10540265173772077,-0.1464415403896496,1.1599691633919285,-0.6251548561804599,-1.0518484597951072,0.41347909858137816
0.6835885245766906,-0.9913012659275512,1.0922715024078287,3.170586741356081,-2.23638989796322,-0.7920819104098384,2.602361885875844,-1.5340931670028741,-0.45132854343533074,1.0317371157252682,-2.0235988672132037,-1.4693288097736708,1.6418897504585652,-0.6786968431380501,-1.4250464794649838,-2.202275146022552,-0.049911552124050705,1.1887929233396313,0.4503351684335053,0.678396283513642
0.07757882133210588,-1.8052379887408296,0.5013481482521572,-0.8933768870359973,-0.1992217074175284,-2.9166250860619813,1.1063755492917795,0.39545558858125746,0.8423656839168115,0.5514311045498386,-0.2211077235047635,1.214344945889674,-1.0654467671113839,-1.5094736739382701,0.1650357220585642,-0.7495035116943768,-0.029516878421603124,-0.12585043120166478,-1.492394300365958,0.5687001689849029
1.5273482362301154,1.5630217851986161,0.042697805694666885,-0.6415480386921483,-0.08379962884877348,1.3503458377581863,-0.07685904676826301,-0.7705730563192239,-0.1673148315086939,2.396905862548061,-0.46068010360201145,0.9256636849992598,-0.3211380052904736,1.1603010262780176,0.9674578503504666,0.6065143165624814,-1.167396040868239,-1.2668629553430426,-0.5436416461968291,0.8700604197382237
0.7572036879441952,0.8635265362074209,0.12224156728037049,-1.0464509572530813,2.2499147131005466,0.9851384989553769,-1.7445503088494416,-0.7222470223943648,0.3780807252952057,0.6797762935202987,0.20306460413881378,1.3231045953699982,0.7514488078724242,0.9720963640699735,0.36151959647853715,1.1716274232276105,-0.5767054412346158,-1.3153094901026874,-0.030753266171348024,0.2738883036514764
0.04955803706498102,-0.00829358047427529,0.17408470646409255,0.9474921270371252,-0.28688678473168033,0.7626736534574705,-0.26193953562014377,1.1759537207083393,-0.08378015187451397,0.5337199366736071,0.615506841882664,-1.7664030299353943,0.014132481197743308,0.26048232674019495,0.26521039291864457,-0.6118200983287323,0.9307846660773723,0.8151750853425155,-0.26030000128974234,0.2304611265871562
-0.5318080262239379,-0.12326862097746967,1.4407459951108579,-0.6190591339668928,-0.234905523753075,0.44264965192819455,0.8515897671462486,-0.2177536408283329,0.6484170824729153,0.4141524844891505,-1.0541256239275716,-1.946111645957512,0.3247579175537146,0.27710448975682106,1.0702162107256812,-0.6573824317585575,1.0783035131829866,0.9025542164796546,-1.7388246649656336,-0.31787438310892735
0.5654488486703384,0.044099577029217664,0.43534183580819497,-0.04510166792307267,1.2192726905716498,-1.1975917871347868,0.33627242769038607,-2.303102354539601,-0.8059786247862317,0.5830502749691531,-0.7165623676556605,0.4854226572184596,1.1699495732760132,-0.769524161971331,0.5263572005751971,0.14860011083196606,0.5931593662332659,-1.4169910665609073,0.7291609102545152,0.3871406278191469
0.7662319758841342,-1.4455753075111737,-0.06854556035158738,-2.9416810509114915,1.0782374732654496,1.7384836652239477,-0.6419853418227883,0.35243296698815585,1.9802437840544587,-0.6299197594502575,-0.4955679372232366,1.3791398005238487,-0.8519822766910995,0.7392593903244542,-0.6818884696421441,0.024981115503749665,0.5186076852336022,0.34706928212417143,-3.1203656156727058,0.7564966344589782
-0.347436745919339,0.159313913157795,0.10995179533897109,0.22306501304396,2.0377266052864,0.4877627111274309,-0.9287026449812538,1.260177086958966,-1.379918160938766,-0.042831920027766125,1.3136170512728305,-0.019650838119106714,1.2236090305879816,0.36008764267326954,2.4803342487729476,0.16637236273616368,0.1373047910854194,-0.5733246275482993,0.3762497032596705,-1.3152424241475449
-1.3998479821179581,-2.5323586820094524,0.08676566656949111,-0.6629201591355766,-1.578786021235981,-0.45346262347865346,2.9259562442883404,-0.6358584162471395,-0.7459187528563579,1.5252783216036359,-1.1929786076258253,-0.7648033032051009,1.7381624686965953,0.3581613403164395,-0.4675848723629102,1.2592469009992395,-0.6755385484247496,2.3606042680869206,0.26209316400486155,0.8301659381355735
1.23612190450126,0.8278110216449984,1.1616111959159099,0.08190786274293824,0.7081248312506947,1.1658633094745217,-2.1093395259321204,0.01998401887707336,1.0489426411486884,-0.5478316241527376,0.6884521236840178,2.251688171061574,-0.299440166855783,2.417820439349987,0.9601968761343294,-1.3232205415128775,-0.07567150696155146,-2.298692730500169,0.7036940194768936,0.8660368981793948
1.855965076137056,1.6307548693687255,-2.045882398142503,0.32254731570843237,0.5067453473820226,0.2353988820578865,-0.03229789431848981,2.558847863658606,1.5604212873052616,-1.5355252709602805,-0.600543736487122,0.47855167452390907,0.08619544152002677,0.35086074160895,1.062726327101223,-0.36123808445584715,-0.9659122282770779,0.6185011424931719,1.1049804411497064,-0.3489396275938218
0.013401131925630978,1.017723672820118,1.4887921408955402,1.318369353060173,-0.598828973394303,-0.6074268072468453,-0.8318837387914605,0.43720597782218334,1.4181604964544419,0.09163796213967915,1.796668315272769,-0.7647674623982346,1.7157296334217202,-0.5413574847316727,-0.9848968696557608,-0.6489106637843934,-0.06513846218587696,-0.1471404139388244,-0.9127668852476597,-0.8031476007452975
-0.10896066262850637,-1.525819695743816,-1.524186920851838,-0.6332452747895706,0.9131293301013619,-0.7837711975589353,-0.23080139311927095,0.9524218980382714,0.27917259966281865,0.6018531275387402,0.7546577978733028,1.540502344394987,-1.654661468158684,-0.07667603582630651,0.7003356357897651,-0.17313835913691478,-1.3399332928415417,-0.11270897794858886,0.6690490699456909,-0.23416236667856355
0.6174593730432638,0.2731910232797447,-1.4580872626162824,2.2331582827167162,0.06292904061842719,-0.2152566483707438,0.8036922643986426,0.5968866256259556,0.9271152873594558,-0.043147601943104186,-1.749857402504545,-1.0052190605080609,1.0182123804430123,-0.8300716709249404,-0.5528228778135968,-1.0426440251676665,-0.6937585088869851,1.6219173857410105,1.0880336149260739,0.6638765001387289
-1.533870250729658,-0.7032356092793819,0.06172784964835214,0.15384374878128387,1.8332098378362924,-0.8210146666454657,-0.1822422719830192,-1.6909022545868237,-1.524720308619195,0.6477561581075701,0.6076230669293785,-1.2782268485191302,-0.4063417537672026,-0.84041416729604,1.3668434259286562,-0.5075341846731743,0.5214640811438563,1.2364784348375646,-1.6406430600006652,-0.8948790581056265
0.32049699166361784,0.4491967898554047,0.4123015065853428,2.0309652446751603,-0.8461218400609853,1.6418141663339902,0.3886423743807071,-0.37842927069009324,-0.66070874624679,0.503801157304381,-0.8217125777809297,-0.0029468275619250204,-0.007808102250962506,2.074150628107359,-0.8199260219934552,-0.37382249453717614,-2.3551305192542724,0.3568857426677536,-0.06225833975933115,0.43609022356568233
-1.0758531752800204,-0.5848934174380435,-0.13958102206572626,-2.4490905397918517,0.9558548488335096,-0.6966063981702378,0.3512554311449167,-0.8417213929088332,-1.5369421994983827,-1.1640513000218222,0.19746211009971817,0.02139419138701924,-1.719222552289132,-0.6101120680700252,0.3243949902368417,0.6265846340718908,-0.2592514056623412,-0.4941211469334623,0.9602550844114518,1.5460277038213048
-0.6603821604064719,0.31728307168843217,0.8675546139583266,1.8096083532412128,-0.3856611542870757,-0.6281580968413855,0.5190456253240333,-0.555130554668015,-0.34649443330109425,0.6229587167106065,0.32728337463250107,-1.5949061821414774,1.0311138911820688,-0.8603505464549839,0.2695419732071679,-0.9117692166529597,-0.4194828105034434,0.0019377021627202428,0.23191939673782563,-0.8052459870526156
-0.14644856319908953,0.6555400856557402,0.024363528143673565,0.8931462759011669,-2.5135844608516127,-1.2478725649178075,0.5505809792909555,1.9522752064503333,1.1848285948094268,-0.0036107089232313865,-1.1337993255575678,-1.4870605988045495,0.37719588728612213,-1.2604031859488702,-2.4008744994518114,-0.11773399811031855,0.6160100839808886,0.07825079410221333,-0.7629667770044095,-0.19936673924764778
1.1526239981215949,1.7103959826296147,0.4271381301484611,1.0149112786979395,-0.3628989734987399,0.6095936453030867,-1.1276125036450984,-1.1030206529173645,1.294628273332576,1.2988982042741382,-0.3353006271125901,-0.6813480039428089,-1.1934035645491363,0.08416663142409705,-0.7458538957844115,-0.46139593546353214,0.3568841316843149,-0.42200129654503094,-0.9658171938707408,1.1800139300934736
-0.9259563910505461,-1.5312250130885334,-0.8527060550782448,-0.3457890203808338,-0.28468876152771533,0.7833475210768827,-0.752177193909331,0.07923280601348082,0.8654400232616258,-1.7726459249685529,0.37374484176283057,-0.45027140511793085,-2.3971051423739294,-0.45323264530762375,-0.47947383569339747,0.34260149923769395,1.5982844836273666,0.5783953522416082,0.7247013514825035,-0.5288391372738601
-0.9345593249330598,-1.3637240387970475,-0.4998612315289854,-0.27522077229563763,0.5982450723278088,-0.13396623114016595,1.3837080148277308,1.1846493915139529,-1.142490927630112,-0.5236759864001704,-0.7039501116930487,-0.318321067924643,-1.270347815499198,1.0554785989892028,0.8865155571235528,-0.8110642862239307,-2.3380390047591986,1.5852702873884301,1.1376317288509492,-0.8153326544937093
-0.24249013375543682,0.968598203066006,1.0559466267498705,0.32456353076712413,0.5721240965914,0.007198573868870354,-1.3964998211044988,-0.22450511635338546,-0.7846569396357291,0.07785046237468023,0.2386541609075846,0.08286353734574917,0.46771358940202695,0.12451936484149993,0.184487868322937,0.40651204240108646,-0.5242268345416978,-0.3491410730412403,-1.4796971164685309,0.5874542762513972
0.3742237109846516,0.028799354028228467,1.2155333324114743,0.879286163567685,-1.211338150194551,0.8875744620527256,-0.33680043377701696,0.894720258894554,0.71582794799218,0.9856789931153623,0.07806014017958976,0.5043409181300019,0.13564298086329254,1.8700178326821044,0.3418450094504392,-0.3494046715031997,-0.9347995951903129,-0.7655011424466073,-0.24545719016626433,-0.5454764410849972
0.5731718845999784,0.15065427983807347,0.35832097148800596,-1.1826736007728313,0.49474945504456036,-2.317166927285737,1.1290681961799793,-0.15303157987174357,-0.4183519402177766,-0.29820465272386887,-0.7153261961033249,0.6238379289992996,0.1563843714410989,-2.305397113975833,-0.14154045793247405,1.342560293932071,0.1685956603559273,0.3394392763696212,-1.237670380926912,1.7612761598001123
2.0631659809656098,-1.5121179316995699,1.3523616470863695,0.7498227490478506,0.0339339953459563,-0.1752654946384079,0.7400346826705225,-0.5428296054416447,-1.3265115398645189,0.6204650354676804,-0.5369663085845688,1.771491004403301,2.314333207852212,-0.8026367069421453,1.0869196157232837,0.5399640424101603,1.772706276571789,-1.2335485319046318,-0.2701429415858266,-0.4621416792184738
0.6211024299978425,-0.9908843891417198,-1.837280035379472,-1.121590633529975,-0.41853480863051634,0.27516493972966566,0.34614282882278025,0.6092899932949858,0.7592558478030405,0.7529958994080134,0.7299407931984705,1.1548073461231243,-0.7018430698313918,-0.39417440672882237,-0.06615840414391568,0.34486309723150543,0.2526244797465632,0.2816625923079265,0.6803039883069977,-0.24673062278467353
-2.423322417559371,-0.7052687320598755,-1.6993595264888444,0.20784795831622624,-1.8742280059518333,1.105803746930638,-1.3737800200323618,0.17658211282150843,0.5084475027084516,1.6385084833029693,0.6971098534563651,-0.12479632022637924,-0.8327743807436099,2.3862548510479953,-2.8020197244772502,0.5179705581334753,-1.5947181912360584,-0.2416939966297094,1.0587793866961173,1.3723851874860402
-0.8481628079966451,0.07029993471309612,-0.5655351466180756,-0.06878695918758396,-1.1538103932198054,-0.43139245383784897,-0.9419731520644355,1.4440444653548654,-1.8528102964199193,0.1259830496080428,0.39702667479972764,0.4521813659415954,-0.9737577877281909,-0.7383895925131638,-0.5846473508735848,1.6461943470967728,0.9928165272005467,-0.5098267941791408,0.20939271228737044,0.18011990170554887
-0.7965834095145826,-0.6384576088781242,1.837782996430921,0.09116766083620524,0.0547195630782687,-0.2691605479449119,0.14924133568802922,-1.9538032905943927,-0.23609879501925168,1.4030327042998199,0.2495346903188967,-0.15668593870620842,0.9364812122483893,0.3479478338922879,-0.7035770742970714,-1.5559665158224392,-1.0529086936760008,-1.4602156272288829,0.05231163416662266,0.558508332923339
1.200625646740558,-0.23871744687470556,-0.6493201615802983,0.12773466237867534,-0.40532012269632456,0.09232381571415663,0.9198619624174039,0.4038491632952818,-0.10201173249684184,-0.8270247815240438,-0.28604905301874867,0.3288668854667185,1.4599349662535441,-0.7669937291419402,-0.09507730138251093,0.30568002142620115,0.3830994035992182,-0.5686570053793513,2.0326136447673866,-0.33895582542353553
2.0958560538727173,0.3582887961475098,-0.07890350159650007,0.279755945480001,-0.12801933913796595,0.1725937574991745,1.2827082370478575,1.279571678897414,0.25812665950623276,-0.30889866503187496,-0.9469762088176211,0.05641162138486275,-0.4206713129919851,-0.39817652012903865,0.8029991010033373,-0.9186555420328919,0.02409937647792738,0.20957809803838973,0.5330041709856636,-0.6562072449953332
0.9137212559927989,0.956028808777786,-0.19299368721578342,1.5455600677737231,-0.30152882786854746,-0.9565561813117497,-0.030144685045979894,-0.3302795010035994,0.8700825172562303,1.405112265377788,0.3627544797242544,-0.17187552070274514,1.0485730658579369,-0.09952478636812893,-0.1386159005933348,0.9925896396369649,-1.4665136784414698,0.37565469955690933,0.4432517969616855,1.6063443511300088
-0.24973558562641798,-0.5106571364754137,0.2887632656613992,-0.522821873426683,0.9134271317461979,-0.19623869071694747,0.17055153090273403,-0.35928048949279057,-0.038256726173164925,0.11219101904619223,1.0902334033490937,1.038288780713921,0.7985411599447042,1.78535028486714,2.067017262978875,-1.0411840871099238,-1.8983312089549622,-0.722159694963982,0.8384564865260499,-1.0989228256991286
-0.08851552571735273,0.41436206350990146,0.6633242727133273,0.383770224994008,-0.9264181563445992,-2.2394196609032075,1.0984687777281268,0.1149910002148356,-1.2515174878012394,0.21972732428325858,-0.8060287417455508,-0.8536693064330564,1.5432804647535547,-1.7184657589771732,-0.5350284512183808,0.41786853600491636,0.9404925682787624,0.8257572806131322,-1.1127020161438472,0.9086595654692933
0.07594150546210075,2.038123738136034,0.4795727559611727,1.0364280500855636,-0.06157854893307602,-0.28747236381959024,-2.244317738347195,1.0571200681557502,-0.731876997438275,0.3924700391735978,1.5306463533783115,-0.024014073957059148,-0.9151673109793026,-0.23329244619695416,0.403693521497101,-0.3333912656820035,0.010732778014793864,-0.9104905477615995,-0.6891167773575009,-0.45637810506303006
-0.4132594121404408,-1.1875612838457998,0.250507405675501,-1.5059127076183396,-0.6114687143147092,2.047689547334483,-0.24484968218290337,-0.09666560413486268,0.5651427305347185,0.469007176873001,0.4477637877451397,0.16651688901954895,-0.9110993741610258,2.9970279577832297,0.29467451255687416,0.11750262614785703,-1.3309831293165109,0.238421505197152,-0.8009046719902341,0.5448416318109426
0.6245325139700105,-0.2634469681227722,-0.19576352976922093,0.16789360715040202,0.6783464227677508,-0.4558923227992008,0.19846742600798922,-1.5184721648705675,1.555576665097299,-0.3478965149106266,-1.1060968562511433,1.011515146349727,-1.7886028014398994,-0.3206287074232723,0.6407132869520293,-0.27563432317742753,-0.26250325643627853,-1.6039768127444594,-0.2552792474646195,0.15218598225031105
0.3133636033751444,-0.19865770648254846,-1.0325022276412252,-0.1875269026596252,-1.0104949703295627,2.1040552192066055,-2.3422537067609412,1.20021316779152,-0.7454753120552526,-0.28318870824123965,1.227658355885001,0.5959901333079424,-1.6117160001378472,0.4162222947991694,-1.8680843381646857,0.831247561021548,1.2821173820335363,0.6029730518297148,0.7575186110220092,1.1441310145199248
-0.08475750332139245,-0.22912272976167994,-0.5803481452593316,0.14769122711645433,-0.6063437517519582,0.5188582042841562,0.39074550434659,0.871903143283543,-0.8620460130246438,0.6255220478443985,0.1294723429984063,0.06322911432578691,0.3949370853436211,0.28709028718143714,0.054546649485190016,0.2237097154910547,0.587340950508169,0.6729638881276333,1.2079539815369713,-1.0477050783838227
0.4661440410860836,0.19646780709437894,0.7785081863501904,-1.2752196310589887,0.5670876305303356,-1.5285575665961675,0.753137565350494,1.6949753320419465,-1.9384520881377645,-1.4680166579808849,0.43139691128806823,-0.10502178535161392,0.753227229654672,-1.1714133327349727,1.327090732360882,-1.1697817085468212,1.2473328130247956,0.6179760980092355,-0.9281888539663914,-1.2535698401147484
0.6623964727536505,-0.8894630304908039,-0.6373499083708107,-0.030017713836061225,-0.7196410640208551,-2.8052698203527417,1.9220047038680128,0.8867205828761232,0.28529701412849884,-1.1290078391606893,-0.20013546827867226,0.43227793914814044,-0.48516782168968253,-0.9229878245757779,0.7687350778907234,-2.4901565677078876,-0.39885907186166725,-0.37763589029334205,0.9881624265942628,-1.627629434107897
0.4738410972255682,0.6675613040454549,0.7390511511764095,0.5143621015134758,-1.4845542506097467,1.450290116846293,0.10587698808924456,1.6581674445608747,0.6281917269869979,-1.2053438113235648,-0.5022713315982847,0.24967051063850226,1.178445921129648,-0.026422808208767228,-0.940584081946905,0.3544774282218457,0.4988924981780802,0.3532783678859575,-0.2284419414242492,-0.3630261156221814
2.096098761617958,0.19606874978967245,-1.0254754169621387,-0.5656992956298367,-0.21285843184680314,2.3137993329866435,0.14514107435084264,-0.9808960240937181,1.4640544418874915,1.573203359712854,-0.33742511275669024,1.0309347661897588,-1.0419248552022784,1.8797286493525522,0.7447850071533327,-1.2901432225862308,-1.1797674113361838,-0.9593966490926458,1.363648849132068,-0.5684251181395009
1.1955017277147144,1.097515906465568,1.3328337234465744,1.2103712961627409,-0.4509786325066525,-2.0619365934613,-0.5103304262444479,0.7677577030975737,-1.5455466312129553,0.3396845533364775,-0.06746210607642246,1.5390198593062656,1.2421900824009051,-0.6759761296501281,-1.2793466821565502,0.10867664904774826,-1.2725853218226248,-0.4051498584584722,-0.5218803505947769,1.0155898524387623
1.3419477159659965,0.3044288503743212,-2.086639149489611,-0.5992972197854907,1.507909096260364,0.2046089451683486,0.14225898413973032,-0.18469584520911872,-1.5999912477099911,-0.8228118023784251,-0.9480226188520883,0.8889445884057966,-0.7989844641667619,-0.8480907006896863,1.1725615010043045,0.6951740927755441,-0.3850899506814851,-0.86597061773562,2.1958301242752802,-0.04307538812008485
1.0504208270913293,0.9163003891594065,0.8219867804726314,-0.580590855948172,-0.13708792490530433,0.5857704870135058,-0.32241874461385167,-2.029988588031096,0.3534464539944733,0.5466653996683627,-0.33788516901389565,0.16529441024567237,0.27585848089747467,-0.17472306175945718,-0.13255470363381347,-0.2932010805827601,0.9087133898139125,-1.6726537235913563,-1.4939576080477577,1.1486746002891257
0.0837404938122135,-1.0866808661378076,0.670141493338035,0.5718712375273735,-0.7005266150184185,-1.7499907067146536,0.8997029260222219,-0.5142970139452661,-0.12094168312366915,0.26761236814400957,0.6368962036671507,-1.4553823951332419,1.3579982171130622,-1.8790255514861849,-0.17622649017620984,-0.5034392755117747,2.1673451343198282,0.04909145403640035,0.3061371723306486,-0.02806384625546073
-0.24002119735209743,-0.790667760677998,0.9260879644904477,-1.4351523411492637,0.2647124003598323,1.5606914895811914,-0.7530578112597577,-0.9508674750490944,1.2028320186972723,0.18197022910739208,1.395527852587227,0.06046034435008257,-0.9356983745207127,1.308008813238629,0.48879850343944364,-0.6010417388348487,0.5999041301401568,-0.9830625234225887,-0.1025768730087266,-1.1632632615681469
0.7018669104089392,1.151277347005509,1.8325425416628378,1.2152872392802496,-0.08863191509408604,-0.8449847246764287,-0.42293721080377733,-0.7652040708121134,-0.17329819875280447,0.686923921020615,0.4097602294423062,-0.44863711334808243,0.3987821175526794,-0.7713893822163641,0.9279617387821447,-0.8785084841774269,1.2990449302107034,-0.8754067471571055,-0.9531216366771553,-0.23996290348202276
-1.159919639275066,-1.4576820238890267,-0.7888257428558703,-0.1862985457492474,0.0838686322364608,-1.3141986655488629,1.422032011524007,-0.17039959622443543,-1.3831313100830123,0.39410724420246385,-0.37048403302114963,-0.23856058643712894,0.8779698575465843,-1.5781473884530643,-0.23177135470867133,1.9439634704002904,-0.056800538781809226,1.6417251937613413,-0.1374446843312665,1.6022104992457091
-0.509754078653744,-0.6381402472638791,-2.98112854145792,-0.6507736073933225,-1.3416848141099684,0.5181747535111615,0.7039173363783922,2.285557117975626,0.799078440121191,0.6617034475539687,-0.2721688560988488,-0.21691086365812975,-1.577727021834198,0.4471893099482628,-0.7248324009184516,0.5638070883815806,-1.6851707480731473,1.5227720661198294,0.7961253332602769,-0.7196064108540039
-1.631522583896216,-1.0820817158090485,-0.13754104148432286,0.5299741203412862,-0.9814990382523361,0.8607123464028131,0.22972428213634266,-0.6453418463601185,1.1707625285156478,1.2423264779511243,-1.0194149511281911,-1.4937752200801664,0.06529521750331853,1.3219122982498916,-1.3846405975967575,-0.1254040085887856,-0.5212399237800577,1.3295626571808863,-0.030349986015106974,2.077307140743693
1.4450968396337271,1.0573634466458428,0.1509716571111683,-0.14076094664998748,0.4621358130964409,2.024915194961554,-0.4314331607887448,-0.45264153842114374,1.4735658056301448,0.4629952390570554,0.04219717453600706,0.05215419564496863,-0.08660301396144937,-0.009900454211738187,0.44624271651843606,0.011797849751013997,1.1724233904306025,-0.4548187066817705,-1.4192985624522825,-0.6549549891376477
-0.4106547303237766,-1.8146530362541264,-0.405767897293094,-1.1246425310579549,0.8146866959938281,-0.45866114427860843,0.28508708098238705,-0.08393856569968257,-0.7589237822759654,-1.6085010109957738,-1.4796349972017073,1.2679185959696933,1.722200759461437,-0.6332750239720311,-0.6424839995301886,0.8867950437182662,1.5248362597938263,-0.3750090427060697,-1.0154271010521325,0.1003444553626151
1.253624992088654,-0.25658924131441363,-1.3145467328108895,1.1446411711938127,-0.9511481423449332,-0.06738261354860829,1.214693779254413,1.3262907906746593,-0.13206670410125906,-0.7169253411147779,-0.40310314035879347,-1.0454077830649402,-0.9880377321912001,-0.7179167757634177,-0.3105267666909127,-0.8644828474627034,0.37815520871862274,1.07857072741793,0.7949278885390592,-1.237004297236219
-0.21244720992050195,-0.39152368580793695,0.00931378171852018,0.19353956466507793,-0.09523978543431406,-1.03214935622988,0.2430636509643634,0.7290262244863969,1.4234946888273805,-0.4134370265265713,-0.7035593093962416,0.1348585366051765,0.13131626062888682,-0.8808133975984812,-0.4810248888659317,-1.0240134425303642,-0.9962607058638268,0.3801929802602336,0.170574440179146,0.8429260100394349
0.12411840349150018,-0.23293856688797424,0.33029777524066295,0.014684076880857851,-0.3256895875294513,1.0104165047937166,-0.013828108560736923,-0.7062629244175155,-0.4753157867247383,0.3776202742874124,-0.1720263754490522,0.2635256933368452,0.3182266593507683,1.0699806705105117,-0.35743313532617527,-0.247815021697541,-0.019136030404278363,-0.5357711995208584,0.23277770005586854,0.438969998100262
-1.3588091334672685,-0.972302997815451,0.398902056088764,0.6670386004171549,-0.9609267837261055,-0.8994622201003423,0.5228825416361751,-1.6578182450671162,0.5159552022951249,0.7688526361536472,0.05475887488026907,-1.0896862761890227,-0.9211247262248686,-0.9001390035201153,-0.8145513197650968,-0.40402771164384826,2.1154864270202136,0.5886191327043381,-1.0753063965314316,-0.06213714335599826
-0.49131784750828333,0.2221126424957885,-0.8983228484456557,1.287124527988323,-0.5928306292716137,-0.5383961327392008,0.6440888388244175,-0.03322862198361123,1.0439661873972428,2.4220974713531285,-0.7989097610174835,-0.6867777277706221,0.018328497500048144,0.16659015318115475,-0.7153697703060958,-0.01862071205166727,-1.1118502220652722,1.0262032918315112,1.4270779442260624,0.020366312158176962
1.6851739229507796,-0.25873276110190263,1.113185973016716,0.3942416255565072,-0.07376224031348463,-0.6855415712476495,0.3917110808688431,-0.6763352683736384,0.328615526216051,0.40780773993142133,-0.22722194901164577,1.4917645107809956,0.07331525674605896,0.21879549273551374,0.3252916084491053,-1.9558166977425337,-0.5805667055775082,-1.6206188333818419,-0.6468221333730189,-0.8683108074425075
-0.4982043631097325,2.973046969032401,1.9757043263720178,0.3275816690614056,-0.6082587221424253,-0.6422796225217636,-0.7939513473481976,-0.1426230787503086,-0.13744427945817042,-0.6239918740312528,1.6965856459004929,0.38871535874601926,1.6662753898524236,0.3123895640883151,0.2245220678093061,-1.0295759011852121,-0.6023188674937169,-2.3472181709080835,0.32529665442854705,-1.1326072072357118
-0.6133214160390916,1.0609873264506384,0.6445785017766223,-0.9025238271366185,-2.372335161021344,1.6165737019770396,-0.26954976295129374,-0.38332328277608585,1.8695215690698452,-0.9592041105285447,-0.43763630772249495,-0.5204421481492715,-1.5736712132406785,2.8982784628094236,-1.4783973434443936,-1.004935117178426,-1.357811633049351,-0.6758429150737282,-0.3554869909047666,0.4322979189265918
0.2776549826096286,0.5449379659689938,0.4642808260382755,0.1783751107252831,0.308465438328994,-0.5219655109377038,-0.5304595947384603,-0.2090223820738937,-1.4141907216353597,1.0951649712931701,-0.6550164479547649,-0.01506008068069689,0.7990932012315273,0.056595335612064104,-0.2023118206631464,0.7112224742713085,1.0933319395347125,-0.4264059168177873,-0.6625142948888956,-0.02704481942164455
-0.08701949706737613,1.3342919364043944,-1.4598623596562537,-0.46778479204569073,1.1480641682462442,0.5931804076773366,-2.1784741898993136,1.428295026710799,-0.19273056912681194,-1.542426395589614,0.11497053387051351,0.7958700670736852,-0.9975702453675985,0.4681232293782734,1.329279847824175,0.38903608849264004,0.778101416681693,-1.0384119109511443,0.41654611748498815,-0.5459477166137359
0.26908631180348064,-1.2578937285762635,1.6572621600500774,-0.19971340384497724,0.4657551829112672,1.4262605841205407,-0.990232787226938,-1.2398488256681723,0.5155265659404876,-1.7259010618172066,0.9597848405521799,1.623235325775945,2.0219949634391976,1.9192220361601218,-0.29318679425523525,0.1517909623247795,0.34990119860050467,-1.370544671151258,-0.06793427765351129,-0.15911131494281142
-2.4013910598342605,-1.770663548067082,0.8689470163003936,-2.1517737205484235,0.3822100726699537,0.6826410481283921,-0.32864227513485517,-0.6935547431174222,-1.3009621270603775,-0.7217927286346866,0.5228298839471923,1.0065656723723886,0.07143819711581975,0.8628797382971913,-0.6253958882142135,0.7109350788135739,0.672745348913715,-0.30381243870492497,-0.4876293803718486,1.0584318365726864
-0.5263535774904642,-0.619177030893297,-0.9605442462162368,0.5189030471274737,-1.1803353689338643,-1.045275304783076,0.7223022794900552,0.9555597788678702,-0.8394032139691292,0.874545386267343,-0.974181423004958,-0.7480170217611697,-0.2996181695505839,-0.6608433338324703,-1.6170160189927485,1.3970378179842604,-0.32329610547158105,1.4728932047624406,0.49749859730348156,0.832226100148695
-1.2037379064208997,0.33056822259725227,-0.5680771031187102,0.07648564785753846,-1.1777430149491863,-0.17232458067984802,-1.2040721544365045,0.7863188397603684,-0.012885626939144698,1.0744839824077128,0.6496963590427098,-1.4959119937661414,-0.8526749731265824,-0.10867512546038632,-1.3904952643488255,-0.19044754879514383,-0.05297330901040622,1.0290460358249234,-1.4286316255099507,0.5122369694163996
-0.676379754089527,-0.1597542557740119,-0.23506471366850792,-1.8035265360124084,-0.27313076700333466,0.9614637792654743,-0.1454585231296386,0.16211176744159478,-0.6610116572656897,-1.2341097755211068,2.4012706634409686,-0.2701195384110004,-1.0162985250238676,-0.4222246886648897,0.566277750871128,0.7161147150418233,0.9834224856899276,-0.27067185638799396,0.4128595204578308,-0.46418897090297184
-0.3469692146696489,0.072383940036733,1.0491779770681504,-0.20037642829035998,0.06868628264505841,0.6871621653557776,-0.30069713419536165,-0.4163622152910386,1.8369001352657306,-1.4539662323063198,0.8883708271857026,-1.0188227726452352,0.3073323022219564,0.8841089956899556,-1.3868945924346954,-0.4904972326264732,-0.5635062669125832,0.5443093823674585,0.12169959492512972,1.0249087880778676
-0.9085910881038316,1.1381456676352606,1.274314308195183,0.7064608094399577,1.3233113409436976,-1.3624658238690037,0.4495159185352336,0.16693314679654161,0.14725240628749067,-0.671653501266421,0.09883399829692996,-1.6803838649836345,-0.4157657072764333,0.48302900624721656,1.5910585194912508,-2.634278649394214,-0.5657616834733722,1.350181580832202,-1.6114509305889384,-1.2204038783189386
-0.3441825938380028,-0.3852648746613864,-0.34046143618435437,0.3542329396773677,0.4203415918728566,0.3598322107585935,-0.6727855288630139,-0.7622746759776959,-0.44925894929147203,0.39523558241644713,0.7887208277163058,0.9228741712219236,-0.9518805527027251,0.9363757831367943,-0.08503581586423896,-0.1306563050793151,-1.6596684740456056,-0.5602577335664567,0.563084494368504,-1.1876785957831995
-1.6147552226358795,0.3587362259413059,-0.881593199073286,0.5432152439570009,-1.4736339738441149,0.035764689579987324,-0.4649169380418095,0.7874088100840746,-0.2190389909589604,-0.9371736101414558,0.6083700835419369,-0.6066830744503587,1.984865708198368,0.12167842184978382,-1.864938923430942,2.3115723267207207,-0.4386118768036366,0.30179494491104036,1.3384234271802127,1.154837259483694
-0.6095816757466619,-0.05039662177679761,0.21198665003364187,-0.23253514895217403,-0.5693395326118562,0.5945438007683008,0.11200055813334711,-1.3789432947428875,1.0627376031633922,0.6646960487531993,-0.14520921322003041,-0.185993856183833,-1.7105087672963315,1.619897012796982,0.47226819318540014,0.04724528254987479,-1.1071319039531708,-1.1095931950980296,1.4532113426338822,0.37879551622801494
1.1045902710600837,-1.8005113595108708,-0.8697010408635713,-0.4168311044473954,1.5592365217465882,0.44299999716055416,3.103262682707033,-0.5418813753072069,0.7472959106045198,0.5261405508391584,-1.978360743024796,-0.1076980627916276,0.767318104070054,-0.3491273294136432,2.29457336955904,0.09621090919687962,0.2484852450897449,1.611216274184883,1.385389647829434,-1.3078692032932422
-0.579603341847257,0.5358826787793296,-0.8346847387676757,-0.017781625292818008,1.1863566138823805,0.5718207683799545,-0.43689452978019966,0.36468626114458885,-1.052461299754345,0.29834536226280606,-0.008632046696815176,-0.21789450141265204,0.27077966351471694,1.1782266792666833,1.40114170987117,2.4308339085405812,-0.7751053018909584,0.3086176709994184,0.740372361000186,-0.5874122081747989
-0.5691136479056259,0.2500992837311487,-1.042671838602533,-0.4029909772031526,-0.2848106353179897,0.3491692707362903,-0.3861614880751405,0.595852899964138,1.5716541867511025,-0.7529254475050997,-0.08366126917820392,-0.468065498408656,-0.8180674398306096,-0.6497879926398392,-0.32857779249919955,0.2149927212346688,-0.43194120644838874,0.1976760539485088,-0.4880371742504658,0.7136499424783422
2.7333492000684876,0.7831045538379858,-0.0873705012860911,-0.9930375587772742,-0.13776289819183615,0.7442030113561543,-0.2160792234445251,0.33691254082996774,-1.0104989738168977,1.076847384332521,0.28604271497457606,1.5632577678657917,-0.10714924535316825,0.94322398276869,-0.44813136969427475,-0.29161623165674,0.5427608120573166,-1.2132352605044834,1.2226021823770186,-0.35167102248492565
-0.31948721955131043,0.2847610658141286,-0.057227545687013416,1.2623896671548405,-0.2922270844652909,-0.3469907094847199,0.07632943875515681,-0.4276602131127476,-0.8787427859202013,-0.9270326392527304,0.799572589036566,-1.4833276329653509,0.3380058823928845,-0.7288135155855391,-0.0865328168378783,0.4864087622509603,0.13583399874616184,0.6402488731187519,1.040818390738526,0.3442999408054371
-0.48323848510603,-0.3962702158978755,0.27809548769732323,-0.22367001400121048,-0.2773487445870781,0.03919814409043601,-0.7405743644640006,-0.7188464755546294,0.3915776014795743,1.1259468948368567,0.4814113504116847,0.528548581220823,-0.7981227792712395,-0.33009179493287344,0.3394348762991002,0.4887237713788745,0.8602195991786905,-1.3852862353759583,-1.6702382520882493,0.4473631046693921
0.2750267502531828,0.32264564078207214,-1.2850681000267141,-0.767503684512428,-0.1232621001599954,0.8027485786384985,-1.8647748989909092,0.10352487540366911,1.1645056674004242,-0.504541658679669,-1.133960079276526,0.5461697539109703,-0.45522580027722936,0.5270337055114334,-2.0037660611443653,-0.17489045462078154,0.30500258608776376,-0.9465109245448563,0.3069108247300008,2.537757321773834
-0.07650082286801138,-0.31778043761262936,0.9129889416805262,1.6313122758857723,-0.6110135998755928,0.272053112835907,1.5737764042008675,-1.2521532071175452,1.2166483345401826,0.5829190057652626,-0.008088797930423988,-0.7979602065406328,0.8807065261443084,0.021449262264359687,-1.3748206330193042,-1.5599921616938162,-1.4321999704506185,0.7392086953940398,0.5793269612250691,0.12968398445277746
0.04663990782918376,0.3154267668902143,-1.5390976400587535,-1.0359155640014024,0.5863837509453317,-0.276868132943971,-1.187718520867018,1.5095960663950267,0.10686829277918106,0.204021024908216,-0.1897952075376139,0.15920180315105126,-1.1266501792804442,-0.1485429574689366,0.13872029058985985,1.2467524440034492,-0.2182077675237198,0.5684608216218601,0.6037870646802208,1.2194271704434148
0.5986267642891152,-1.0227246691707315,-0.5546380170758848,2.025974005829931,-0.5889246289333736,-0.4155774385378334,2.0583444343345807,-0.5289952403306996,-1.4495062472676068,0.9145885050995465,-1.5818997391887406,0.22036063572223377,1.7363846803626652,-0.3721260903025593,-0.13096600607126116,-0.2157753602786731,-0.5550593427005484,0.6148677318440873,0.954174215041914,0.3188287689548
-0.5240330625678804,-0.907183151669399,0.15719973450081354,0.25529717523463635,-1.6975251081974854,0.36088227330890305,1.066065772851465,0.7513385926760313,0.5753204399027116,0.44783918228755687,-0.6037379383123119,-0.6820456529707487,-0.2896548618809022,1.290999841795003,-0.564088046424331,0.10662052024428584,-0.17971367472110492,1.1375806699440845,-0.9998117349097083,-1.0709105048484153
0.31460630680497964,1.5238529423670946,0.8464269918164963,1.9043695729566898,-0.027862113045637998,-2.149120130131659,-0.4391111683576183,0.8853412836249225,-3.488730352738219,-0.3238542541581871,0.6371425435108989,-0.7563212004896779,0.7547475256498218,-1.9370878011142645,-0.2049369660517865,0.814134582562016,-0.9740736857876316,0.4146672590844895,-0.9417643178721385,0.1361715415572647
1.1761135938691185,-0.07313793690866072,0.8338849792743673,0.15611745360864118,0.3545057961702285,-1.5467007402867106,0.5583258400813824,-0.9112186230440318,-0.8130866030117013,-1.7311444287147744,-0.8974373741824254,1.3707826135019703,0.4934151457922314,-1.4374658462444951,0.596327504878194,-1.6880542614641463,1.5289279589421996,-2.3060005343794474,2.291711973559105,-0.3876892615401832
-0.37683471423340703,-1.0708831298487649,-0.241733637609379,-0.6943876312597925,0.09403252931067273,-1.9894119207935987,1.7256892209446832,1.1578168834248896,-2.1052799690998,-0.3372857743778302,0.06882938342211302,-0.29269943266937615,-0.011687525543498018,-0.5371484141361494,2.027227769622628,-0.3336758950960903,-0.13830717941041398,0.36449202051261664,0.8749263363824342,-2.92394158901881
-0.15279096449806862,-0.6816623397743283,-0.17093995553466468,-0.5796132016662222,0.3861938164369521,-0.5463708585207879,0.7302135325195117,-1.0514331899991836,0.4485131261961347,1.0320983749953916,-0.84563150479805,-0.15178371887644349,0.50192099054859,-0.8652661029091745,-0.3393473015325657,0.00925350586183093,0.7089543292568397,0.6546334023497122,-0.5246664209377295,2.42144809529461
0.7646259692916083,-0.3147411121999631,-1.6850833485870822,-1.369044520786681,0.8226500111362048,1.8097629123539,0.4654775786256424,-1.01781180730018,-0.6816367018213575,-0.7311918941501899,-2.9811237560779382,-0.6396332929689365,0.2795954238795857,0.383824352224438,-0.3982088932798145,1.6083535079374984,0.6005643498882889,1.2045939915148185,-1.0201708535041392,1.6977845018521753
-0.6552311684604748,-0.6378775336751008,-1.4465782504637832,0.31625929857812124,-0.31702566113828407,-0.21975836615009736,0.9133453017054306,-0.7151515778961405,0.43744064157604406,-0.6310904984578922,-2.4027076603872484,-0.7943106495560839,-1.0726261114818427,-0.498563914461859,-0.5546464016360813,0.078653141856714,0.1272970137753397,0.21531478743917487,-0.8193873914452895,0.20608588184832505
