X1,X2,X3,X4,X5,X6,X7,X8,X9,X10,X11,X12,X13,X14,X15,X16,X17,X18,X19,X20
-0.8960459201774162,-0.2525733349224001,-0.19894145527011609,-0.013188602272522831,-1.4935086814186667,0.9885764900544802,-0.17179904701709436,0.0025977181251405366,1.0191886478905698,-0.6533454175108211,-0.10556554613676859,1.458651529271567,-1.6605228414801048,-0.7324989309974143,-0.20446605937124027,-0.46831224219640205,1.2331518328931357,-1.244605460159967,1.285012288381843,-0.31473951226476116
-0.0950786827748246,0.212785785275305,0.9642202863007521,-0.6762833011089217,-0.1732261893997252,0.15703609633383547,-0.6505235118964451,-0.25943767505674165,0.5541775718631758,-0.12226358106166854,-1.632034318656514,1.1838286183029347,-0.8377335902013748,-0.37493330508515554,-0.8725629527066013,-0.12120914922261429,-0.26701526049484403,3.290275098356314,1.044543136473919,1.1047592577680616
-1.139152014975443,0.4756599305622956,-0.9516526616034421,-1.2709502541580935,-1.494142203531899,-1.1725387858845318,-0.004169189240517961,1.4410907707118652,1.3556695383435942,-1.600842393755846,-0.6115675176306932,0.3389127796239741,-0.5714980163330857,0.11869154977048267,0.23906324843314264,0.6360179705357166,0.22631903175511922,0.2745166165080585,1.306723899269283,1.106173105296574
-0.7460555502003651,0.608730109746062,-1.5863555231124107,-2.8474419388553627,-0.6684341033428195,-0.6929454705316725,0.47636722929345177,0.20198554837335636,2.8361379795351724,-1.907141492930467,0.999229912834212,-1.7024866524141675,-0.10340177970924307,2.1208124696660207,-0.7792283963743949,-1.3574164894845695,0.9704736787121752,0.5339311298052737,-1.1539894935474697,0.171883027764351
-1.0811423707717025,0.1352420723200408,-1.3418810272603066,0.5281626581553832,0.2580331245989828,-2.07360688464872,0.31555491734368807,-1.377479795425873,0.17344605417605488,0.8470101327989626,0.8784822932903777,-0.5418162794254354,-1.5345343787688233,-1.1131582573732353,0.7079268602274108,-0.4632028554618463,-0.3652720796662991,-0.9994118582650986,2.217732103285786,-0.02322608368916501
-0.6563509241898974,1.2655342936222749,-1.2182819015844366,-0.16791448450151342,0.7675944707950623,0.7781900357540174,0.6693004567929732,-0.7728178120467971,0.05692107239492872,-0.5521486607355995,-0.5204501403058748,1.7648822208332842,-0.42764065368015797,0.11157811621933053,-1.4593855320290234,-0.5517661693368069,0.47366150245886424,-0.5354471766875166,0.4452339121511455,-0.45471103990000294
-1.886703930990721,-1.0100781290690823,-0.13924358377349816,1.4960858069722986,-1.3672540010298269,-1.668127943674951,0.41088563196765715,0.8032873240590145,-0.40639091358190477,-0.7091876495362001,0.2935277513828521,-0.020166496255332286,-0.020414346089499654,-1.286048885794044,1.9765047500929298,1.0377735251899523,-0.042507476523104805,-1.9288058413607723,0.28169106865361543,0.5357403661836139
-0.7470952718659225,0.14502545778414405,-0.6299730656063393,0.622901313652598,-0.38519790865001596,0.01565676684890511,1.0487208972485225,-1.0001311919166287,-0.2949994888364723,0.2876896381986133,-0.8233935775433209,1.7071848390162292,0.8321476986317119,0.850605848951853,-0.5640819833830745,-0.8629622518794395,0.2849323869025165,0.6628012060428778,-1.3592760358463287,-0.9405071195042555
-1.0135133692339968,-1.6916978854004643,0.9360463661706392,-0.08764128747830893,-0.9974574864622239,-2.4067328336959246,-0.34258053532969446,1.2978080065722999,0.2221541121406084,1.2946540035382725,0.5886384866712592,-0.9320408935331866,0.26520309647019236,-0.6928434841760389,1.720788925961921,1.0682866899144858,-0.3571310297167476,-0.006503644062015095,-0.5785521847609828,1.3436394176151163
1.1699684435845958,-1.4128103714859364,1.448399728681358,0.8569637477790927,-0.16107290760182402,0.976688438311739,0.30607621229995596,-0.5359485910218914,-0.1655070285459215,1.6583435846816317,0.879859517340497,0.5629562156109646,1.121314386193018,-0.5076973648737119,0.5540058258934781,-0.8472119858117768,-0.2303712868931384,0.17425676211658325,0.015415048123654277,-0.7347706932872675
1.3300387251264012,-0.2819687130518009,0.21637742189261575,0.8325513212367169,0.8911679784038145,0.12376193454846726,0.9998715844053035,0.1809973538398434,-1.02128500943425,1.0783850987808756,0.5105644505955627,-0.6233494943768012,0.5942920931065604,0.818215597648375,-0.6566095611510533,0.4947297735622322,-0.13380462566846382,0.040197646456171694,-0.26899247023627926,-0.600523553939196
0.6309304381982881,-1.2534838867307496,0.6013873236985776,0.03343951154188253,-0.09673883162236843,-0.9565392141532273,-0.5515596061813769,3.1331111110907455,-0.10506779213044729,-1.4041654484516535,0.4764859346913167,-1.9874033055538374,2.509003391921747,0.8125802152511821,0.09913724500414103,2.279751535555567,-0.08637049447703403,0.5765692433737581,-1.790717041206128,0.41031225739911686
-1.2924715684982426,-2.241318164678964,-1.1010762337939481,-1.4026730822396727,-0.9970410255702412,0.7884112936950063,0.10263784762283333,0.5150405004545484,2.4176312945050342,-0.15742872762730256,0.8112223865591075,-0.6820911088155365,-0.41973865153219264,0.056544985130955454,1.0222677117544425,-0.510137957157712,0.3695128669446296,1.5293171515850894,-0.14449867599095773,1.1570295604825764
0.003936442247166055,-1.283702667921436,-0.7396484172756865,1.5755845253852931,-0.8833757393019783,-0.4169237795709655,-0.031031293369657667,-0.7881535450886913,-1.9801415849681903,-0.7776852070484406,-1.009785517030648,0.9105578531476296,-0.7706359519760949,-1.063767459953593,1.1323853753965922,0.6128049835130255,0.12758010015305415,0.5863401925286293,0.4802272759890615,-0.03447053636472501
1.1523772716613703,0.38446885173773876,0.5390850188496916,0.023220767259833634,1.043594943426525,1.5900012359468954,0.06986524011724157,-0.4419692509891421,0.48778947843389237,1.0462052501767547,-0.3143064092471347,0.5720174828419625,1.4264024921912997,0.8781376091301757,-0.35368907987059195,-0.48271815073221963,-0.8784705842110893,1.108312784885178,-0.44503154890156243,-1.0098810543414842
-0.720941838324102,-1.121123123485967,0.40023014500558174,0.2167452600588816,1.5949162488581465,-0.823852653933589,-0.9538591267177111,-0.17646994661890889,-1.1012000196892133,1.635090821299007,0.8200947496668869,-1.5886868577825042,-0.0013440938173801791,-1.3809267432052206,0.041178845632446885,-0.34551054128316694,1.613674075980893,-0.04180988458009138,-1.448286536611662,-0.6804391521808922
-0.8886632331903579,1.3312374848783532,-0.6199832342718283,-0.03559693102599965,0.03129521073956285,-2.280245336600746,0.38452628047093634,-0.25212722592227493,0.02808633970272979,-0.709395596214136,1.3549605151876405,-1.7693792422810466,0.5012439717172414,0.03110469516712629,0.9459019231309194,-0.6713371090262543,-0.10248173681585773,-2.747656572208662,0.8855762176382839,-0.19060799619016655
-0.8474288847753081,-0.60060312421011,-0.1863663362959102,-1.3197067721510403,0.13742486890160774,1.574984856788959,-0.17249922944027876,-1.2580626254717195,2.024651445968359,1.1415849433699403,1.842123142312746,-0.12230487262988825,-1.9458664118593272,0.5816646991311928,-1.4574304753419502,-1.2729722979447238,0.33403262705137043,-0.4333392535627545,1.1645330280196544,-0.20137525237971002
0.08531513996043136,0.9291438398371967,0.8388644584770691,-0.8524913043288028,0.4012406379761946,-0.32407159074280145,-0.04280538175690201,-0.506638265320892,0.07521607202462045,2.79295680432824,0.9253943866411284,-1.8870897815031573,-0.3916172181770181,1.3169089338725688,-1.0250785708453078,-0.4434501647481332,-0.4935677261881378,-0.2940722730025901,1.0194139985402384,1.3346556125380098
0.9460777046589318,1.3804180710694365,-2.199606412021121,1.1751008589687368,-0.4486947320391925,-0.3221275491628529,-0.06455894344136678,1.3994239712541348,-1.0085548357106109,-0.2710944540403877,-2.619692308864603,0.12603033455412507,0.47958332931075437,-1.0864002223471771,0.31086387042336705,0.6943984594078867,2.0805272629395932,-0.3713027121969918,-0.7554790435604475,-0.04091999820899478
0.8026276694380983,1.92356977730233,0.04295634679211927,-0.08581251736424624,0.45236436937230845,0.22105916233084846,1.522677603267565,0.41393695694124255,-0.24830122851299616,0.9586302807881413,-0.5873822897590624,0.586329112185468,-0.7267558240817351,0.6782301535313563,-1.4876374102971546,0.43362769150698954,-0.05871837960749109,0.45184810794185876,0.5281516107598713,-0.8856715859446899
0.4652802082309098,-0.8045447640475214,-0.728605832724596,0.6374376404702337,1.5894921179640256,-2.3467944191930674,-0.7079116954446668,-0.39499954991444086,-1.3485834153834433,-1.151605445389924,1.176355620420026,-1.7523314935987786,0.486034133447581,-1.5964259411383748,1.6047878554070798,0.2890359292155323,0.7291158111183407,-1.5474659181155066,-0.6348334554507198,-1.0586207899795645
0.8469550063932502,0.6667197820071258,0.6554270265145636,0.17129621712221424,-1.1106577290413755,-0.5133653583358021,0.9851640736455711,0.9970033753674474,-0.5834897131267284,0.16056808444791434,-0.8723092713971138,0.41784742326658175,-1.8756713293973162,-1.3002694083299144,-0.06688397466737146,0.8876692742165483,1.3627813424518613,-0.7484757846141841,1.032554761777253,1.5673974237951815
-0.8750329270043911,-1.211596289078941,0.09353857185573403,-0.03017674960657905,-1.3514826053425182,0.362874242955131,1.925021836475588,0.1459403423308669,-0.20850666020177244,-1.2106747228457864,0.5473450823100099,0.8244667443288061,0.9348346909313873,1.0431362585773576,1.0711355815735615,0.1387197486057659,-0.8787540857178543,1.685625164059047,-0.7054343801905951,-1.3673410536168777
-0.9673742465736167,0.713295571260714,0.6493159091430073,-0.12633252876765855,-0.12480466304921946,0.4854693994751406,1.000306704736044,-0.9840800844542416,-1.2550877267901568,0.904234807837774,-0.5773890645199377,-0.09959054760133208,1.0844526565801607,-0.759137688426028,1.8063140543101683,-1.5149421056793746,0.6147144649330658,0.660811099702245,-0.8078699681430486,-0.04204783370098928
-1.0645627465850065,-1.2527618373680645,0.5804623470002952,-0.9680302088459217,-0.1483945241625138,0.8741273781645709,-0.004274122509196755,0.3297622919215424,1.704543808045864,0.0029662746836911415,0.9926425548686867,-0.4018237289036168,0.08731970173094238,1.4727072346517964,-0.6404870428220418,0.052318736442965814,-1.6050535797216199,1.6428102305633099,-0.1903749023970943,0.8769846046454118
0.7761229739139718,0.19964674048777659,-0.7259206340880143,1.0725304769825892,-0.3396168226094329,0.7316595440720898,2.045879146504341,-1.5563487510426424,-0.6328219075579045,-0.4372269131750223,1.1717828436318005,-0.04416281713075702,0.3570715192516485,1.9856374669106525,-1.1006031247636658,-0.8962403605957495,-0.9232111216497282,-1.3394567525434535,0.1870058899655304,-0.041088971530610856
-1.2362733691641903,-0.96126988751076,-0.8651745527966395,1.88319719800383,0.9032593962373251,1.0748266340326704,-0.5798296339241739,0.22520240151203003,-1.1050232633268295,0.6553830315884921,-0.8371599150815905,0.7626172823774658,1.1375542993079657,-0.9962871426987348,0.3695514461537701,1.1321326172142288,-0.5968157491670459,0.407410977837677,0.3229298777974489,0.2850456141303399
0.011198364799831249,0.11135820518827245,-0.27042540729347536,-0.6996454684562867,-1.2312815638917325,-1.3110222594042775,0.2472905999735932,0.5397681932551307,0.7532246209901691,-1.455829628371854,0.24738652528550953,-1.5798952527069954,0.2320735517597286,0.216058016697596,1.4921672243724007,-0.2069104339800222,0.20302341894374076,0.22308662289281114,0.0973223997704717,0.29839683708017795
1.0657721217496798,1.1131398689396748,0.44212354569519197,0.9791808898972109,-1.5382814536998703,-0.39739337600535435,-1.4092634966239053,-1.2689746187354294,-0.8362835369398971,0.8190902446643,-1.8429499031509207,2.951527602983333,-0.6362201662079634,-0.33528132869253097,-0.3692222817123407,0.16776692610550364,-2.243485789772184,1.0944660686058143,1.7986189949795015,-0.6824821114591892
-0.5760269928447694,0.09564569876636692,-2.2742664999686744,-0.18705191720123693,-1.2961631794494313,-1.382798767632014,0.8952715728606664,-1.956942288588579,0.2939553137341279,1.3603914692324062,0.9828243044152484,-1.60144189282818,-2.5215727802263688,-0.24515483601978838,0.6767554553015144,-0.34227664020490817,-1.0930480832575826,0.7243818778589648,1.8789035402712544,0.9175127508462778
-0.3994383525976921,1.3754410393753795,-1.1517242344747058,-0.35892821828839094,1.4529941888305702,-0.7961445520268027,1.6362812231459403,-0.12684140358767512,0.7561907179211924,0.32966694617535724,1.7584765246775271,-3.0207320412576286,0.37012735193105334,1.8522528684466022,-1.9833418671074803,-0.4389295402922834,-0.23740401956280766,-1.1349968663858891,0.30631323727160115,1.5485551383778817
-1.2771268141009475,-1.133667165019436,1.5914847617563015,-0.28991369401000855,0.7283770372540146,0.42583965536329466,-0.23384005057739365,1.0229669568696023,-0.5690015596923043,0.0941369158684387,1.0956048386141866,0.33995398239526714,-0.6324345749002419,0.719300642437289,-0.5474348464536215,1.5060084729687762,-1.0296671703813922,-0.07652752870880626,0.09777052874955702,-0.7917628913866774
-0.3806771298220869,0.54857479214652,-0.5387073692591836,-0.7603900510102509,-0.19736572611594447,0.7865704229651745,0.0796471748726431,0.7513586796864394,0.26675456160935007,-0.3782803787756759,0.4212520485455801,0.35148015702929003,-0.9912851789025843,0.6703891315257118,-0.19958508360974053,0.8926296169182654,-0.11488217530669932,-1.4659073514175573,0.8030812111898591,-0.6121414005075415
-0.8810007833175281,1.448268733552352,0.373315236533695,-0.7747964176862262,1.5193000496302003,2.4500497657767517,-1.2375031721663672,-1.0627692302035259,0.38492786999640394,-2.365520052994713,-0.4537336258732698,2.1197479919689135,-0.012763516131344261,0.7244747516964021,-1.4217943611622454,-1.413875896510141,-0.08815086301132544,-1.6983973143825053,0.5221288166264979,-0.6861400511144424
0.39699448528858805,-0.013370701335020243,-0.04641095373885305,0.02655538070245971,0.34190729662247926,0.6565816358570437,0.08148496693239127,0.4047618673179839,-0.6861906295601551,2.091408577094606,-0.2935770571424719,-0.8064850347484823,-0.4283931827271466,0.36563294476102043,-0.8920762825223173,0.2241255222232183,0.8808419811364621,0.3525018878616971,0.058083302226604835,0.7398896355207236
0.3370310783819109,1.9128919843272412,-1.9488221078644266,0.17672674682819306,-0.531739402709803,-0.3114085020506322,-0.01110306969865183,-0.7778120636430033,-0.8440218475339406,-0.9374820615905878,-1.7782675890688977,0.23389764888990378,-1.5389463478597083,-1.8433092249979743,0.9894231950318998,0.16395791361616646,-0.23005918372947384,2.043445539545931,1.4717603989298844,-0.9565642719314902
-1.1374622063094,-0.4466204206945095,-0.9226236818608752,-1.2482640478111198,-0.15141246236246916,1.7067194293445367,0.5948104109137042,0.1639086028604219,1.9671569427906634,-2.7800897085815355,0.6656728624026617,1.1183655507384236,-0.46448492476485603,0.8274995903605464,-0.40486929610833666,-0.11602263956176397,-0.4173345827507041,-0.8224811975055016,0.5017844294306596,1.0169768348593373
0.7406481384546362,1.3684706210659956,-0.7443122456401663,0.6783303154878071,0.4248729772210573,-0.5314075532204051,1.3292705540915863,-1.2813741072552995,-0.4451585825251007,0.38393189160086805,0.6862907810032244,-0.8220030236949383,-0.014452781626765573,1.4449044368279707,-0.6613178207298565,-0.8716412845838086,-0.5907516183011222,-1.142530879771869,-0.3521552031952553,-1.1753424070202003
0.5310744255036728,0.44082391548945504,-0.5230097534504261,0.3373185293213711,0.6359304599016052,1.2442071512798314,-0.44114567434603164,-1.1306647647275758,-0.5170765673624504,-1.2405732781169052,1.0569386737675077,0.7048140296399524,-1.1600567176300167,-0.20426661505535662,-0.6305118152776209,-0.13862787787776124,-0.9811593070704995,-1.0226135765676405,1.4402333359092365,-2.3799115921273346
-1.1970314125238004,-0.5762161562243534,-0.6409018837722547,-0.7332679083706745,0.005810832325950537,0.5752130803780219,-0.25418027955675654,1.3230297553067976,0.6350526916736572,-0.4051308675520555,0.1731660329527628,-0.5180695257211552,-1.1354730610027068,-0.43802864860854496,0.6093498825641123,1.2890356737777462,-0.2216256127584359,-0.23872078489445023,0.8749652853490815,1.3399799356799555
-0.02608704768794227,-1.1670977947854364,-0.6423857828490184,-0.06855194602881906,-1.1603203008764336,0.675249351995969,-1.16247880746091,-0.4116318101325603,1.4054764755649949,-0.10547570250799818,0.6697911958398486,-0.1687316445823408,0.879861302811892,-0.2620219773958858,1.6697906960757383,-0.4342541798467206,-0.535317458483984,0.2629764140849109,0.4389421982280586,-1.0281420786838635
1.3679476242350463,0.49129945699365274,0.7882294957046515,0.5313643812342825,0.48770846739236196,1.002060562037608,-1.130454356560483,-0.42449492077338274,-0.11498688136009859,-0.3055820653416232,-0.3980416737003626,0.3414687544726009,-0.306861512797229,0.2450043810035606,-1.781117790144067,-0.47013910411618715,-0.0009537373518508488,-0.16149049279341962,0.07204397661463688,-0.2691254472115525
-0.22518318742797858,0.31911838584247887,-0.5259151724324609,-0.6433725573546489,0.14946783430276372,1.4747161434720888,-1.4873770633848333,-0.35410682359328577,0.7064002969499203,-0.6250236452037898,-1.3382093995190092,0.34256415528247425,1.442637741851799,0.5838676945474904,-0.3090053921887268,-2.016880978288389,2.2436914063357833,-0.5488676029825439,-2.1383175697413925,-0.05209897410122325
0.390914727516612,1.1920312817821341,-1.8014231280775077,1.2700700650048737,0.8474737465805426,-0.5894805087464494,0.972792920207652,0.9720133411624273,-0.14339102235932716,-1.2346882771406118,0.13236687594042357,-0.6380493134442392,-0.6394250379143469,-0.3063281513267985,-0.738741558248579,1.4028974081251895,-0.9021878903830042,-0.3568403969755417,1.5826729736469969,-1.0635826809441418
1.2589101589627434,-0.9932554787431728,3.5324308433679654,0.5933652299020015,0.34410019098259736,0.10891365130297849,-1.9842515943891932,0.35705520050696754,-0.4116031544727004,1.0443144527259476,0.6324328489668366,0.2744019039036953,1.0383369413402719,0.511412965461552,-1.4525253114100125,-0.41328751888207715,0.1764019003396943,-1.0663739925890556,-0.7467766236857462,-0.35978919310387736
-0.4127428511998206,0.6161479462187249,-3.184597161800045,-0.6444679588045651,-1.3128769407102576,0.5777422829733312,1.6249947024370486,-0.7676270507004676,0.5309252145548344,-1.675401021245569,-0.1237648757663096,-0.7909406226351529,-1.1944988385134687,0.7800296096630157,0.2114876310838802,-0.0368583158422282,-0.5651025491443399,2.012326010840489,1.307598680590712,0.45798140044805236
0.2262726282829359,1.7083517804025279,-0.6323367162043351,0.12333965221101431,-0.009401262974929133,0.4693395441498852,0.10157192393994784,1.1644643365255671,-0.018828310055900865,-0.08714063094520198,-2.4949833666893495,1.6994762114013109,0.678048089365275,0.02853329302979916,-0.8937797047803598,0.5939695980470325,0.12945610443460018,0.8533225954258518,-1.5364756492190024,0.07305840853911477
0.3646761048281281,0.4761212610994936,1.1434376524327643,0.33564460108883654,0.4705097174365973,-1.0995039040760968,-1.2297070819989686,2.2114765228525233,-0.9206106733661134,0.03441630492172781,-1.4654722814406365,-1.4740002315667613,0.2933096069324738,-1.9236219025027068,0.2498861258288038,1.534626733861445,1.6775656014067901,1.1189231845674472,-0.4668450937441459,0.7205701019517926
0.6902800079888204,-0.7257279669173218,1.0846627241779918,-0.5436919622735075,0.9252179329225534,1.2915666805268555,-2.4525407017703365,-0.3888549338341827,1.0532119627494614,-0.04348067568338166,0.009206823313470983,0.20072996722015393,-0.10683037224358584,0.20378385350082467,-0.8628048106863352,-0.5480530764688275,-0.5978610603907857,0.9994535433235577,0.17149674134836923,-0.45334641709578843
-0.38078606580316643,-0.21462479298249226,0.1701240441817528,-1.9988946360099322,0.8052996682905748,0.04087999003121245,0.2384134885348307,-0.9166698877584115,1.6325255319341856,1.0770000271689062,1.806323973171479,0.36855456184619634,0.011432710204805062,2.460997989008603,-1.3310835108680037,-0.7145340754241652,-1.6063869251203307,0.35225425465391325,0.6531547210165388,-0.6156170028317246
-1.001973012359824,1.0051526218989775,-0.1552302436121751,-0.19939252088924683,0.3970546705798405,0.1413884883574211,1.197497864798787,0.40271481355181116,-1.3017987793399772,-1.0522701072690572,-0.9962777684049856,-0.35353648285718375,-0.8834323154051938,0.3402393877735738,-0.4112428893300804,1.1658446733767651,-0.1618498692869325,2.4226349790036577,0.9144501321171172,-0.029303613474263565
-0.14618687134933056,-0.10555163686207446,0.8191377493551224,0.3729082570595037,2.8409256304963253,-0.4696378699651482,-0.5087342260183549,0.4479635593634012,-0.30829283295316406,0.41173868336343067,1.6409882055993454,-2.224678945058107,1.5546443050113095,-0.34674488934204156,-0.2605261827070695,0.5527258513452434,-0.2871412610665301,-1.87639143771848,0.027371296190800053,0.9831733271150616
-0.01651328109434762,2.3183537232554543,0.15724766131679258,-1.2890839454972174,1.0081471089097165,-0.1674912640117474,-1.1158085782331322,-1.249779604452762,-0.32150993201622075,-1.5452145085130828,-1.3219003803462992,1.7034272588476296,0.9144805599225367,1.2574365327783719,-1.8771516399907693,-1.9621608223642848,1.3551260188661196,-0.7259842814090182,-1.5014181602155743,-1.1241945221928937
-1.1819032228412087,-2.0050166252293438,-0.10609097437911244,1.1145607344347357,0.7820375563348598,-1.219873448665928,-0.31029472992208257,1.0772549827205689,-0.3496177938835064,-0.6192628976791053,0.6249562791843419,-0.8410535001259333,-0.48676938167431627,-0.31338731705243394,-0.3427804816195079,1.6978651611265114,-0.26504637674480397,-0.12791438910134328,0.7733165836106921,1.175201953444928
-0.8201160257114196,1.2134260957344523,-0.22434310713049882,-2.2065590088002462,-0.9732610386709728,0.4701815295917093,-0.2796965900756182,2.246325578334921,1.8614790467120204,-0.9584216559519626,-0.3125014511672347,0.01638539079361234,0.21391764648633477,-0.7459225651242366,1.5824851544006024,0.7053474332744641,0.33127418695732475,-0.31907174971968183,0.9442314190998202,0.3249482634626048
1.1420230827235955,0.7067089987524843,-1.2512576911427264,2.0904957923229914,-0.11339189602193182,-0.87075639914956,1.0554658266751675,0.003960117719511399,-1.1450364683324252,-0.4193835256051955,-0.7684250461843768,0.5511823405401828,-0.38222247175428153,-1.5268881096908147,0.0803680255087391,1.0971389258235111,-0.553237710980982,-0.36734020442262666,0.8620468657892508,0.15959781636591494
-0.2839829376479697,0.6690501505826226,-1.7606007248202504,-0.9621675807371386,0.4456900282148632,0.9257620221813583,1.095801847577566,0.7940587554068839,0.05076130983589565,-0.9658983476472718,0.1598046548669808,0.3925550128282434,-0.8408062430408317,0.5043610177259673,-0.9208166729783499,0.749319467286443,0.8490765788266031,-0.7939633362994708,-0.3331599235208407,-0.4070192032782219
1.7204337937477745,0.2878186058752942,1.8040620045412736,-0.8417183732311526,1.158913474053974,-1.12514126669424,-0.7990870390210961,0.2723040791891427,0.13936450890593957,0.1713096030099536,0.7864547377219561,-0.16435720761517503,1.2448120239409282,-0.35309983745513823,-0.1804907522163235,0.06663152035453775,0.21703876403011393,-0.8258017367259655,-0.6181689816173375,-0.3694742036560726
0.2746375999602915,0.6847599524536272,1.3739835714568338,-1.3450955447309432,1.3106215308046176,1.659102170344432,-1.780412669252244,-0.1703610914720865,0.0399681773740292,1.2640704483682779,0.6014449004707694,0.40569081948816277,0.6379862913534193,1.1822725455882948,-1.2041216103548882,-0.22106370136304318,-1.2000059546140234,0.08026153135718112,-0.42390824135050836,-1.4599554694096095
0.14476192373430988,-0.28733178239068685,0.6617601875182135,0.5316501814855884,0.43638393876235226,0.006493230478953729,-0.49499753443851036,-0.5955042213638864,0.32992491561019727,0.9099089360539853,0.41715655716916183,-0.23420500046221895,0.392611222956863,0.5771568836007972,-0.40054553676242044,-0.16484808499607556,-1.1740365884327428,0.15135692553907001,-0.8479270856436959,-0.378156263879689
-1.7939678354056912,-4.009973371250603,-0.8731852692547494,0.7482068920801654,-1.372364326603065,-0.6365774377511718,-0.7150542934453117,-0.8005320006863558,-0.5129432998802471,0.008490665818009922,0.9171370282785634,-0.2232763076922945,-0.6944862882683787,-0.16378764689446668,1.6467201795204507,0.02089448339437907,0.06867638839847744,0.6341080657932163,-0.011862514815846178,0.37250867150195255
1.000753510211339,-0.2456898548238522,0.7267394872439974,-2.011239882930135,-1.422988686774856,0.6542629119673085,0.1800222381815627,-0.9842136762183772,2.0020349545750524,-0.11883406219818253,0.8248080935383948,-0.15479588324220403,-1.1289201229707702,0.8426245181838566,0.19961202993039215,-1.8433786823254703,0.7695836447054066,0.235230617730479,0.2707113001440941,0.31097670793332893
-0.6932307983694986,-0.5701718907059317,0.11541608654376327,-1.5395148360336244,-1.6383476877979686,1.2979410972800696,-1.1602064232127554,0.34070070477566783,1.4714048057146567,-0.2636200456505126,0.42683750765501766,-0.2920622541925387,-0.29145388500797115,-0.2760315055564068,2.0723523810481925,-0.27854144962650185,0.16671955574467054,-0.3023883962429761,-0.18833555328783488,-0.2991208858419427
-0.4317941552816062,1.2644357743486774,0.3982317998036091,-0.011260118896576847,1.1878047553654898,-0.21396063038441276,-0.6932683794695653,-0.01491904514175066,0.8890943053543485,1.6499825763368132,-0.3829407108446757,1.4157772334532384,1.6896385107142682,0.7576750451441813,-1.614462131157448,-0.886842227718356,-0.026037248736130374,-0.38179543100696395,-1.5338850628665939,-1.689123773857647
0.33252036710542116,0.5676158819093089,-0.19777860668132494,-0.5418270029694411,2.5371601906865653,0.8234921039816937,1.270631111683478,0.1829146055249294,0.7386675852037793,0.8393912118374399,0.8844841730310652,-1.4522337187877892,1.2582614626312802,-0.04862179457414154,0.3454339531251508,-1.0305164355101057,0.927657476290758,-0.8469097679543538,-1.2656028800904968,-0.29231199050009754
-0.8375261149485977,-1.1993360053784612,0.7905016816975234,0.35356224495953353,-1.8399767516084764,0.4747506230655954,0.49447411772725036,-0.416278100113312,-0.7529023325273975,-1.2561482557503179,0.22102594639034123,0.9135479755499207,0.005117377652558781,0.7536867202048319,0.6129553881587413,-0.2717118918795313,-0.043115908010659565,0.03768987707229045,-0.1893488827752298,-0.31929780162570803
1.2285577370304195,-0.1288421049457452,0.5852087908551735,-0.3459442305940902,0.45332532009784743,0.25914815696614985,-1.0790300111921973,0.45158315821751116,1.797586387250795,2.13232616624301,0.41027402229775545,-0.6740413457604695,-0.6613627526668673,0.5095495235701788,-1.4401382948556223,-0.5704966273296848,0.25927517978107517,-0.7591618760364995,0.7464036757896699,0.7580035419094492
-1.0561825537400926,-0.5805913077949998,0.34360893486112193,-0.7622885033512848,-1.2717364725215898,-1.2739648056089428,-1.4181703286218192,1.6939273490285673,1.1098970250826854,-0.863373387134917,0.07430811909144033,-1.2714622234260549,0.12771270301637508,-0.26931810371382586,1.5389789037900365,0.8930135939467514,-0.4123602623245596,-0.04267966976686438,0.7927474724800035,1.2635439314129966
2.4237413512623167,0.7353007164931104,1.1714467984343528,-0.5479225168684716,1.4091302856922658,-0.016041608729229856,-1.0764266292681952,1.0175974609408456,-0.46500586676987715,-1.1295029166530226,-0.6753642553971088,0.29595643092064766,-0.1402242715488982,0.230785949935739,-1.7710838580744581,0.4201229665806985,0.6869976444729361,0.28122701075170947,-0.08263363748083644,-0.35314155870617003
2.0461957284189696,2.8242967805614843,-0.6417075872153879,-1.057301677942104,0.44710056925599506,0.42419911713699,0.7726771295849683,-1.330967481211337,-0.3735786047477837,-0.4868690222504929,-0.5206465674030286,0.779316012311551,0.8885657254560938,0.8141536768071181,-0.2288697671401079,-1.2473865191643614,0.2544967709169213,-0.11122353423195819,-0.9961235125864016,-2.4504236507034123
-0.3328414354583351,0.2733327594191883,0.6405952751824834,1.067907775818072,0.7307822230793035,-0.39738027781614105,0.11604509685729654,1.6386748076548097,-0.3600393748156999,0.012487949257758339,-0.5462172379473867,-0.5976706350615739,1.7200365122145633,0.6906263432236476,-0.5383332652029847,1.2583317000842367,-0.7584372365654883,1.1209589988846578,-0.25651489161222113,-0.4777715439077682
-0.06965770043595952,0.6764143004128702,-0.5587147058872339,1.0626980227863385,0.530633655809635,-1.1425164268104337,0.34975390275401874,-1.1711178324222116,-1.814352184060119,0.407320899328125,0.19108588815187014,-0.4837736230581602,-0.2022248883422524,-0.8697626605376707,1.302845222200576,-0.20914798561934647,-0.3279205004793456,-1.4223639555029397,0.5617280401973115,-0.5640702615327294
-0.49791377660932157,-1.791202240266975,0.5300941940987113,-0.19823596705073118,0.13679525012904195,1.1277879984404253,0.461114233731603,0.6582440176438566,-0.7886381777566559,-0.9678912930870291,1.1314993119858925,-1.1161833334701776,0.17233206923754005,1.4765712168941798,0.21172840307849428,1.1419031761399303,-0.29788249937038463,1.4646219564034106,-0.4496414058923037,-1.2011683836210132
1.7223745829106767,-0.5410068180682981,-1.0953864130816837,0.8018015061756902,1.804664303456382,-0.01599696457378898,0.10038131093632417,-0.04899858891028611,-0.9268007151996627,1.1440180743733406,-0.6474462667839651,1.0255403806620191,1.457991667604265,1.0061529033111887,-1.4107934594966045,0.2968590338552505,0.6692701491021802,0.5523722849948305,-1.985699102725719,-1.8783765702255502
0.013878522344673743,-0.9577397592013208,-0.22553303505762165,-0.16668893844990199,-0.4354716462684059,-1.2381152236131354,-0.7394818509369236,-0.5259817119897586,-0.02556191526380628,0.876277826944332,-0.4575416204489912,-0.9963947058604373,1.3000828776657931,0.10167630055627311,0.051587573878514405,-1.6684412851861543,1.5508335415399128,1.2956468997459563,-1.8141552778108596,0.6929333471223705
0.36557332936746817,0.9871378368405835,-1.0008738869708207,0.31040787856997437,1.0871149703108294,0.2851404749649018,-0.6199953509360133,-2.130925759888724,0.8836059806737583,-1.1425450492886824,0.025958388273996415,0.09373754007928048,0.8564105518013422,-0.7378778527622757,0.24402836761912153,-1.8988341046659922,-0.9984560793343491,0.6349695496936045,-0.1707216736116524,-1.276309901667771
0.4502148709260541,-0.5948483047605035,-0.18476691834665893,1.0736791520540943,-0.6963140027439169,0.1294262785544063,0.9538844856263787,-0.28825031059319633,-2.1830523881455157,0.4645143638092105,1.4265619245197019,-1.349705908487951,-0.11193637139521635,1.1106739744365555,-0.7708032423631552,0.19174057233402786,0.9372073588543135,-1.3165337444132277,-1.472208792122848,-1.5343665157109554
-0.11691503288571829,-1.0647827894713167,-0.6331610946872136,1.5412841051350026,-2.1551719121462787,-0.4302869953575525,-0.16643717263481528,0.7903934436846749,-0.7886227960880886,-1.0714296992313852,-1.612060422263093,1.613346799335538,-0.9879766588608968,-1.707505810177461,0.9161575431686224,1.2208418698257648,0.6033708425736783,0.32310310293951494,-0.07922879146638669,0.46796123347382823
0.4726792606199449,-0.24648284705005405,1.2385355008948693,-0.029989761460832248,-0.4095137726184649,-1.2273889153750508,1.0030510587245656,-0.04209035580895418,-0.7696342639733885,0.4307909147569632,1.1143245782333633,-0.12842886869832001,-0.14321396709990394,0.2909644550168588,0.9356518799032735,0.6781067449702173,-0.8833610798292433,-1.5200439570459177,-0.11249987045518771,0.3664613577774162
1.1354450322225802,0.26412910224392044,0.08291694071642954,0.5094136311305079,-0.7548410914688951,-0.5349669807534508,-0.33648594505105817,2.643801321089926,-0.20342089678710376,1.41800747174876,-2.306945349916727,-0.408255639507176,-0.005770408345024893,-2.768894201689239,1.2937681190770316,0.7172025454921105,2.8131236694192276,0.7236240365457421,-0.6860654695213481,0.6646058921014156
0.44471709552515803,-0.43840676441560306,0.9620759890329926,0.8507445405921608,1.5818119411783222,1.1135459393654117,0.6513590302303278,1.9413814218219345,-0.24647561840473087,0.1432191618080605,-0.12625550702628782,0.00019611406448542823,2.2737880008978704,-0.4682365729779666,0.4733005244220604,0.8155486175242245,0.5484996794321962,-1.6450525478765459,-1.3873279627731114,1.1408744439015224
-0.7967743895771764,-0.6916324094983047,-0.5102910945221436,-0.9234190408510011,-1.2408904547105508,0.6163168905870465,-2.1899544526973376,0.8023684413336113,0.823614884127909,-1.0195768365319875,-0.484492570472951,1.3501574244391799,0.44503954076532753,1.4053301346478553,0.4159779634048196,1.2349891997650162,-1.5634020504073973,0.08072801353953196,0.0384193583114273,-0.4746392974010791
0.2235741600225076,0.1310209591595771,-0.735511614070812,0.8468033290452305,-0.7009368420583296,-1.0796559323974917,-0.015633287025948888,1.1904120665685962,0.038423607144865486,-1.3669691870153422,-1.2961674861403465,1.4824247196178175,-1.3859098814237814,-1.719350562615837,-0.2289140731241419,1.0351184076118438,1.4978614266435735,-1.9155321566116474,0.5555658436498804,1.143075108416129
-0.17442334432735393,-1.583654329786902,1.448012487454577,1.5549959662870925,0.2760445055413913,1.3601342145684976,-1.9349714104660758,2.238090541629707,-0.8623220416670616,1.3223135638259722,-1.5698586157582157,0.043388005262327334,0.027636141641732753,-0.3492996893337651,-1.167923621747683,2.95255881591555,-0.6198074722723229,1.5136765534792087,1.0940777531398307,2.3963054202550835
-0.9720604007688901,-0.15794858430278227,0.41303853100167076,-0.8047228065467609,1.7946028162450227,1.3059070727830173,0.1981614222622759,1.6085511987579333,0.3858020539530677,-1.202855723210162,-0.7134571024710449,-0.46287558431441556,0.06520398119484662,0.3097882892641544,-0.9054842900755299,0.769712159410387,0.8172009252698277,0.868600606664155,0.06421398670691857,2.0208142578065043
-0.23604365403317826,-1.2287028106202635,1.2084356468165542,0.0747650547656475,-1.111025342800594,0.9289158867168817,-1.7282535934428331,-0.028628873530812667,0.4888690178045331,-0.33267121436061664,-0.9218435789078575,1.3685595921227545,0.36892210894619043,-2.0493839592982575,1.6253194804749873,-0.23896134015849563,0.07076240562566886,0.3440308788572287,0.03303618297715497,1.3894325769940152
-1.0816940648702669,-0.0979698149054599,-1.3584042726002756,0.6820262604104232,-1.5766620999846164,0.3386026459292977,-0.6452582206714099,0.2583498010729321,-0.32369407832468766,-0.4607087275956837,-1.7257383397501362,1.1167144208087558,-1.903265380396687,-0.7734906757249311,0.6761411383796785,0.8508792561130273,-0.03303241958443581,-0.17971723735735315,1.4737673449830622,1.3618200830316518
0.32478982566591463,0.12907661895256356,2.2990562777448984,0.41428685682510574,-0.02049360134520266,0.6788677575414229,-1.243091813472163,-0.7849752211004147,-0.0814065142146217,0.0037695706070509476,0.4272483489947749,0.34184376987004517,0.6499799852481714,-0.13918445641673985,0.46254857812943173,-0.35981671600934567,-1.2253275452351338,-1.0597806169971298,0.06068875274610064,-0.22312200479562588
-0.8779611177012956,-0.5755290650408293,0.18027732716806133,0.9681133561231657,0.8054730494530156,2.0893592779732026,-1.4907513843147928,0.9461645808308549,0.7777527703030361,0.12622123723131617,0.4348197605839841,-0.3499616670044934,2.283001182971583,0.831101554803261,-0.29071721402703277,0.3324806125069977,-1.2615898639021519,-1.923560020117341,-0.50664720834955,0.8759347522965379
0.9079042111198212,1.0787464210735982,-1.003569357160493,-0.6463183186349027,-0.14463678615278455,0.7000299828265899,1.3987454136810586,1.7124077841522447,0.6037224760314093,-0.9362736793343975,-0.7759771603687041,-1.018800852566653,0.44662054595128486,0.3460068073822667,-0.4756128086613178,0.3896126528358465,1.4942100473162956,-0.7289964880241565,-0.44243532245053535,2.570239407786218
-1.6327772801180582,0.48219325046463046,0.048853353904620284,-0.8978237042273237,-1.5322471081233635,-0.8626806084996007,0.9105569172491607,-1.036740847300727,0.5035957277328476,-0.6232833441248612,-0.8816811964133942,2.085007945684722,-0.2375162615405132,0.4340624436063033,-0.39728739623616594,-1.6204752157347064,0.7908201906729798,1.5090917396198906,-1.2978209546537711,-0.7158507318722855
-0.3523589453193899,-2.8772179716354764,0.9418941254223082,1.4087339077863705,-0.3563816621955864,1.4309411876708027,0.27755453937409214,0.6180852097477424,-1.1654053708316607,0.4971836813865229,0.6990370694814451,-0.8270341700686605,-0.5256024945171592,-0.6511220262958073,0.8444836199059325,1.5368640689307214,-0.28923454118144487,0.6904721559472331,0.5192625653572646,1.2889772732338611
-1.2085421803993968,0.2851533370536392,-0.21589717866243974,-1.1466126267367116,-0.2216612490689272,-0.19850849289011013,0.7269423928993853,-0.8878255942884913,0.8645697463204609,-0.08385863473956691,0.07623797867567272,-0.30440150237894636,0.13444521863870468,0.5344609240252794,-0.05553178760372154,-1.7300641292737962,1.02934782882065,1.0671570269728061,-1.142678331186714,-0.039443158642962654
0.547490584666092,1.0595337012335877,-2.679152469551715,1.144339994267154,-1.5943104085034008,-2.1117668947960957,2.257351513025093,-1.713295679811733,-0.64293071657005,-0.9295672481703453,-0.9699481621706637,0.45021853058412403,-2.618981353810098,0.13521842253720553,-1.2346833523790801,-0.9302717366368776,1.0602907188018533,1.1525152138880348,0.5794155166298556,-0.9513082168747694
1.308594825518043,-0.544378422555082,-1.3786132929143218,1.8547397188062218,0.9753638589386426,0.6301738980516683,0.8396740659686425,-0.512006840684258,-0.9599207582034116,-0.7798838964536909,-0.7015164567693569,-0.3393252668590836,-0.7909381627953057,-1.5518115604516327,-0.6709996267470282,-0.8317594152306063,2.1600014783682835,0.6781217102509098,-0.10188034588546899,-0.7510038270214126
-1.5838582244221062,-0.5689007723576899,1.7213439587116308,-0.6176527242348228,0.3874067817192164,1.1691403429990026,-0.5748138455567082,1.240540582154848,0.3741080974647167,-0.6189259657796397,0.07099613805553952,0.1023440900201882,0.9372665586746693,0.34665757349516413,0.08805599950653932,-0.06555198081400675,0.5284222812705444,-0.46186147275772915,-0.6604061310374906,0.4306577016964806
-1.0951283114959167,-0.7086991822896492,0.29028485530305187,-1.8477467940060008,-0.3970087588319268,1.4341055463922092,1.2174769706155453,-0.8652029294031076,1.1194023856067965,0.5139902800881403,0.9947718081928734,0.18957059127053544,-0.44221577769853554,1.34830662829125,-0.5261282959666255,-1.314134332597774,0.936904484180869,1.3898328146525856,-1.3149578648922269,-0.8638411667269772
-0.5409153209393992,-0.6530578568221885,0.6137990667091152,-1.1093667419788855,-0.4121701487825693,-0.06316188766386387,0.21424530431810315,-1.12678980928351,1.0100167209548847,0.17552964748834832,1.5691267581856865,-0.659514568911432,0.7013637265599201,0.8411689759675699,0.5764245936237574,-1.3309847245710642,-0.16567156687627188,-0.4716336187694013,-1.4438739595998624,-0.11050646724453192
-0.004746116916050498,0.866037835848362,-2.1361190113174366,0.46460458656600556,-1.9432325471167702,0.2850250122536556,2.4714341226683145,-0.0529503718278027,0.134640284763437,-0.3886548602834729,-0.6059421523322138,0.5381677566619362,-0.9379580490509878,-0.15081566864684098,0.20240938836082317,0.34202625709161977,0.45941590143463157,-0.8461549725937019,0.516172479116362,1.6520462644005347
0.570655280401882,-0.11545359235279266,-0.9706535895108654,0.8877584699061022,-1.8285337113009712,0.9218490542101188,0.3296543080417727,0.6673140313865052,0.4994316926301193,-1.2679933316333738,-1.176433220071846,2.043007319745112,-1.4319767399414138,-1.6337976010203825,1.2707059462642853,1.3880505581923057,-1.0332402787124775,0.6997481591800337,2.2405892242923358,-0.4102394705875217
-2.0608188148043736,-0.040861042277711694,0.3453782394003732,-0.22554024638176662,0.3806905054727585,-0.5758159952174058,-0.5872539072429245,-0.22281951663354813,-0.5344535799806097,-0.4635429411832299,0.498814671021985,-1.198653255203433,1.167488126726773,-0.22580812419359425,0.46779167726235366,-0.6939253278260914,0.9367806242547482,-2.012461454023163,-1.380947790648701,1.714044076978836
0.2204741506906669,-0.05120225007109423,0.21796223468021328,-0.2086017811214366,0.5923920273845871,-1.209350009000659,-0.5115446005302235,0.7674947013240397,-0.4793987852717097,0.05948870494341721,0.6315791119382463,-1.249702805854985,-0.15824345979423154,-0.4293351783994052,0.6453856538727247,1.4936533281220983,-1.1969896437535696,0.7018455983415048,1.0540883049939473,-0.2763474605306817
0.47110162536544986,0.018345624131299074,-1.1170441124891384,-0.2741200438822584,-1.1560078743497397,-1.237124666195792,0.7570400492071646,-0.9739371513196082,0.7301880087282046,-0.8026338033901756,-0.8881517630123921,1.4832377384609992,-0.4272132933905888,-1.8891315864137486,2.1158528888385693,-1.9429827299395817,1.6459736529326596,-0.16466019804427517,-0.9610094551799481,-0.7320156711591566
0.24305045631610428,-0.36265601461234526,-0.03821470204260017,-1.2420065060557581,-1.3186560263065956,0.18648755717627172,-1.551861980654554,-1.059356383704927,2.0745629536926096,0.5145738900393663,0.020925148050741055,1.0530105831575725,0.47123888984267476,0.37320093346941613,0.994173253339826,-1.0726905492993675,-1.1958489118171478,0.8705504578160049,-0.5496690394181517,-0.8782471498413306
-0.4646530319260543,-0.7804450762119896,0.5872652605546016,1.300161488578851,-0.008256342686665752,0.23175322331932935,-0.2322578627577411,0.3369637949490707,-0.7965410893344188,-0.28437930687825363,-0.4419230385354151,0.03301498367488405,-0.18817170749998605,-1.3714107400141617,1.3285032045547138,0.4891020909415042,0.058006386873501764,-0.5087896694596428,0.2121189176209815,0.2989354753925097
1.0144226185606868,0.15275555805859273,-0.6964901985580209,1.4675857181714436,-1.0769529683143446,-0.44279862180728113,1.5694207843596595,-2.265016362443448,-1.5378675112840308,0.6029632454931244,0.2129172911937862,0.4713575373348227,-0.3359374525178746,0.938797281285931,-0.6552556666742321,-1.0681046952003237,-0.3727040205084555,0.34751000882311694,-0.599075484089391,-1.2369495993651516
0.02543570637969158,-0.08342151237367164,-0.05692409322476526,1.002107397587381,1.4400063701961838,-0.13579052191521146,-0.9278365430897701,0.1739116932411961,-1.4271709640659427,-0.44354091353112207,-1.2208711964673626,0.27826903715085965,1.1919277031906677,-0.18550994327174114,-1.1019938935731903,-0.2507263207484049,0.986533772295762,0.6871296517209986,-2.2314687518937584,-0.8001208461890955
0.10453757817106074,0.5107502663205077,-0.5554910354711332,0.33489680363588564,-1.122739340621518,0.428241954342727,1.1814174729980518,0.12298844258887516,-0.4523803805813609,-1.284390356457734,-0.517858630175466,1.1741662284587844,-0.5461832846629266,0.6701106505640018,0.3876153215847874,-0.14745872836215254,-0.14395724426764228,-0.6651641653049013,-0.2940864061465731,-1.09068217714586
-0.8081558582739138,-1.5935923560579113,1.3307637600654427,-1.3255389593545515,0.7341669422512571,0.4284063026563237,0.9172859212150639,-1.372983991833208,1.0447312010228045,1.799743830586779,1.112013524525287,-0.9676213678653266,1.488140615037266,-0.3395416526497106,1.6023511452938586,-2.738500646371854,1.6026954883929019,1.2229141148458644,-3.0433735533259982,0.050565528612790796
-0.1801527061300205,0.3133364996893568,-0.3791549101673633,0.6716537832091846,0.1746547727596451,-0.6315818782035061,-0.1519201222180964,0.5114012687080284,0.030391889769903885,-1.1618852605482888,-0.3721443492729474,-0.11824593768891399,-0.7351659661444149,0.3475198446103507,-0.8033931329150967,1.180865553907632,-1.0119259248042485,-0.10202579149751986,1.4035219916566903,1.0458397238526864
1.1875422942289318,0.7225259997013509,-0.03449763417007693,0.10226082465039416,-2.0884290198217057,-2.54602157221761,0.4809104389040607,-1.451817159684711,0.6762681637686658,0.2792931335065291,-0.4254197292098128,-0.09952266860556504,-1.056572634342322,-0.754586758346558,-0.06186888040674959,-1.7575031911300616,0.5454083685738061,1.125663314830519,0.4014870962148812,0.44421636003741694
-2.804831029978639,0.6447616995523806,-0.9281936472954775,-1.6935889379912021,-0.3246876657677962,1.4603144855204886,-0.5982513561256689,-0.4026272199716196,1.5730548064957093,0.1032332301329426,-1.1531341423660286,1.5163437696211677,-0.07701796980463986,-0.8153613123970416,2.079301410295535,-1.388436141035262,0.04156479578928107,1.190787146762305,-0.01151441606940547,-0.9246771938019342
0.7926597043021872,-0.7029042342318422,0.01905592882139191,1.9200385437116718,0.3721662089872559,-1.7360169484368237,-0.573616962717862,-1.3374007848277227,-1.4729690621880733,-0.7487665507350973,0.0072375744039961665,-0.6534212575563918,-0.5755589184041094,-1.265157324044451,0.006108512477031579,0.020201666166616197,-0.17169241202508906,0.6826740964258025,-0.7208621353433744,-0.8901987103692727
1.789435491559842,0.5430080820433367,0.15540483915230424,1.5133151007703398,0.2420918858059115,-2.0237579399842147,0.031602018563730454,-1.2935643402625279,-2.0879903332938086,0.8724692736680139,-0.970263963490287,-0.7634561705886918,-1.0713672337386013,-1.653927945891635,-0.9804006824613143,-0.453846451250241,2.408299011447537,0.02979225774485834,-0.2320766473843218,0.30803338534093105
0.5173562645541139,-0.9931275132049493,1.5720016141211668,-1.2226068072409493,-1.6761419844591992,0.8341060095216213,0.2335115233355866,-0.4787683857737784,-1.1687300860030554,0.5911219892174459,-0.09120975553861187,0.9023324667017664,-0.3556325382257387,0.07089517888275086,1.0335893276703807,-0.22642996433169257,0.6590827526582008,0.9552515452273713,-0.9186373150145519,0.4057503279542564
1.885286806831907,-1.3295701536477131,0.22200790553918942,1.6864989230717673,-0.037143945379877565,-0.7294726036253323,-0.7604053666826258,-0.9526694605828449,-0.25275048109063664,-0.0006169033723879378,-0.27663856687073485,-0.8252920037551131,0.4407226382809721,-0.8071925864924888,0.3338468127432913,-0.890393507406465,0.6562961795977846,0.7319823589638086,-0.588864399286744,-0.16583735999297275
1.423416700169795,0.8274764766468736,0.7119438856904983,0.49464289281357204,0.8892953064986341,0.11565727416878056,0.06612868382020987,-0.763332278878749,-0.644262403744916,1.7264460432101019,0.3086935888030578,0.2423808226565588,0.29782207562654983,0.8498962435201346,-1.1520115827780149,-0.05506764776261132,-1.2069699866009014,0.29504976296041574,0.20973295584595028,-1.4813884860647755
0.3507842607029614,0.05324583067486355,1.5803135347603752,-0.8726154434481612,-0.0016912503680183806,0.987996838011175,-0.8347431945578238,1.806212324278229,1.5236938274294418,-0.5791288691458426,0.7905353752924653,0.233790182660365,-0.04210520428847214,1.2324401973968848,-0.38855259728336367,0.8867420141226332,-1.826840695129737,0.2401703488170495,2.3472473306992114,-0.9908286561790872
0.5332589741165945,-0.11968428087405297,0.8015816602683099,0.6191207766397352,0.9248966648983197,-1.030368207514004,0.9505575023593036,0.8148675819723799,-0.7148734308559751,-0.1725669924698062,0.9217808384123989,0.5607125708216275,1.587901084422388,0.9865106247975175,-0.9117075972024764,1.541365210249145,-1.2699651343024707,0.1845166760361988,-1.0354628556563672,-1.7687242892390103
-0.5675191866082373,0.8521281346249857,-0.1453625083703268,-1.0441520529544692,0.2414060893857519,-0.5417692636874384,1.3898180948392127,1.6821735267030888,1.4544393066859564,-0.4698183974677827,0.43201176430083105,-0.2905992988716846,-0.17151291526584206,1.1400924689396872,-1.1469505842039391,0.9819087254412341,-0.7419075175483888,0.03517436356811585,0.9178249035322885,1.10011431979119
-0.2605419260387236,-0.1786429085171725,1.39818942559618,-0.537244381589625,1.065352277539575,1.21653905006497,-1.170864058326944,-0.7770400443085275,0.8702786763095101,1.2355396665282279,0.9040898991785388,-0.41639310742689084,0.7152086891700873,0.19693690622628882,0.025590281892874673,-1.4419221948499716,-0.27555740651496224,-0.7695554095170782,-0.37825723002610584,-0.13614490690024567
-0.5936623273283649,-1.1742115027701938,0.9860363209916075,0.29428199520221476,-1.1798357535201351,-0.5003980570680813,-0.6696193932684883,-2.0080970570424603,-0.5601268441354001,-0.9955573625944,0.5964804372134465,0.132575194899986,1.2067221084519777,-1.0046364636449654,2.424767209628352,-1.763632884712084,-0.14515037258054056,-0.6180681843816674,-0.9458014209673655,0.27923726247112957
-1.0727852131237205,-1.5247492048669287,0.16868383402591458,0.6864812313675456,-1.5094859188848664,1.5275942095929684,-0.7997657104284172,0.557049247158503,-0.08161424446195654,0.18497461572760882,-0.5920062364865499,1.4629085718427164,-1.5128881489579864,-2.2589919350741443,2.017835457919621,1.1707191395235392,-0.36042955022617584,0.8369035263615373,1.8171339848598078,-0.329614684011815
1.983746196976124,0.726417591199862,0.0495461721628739,0.09969960330160067,2.679536804175766,-1.4657975347658967,-0.1633343652596696,0.010232867483776598,-1.1243161054058195,0.7414014188508816,0.41375345639967204,-2.3395989224888325,1.11617196080032,1.7293727644863264,-2.120413783210536,-0.02033969900173735,0.1916224084235288,0.3110319821115566,-0.2608966332458064,0.1880588701880219
1.3207737145614102,0.10433850788468091,-0.12330233629569787,1.0012288515726249,0.621869104813069,0.45704198637018606,0.7716600379675309,-0.19330954929780755,0.3099812047666576,1.5466320433075331,0.26594280268740356,0.15808285395963326,1.181850710869082,0.7696791255999633,-1.2374363979437424,-0.08979914507247405,-0.9499383870919219,0.10406569114804959,-0.5397575793156975,-0.0022125507060478666
1.7084247993497776,0.00011227908685261746,-1.122903463564786,0.9626461353835075,0.3019614507734753,-0.13884396134079743,-0.7114573269897698,0.5247949302728465,-0.7056359382021663,-0.5601523324204919,-0.08160875468243514,0.9883668665107228,-0.10170486648950916,-0.20707674205756282,0.2835181870976154,1.4940651400768798,-0.8158485467133844,-1.9842483869131893,0.250504601678282,-1.3163703986066169
0.6831018295164741,-0.5415804560245755,2.3002445766583186,0.1589149661269121,1.735235556470393,2.04037306942543,-1.8401504573012424,-0.22669534011951703,-0.1267203553704353,0.3838967276629867,0.8162559953959855,-0.1370577795680272,0.6047640321927351,-0.7979630759534161,0.41959982041142674,-0.4131900190675818,-0.20354592952853756,-2.0122785842914466,0.3057015272063184,0.14613522878353216
0.5424189693669296,-0.29594708555560484,0.5014963406696068,-0.21883905977637122,-0.3600588251839127,-0.8912180512294251,0.19067127140788467,-0.8837850511190772,0.41283430385629316,-1.246047989607666,1.1809221342908274,-0.8651609636998294,-1.5178642989768893,-0.5291335064421315,-0.5353472386978124,-0.5982919322219067,0.036134885703521184,0.20202260503727204,1.3313093077382916,0.30812381583456167
1.158357122644442,0.18454022646790053,0.777823646163238,0.883585643048907,1.0536721740108714,0.4796055832126125,-0.4661359050019328,-0.12768735618217358,-1.3990704182729299,0.37899631680727863,-0.3954093542617587,-0.013962335128511588,0.7766136726235658,-1.278804110759663,0.6030710450410128,-0.02219914052559998,0.8772034984891884,-1.1000572519094516,-1.3718647748398336,-0.4438279755298636
0.17327577228503455,-0.026256086906754933,0.7090909622294737,0.40549651810471354,0.9639890302905706,-0.1237070702850165,0.17597312532879048,2.0311218115773446,-0.7234139944604897,-0.24517557597624864,-0.4743321888998441,-0.321626643134776,2.1426175183119804,0.16505379635878947,0.1690446857403825,1.6538616685731986,-0.21911266400132928,0.01243143622308027,-1.0279559350638028,0.622918422429204
1.5018276117497915,-0.16226645510553028,1.183685412266738,0.6093853937540142,-0.3124507622179913,-0.17148683276369664,-0.2505015598914075,-0.02103075166864959,-0.36035850967432453,0.11480171302334952,-0.44303837817613584,2.35772752352408,-0.02889657841203266,-0.20694366200946443,-1.2427831757842562,-0.16949989790619682,0.3424902619521858,0.468352945282009,-0.3749595431408107,-2.41259180342386
0.2629934770439113,0.5081680711332808,-1.4886851708563584,0.7979639680548837,-1.0479982405761592,-0.4543634000819747,0.8527531930847335,-0.5589872510463647,0.021728999301400754,-0.7945220061732914,0.7803394902117524,-0.3589634981634879,0.04198589367050011,-0.12035470839856244,0.056976320434104326,-0.13830634768413727,-0.04037607823998016,-2.8548099021147935,-0.197389333248082,1.0332851105572027
-1.113127369999239,-1.3471657656021314,0.2565332916562429,0.07198907625631894,-0.42858046441564285,0.9837991434417497,1.584456767689687,-1.1491723788288752,0.4271665540734165,0.8861604037484337,2.129197498290547,0.17503383657164415,-3.4416887220004395,-1.3857478741675406,0.17427519730617988,-0.3754354705715965,0.944927655156582,-1.322434515408847,2.129591846431412,-0.4412017591836271
0.6698023752449574,1.369380578491811,-1.1415657273557511,0.5479275706354773,0.2249610924044667,-0.15412519145938322,0.6027986772858648,0.8729481776494298,-1.879449955780844,1.0863877529751462,-1.9828481802785385,1.405074007369655,0.00484371326658401,-0.14401817097422226,-0.9649641605024794,0.9880517542914516,1.297374651674945,0.286177291044081,-0.654678583173096,-0.7801083270364322
0.5491306371302128,-0.2573626965357972,-0.012908565415558949,1.4341810912991118,0.8129623469523753,-0.4772049603367024,-1.1694511854157303,0.7896047749049802,-0.8569740196306738,1.7865907321820225,-1.5994931025175556,-0.6195148702362124,1.013518614261313,-1.5996674170606244,0.5638233095496619,0.4590771682086292,0.8091326599439209,0.31405353580165574,-0.34215858623159556,1.2222696461452653
-2.5327508950888036,-0.9878718964074358,1.0994961595710349,-1.9139875086777116,0.6161419414566573,-0.07745998090304466,0.5476036348115546,0.008084489954852874,0.05230242890004455,-0.6734531213910401,2.8625433034044296,-0.8659202253651771,0.8762069733349029,0.9382151740024709,1.9742624669246611,0.8794253131204635,-2.380459113396702,0.237509115357858,0.5830889493737846,-1.1956148696056283
-0.6470287006716492,-0.5895832417957696,-0.6418203676851627,-1.166817301017157,-0.7583610324779777,-1.1709248085051474,2.0753642640453345,-1.037089298812669,-0.07667825075489204,-0.3738279108797289,2.1974243904516797,-0.01611767276529194,-1.2116488968309695,2.3135663576054992,-0.010661072634523238,0.6716235780534296,-2.696416823848543,0.9308949528398308,1.6274618155788398,-0.6316132862715718
-1.179658108841308,-0.34833366704002694,0.8120408224389308,-0.20856815977690293,-0.29470986150614153,-0.21160101068755774,0.0012656756404717444,0.8445568114738584,-0.27411103887872995,-0.009675696932367297,0.0031040798128294023,-0.3006685148892879,-0.19423558258489518,0.4610223232916534,-0.5040876136201635,0.7168308262719971,0.06071580017060984,-0.29113955047031226,0.846783358444439,1.913440487656465
-0.16216055783615912,-0.2778963847018217,1.0788369375561069,0.38718590592955254,0.3965762799254139,0.7712530724819793,-0.7799159772109765,0.7695452685419311,-1.4156361809118998,1.4837639001327352,-1.130652052097459,-0.6456732183516012,0.38920319813066123,-1.8894223249290787,2.014406701456963,0.5428390479092932,0.5856425972278415,0.3248004160797046,-0.8845628432391235,0.9870008516923234
-0.9435880698757808,-0.6609906132934775,1.975851940300818,0.5970137569430458,0.5342936959501771,0.5779782379789274,-1.2888834427036873,0.4979242675928421,0.3697854025758487,2.8798438850953256,-0.6985563504147705,-1.2653363497648213,1.6420172369041068,-0.6975616845631716,-0.542007486869918,0.023201266930654663,-0.27833184823097684,2.033540250736784,-0.6942484877585978,2.794774867215326
1.102281419119231,-0.17988803225536318,-1.0954074214737817,-0.10031555848517174,0.6024652921552404,-2.4877474640106123,0.2218825481928885,-1.1125074070431926,0.30101632755392066,0.4761771699800035,0.37547114510311796,-0.9547464896159842,0.6974981926912871,-0.8908221925062906,0.843579724896247,-2.0026404538615337,1.7991669339867078,-1.4446077461949602,-2.049691263544121,0.3820747195596136
2.012841861690136,-0.04471017912007205,1.5066947933890624,-0.18739250916865993,-0.7969774267744372,-0.1216895818860071,-0.7031255129963957,-0.6180089012449015,-0.3131830577809411,0.8127687959508458,-0.13732462217035898,0.29247343791515973,0.9114030614197187,-0.8879956974759297,1.2792973998678194,-0.9329718704243813,0.6765175957188542,0.23231220331834876,-0.8580011451908429,-1.2705522578687645
1.5584089600094404,-0.7941511545227533,0.7493289510703325,0.4172152523767347,1.2201231779748867,0.22854642609806053,0.4035873589688838,-0.5574579298448636,-0.92459562611968,2.5729496203402795,0.9622421846078897,-0.3979445582482272,1.6328960541309085,0.939357978973382,-0.07767135773579954,-0.11423568421542415,-0.07389091798158971,-0.12210224614264771,-1.2777296029402918,-1.2630802500568197
-0.7052383323756097,1.2642674020248257,-0.5871392109405082,0.7120859487268139,1.7107482040863617,-0.41819395016025596,0.7769389203873165,-1.187796964502748,-1.881826907065516,-0.32630511875880824,0.08724453032135193,0.6341611730052567,-0.5533617853854321,0.616494436747997,-1.6679278787185197,0.3886983990657299,-1.4647835571683363,0.1929459275007051,0.5792350006182826,-0.9085753311976368
2.247858180417128,-0.8501909351401935,1.1803534522048438,0.02603571871461237,0.29350280654029887,1.3568836806688183,-0.5162481083370124,0.6240316990797939,0.701307871642891,0.6399572135863468,-0.20526673212851437,-0.8171491215890588,1.2451406513229462,-0.09019654897802963,-0.2004760864002618,-1.0605580737214637,1.5733615617686854,0.1841582783752304,-2.316083347422034,0.4934446057613425
0.5009128003590524,1.9013496774060792,-0.7005292257125939,0.1460306300635521,0.5412180595608002,0.8179682310438265,0.7460197940191244,0.10375256495791961,-0.6824686402160942,-1.147288612928827,-0.6564026063158077,0.2899810837456372,-0.277799905396778,1.2795636780678141,-2.103977628483982,1.4290726471483381,-1.6204661829232148,0.41870372412754125,1.228909720159822,0.987258715415617
-0.4432864469111156,-0.46253925446187355,-0.11475177233433766,-0.47977924516088005,0.24720374453348487,-0.09724558367147408,-1.4442084879401156,-0.6176450685803543,1.7500767213530235,0.6001838274485505,1.359409984472692,-1.8006780132844822,0.7952496649713513,0.9587970435383208,0.7094387606012803,-1.3620470692227642,-1.3136634382916446,-0.07236238958116635,0.8314588236564704,-0.4697584794774669
0.6638454181492432,1.8095404021008552,0.23048354851106231,0.1701102937760474,0.3008321319566346,0.11436247561823285,1.517584090799318,0.1497598588214457,-1.2154089477460919,0.9828528548599578,-0.6232490544378593,0.06831351203392076,-0.45259348677471034,-0.8301786099499329,0.42752813593981887,-0.12294799027209313,1.1761682989777273,-1.1425542790236487,-0.7050472523564869,-0.4962163667452243
-0.8748402430263887,-0.8524533353349525,1.930298124714876,-0.45168432927263913,-0.5118954699876301,-0.45639572368875136,-0.8764527408059295,1.5273012291732544,0.9296017402700046,-1.0084826759373262,0.8094036489762482,-0.083410736330331,0.2061046734814568,0.015887696235084264,0.693449260474419,1.424595541007948,-1.906433710560444,0.21523701391301223,1.2305001994769726,0.7443337581586865
-0.44653871162081177,1.2565905889099618,-1.4067225963086203,0.28511755759104795,-0.8874823999558603,-0.08678282663606178,1.059342845290091,1.95339586729286,-0.5376615170245562,0.6279992834479462,-1.5372764420865537,0.07122643616882396,-1.2705853262490252,-1.9040692586255938,0.3945289848905062,1.596259384812174,1.241237833566728,0.23490373454410673,0.9638705307569176,0.9527842323820038
0.6055318763581153,-0.4626346339921551,0.6322970093608199,-0.6282565144092611,0.10928548802495545,1.0811452057268232,1.293104519810228,-0.6460794835023209,-0.4318299794291766,1.4990131761866192,0.0351375398682973,0.23259509843808276,0.019282450783490872,1.0299655188954608,-0.34444619244558283,-0.6208598727287671,0.6377534610234791,2.0491764976734665,-0.6368727333834832,-0.9711061344962625
-0.03435903630343397,0.32868721461577466,-0.8182317105383297,-1.6651471473019521,0.6380788111255139,-1.2659889937675828,0.8904030188697202,-0.2813861214040891,0.5781479721522315,-0.29159428963356643,0.05042591936800407,0.1361050610798487,-0.3416161001682476,-0.07233695415791032,0.147271915669071,-0.5611462677159156,1.2756311130278037,1.0651364315206309,-0.6952905196408374,-0.8755545432659202
1.6731829580289952,-0.39773458462944816,0.34732420381450446,-0.27351166405877814,-2.0503506664009103,0.9829113026906329,-1.0879023461145867,-0.35278922450323447,-0.050906094087446695,2.339091082174635,-1.4770097886994462,1.6421098983898301,-1.6584500104696651,-0.5528003036913948,-0.10995335178831503,-0.9107668232603854,2.1230259946406007,-0.3828110961123889,-0.10087627168896231,0.2804151628965131
1.8828394756784077,1.450808517663364,-0.0015223289581242543,0.06055183228269085,1.7708757157021429,1.1222219927633228,-0.11678541904443984,0.06503099046725166,-0.7313158085010891,0.9001574964630298,-0.1857566636561212,0.08731356708151956,1.176109529964766,0.2704468651290175,-0.13980937959717246,0.3307252814710407,-0.7866689293576197,-0.8309701609043023,-0.3821952356666113,-0.7738418283840957
-0.33281543710753575,0.13525893584428425,-0.6718340118579027,1.9342228959925407,-0.7403993557425818,-1.2905382464425976,-0.12511842160772646,0.6705385086553473,-0.8882086101302421,0.7682087995261179,-1.570240582033696,0.6248905682264193,0.7983348429634276,-0.7826840986326652,0.34749056974882947,0.9609710414145821,-0.3684724577143877,-0.24428986860145716,-0.5129096108747586,1.0890217308720527
-1.7102028409242567,0.008188131987330054,-0.31301329636502045,-1.1196957388241688,-1.2730311605287266,-0.9792077886978633,-0.9867252374200006,-0.8398660835002213,0.24547841368852194,-0.5846215344916826,-0.0969675433387231,-0.020143926645716792,0.20547233730913642,-0.6894782499086916,1.7333527240397928,-1.3652827100759402,0.36500770443724023,0.05369478125110972,-0.5246093989878976,0.10851768425756338
0.7884457406779747,0.2595803324985256,-0.18448487053444831,-0.06606997249189603,0.10039573653191837,-1.4599413234958323,1.9766483279205604,-0.10627113960371078,0.09743691858301141,-0.4843633490362289,0.9211186500825624,0.7511251474816262,-0.8913975120131821,1.4739186469986427,-1.2514425837344734,0.6345782274049704,-1.6837832996126891,0.8206209551942147,0.8166233129208542,-1.1715633693867904
-0.9535939163806918,-0.40550549879590875,0.31812719069575857,-1.0204998212712657,0.1286917491948548,-1.8796064300810862,-0.1254084651387739,-0.31899182296401357,-0.678512789203058,-0.3711479758755204,0.8965383327343867,-0.7401007583117782,-0.3365371592306292,-0.6343022047733381,1.0077932505659242,0.2603955663955602,0.6417785502068172,-0.21375587211549654,0.935871503191857,0.3779806179451465
-0.44447247696634673,1.1728368432748912,0.19887039232883874,-1.4731959858152135,0.6349262936623536,0.6143513545303007,-0.0830813236328129,-0.43267554140196157,1.4496733927730678,1.2578628665232152,0.7127032282693836,0.34247391331103244,1.0275137425638357,2.305039262336221,-1.5377315938421081,-0.978774465346589,-0.7473911813112081,-0.6606316964812631,-0.6999599694781322,-0.5621630537446022
0.6340667227218791,0.3620827910923939,0.20842876736674942,-0.25415096239878904,-1.3230356363616695,-1.4121316005113425,-0.6625898210685542,1.0087374747411215,0.8256150658980366,0.4145321341364305,-0.34452099250335483,1.3020742642833545,-0.5963571355285124,-0.16543939440655678,0.1510339030469547,1.479260861212131,-0.996883862890218,-1.530032347434014,0.4463859059461767,0.8730086652433166
-1.1424829762081639,1.7141581211739223,-0.07364907061788187,-1.00278241508613,0.5929438381976525,-0.6206946787618982,0.8056640885886035,0.19565709746302812,0.10258910647986018,0.4307690747481984,0.19342310206154212,0.7555213660187832,-0.3709476409164257,0.68424123257628,-0.625196398228469,0.7863487133941219,-1.0319351070635685,-0.7123161528278104,0.17233024993899532,-0.195532265483286
0.18666451975455353,0.9083227828156211,-0.35920333264994203,0.6962236652449405,-0.32995843303709627,0.4176415514639552,0.05391414283821063,-0.44585170123242096,-1.3411076628135163,0.17880911423813395,-0.4905227104504348,1.243442902251816,-0.1529417098589677,0.5222359451713636,-0.2639332118265133,0.6581062089115929,-1.2464104380321899,-0.6953106498879275,-0.540040593601045,-1.1547131932308106
-0.11971135491385905,-1.4483947822242085,-0.3215165593225418,3.5749570142178886,1.4958122517978445,-0.7290485610104133,-0.7265086348492874,-0.18566458141131453,-2.5434126669928694,0.8967421561531893,-0.11356139042842267,-1.5889760383883824,-0.23659512717890124,-1.081037928722413,-0.4827189833576502,1.4174095072422757,-0.29497331113122804,-0.8152709741848055,0.19418282079578655,0.9924829214212296
1.3710171384675132,0.16152900839255468,-1.2589226049175333,0.909995808303944,-0.3686210522555223,-0.04287675600846271,-1.3699692459617494,-0.7792216331337511,0.34416633482984854,-1.448704826207173,-0.544056912705268,0.7091337650001109,1.3645383342993478,-0.01760000656804847,0.4935760767306449,-0.6415974637393416,-1.4249766721778088,0.4525071976773812,0.22662389663461407,-1.4142707379341883
-1.6969664936105529,-1.8551831043239317,0.013684843045167637,-0.8054782983339045,-1.1328563563230083,-0.26133535953141585,0.8187972398358085,1.3825192556249628,1.3546486236895652,0.15417441870194382,1.9154872280340092,-1.0456578582415494,0.2733125475460794,1.4867804634663704,-0.2756725231599032,1.3116390390284676,-1.0205062781302852,0.811178684431295,-0.27922936552756117,0.5671987473213937
0.7560707745726131,-0.1390592989836384,0.46414120884806914,0.24373145000992372,0.7534830303653112,0.16432495511835873,1.1201124268860663,-0.029814514439480164,-0.284724362654416,-0.609863395821061,0.1808169759399127,-0.6069354932136911,0.1118392851005885,-0.4729125103252699,-0.347332803601886,-0.43000003480865523,1.6204835445351111,-0.3378433952881931,-0.5640180144203827,0.5609433408387269
0.44488513579410705,-0.1443834725401712,-0.5224660057279116,-0.2572678807928651,0.19743176264892767,-1.9681543468130216,1.9120547786701096,-0.4043616434224893,0.054951704152862366,0.8321495521745984,0.631235989459653,0.37234858475713234,-1.2969293969933846,1.0496965094309159,-1.9448129565829273,0.6280023389889869,-0.08790732422089954,0.09861075931705776,0.7904210755747294,1.5360769364236793
0.4172958280938828,0.599542369159421,0.3638520018024919,0.8967833538216288,-0.32810779220386227,-0.2780902561503948,-0.5751590854369565,-0.5541107681984168,-0.0869909839541459,-0.09213563811464133,-0.9026786069066555,0.002788411490019197,0.3382989102200385,-1.0209485935072722,0.22605300728138328,-0.6698323874803205,0.0669480325069382,-0.2506629810471581,-0.12826633830726314,0.9549095858227422
0.04763658452642917,1.5862926643469237,-0.6216007588034669,0.304515756237387,0.714255212359292,1.5607437081706992,0.592071082515757,0.15216046712334574,-0.3462189467866888,-0.08172913758615175,-0.8122354681187117,0.5579118308759542,-1.1864673161591623,-0.2434535165435121,-0.9865791552805366,0.9732943646044454,-0.6010330536660463,0.621812110865829,1.6509584706110603,-0.2440464435567465
-0.9259904994980667,-0.5856029403372424,-0.16599741689345482,0.3512693574656099,0.41668272625040603,0.7753744445086928,0.2687475389039233,0.40817493884993755,0.05555981259466928,-0.08466261536022854,-0.5458165713545505,1.8698632012493261,-0.28663976610716135,-0.00785835905606701,-0.5527123805085737,1.1920096387413197,-1.1617705654325243,1.0702708699208663,0.8821509835472804,0.2683836666124706
-1.2481584929604648,-1.5881574537111416,0.8065505203481117,-1.1702999394089924,1.2872068866521444,0.6565382695906297,-2.8327153702489225,0.2911710611816311,2.2231383144938057,1.0534459325341525,1.4643488872467871,-1.7886657090710878,1.9028335466862711,-0.25052769372045636,1.5455268817277228,-0.4300631350203591,-0.772451198493864,0.6004389859479581,-1.1914677678310472,-0.9783852476467001
-2.8776344474647484,-0.13381790213230277,-0.918380044882357,-1.9387833511296682,-0.7718878171793101,0.4688331355088147,1.5353757774849048,-0.6630627693728667,1.5274522371616008,-0.9613039487814928,1.9843460234565775,-1.449780897979417,-1.1743754727114728,1.2704854652331652,0.6181767263568912,-1.100771667981312,0.136270693072801,-0.23398607628865287,0.04437496715758629,0.07345145960480351
0.5467147504157118,0.6076074281280442,0.04630817088558042,-0.61685744078135,-0.7563686474143341,0.7746094343118203,1.7413821633592663,-0.6688073109755315,0.6478256490420646,-0.3642196392170874,1.3933462939341688,0.5462175142028074,-0.4942074124967299,0.3784346570092357,0.02731717038310192,0.40142328445070524,-1.6352026080101336,-0.15727670914487343,0.8559598912953975,-0.3448424808118535
0.6327532978216225,1.0438281532324905,-1.0182680284345933,0.8789190107273717,0.19846447060726177,1.099851209605499,1.295553557177559,-0.39043326186743166,-0.7870201319128096,0.32698196248889166,-0.846384322735139,0.612513327538262,-1.1858696220170317,-0.8216776753153737,0.32245444357976927,0.014941951708331614,-0.35343272527937014,0.2741948123225986,1.329166495940196,-0.5227823921183781
-0.6310841027506737,-0.49964809644498787,0.5061368126289573,0.0226183980302016,-0.011914303671982398,-1.1966211786099812,-1.0645932595988339,0.07308799127951504,-0.7469281176420176,-0.8914762196850435,-0.08837410177024826,0.8745012765997091,-0.9682820331316835,0.005352940991735094,-0.31730482957351863,1.006753211867562,-0.6916902593691756,-0.4954191543162554,1.1106813484731206,0.21801239903824468
1.0133760771718316,-0.8734140839929907,0.43320739449591117,-1.9178790364470382,-0.8485670793109152,1.6768107037086624,-0.1082236600085944,0.64788529861932,1.4809713655003682,0.6019276996052273,1.1047942759825204,-1.161658978188286,-1.3247565609757272,1.289783447104935,-0.4115410710356307,0.6560591859964484,0.04024176856472258,0.5202346277701376,1.1131960314881841,1.2725332946334265
-0.6650216964679444,-0.40833426321039,0.33291170157558486,-0.7631046544941225,1.3174724961607909,-0.06048147840631158,-0.7724525932391639,-0.950152278431273,0.6285059589023515,0.0363732192377093,0.655574897329431,-1.9231294602074462,-0.672486661684628,-0.8387088505536706,0.4409353044726823,-1.1111076157009352,0.2917308018454834,2.056796892640991,0.9756861903219763,-0.20480713539172377
-1.2254446990774264,-0.012524112968444953,1.3593273114877482,-1.9262838549151176,0.8595730597147198,-0.06743220202844342,-0.8442088017060668,-0.04867688369828903,1.3566702722457988,-0.15473831690025844,1.5307410079899635,-0.3698603347427417,0.10271736718988114,-0.17223605817386753,0.9748760054673904,-1.291361206416741,0.6266017513314895,-1.4251230329371614,-0.445054770384902,-1.4696306976675615
-0.39506010369451733,0.8041588834743435,-1.1014218908981006,-0.4318942161575686,0.5450713996198632,1.31230352055678,-0.9878496991976689,-0.8259031119932566,1.1174519095231665,-1.5892493065426376,-1.1390602830204528,-0.13949827891249933,-1.0402490123897614,0.3860687486126722,-1.0619249621427351,-1.061451057887432,0.06455089495130438,0.4090912497901054,1.1707195082811466,1.8400721055870197
-0.013753522744911857,-1.0669846919515127,0.467792788080984,1.7924762497352034,-0.16835505612422988,-0.6678434705193028,-1.7467008869916214,0.22941958976845495,-1.795876563193298,1.0512393178810293,-2.361015865087614,-0.5412537514883309,1.4785812890862617,-1.1800985627130398,1.0729598972195005,-0.06540846586554919,0.8348742092474423,1.284736492092764,-1.6575772752479687,1.8886307371183173
0.2160226710280508,0.30311483270008055,1.3950014084065157,1.2927559694260065,1.3000254640917388,-0.9340291006706699,0.40293252622895476,-0.4780855635210525,-0.8340536496532835,1.1129631262777124,0.19620040663332886,-0.9622103012720382,0.32687976484710085,0.7835066088746351,-1.196057866735747,0.41307144502221566,-1.2562589531776707,-0.009048506587864543,0.9582072488952348,1.5505220730237725
0.7769208707413116,-0.44598682675473444,-0.36076026814508283,0.21815610566049642,0.9676234237418303,0.3147392749488565,0.2912831380866787,-0.5268670695073322,-0.6756425270458366,-0.9076205929764661,1.5849538846302855,-0.6210945268093292,0.3720957779144178,1.7342455734163362,-0.6921727665935796,0.20744833794197853,-1.0344214628777149,-0.38330522658451704,-0.3722235254848728,-2.3806232636826206
-0.5755928137036809,-1.178971099788807,-0.9497162633029125,-0.565349407539246,-1.1990242806512117,0.8379357697016011,0.9662337218680512,-0.44808945716605836,1.9530812475438752,0.2530196556722009,0.41391232056985866,-0.9441064314713548,-0.48722734268522727,-0.6438519967714893,1.5673076381234448,-1.137817891330911,0.9756012240010965,1.3377460455878054,-0.09778751752615873,0.3713502786465269
2.1296781800549653,-0.2673031362902058,0.7717342176139517,1.6028620030824148,-1.107102511087587,0.46188251715220824,0.5973806970851838,-1.3314070344830873,-0.22078166084960754,-0.26451857750212426,-0.6617156642596704,1.7121160572394336,0.33374226613163177,0.10030882085630277,-0.42054012742030267,-1.1563556862826876,-0.24022501691111248,0.2733071894791355,-1.7354072856799136,-1.2905812016039133
-0.6732884104223638,0.5795704852817543,-1.8790190464610608,0.9512748961784312,-1.5267056526444984,-0.6541952681072192,1.6796798828466741,-1.5060134240644436,-0.3483555244982434,-2.116712495609276,-0.363197816072084,-0.4033247062734041,-2.4096471650303846,-1.2549615033811736,1.1812952226628746,-1.1271914572824422,1.081149271597635,0.1700344913684729,1.5927006212006813,-0.6611848248603639
1.1690135069623753,1.4148070939190414,-0.8608901299608854,-0.22352134847436153,-0.08488121737387525,-0.6966844483197291,-2.1343307019876008,-2.266639994428965,0.2611739893590958,-0.7570635532027359,-0.5347357488655526,0.11491844689838722,0.9625812886673357,0.10320431919283612,0.25864226195524354,-1.9234118067866672,-0.7879539716376996,-0.5701400342446941,-0.24197197575732712,-0.3875819300837426
0.9627027625047571,-0.6878003320342192,1.1361620419273801,0.4040695983233077,0.8693608473101997,-0.297028543236147,-0.1887327325726341,1.1000404250200613,-1.813089789337663,1.6481046483487565,0.672294099258867,-0.6149657616998755,1.5270923563121246,0.22712272520658572,-0.15895353779200352,0.8699424809302958,1.011749629236034,-1.2839975113979487,-1.4637325439686113,-0.8590966072089575
-1.858380946987191,1.6689222758350066,0.4002580969977156,-1.4185949076318136,1.2314235764474373,0.4088218007336326,1.038792132233508,-0.3787667064554943,-0.7645858405408268,-0.6009452621733252,0.08374136072003065,0.536228074988725,-0.505842502612573,-0.21898648712905716,0.4097401035102981,-0.055177182932659274,0.490458521441734,-2.9033248297346743,0.3580844922148562,2.250308990400603
-1.090434646387922,-0.26034364544326233,-1.600922315588994,-1.318880310596654,-1.0035002763531564,-0.40734082723147585,0.9998330270807165,0.3924265800699607,2.4138292910931893,0.5298488491047478,1.6401722279036022,-0.5804503141375141,0.06567463603291683,1.815173659728333,-0.1289192366936518,-0.18017763308343504,-0.6179850882429452,-0.32075363066338103,0.27154799505371885,-0.6155448271932761
-0.09477551756025242,1.754688417886801,-0.8896328953570581,1.011207374779572,0.3587000417637614,0.5975790903455478,-0.48372016068326046,-1.4196763684316973,-0.8749014944826576,-1.0141155360420244,-3.090329897642098,1.9015684253214091,1.0210879704780238,-2.3175664348707112,1.4018841061632932,-1.6656223549215026,1.2992609753589899,0.45547868073268544,-0.9887761868781734,-0.1806800333514427
0.04922481862965092,-0.43331941474324115,1.4704646638140346,-1.677080646452141,0.7941178198576461,1.1662559417229144,-0.6237032383857076,1.5360028553382366,0.6306296802167458,-0.6461079725192682,-0.15089691821745502,0.2482172295020846,-0.22146772205370593,0.41828330689534265,-2.147244608763101,-0.2064765352480607,2.5509758374761606,0.29306456584392765,-0.7011899206771136,0.8873088749153433
0.579806052308815,-0.20470792689494588,0.8774032088376432,-0.1441819698647338,-0.2679135394036258,-1.3652915146416542,-0.9395579179027099,0.853093305103886,-0.6197345840752236,-0.564018236203813,0.1782381411576618,-0.21829377250790824,-0.012061466849522823,1.44581393590807,-0.8397236957978966,1.6688825472304396,-1.5643419150867424,-0.21828754715790463,0.4470804341781316,1.0025858555168345
-0.31684724173621265,-0.3315305528803225,0.858228463090353,-1.654880481277573,0.0947277425937648,0.18521572399440137,0.48565355992520187,2.5227094255357936,1.1342440589573346,-0.13029210832613672,0.18660703914444496,-0.42349785047531097,-0.4004751106422162,0.8566382007921329,-0.619918520386354,0.8446781377831788,1.1503279256014032,0.3705727044225123,0.026654936185300307,0.4282596829877487
0.1155853131640658,2.2585758473614757,-1.0133432467329024,1.1058047553742496,1.0438796900766225,-0.06103029051655627,0.5552155546225042,-0.6094122665753022,-0.5399094111249952,-0.4870035969304535,-0.731483118563863,0.8129939326147466,-0.06133871812939056,-0.5087748030548928,-0.6144814635736021,-0.07229903879277544,-0.5552413888016533,-1.69113035413988,0.004489350719238942,-0.5198246480894961
-0.17116678284298206,-0.13978923839021487,0.9015926914425403,-0.11342754244987527,0.0425989656175021,0.37822315322332056,-0.7590359505281296,0.46204300269807713,-0.501793259097831,0.033431202806450906,0.13870246545753986,0.04907600888386815,1.1440542990445162,-0.34312855244170143,1.0397337503291053,1.1947181052521163,-1.2667162724073362,0.22781189263791746,0.6900262782701224,0.04759274155050641
0.6637107480217086,-0.6522791458432133,-0.03665908312937163,-0.04368159712403683,-0.9845768770691111,-1.7840845999762465,-0.7491871120363189,1.7516490280538048,0.6348726171728829,-1.9400318083221324,-1.1758464646761715,-0.3869111552480605,0.2419845716164597,-1.19717585302215,0.6945449195358591,0.9796333690605621,1.1843032835043121,0.9169142752705542,-0.25571098819911375,1.354332369988291
-0.2649715503985835,0.03686829470510268,0.03190330772192338,-0.33393010046373706,-0.6768504610670911,-0.2445492280627448,-0.9185120142788011,0.6460446507428131,1.283876571817374,0.7620224596358947,-0.077129678238068,-1.0713369500129555,0.133882550264872,0.6296086812141549,-0.029106028011276455,-0.4875536282662346,0.1884132589366166,-0.06133179423751673,0.5949726721019145,0.6857330487008791
-0.3290533071265934,0.06913480293448773,-1.1765918728798899,0.8235902720883022,-1.3753585764460405,1.1413551862867353,0.11170966109585219,-0.13926825595674253,-0.47856920892751675,-1.1700603389685116,-0.7547159267848785,0.8445916414621785,-1.6102316419464036,-0.9160534860961269,0.3370125727441701,1.1275632719783564,-1.164701924543857,0.5545516994387396,2.315212366416604,0.9881274265230382
-0.7167375033175778,2.367435211148112,-0.9562086684360434,-0.7069904877043087,-1.0504408519965303,-0.6733595433447231,-0.12663803147416844,-0.12187112670573384,-0.19636957838830515,0.9028483515993095,-1.032039781617076,1.0428840302706799,-1.7697349700744964,0.17871680858091568,-0.8562878218288311,0.1076302565574284,-0.0627398164525375,-0.6826843051783233,0.8946283928969786,-0.2046479072688165
