X1,X2,X3,X4,X5,X6,X7,X8,X9,X10,X11,X12,X13,X14,X15,X16,X17,X18,X19,X20
-0.4858333922145032,1.1971013825168149,-1.777526138329682,-0.9737002466538685,1.7868768094107303,1.2139799043423374,-0.046509400248753774,0.5190463774540516,-0.8314168914174553,-1.3622857555851393,1.039262751413597,-1.5172496453336006,-0.6466820336374226,-1.2357087404810225,0.17537053562263089,-1.5599007559028242,0.4787569553144876,-1.7822515253919264,-0.6014908614414787,1.929311936317732
2.3913375230000575,-0.8727392077498917,-0.6088400830774924,0.3492969053330578,-1.7281870783283517,0.48601754046268847,-0.8036634449692576,1.3269747513759536,-0.9650059240372337,0.023735514030154763,-0.6657909933411996,-2.228340240358767,-1.3048430414226106,1.1312068869113303,-0.7762842877681868,0.898039985886395,-0.020358309054264417,-0.5289879221931969,0.7304235990955097,-0.5281453576444918
0.3628746794129437,-0.5636075934846795,0.953536635780983,0.7333721233086049,0.14127009501266694,0.3408605492007815,-1.4035809448665084,0.8085431995157231,1.644894174819814,0.8764865785387772,-0.9869810326667685,1.4394408706025243,1.3515181389210171,2.6718821697985518,0.35086074636880127,-1.0936104089039882,-0.10061922678239638,0.876680927301592,0.6567541940457647,-1.0645020222925705
-0.7769927653447554,0.30487628913931875,-1.8815943523441299,-0.4537458425771864,-0.14678737845087952,-0.5046281207109246,-2.766404859178503,0.9310552936569958,1.2437038696195115,2.3479791780566,0.20062540663949147,-1.4491132203698718,-2.0404897115188683,0.26680832570203106,-1.1269233353651824,0.5073988385329563,1.3058479297176395,-0.2338914732247793,1.1116235791857807,1.0163721596601858
0.01868264847133652,-0.05447587966648922,0.794068897444577,1.1066838326844033,0.9237213630040711,-1.504920885041786,0.7034873285070485,-1.3176317794042247,1.070271545711861,-0.18048503470896868,0.1394715720600928,0.8908760163923332,0.4568304259218379,0.5916052177798903,0.3356420841864529,-1.7246573455498662,1.4791842338902303,-0.03662257719705373,0.5241369677841216,0.4759532171811111
-1.2258557932576286,0.658139735153993,0.8512677839396671,0.9810745711190594,0.5096910693265491,0.0982868069179938,1.2266124564559253,-1.337532340138567,0.46796366845613935,-0.281228862681091,0.17042108026217948,0.8553756265019644,1.5796375259497732,-1.0365502370778743,-0.05531886199302712,-0.4516527826018922,-0.4031972613176297,0.9219725106167126,-0.5517909517950412,0.05183228529804913
1.4493797328237563,0.5950223825671538,0.02355218562573814,0.4614184005234257,-1.002506051251141,-0.009427114306135659,-1.2407135151368183,-1.4612347795370917,-0.004854851727184452,0.724233535003066,-0.4174913591595072,0.28592784711368413,-0.2784386896779855,1.1280501141900456,0.3667311464165812,0.5860653350397022,-0.5853997049662133,-0.39679930091280247,0.07171781385282212,-0.15088663634351668
1.4044346972471238,2.3114753127350833,-0.9622346130504351,-1.6409519511887933,-0.5465481750166169,-0.198109426575661,-0.057144175780374236,1.8083425303011342,-0.7324395539559624,-1.064222318565299,-0.13261235942422836,-0.07906535159017852,1.1937897133608903,-1.7718072555571251,0.40205209432192335,0.24778944405970837,0.012369422817336087,-0.9360786394818447,-1.4535923467101244,-0.5466211025880668
2.497476611146866,-0.4421578785274818,-0.6932557955000542,-1.0159513012968873,-2.4002190197213835,0.8207442462302256,-0.871251856161727,0.5077104176196915,-1.1865171628503093,0.20434761538434085,1.2059612692971362,-0.44041866945170227,0.0736383517213814,1.4487077817386487,-0.4802131491493263,1.536345317885037,-0.7883630605183849,1.3148871309908423,-0.1718102161566477,-1.5519144206599367
1.3335530857610127,0.6276919601151429,-1.12770332438609,-0.2321299587878949,-1.5335970867694642,-1.2094832413648513,0.02839569680350453,0.3338695853917052,-1.355191991769127,0.6160889786484383,0.2280419681488702,1.4912238786785783,0.454580547851391,0.2182878976962682,-0.9646043798655181,1.3587833432707421,-1.3148108868994028,0.0008128287975915232,-1.0016497599441436,-0.6741920777555058
-1.0327455568297612,0.07255271713553506,0.5965726223768082,0.3467062264402948,1.4324450169706855,0.666227942519165,0.2979963839860356,-1.2949783890142255,1.7930032868699879,-0.4267715349695359,1.4634018594728209,0.640072209892155,2.7280776968607663,-0.0077831602534319,-0.9252717916581966,-0.4012650687140277,0.06947107031220733,-1.2183409618075471,-0.08478032406901916,0.9090025218309884
-0.5469678278829031,-0.14824509126099011,1.792319411671565,-1.2944380976893732,-0.5343986804400013,0.6062445084010029,-0.457458518094163,-1.3956083179347256,-0.8420819407078014,0.9922058207737389,1.1658804011183528,-0.30461502056913825,0.17062764753875687,-0.7269064310920379,-0.4238768789537698,0.8641276330719511,0.9535590425887873,-0.19916017445924256,-0.3487933425548344,0.7137291990373493
-1.258563876636206,-0.04390746099318716,-2.414393190419353,0.06911224864910515,0.6752968078399378,-1.5794500924807817,-0.018022475735626438,0.37102513638674084,1.192665192164155,-0.6151255075697962,0.3383840011386433,1.4844360550782905,1.0201380902267048,-0.8295280770424523,0.9247355867933904,-0.3550033392678452,0.8688162491679801,2.1411922049856376,0.2760140800440376,0.6393989680275532
-0.09225254274393613,0.6010358659340412,0.635289045431648,-0.8850053191123485,0.2584999063581982,-1.1074362912235622,0.03733848397363318,1.6584633761809098,0.823301557389212,-0.3244384711224578,0.0892420439180827,-0.8102875756383315,0.386771238750651,0.28542262735415386,-1.101645467141037,-0.647486571618783,-0.07976396447016933,1.2207692752457058,-0.14659048913204795,1.9005760635763054
-0.8141237463483599,-0.9121339307046756,-0.8996480168256092,-0.29858942346115663,0.3245477882993408,-0.8447211398412348,0.6547945299335923,0.22220207645484263,-0.4585858423953496,-0.21017633126430416,0.32247879762248643,-0.35867618779417976,-1.07082632779816,0.015639991526243745,-0.4704795887790497,0.6709634139373716,-0.3020466006435025,0.4154513505215096,-0.04709407439782252,-0.6555152285165778
0.9888306805164935,-0.9481241461064681,1.8427243287317543,-0.2768788751772156,-0.31233613716350017,0.9488640500505149,0.817465234348167,-0.9195509774278292,0.9854919496003315,-1.4563680167344186,1.2761838312133285,-1.2868758235364113,-0.02597892529241946,0.2365032448406122,-0.7772645426294297,-1.2431799133149388,-0.6367702690453068,-0.752164099968329,0.8022515612890276,0.9174637195610518
-0.9000781215758651,0.5545504322012634,1.031402540390553,1.3962121645175265,1.3232290499005122,-0.19961972219940044,-0.6160624244096575,-1.2718755740126346,0.6825734821400417,-0.14030574694677878,0.4565538969777096,-1.1659887173686578,0.4878864716567377,0.860792358404666,-2.1518309385329637,0.02300551879427016,-0.894844294847131,0.14419594713673511,-1.595405482563568,0.7668884637247012
0.6796313197272614,1.200423294994851,0.11210587493557767,0.5777424128238628,0.07496304742876829,-0.33452751479502163,0.5676075523853694,0.5304995077859187,0.6279158277899132,1.0353969958618294,0.4364428185734866,2.299530015728855,0.6849694185076217,0.9673558441625826,-1.8095893854213252,1.3815962940299804,-0.5578720909018791,-1.2286826423151735,-0.8974290272738055,-1.7877764350686516
1.3161576781783724,-0.466608468323158,0.640612861590583,-0.05940936843327295,-0.94460096323588,-0.3619805818650678,0.41896074870824646,-1.5301650839903105,-1.1014333333268627,-0.8771227375581877,-1.4891570517765005,0.45334580594649326,0.49961533701682553,-0.26155420002709384,0.36674614675349715,1.4191445934398896,-1.0983911200952574,-0.9350783164628321,-0.858041057458655,-0.6538190041693046
-0.9819069453570399,0.5372569646494612,-0.41052029030195203,0.11774867834020405,0.47716464292850114,0.3592951529804978,-0.4564463548777745,1.019123817287476,0.23752839904919082,0.19291574093115002,1.0764281791385513,0.4310070191141724,-0.06052580158025856,-0.704353162554604,-0.14434807315444556,-0.7195675924134713,-0.42827112562481345,-0.10376891472578675,-0.773665423324056,0.1427311307940095
0.4207744987326365,-0.2964722289097247,-1.557668412196639,-0.6128977365779342,-0.07983014669922399,0.7946886902948541,0.394899630594218,0.5658030564842824,-0.6540096596595063,-1.364669652727784,1.0443596228769654,-1.1602535381157362,1.1132456715235437,-0.23475552983350562,0.1376978136962742,0.4410024225620673,-0.8368299286438173,0.6801174205200518,-0.0330183872584825,0.08553623637809905
0.405741302150944,-0.638861329783851,-0.9751256942724196,-0.23804041456707012,-0.42461291355402536,-0.14252125144871092,1.1285275377577522,0.42825745639431734,-1.0061611708473062,0.17890788438072175,-0.8954323093456473,-0.191126066524623,-1.9351637266963484,-0.8924718902771361,0.6136191152042751,-1.474447348527712,2.264636274248971,-0.693834793780611,1.4730045447100721,1.4721792853921485
-1.2610801376383098,1.387867770336893,1.4706541988836501,0.8707972619161422,1.594895765789016,0.9082155565129304,-0.34709400292422676,-1.1689236203630289,1.0220520397404953,0.2750259746779559,0.021872782463778828,0.5375530813029575,0.552778055132975,0.378510979274945,-0.38586155384207915,-0.4780816310799431,-0.12627322828955417,0.12926932247295317,-1.0342262246959069,0.47076047130970944
0.617922883359699,-1.44506918546069,-0.21584648146888102,-0.24245282215181665,-0.47151698306279693,0.5823264737176195,-0.7235461828989884,0.20090212373881677,-0.6566172743931541,-0.4537084548341765,-0.15290332826793945,-1.4905128473210845,-0.30162009978984067,0.35956592042943125,-0.08438772132243626,1.0643236156079223,0.6305596773847083,-0.005464560087280923,0.33607335595893784,-0.10338945929800084
-1.4922554073920067,1.0337245164558184,-1.7998360375671305,-1.868166336584903,0.07046020580760881,-0.9185881117553033,-0.3933619217034356,2.2810323535690293,-0.25825664072231935,-0.3478783541399856,0.525014999589965,0.18708889322529157,1.1042099926024604,-2.0210990527257247,1.2021029537595216,-0.6666784327936695,-0.9752817467035083,1.5052114267154484,-0.5608403453916585,1.2140444658165095
1.5311391639531249,0.002955901372173735,1.0412811446293748,-0.215445314236276,-1.2580694239029717,1.9868170954671918,1.7031706044790285,0.35077362578843363,-0.7927640532185771,-0.02194082974734403,-1.1521546058187118,-1.0880467610652067,-1.1017340724212388,0.5205388591822168,0.748613438357452,0.5198360672977652,-0.1122710316014245,-0.010353971319096112,1.5036726249650025,-0.35219812443250453
-2.411512222816989,0.37935453151866216,0.07577808523612121,-0.9427600630205316,1.339270572506187,0.3222103486529629,0.2576583081194727,-0.07210474220046437,-0.5771371406616633,0.31809307674198395,0.5223517614464037,0.25278909805042005,0.25133921678816334,-1.2981208365746526,0.015337745136806942,0.3972240471326359,0.4108617580247111,0.3131318344775791,-0.8382897063617551,0.7637084715475461
1.444960461518136,-0.6031508465946296,0.0651871125242308,0.2533051503593507,-1.4657775300436833,1.1551458125227856,-0.5640789655640002,-0.2231661371283155,-0.7964427226873473,-0.6490511145946084,0.24085024925771054,-0.6511885835923058,-0.6452535860660615,-0.5094937233548633,-0.2243406435470753,0.29837206119620663,-0.05392646605021687,-0.9094440941663635,-0.16746268331738734,0.17783590652319736
-0.9597157331815649,0.7391894341495521,-0.07431332493838415,-0.5185668943492174,-0.03555376974245201,-1.523053743536164,-0.22020084255992617,0.23054914193351556,1.0968885678266995,0.7414440331235405,0.9158040318056438,0.30259476140355707,0.040978394945523224,-2.0516912066314132,-1.8655630551624713,-1.062747620373852,-0.21277044790734773,-1.7503662826204593,-0.7478565791458476,0.3112185807655626
0.30050568296994534,-1.2089437893211679,-0.4270975657723738,-0.41534880391625933,0.2894874661669051,2.0143062222943797,1.0121026518381233,-0.3879311508331049,-0.16641105751313998,-0.7092008508739615,1.5391611631904285,0.13165942682377366,0.20796376465691988,0.6708021006683749,-0.9922504544973614,-0.9373889734138068,1.0021127068614735,0.5239594154269144,0.021934413833951037,0.1815808688846436
-0.7448740993654382,0.21428633008696396,1.3077477410352234,0.7200010536399537,0.9443565774133749,-0.9590234291391022,0.8822877773538806,-0.985129521156035,0.7135042550382695,-0.48467214494538535,-1.4104546826699047,0.022010489256038487,0.8667275336990657,0.08933396429136516,-0.9854679113752915,-0.39154386704724775,0.6447918788785745,0.5421591899883114,-0.4159644499793291,1.4483970197198752
1.3929582513666428,0.9046410595258942,0.7722142947505254,-0.2533379876598984,-1.2877783198547246,0.9948054141674405,-1.0502087684648989,0.26515653473533213,-1.4625094482604477,0.38005387004774205,-0.07217334887418878,-0.6456720249024352,-0.1103876383978258,0.27729318163429295,0.11698888632533405,0.1841379935708221,-0.3642069202738682,0.7348425151269808,-1.1915630902106211,-0.4996382581675844
0.9040921668759456,-0.10369735381637099,0.5954091342302464,-0.6787718604842276,-1.2914551710051194,-0.6180714627539295,-1.7084038654554692,-0.41735409041353194,0.5126339074236694,1.5303900000422017,-0.9426334155883237,0.8686742748731409,-0.6420564377785896,1.5680727792764466,-0.7069211890203125,0.031034973047199,0.15861029072790805,1.388059113300013,0.14925905884690718,-0.09615771638519202
0.5386398580271431,-1.5305883585977411,0.40652589696613634,2.4682561634086775,0.6055671500181397,-0.5944523801824906,0.023350866726770406,-0.6156617232736523,2.7132245243965634,0.045934273844055504,-0.9333440241580472,-0.45697056957471094,-0.5660226657700518,1.485395532462461,0.47898810253804486,0.05569477817116078,2.998474279269604,-0.5897242443922853,2.976900157450211,0.5501714998947143
1.4299249258875744,-2.9044414452440344,-0.09977643960411935,1.4014928779618938,0.760995627310607,1.2042774724683827,0.801802524954719,-1.4750023008619293,2.4475064678016873,-2.253316066541689,1.6762157127415918,-1.262586460726154,1.2338232985567354,1.6334662281716317,0.7704269557728894,-1.06690529311768,0.9027877183485822,-0.670678202288043,3.0422440066626493,0.7553521085988729
-1.3095545582814936,-1.1022867707077921,0.8194598362033316,1.4965406454285508,0.5357172872738469,-0.20007006464886398,-0.3256190256660038,0.9206799545740759,1.7711392049605035,0.37708276415058123,0.38855150027130714,0.7857718033421629,1.713634835613972,-0.7436309598233514,-2.02842948694172,0.9772399421935261,-0.1629335351557467,-0.9167204176885608,-0.5096497474847694,-0.6947870722254313
-0.28607979078799484,0.25650516165775117,1.4006231639989908,0.13984015583789597,1.028471309833133,1.6724980436806034,2.570644170199077,-1.2846166384527093,-0.8270125652716694,-1.2586111976688712,1.6343792300779532,-0.9681254822949348,-0.7341649524270036,-1.2893096093886647,-1.053696813558521,-1.650521419284696,0.09115871723129969,-2.0843835510280786,-0.6566222600870929,-0.5130568387585556
-0.17444173486752285,-0.4324137584974757,-0.28600925461569277,0.9254759472666905,0.21754947362463045,-0.3097510366442295,-0.20731735189126405,0.2753008921696512,0.2557329099698372,0.8013585930219825,-0.660965436290041,0.4451663964765845,-0.35073352274541497,0.15910223664558748,-0.4319350620392239,-0.3765280595311339,0.33693378757880643,-1.0530377830493935,0.5675681832241617,0.7398142972562631
-2.4157836558137586,0.2142734109184705,-1.2632765927394145,1.9903289941384779,1.9467727527401102,-0.7249365795202852,-0.8542907431609498,-0.06184310098737642,0.9949163669582022,0.8318019593685274,-0.2548008498780906,-0.1375163233967313,0.6489585405686938,1.0524816052906647,0.15543649726663306,0.10662509871667998,-0.6325362698181684,1.2138413411886848,-0.23782836067849433,-0.9311974580455052
-0.1062077526275074,-0.6864674323555418,0.9684549395780104,1.6175015050272583,-0.3934526937214975,-1.7843092828358427,0.2666721125223082,-0.4971154773241132,1.3982298060793228,0.11314981997591923,-0.46856572140462244,0.8772069049358595,0.7362673578271145,-0.2750980897690407,-1.0256515672378146,0.012507212194106077,0.9241868857234237,0.08451201494168108,0.138106743497709,0.10427474421236449
-0.43353663873679577,-1.0267971853573592,1.1777899224087118,0.4912776256074381,0.7142936295859617,-1.6922047034999959,0.9929137622063057,-1.7092502534521468,0.8827978385183602,-1.0801237946919362,0.20481470178842853,0.21609360811083048,-0.23938825182247875,-0.9743381286936181,0.19668193371347265,-0.46563499801637404,1.102399671806684,-0.984721290940896,0.6816075182973751,1.6365581971477865
-0.6692108140902557,1.7801155447093806,-1.850397510996258,1.2996171340282636,2.076613691392969,1.9789267183060484,-0.9400778636591695,-0.5559033705292812,0.06567372111151422,0.022681840599012994,2.4194733943550135,-0.7754931430781153,-0.7207044962588063,-0.369919917614706,-0.3700880710616836,-0.3452253845758471,-0.8266211334087441,-2.7295637588861075,-1.0189509494096642,-0.14612869140352705
-1.347878301373867,-0.7079306315662649,-0.9653044619570336,-1.2186816673945,0.3447996935938471,1.1948384196065978,-0.6950034446003316,1.168703158309415,-1.276927637864217,-0.5933055457456585,0.9062936421310609,-0.43300959226129904,0.6788836138886157,-0.9227338291891994,0.5894950178184836,1.2341388316740602,-0.27189020693873,0.8065121895697697,-1.0036208354926663,-0.06388080741644582
-0.37862572750086826,-0.5141283794069051,-0.13230902023176977,-1.5293121461823433,0.6134833158214966,-0.03544749830611916,0.48347138629040703,0.6464787318082053,0.24593861734323566,-1.147970231001886,0.840907865267036,0.15823338976848023,-0.967017643451049,-0.9371522134903655,-0.5029737006035221,-0.6577119864197826,1.1180203539345592,-0.30701902797777086,-0.12663691132190172,1.8584454984360361
0.8191520996653547,1.3378984925916082,1.7072542470625862,1.4534985973285965,-0.08783676071138333,-1.422717178353791,-0.5283879979975608,-2.016443085669601,1.6328169644939918,1.2436888456084156,-0.9154241778464628,2.0361714105671402,-1.007933830979932,1.5463064024670186,-0.24469294713945683,-0.8340750415037479,0.2338704278789946,-0.2760569552374649,0.2595943073933253,0.7495133767507953
0.15927419242912516,-0.4850336627791711,-0.07639377793802872,1.1423486134443848,-0.2175810378961892,0.9863571404730208,-0.9342496677676538,0.6367295045080407,1.3349631602333847,-0.023948900588891996,0.06350913832263778,-1.007158227042546,0.016729175929014697,0.5490410378082179,-1.2224957382954282,0.2690229568401844,-0.6683406725922023,-0.06466335300262105,0.466420686980611,0.5497344360754732
-0.012502868647527737,0.8739406691159404,0.04099345375655631,-0.23046024244820246,-1.1239414151838893,1.2437186890259102,-0.43760615971956046,0.8945339201802733,-2.1146521230405657,0.3695415101649932,-0.016565929027874942,-0.9114412802099151,0.22737823837693352,-0.41677795434301823,-0.7929571086594279,1.2025196915691996,-2.0315311619581706,1.346716798615396,-1.7432097491757759,-0.4403599898115516
-0.7451767004472742,0.20351410731969344,0.5204016474239567,-1.409288746270035,1.1269163436193417,0.4583536875766683,2.34449489025802,1.5432289457742379,-1.3063155208577648,-1.4945413677212984,-0.4621424471781,-0.4199451565050779,0.2295001882985218,-0.977959905460102,1.1102394886251472,0.11882398428029885,-0.7401772095544993,-0.5197267272348199,-0.1702343994561694,-0.3563347262734839
-0.5004389631138897,1.1288618447378043,1.5353263783482647,1.8081846689829495,0.056756728807023024,-1.0210618564056844,-0.036687471559637794,-1.2081231466378644,0.3550422440592828,-0.8532312891185029,0.3844000402174174,-0.0839605193287609,0.12668533238681176,-2.0344061887295335,0.6777676510410328,-1.1063718891573586,-0.4736196965290991,-0.11141456815120278,-1.015935164013714,0.48394217686051405
0.5434329436578255,0.6059017220623332,-1.1726006405598195,-0.7994901959784086,-0.3334439574365368,-0.12810703167645546,0.8346255885201743,1.0543345447550485,-1.380903240112064,-0.15835077840283243,-0.9292247491165081,-0.8001726843892866,-0.8278242772941474,0.5282142085609414,0.11715593249150205,1.329040276831423,-0.6568235909666513,1.4621234082480397,-0.08296020110702032,-0.6369559081138045
0.5080637216906227,0.488332001631753,1.6593138152012374,0.21615612159694014,0.6815525036143362,-0.1900920290705322,0.06087742948704798,-0.7533685179256637,0.8959256999983346,-0.8226963261999177,0.3566123697614791,-0.5253024844090398,0.923736421851138,0.7656321932399741,0.4548826701437892,1.4387843471762922,-0.50759505848203,0.11477184414999617,-0.05021143315616513,-0.1738762365365052
-0.5724152803213919,-0.1417901174374015,1.0645076201988588,0.6757899715518833,0.862965568024697,-0.02313728977189022,-0.3420668999351073,-0.037153239285209166,1.411873810339472,0.35211521870174717,0.4922318967504726,0.7371758325895598,1.6883658107926447,1.2123359154316427,0.5172549562848244,0.8506614598586979,0.30280248966716017,0.13375569953979785,0.7276947234378418,0.4641085522219681
1.1012618273453432,-1.186224496641281,1.9179167092082627,-0.5845180146975173,-1.5617870889070808,0.5008713755516939,-1.1403369382482598,0.07786867422907093,-0.5700623951424914,0.729034926720889,-1.628748615511926,-0.5270046353236572,0.037992042959030164,1.4648840694817686,2.243297918437303,1.3300572558172266,-0.2655657048612737,1.7125180856964741,1.3763081414158689,-0.5016769829382245
0.34115682833553723,-0.40611934152185947,-1.5781341650413667,-0.9307305658554109,-0.54292865535025,0.8068381948138228,-0.35915840029267093,1.0561888725027635,-0.724893277174637,0.4161505114561777,-1.0465155944153488,-1.1096562469673867,-1.2211079469764279,0.7542998814599216,0.061397395691545224,-0.12426502215737985,0.18604760985660734,1.2159911311614349,0.7150394703278333,-0.7604334070619062
0.18600118642769167,-0.4638202413469263,0.1574335985903697,-0.7948419269968323,0.07442387285714337,0.9752775238875139,1.2705897621013964,-0.4521371208967962,-0.15538267557660293,0.03287463848586591,1.1805893074288003,0.95709889299018,-0.28911862650413017,0.2131115454278141,0.303762846805487,-0.7173968284515956,0.8884174451096947,-0.23149537192554584,0.9045428839073916,0.5487846725233856
-0.33639592332324003,0.6341817318889293,-2.1756364948212323,-0.4950920441770532,-0.5521522972703717,0.3154050223121995,0.18707262742304842,1.85832548976056,-1.2997080186844112,0.5055533061735769,-0.1573814555825242,-1.2720590839557266,0.9925440423989483,-1.1220451519911803,-0.377664495443134,0.4716329695997925,-0.43161144999691164,0.24294877481839658,-0.44360396265274676,-1.3497558938998717
1.4108931828718163,-0.48213195613182597,0.7833516091912212,0.3115456865505356,-1.7052599283079497,-1.228941936869794,0.4651202086397664,0.3037736011590569,0.030515315033444772,-0.3943839517161856,-0.7381839278364923,1.1625347061633857,-1.3523455709776904,-0.6449311575716182,0.2566967049353908,0.225118928981206,-0.15268443776600865,-0.16203063331391998,-0.10823741287897788,-1.2457539749229671
0.07782903176133693,1.8629524204965238,-1.6322613830280048,0.3802249350506483,0.3979798993735479,0.996778161014809,-0.07267545535289836,-0.5447915476498136,-0.1608691573612844,0.7096033921303593,0.3890670102891463,0.7985283420156878,-0.14753347341382078,-0.5467656835736937,-0.5065905999464304,0.4277719687670215,0.15951120595701113,-1.8344210706449295,-0.7787829038025401,-0.596308125117655
-1.141760201641417,-1.7734276116015382,0.5249510177597837,0.6780085824032497,2.275839029601473,0.6471505597730659,0.056390388368071614,-0.512293556645815,0.3714228738076212,-0.18285774547285716,-0.31623279509573127,0.47839595640538113,-0.28232704837578854,1.696927947148827,1.1052268613641703,-0.3885956152067103,2.1715503252583654,-0.6629960205507328,1.342055327776487,0.5049080931057784
0.7354400212594138,-1.134926311072914,1.305954750860306,1.0596632930647492,1.0261349127244437,-0.1783353291782161,-0.1334619055345939,-0.5576273008618702,1.7813423879445394,-1.6103926490304215,0.7058879005004923,0.40306005276475526,0.4680787881317845,1.4367932375903865,-0.8692496219843647,-0.4038948252645109,0.11749900031012328,-0.12472553219180567,0.12180446736584898,1.4864658981564707
0.2312076203601208,-0.5728658575102092,-1.708544334024951,-0.8656285318670472,-0.055806481115965256,-0.34102687085900996,0.3473626044383293,1.5625139796736476,0.04035852414191284,-0.08068944753460466,-0.37089708341738653,0.05211586636151623,-0.8940713091086205,0.11135403356136042,0.1777419167214379,-0.30485750177469073,1.5802855435760808,0.7739947301403561,0.80399293737857,-0.6553570136695981
-0.2116345474577696,2.071603441926575,0.8436995141207079,-0.5824558773734517,-0.11556070835205993,-0.6581787286579646,-0.2532672475699745,0.5408906935353697,-0.24702050104718806,0.007016557933577683,-0.5727859693842645,-0.09946737507657939,-0.2376958292463678,-0.5816640243617741,-0.6164702795228819,-0.3989836229852515,-2.3518679255931687,0.36154553785304644,-1.9479316031815395,-0.2318631614138719
0.1482972910504084,-1.7360676318565194,-0.3015644863694147,-0.19161369753513868,0.4882049708360206,-1.3315881780951166,-0.702809890463896,-0.4429192057619702,0.36285863692461867,-1.086468020701457,-0.8951820212991043,0.4130825482008935,0.6833344719830485,0.7508782928452455,1.9819200012935065,0.11357906055332137,1.4054025908206533,1.1293116842591437,0.8871640876026031,-0.26340249694043794
0.056425054000627535,-2.827850302059769,0.08265460149468709,0.8982152684780437,-0.5968231769972973,0.5974730158996949,-0.004991591678530002,-0.1048403137231826,-0.1697048279325998,-0.6177768453935899,1.3070101432453718,-0.5756595498077076,-0.37309655504073064,0.06965917743191026,-1.2717157602561129,2.2991256336006822,-0.2724582961420456,-0.37316233403287524,0.05527966504869002,-1.0756967842177043
-0.4176084850860759,-1.1175858781593493,0.962665324661972,0.056956472536246215,1.395380702464687,0.59704433316584,0.468776374727849,-1.2627838141529766,-0.28725079145619925,-1.5196460138839147,0.3013850489528645,0.8167330462640288,-0.5604805351538553,0.5225528581371105,1.5661344383858933,0.32072142036775264,1.8855724309559152,0.7988847423459775,-0.34779809234484443,0.6919218741290099
0.21590833854810804,-0.08629714017430695,1.33084552377657,1.9714402219785803,-0.2499306633579467,0.3167068407605177,0.6798936479345792,-2.212290193751988,1.6710642836900778,1.3454483479300992,0.9293310545894375,2.3857365451657633,0.4570309175041175,0.4405615903563022,-0.503414570754056,-0.9347110709306449,1.095112226599728,-0.8059524192014651,1.0320353656036991,-0.32924118739591335
0.0465714910849933,-0.5597546219875322,-0.9720573075986058,1.3122315260650517,0.6159335494274744,1.5031021460712164,-1.5490812411582124,-1.2210327494438173,1.0939465871335068,-0.38341289767862385,0.9896961037217016,-1.3593679416214315,0.17292991551013362,1.3212786869791724,-0.06785814810605936,2.461030045978448,-0.24175144456501604,0.9018974371666021,0.3671692704180854,0.38182290785995426
0.6401850923517213,-1.3740642155779839,-1.7629385757793956,-1.4976475074617157,0.8922063032296154,0.22791299133304008,1.936532720267514,0.09430394964840948,-0.6050616173171726,-2.7663666325583414,-0.20872557657268717,1.426720178390589,0.68350975146882,-0.2965156403984363,1.7558108943224484,0.1972091080957128,1.1736172588760245,-0.061605473502239716,0.628523507679966,1.0146688868759473
-0.32904387789093476,0.013071306928959749,2.0537594492553146,2.170458779249204,0.4249062727855838,0.3665207709306606,1.2988041663831913,-1.3915972358703965,1.499607559053526,-0.5344864265524419,1.2863318637510084,0.37394808191295004,2.1530392558248375,-0.5440001721156811,-1.4953678562199477,-0.9140345929337219,-0.2619391639417937,-0.7626047862713851,-0.2711710151991738,-0.8295874029908086
-0.5707202075634068,-0.15152775384565267,-0.780837488728682,0.9430538334380488,0.5661057620449873,-0.10321192822130604,0.29228624794600444,-1.7817121335515649,0.21478704438435553,0.3820215258703369,0.4115209735333253,-0.7155214852204052,-0.653390478740488,1.0183586568991727,0.5569209067629589,-0.5225793484644466,-0.16504438456938922,0.4028444893849089,1.2009889770400601,0.6090923806082299
0.6180666731475267,-1.2530999185680327,-0.8979603964313762,-2.7380458296553383,-0.8310516286809629,-0.2058384578687113,1.4118751584981646,2.0122005056428285,-1.704924444681684,-1.8556323025490686,-2.6774008945678616,-0.699180504205905,-0.4486924666409931,-0.95029670694045,3.209306726625856,-0.8368642787541035,0.5050096135335883,1.3622020706957614,1.5165661520377653,1.2067787941487254
0.7386072436440703,-0.014134275725234392,1.0213081371927228,1.0875985566810087,-0.23665392828886692,-1.487499047846292,0.04798664417441903,-1.6167591383738147,0.5962207485617881,-0.8939960112487946,0.2849002956462743,0.3082834628848896,0.47515569298935073,-0.5520792727191616,-1.1105679294150717,-0.511417984349028,-0.030101189215718634,-0.878566170989706,-0.8548897757036191,-0.4061676921488875
2.1160065819607925,1.0789633352255419,0.47881679254402604,0.9863523495564245,-1.0816055924678118,2.047098012783854,-1.1528814847168942,-0.17279132521221527,1.0198300174908024,1.6093306224716384,1.2955629367554886,-0.6563979749594386,-0.5140395657031048,2.530393232097249,-2.2006132237359415,0.643046255832045,-1.9064686028134774,-0.8681384691493538,0.04177329032190694,-1.5449659413494237
0.5396023721171421,-0.11629901295393476,0.32710913071781006,-0.001716015475483301,-0.0914127893428666,0.9484213804983703,-0.32917823150170455,0.4477920812403409,0.5911634597709694,0.8834583389065747,0.12467802202931841,-1.5436596505938096,0.9342990585931151,1.2898348638887744,-0.3943758773193603,1.8283739877195337,-0.4356468204474874,-0.632468740165134,1.2087823410586207,-0.9445590952107453
-1.4894473211563337,-0.006982879837317308,-0.09393981735729867,-0.757508284864106,1.2684176892540573,-0.39000405303308605,-0.5563665042938758,-0.2554440186104716,0.3872185326691974,0.0798754084106427,0.0928346621751727,-0.6451159075160519,-0.878185280883492,-0.7325739467423605,-0.17710897187475969,-2.843977159382481,1.4453188824226717,-0.0035978764454233955,0.033915951186385344,2.2969006811283736
-1.20087530472045,-0.9405189529069804,-1.2831758396731332,2.4678846434334654,1.3700344394198523,0.13193971667203264,1.3675304425133115,-0.6558616637667135,1.741111459500685,-0.09505968378853616,0.7943523773464327,-0.4467943799109367,1.3572555809338518,0.3316266919102413,-2.8587950505319344,0.30799291910318594,-0.22324920382540064,-1.0346167287589156,0.4000506907333869,-1.0961745310354853
-0.3480739463825471,0.39870013949416633,0.971919292545696,2.299798437088779,-0.575847691708266,0.465876832438144,-0.9106331769998255,0.3389658588332729,1.1843189558876108,1.808900222619604,0.20577699384003648,-0.8089714969968846,0.41887968628937716,0.5231588191885604,-2.328630566959001,1.2674258384465467,-1.2763499712419788,-0.34690579404128785,-0.34478634096915034,-1.881354982013292
0.5562193812641901,0.30763196329360315,0.1379680307867574,0.2993454470980226,-1.0447650993417534,0.19643571903110324,-1.0529010560538883,0.3016306738519607,0.4988471183662859,1.4023243069731077,-2.299613144280905,-1.4675975897684757,-0.2558611373774574,1.0738351483546744,0.6224724206032333,0.8406499087274801,0.9727623815660233,1.3330262050236583,1.3094144211207996,-0.49009071967535645
0.0416869898128726,0.9481419111764279,-0.4785948883405149,-0.6063023731223912,-1.1005111899122988,-1.6755102543142353,-0.8804262190303463,0.00829733733274344,-0.6435531592128612,0.5602717618020892,-1.666909260959792,0.6858018480421095,-1.2485647770918682,-1.1899316342851347,1.1107099577289798,-0.2804761283832079,-0.1097251641380791,0.9163297197051936,-0.22655943943845155,1.4458509724458655
-1.9678189029572313,-0.8881537508501154,-0.34692156988017,-1.5593610159369211,1.514631771887232,0.16384337079286618,0.2409768373323207,-0.16934536352626098,-1.7337477817503806,-0.30170204573191806,0.15278730827335985,0.08677607915043113,-2.184266655781084,-0.2300333272027142,2.2168621405296647,1.5505862527597667,0.7278544254878228,1.1313228408351585,-0.2301627466369974,0.2328645935839504
-0.9567477798130577,-0.25875391118134794,0.4413285751992879,-1.0741021065601546,1.2073432791485441,-0.5597035751080753,0.49518799895209936,1.3169629094475028,-0.042615196455751535,-1.2155010845141703,-0.04724882257834498,1.1880426845679257,2.432504697165043,-0.8280804898187307,0.9050687432147811,-2.178790991404903,1.3815311450587258,1.1244724525811043,-0.6961127715144575,0.4382998023576668
-1.2784574213101916,-0.45552711388386063,0.4485040390935545,-1.437546309585243,1.526446763473716,-1.0769311201970728,-0.6046915697578743,1.4559451625559963,-0.15828945390626797,-0.5372563716549158,-1.241361379814214,0.14084855213447575,-0.794795133682068,0.1790168796124759,1.5864751106221004,-1.6669872176257594,1.151110606378631,1.390862578692231,-0.010616224220687724,1.6612200679413955
0.5259224129369565,-0.906959879951763,-0.48129387119681816,-1.7277397432035215,-0.616966481258789,0.41950556412701445,1.6203552171429194,1.1140855759418662,-0.5878269889625612,0.8213690338414248,-1.044341583211772,0.9352954886883926,-1.576397220495526,0.5067038042564995,1.6962310061209371,-1.3022202918764607,0.5270047061103152,-0.9920445832984568,2.438141782638428,0.2455998780378786
-0.6531967041563234,-1.6028361309873367,-0.6769708547260944,0.7310857881601112,-0.049589189471930986,-2.398367524915305,-1.0755894448018632,-2.0406600872949316,2.045424445719731,-0.29490431080442525,1.2120221376618783,0.30946481371148055,0.7591303771549517,-1.0699186301267383,-0.5924976569045698,-0.10753229314026287,-0.27447593225434014,-0.9255988892643189,0.4485481311966293,-0.1541430055760728
-1.4185321836491398,-0.5235038418409441,0.3075983790337129,0.3291446296023635,-0.152460792145148,-1.5707616558308137,0.544945719043056,0.5057937330649307,0.19231235276422703,0.8866676067059739,-0.5516075959371032,1.2663244702059253,-0.5965343262331606,-0.7422742225602345,-0.12462458982268242,-0.7767639128339779,0.8136371687271848,1.0022115776308684,0.1901657799413601,-0.7978144260457901
0.06648549031980146,-0.7621899852184848,-0.8492909526668461,0.6195990984854097,-1.1615414921120621,1.3332959504131419,-1.7852322045279563,0.8106026095321263,-0.8484767341953515,1.4927042979192164,0.7451491799478852,-1.3266019102510005,-0.1356082008778004,1.0431369971090556,-0.34458020464193184,-0.18006039385255773,-0.6031454889535309,1.2529480221310862,-0.05273531218275081,-1.9750384240885108
0.9889770139396645,-0.5507361796846909,2.482948684557954,0.2458255317445423,-0.7668965639680805,-1.8745987590736404,0.3832948685835101,-1.678587335486656,-0.23989925305476806,-2.1764147185434,-0.6953167976501919,0.0003004499173842926,1.6370816278558094,-1.4840948221960255,-0.10376132313672044,-1.4681852980041117,-0.2184935574420869,0.13125467071185018,-1.987881194454057,-0.8504410720235442
0.014927769178941072,-1.6723712140701459,-0.6530887233059064,0.5324686512896957,-0.5925152886810837,-0.2394089601395761,-0.29635544264982566,-0.635667721486016,-0.054669060597670724,0.3123924149352247,-0.22536973012165817,-0.12122107536424898,0.3141063114285401,-0.7692849791444124,-0.6959059444716945,-0.1386559113280538,1.5357905513959937,-0.9427186120552621,0.7894639708683548,-0.34531485210120483
0.9197181900510614,-0.9816808186375509,-1.2462770656861883,0.4025636474777507,-0.8723229300493398,-0.09802359038319508,-0.8840882096246954,-0.37937506220748746,-0.2961325517791973,-0.8059762972139988,-0.5369876143348798,-1.0298824459717841,-0.07425314887774424,1.0247943888193007,0.7756382539806661,-0.5372474822544849,0.46332929278710966,2.4153172364368958,0.49626286358259947,-0.22485885282322923
-0.1969099003386495,-1.3725594370430487,-0.33824797297320497,0.2942590000597908,0.6025417123895431,-0.5464195943634848,0.38775298146321546,0.6580683513650779,0.8280767907130613,-0.48740662386613626,-0.8276320629195357,0.9604440227055405,0.8227004720649196,0.9871294621558674,0.7086834623949562,0.8173872121129871,0.25702037944109646,0.35822175889264624,0.86369773221159,-0.8523788049762703
1.8159847996637721,-0.3862175046453864,0.43187514865255566,-0.9879857287479524,-1.5947032891570292,0.0644911284215374,-0.933568436136544,-0.17189918915670932,-1.4654875091895472,-0.692628987550871,-0.5536142190432165,-0.8033530367026847,-0.850061076596584,0.4100493848202625,1.2223269179635867,0.4262073241963784,-0.6772060065412382,0.8413422191377976,-0.5764274118999716,-0.36138168077092625
1.401468812235635,1.2162742311362578,0.6623197597275505,0.33357752717710965,-2.1105185205025756,1.6909756141740964,-0.5779662366317007,0.9806549536223196,-0.47912715465540434,0.9068239614831698,-0.5997357488258631,-0.5683386957527987,-0.2321129175004839,0.4377887056394042,-0.3172389480292092,1.4190635888473955,-1.467979522528801,1.3897103369992092,-0.4802525319126584,-1.4929470023858784
0.5975726033102691,-0.356478627486117,-0.8572684646252707,-0.176117096741013,-1.3631075464038769,-0.9940060268666019,-1.290847999064334,-0.908381400345956,-0.9227871967010586,-0.21225146733345068,-0.09657519987083901,-1.2399301501313442,0.03359317388794527,0.32246945670174626,0.7610348393297774,-1.4130462832939186,-0.2475551340165726,2.4236215345658922,-0.01006513519320707,-0.20611593992158145
-1.5210766635329889,2.459692430515655,-1.452784329887342,-1.3792805737148641,1.1937502669580176,0.7054235912741879,-0.0018727898910607308,0.42218711825634797,-1.2077612763802772,0.2563059319050651,0.9474590920260445,0.7463537918765876,-0.9945705213441142,-1.8107320601254888,-0.1963773034324951,-0.5745518647723555,-1.080208236826605,-1.0715834825599166,-1.7730303249874833,1.6677809465756874
-0.8039201359056125,-1.0114998507937125,0.12278892646562106,-1.5270007644462837,-0.19655121269844866,0.37272831742619866,-1.0054285576680606,1.7288911959074222,-0.8140069757780518,-0.20742898271446225,-0.6387296387601391,-0.8758620030078544,0.553733886723749,-0.4684000858131633,1.6678848966282176,-0.48767394968439826,0.13241157921633842,1.059550966185864,0.2604931637558477,-0.08581077176145913
0.41517702976152704,-1.1923084550883625,0.4550592125263918,1.0103566825467407,2.12236367656887,-0.1521353129778927,2.1169793365890754,-1.9221249142034311,3.2562526461074897,-1.4162200706462436,1.631911598624899,2.012581229235247,0.9161722894931962,1.9076058496162802,-0.1736504871980233,0.4502007787103098,1.2694680858131175,-1.2749620573181903,2.007347882026786,1.0137865476123717
0.5874759348102746,-0.8268806607407343,0.7515325293185253,-0.4825577512217238,-0.5375923157099103,-2.6107349761191028,-0.8634436033406332,-0.3043584934979052,0.21734004557920453,0.08266469083125076,-3.1967744189965086,0.5450767726664703,0.5978292323348683,1.0080953398941421,1.9284428382320586,0.7375391218847174,1.034453507880114,2.3676958157858854,0.6404277760386635,-1.2905175514955514
0.2576374404188138,-1.4023142602173264,-0.9291230382399849,0.35525277393658433,0.05574401168679669,-0.09637797535746799,-0.2531859447158749,0.17824460865895553,0.3031582435782668,-1.6227582889642846,1.175425240060707,0.8991215358359992,1.5144808081522776,0.25407045168361714,0.32781097610787,-0.9364180861547607,-0.14695228364057764,0.745102246038899,-0.5196990664503051,-0.206615274019702
0.34958194813346055,0.924958779287476,-0.17524884412412783,0.2374059466787665,-0.9018170811452016,1.5635979211753497,-1.223340762286553,-0.6331721599664119,-0.47060828519683295,0.33874696992827213,1.0809218852694011,-1.264262678297725,-0.09791523014828711,0.46405263655778506,-0.04887105640374562,-1.0750394003608086,-1.653062284000485,1.0425373651803922,-0.4931859461984927,0.9328269047035775
-1.187003508804513,0.044754397621880646,0.42169505616222625,-1.5849493467700853,0.18475800460509073,-1.8657385093364671,-0.8153716606810523,1.2508449085984306,-1.865628680346524,-0.17579919055755244,-1.015870715784064,0.639868190927658,-0.8348931169174193,-1.5162304687032193,1.2838409715055774,0.10608702624132124,1.132554846238758,2.0841350957219666,-1.9971892758037215,-0.3457684988899354
0.2646249503008702,-0.31761005349517507,-0.10261005746777932,-0.15040647266639595,-0.3347397991206511,-0.08493924930008119,-0.5797204392705164,0.582563923078645,-0.5303783099619154,0.4027513536923267,-0.4582456880245834,0.8292730351926567,-0.33009605265295594,-0.023881285514153784,1.3500597578554259,-0.09981324499625854,1.6114602404857046,0.0025331238344606937,0.21950397323440513,-0.28139734249922527
-0.44682635998639997,0.47502680087396837,-0.2852211401783862,1.1631712180312699,-0.63132566735632,0.4777326798399525,-1.0864513422059792,-1.695436759443239,0.7805652644023795,1.5835435020150748,0.3728669884563567,-0.5483776412378263,-0.46453424763744117,0.40331429385263046,-0.636586314516753,0.9497139288876195,-1.5534186694364225,-0.2611101543594477,0.43429389646805583,-0.45881575301072275
-0.658681317433764,0.9046989060699036,-1.6363610910371895,-1.2266536816458107,-0.03666425781557178,0.9143335052553799,-0.10334897326503899,0.7536481721010989,-1.4477684208690462,-1.176403275692574,1.1780094389530247,-0.8140098809027929,1.5231688044589105,-1.8479490836502543,-0.6821348632484596,0.12326509894564851,-2.165007871898951,0.8923972358527282,-2.113529513538196,0.47216362378257726
-1.1242382067150334,-0.805897337928608,-1.4362773953085366,-0.37098462337129107,0.3580706166150931,1.3968542128799042,-1.9319624163764273,0.14012401133420366,-0.5893730451626898,1.1976236137350005,1.6746507622724773,0.4194677849064575,-0.5339650636044696,0.2593551813732828,0.7128610592451429,-0.8470332983743526,0.7766218886785453,-0.0568555184392347,0.35114996768043377,1.4334491002347005
0.17571240866149543,1.1598100923701626,-0.4982659843445222,-1.118344866529761,-0.352702308144829,0.329978322842908,0.5499671477653316,1.4645160508092672,-0.19426429777602874,-0.12751273188015988,-0.27792961621868634,-0.04042753588759543,0.3290235624561285,-0.30732919307281537,-0.295200000981811,0.515131100989986,-0.6696767197598771,0.526083664722211,-0.741672188681829,-0.5234889384627079
-1.2296983458797015,0.4881587807208255,0.8355775559445763,0.3677845916091057,0.07971419844845552,-2.292193369322623,-0.38109828025701153,-0.5272703829686595,0.426214601254162,0.34142358907631676,-0.06676335650032311,-0.2262121443205713,1.0658387498478084,-1.6067656524269056,0.39648919797997273,0.38530224934234614,-0.1432502710798691,-0.7009036594215989,-0.0033849333675787545,1.1327982728565922
1.5072035365739573,0.20655026130163748,-0.5685306160281367,-1.5297746917556665,-1.0360170079282645,-0.33300051110567874,-0.7749515499165055,-0.492742116299973,-0.6896190182012436,-1.373086258069301,-1.0379616398470137,-1.2547082572967478,-1.418440901270759,-0.8602550277154041,1.019403712531184,1.4763029373226888,-1.1289404119740238,-0.005598609466633536,-0.26145896655438927,0.3189611239349022
0.5808338514477371,2.1193255901221044,-0.4087602678803084,-0.9351429472509051,-0.6748154539962408,0.7776326582649241,0.5116974679812742,1.4115638149115364,-1.3666887892044681,0.4479325801924157,-0.6287304903360363,0.330827723990542,-0.8510525997163917,0.17739417877450472,2.0215242792161647,0.20021149154661635,-2.1155689726055957,0.15676351292883806,-0.3899257901538576,-1.1912562827247355
0.5733718836722894,-0.603286033842652,-0.2879808255503082,0.2122183090921076,0.2193409565722602,0.23863726379082525,0.4361418352577478,-0.698418910904704,0.6908427583450847,-0.7678423389973149,0.8679978778838441,-1.0505090339153904,-0.520497889821732,1.1148834720531406,-1.1409495611261185,-0.6890560412138935,-0.20248902696050766,0.5204086170464658,0.3287148885199393,0.2981596625268117
0.587189058054525,-0.8994682017062163,-1.026588041999624,-0.6737401039841856,-0.9074556657814019,-0.4491385664535266,-0.4403411813810676,1.4362538403960083,-0.08923263729447002,-0.8756513717806366,-0.11537867628801605,-0.9721946959782201,0.21839283749757762,0.3469841995876615,-0.7642533099769924,-0.5245881602822419,-1.7360740627209736,1.0483516051572108,-0.0989983503109223,0.5154679714931379
-0.7457026737800196,0.008377980289426509,0.30175201429346016,-0.7159204121683507,1.4398055757939805,1.3010936685436398,0.4630613602707004,0.5371394985523311,-0.9974340271162938,-1.040338377596671,0.8927384675449874,1.7396263091423518,0.155183510799828,0.031507762997863294,-0.39737789926912964,-0.06991600272528775,-1.6223609676703181,-0.5928084750538309,-2.4775473197976035,-0.5165774196482678
-0.8534546605574879,0.8905731107901205,-1.6282819713286871,-0.4452005316281646,2.972217634776363,1.4837273250257692,2.6950236991931678,-0.9525390110255091,0.7199131420624015,-1.4759139969251598,2.710097295101201,1.3841661328493027,0.5325854830831104,-1.7591341353907515,-1.4267544386281361,-0.3313151324769948,2.775935816873092,-3.541549314926937,-0.04071823078171152,2.4557514485264536
-0.042965479498845105,0.9080690528730573,-1.6420887272989315,0.625368261999417,0.9838653063710168,0.08205321748561457,0.8700151008964575,-1.0654743399378832,0.704658275065093,0.35941619275018305,-0.4036919495206623,-0.13377704263369267,-0.5641685044372009,0.6733209672050341,-0.25913534011392386,0.7707451550559501,0.1964845928583484,-0.31590913253885045,0.8224059265323753,0.3629844473649825
0.5092946103760488,0.32768990303630247,0.024384186301632714,-0.5128152819910848,-0.8337865592041092,0.20007480417175627,-0.6827714045076806,0.9315192158804775,-0.8265291977428794,0.7747404527903559,-1.634004865498978,0.0032383590457483375,-1.9536380691066888,0.9765667070182398,1.9316107856739217,0.5170477723475652,-0.4254766025420495,1.597479402966465,0.796177833738546,-0.3914146713578559
0.1632156822187808,0.4066587614593195,0.00265777514242782,0.6789733441509485,-0.8492695254203525,-1.323554116344001,0.17168895609508428,0.08927345297156969,-0.37440560409132295,0.5158694247808523,-0.0444481322022068,0.8990183160893747,0.33607832126451326,-0.39922561146078517,-0.31432685274169747,-0.3341396280845458,-0.6885669685497527,0.45558036300889915,-0.484167937436848,-0.6102430692368974
-0.1404746806393105,-0.38342755805383566,0.37657616002421535,-0.6115691060530613,-1.095996195136,1.0256569674696174,-0.8154513790966403,-0.5051360055738142,-0.24094074224444048,2.1422824310812407,0.6077079093213955,-0.581342258851055,-0.2562110049355268,1.0092543629140376,-1.0665738748154852,-0.08844690901545699,-0.7938679035403612,0.33922993529066037,0.614496221748636,-0.5074503683044116
0.37389449410115616,-0.35067429988988713,0.540404585796019,-0.6973319193275469,0.11031242469163213,-0.7871870420508699,0.6492624612438224,0.9130537922877061,-0.8962428907204117,-1.4710903713549703,0.12375691464219166,0.5162837438835649,0.7215482518997902,-0.8445068840036315,1.3433964627022388,-0.13759934480667638,0.6188650682539789,-0.46165336839673554,-0.3778679709492433,0.849845065859211
2.2350293164978683,0.44992419383058546,0.08185853042291424,0.4777138067351088,-0.16755555311352402,-0.5265777789148941,0.5425701005582226,0.5997973353758508,0.7612298491869245,0.0901393390106647,-0.8051538386594681,1.235870938450783,-0.774763027845961,2.0131315666286453,0.37030173946574446,0.6253850744694411,1.2586432129367737,-0.5463221369224215,1.2271798110787435,0.32023458751561534
0.014231838403408668,-1.4480414264298518,-1.025495593756511,-1.5331475309090183,-0.449156784847928,0.5709878198861884,1.9239683524624684,1.4546236359984694,-0.9349043684495888,-1.0881576958540171,-0.45972091855969055,-1.0037207729489745,-0.7461823920040042,0.16935884557160236,1.6187890418621227,-0.3481085998268081,-0.4637538978551182,1.820491085211513,1.7886097040569024,0.10896552685352086
0.24537753092067657,0.09589591621620766,1.9675194400972251,1.9213499396759455,0.15579873062104105,-0.8104264117972388,-0.26021528933144905,-2.985001197895451,-0.18806032967052597,-0.3575316359174972,-0.03039050116128643,-0.26883357199182983,-0.9052792265569052,-0.4761666026422594,-0.7085034869723016,0.9763149047978518,0.1558951052989904,-1.4729537227027936,-0.9723095045564961,0.22352515776179777
-0.294506233867481,1.093647444943437,1.0583783804127178,-0.7582145715312193,0.9113955787473897,0.24389287457765152,0.4181966745066178,-0.037655636422783474,-1.0259483601152601,-1.0271308240439234,0.22379004697751256,0.7319616325365312,0.7273387217712309,-0.47461788660663795,-0.20917045620770888,0.21167319645966193,-0.6296877816722999,-0.5369556636271436,-2.3779846104369033,-0.029946710812399763
-1.1848848467089548,-0.09242443251821196,-0.11382267913728317,0.4492464974138424,0.7387534262705809,-0.2376963827599867,0.08542522014665882,1.4603595575651156,0.8391231087613261,0.612279305425704,0.9469953459121321,-0.030714955951869502,0.6431247020184198,-0.7829636633534942,-0.9394433140743056,-0.07666985708029851,1.1192003734237124,-0.8788535467223041,0.5346729523796045,0.7248089330158933
-0.18021849850903182,-0.4892549654371714,-0.32074599130629206,-0.04255059117557085,-0.5283902719448689,0.698778831293529,1.187320441477588,-0.07437333681859955,-0.012144203515032804,-0.289572257083089,1.019620962646558,0.21439128763924156,1.9958210142791433,-0.35172583515034356,-0.027369161706185963,-0.8086767669183904,-0.0853568256142161,1.4158426318705304,0.1436888509612396,-1.4510336993500357
-0.6906766772887667,-0.8463603157376881,-0.7662062412459535,1.4217363786567376,0.45950894631018996,0.28551922667375135,-0.9422512134481239,0.437464700689206,-0.31033507984392583,0.5540294730301595,-0.3340283925286209,0.9130315167460451,0.44645304004742814,0.38914750158834793,-0.04606196886640846,1.6615665853305224,0.22254777828782343,0.16857352876498566,-0.7194498892531797,-1.9633479781904193
-2.149302962705405,1.6788130421718355,-0.016586297034593044,0.19568486099619298,1.3382214352044919,0.6320334151282758,0.053255917355412796,-1.1003486204315702,-1.8737080671496495,0.20159646065766837,1.464235895890137,0.7747690213699142,0.6259267436933662,-1.4708081351568254,0.06577662592819551,-1.2537081729165016,-1.4636064681679235,-0.18653639013976667,-2.853717579862106,-0.34332075017830094
0.544507470297128,1.3752682742731475,1.6460842366817767,-0.9120764001362618,0.9042107535539681,-0.12848900591402626,-0.05857023818156654,0.10781888302596335,0.6904791176224103,-0.9330649261799524,-1.3397470773615612,0.8424608423220626,-0.5694213372023443,0.39279150997160667,0.8167541035748315,-0.14631934624954024,-0.4683724686551003,-0.6855186291206431,-0.6276015131664918,1.4501602110646792
0.27821848491301227,1.3078760548580735,-0.32957486698189165,0.631988754684398,-0.025419243075863244,1.781496206408718,-0.31555657859451025,0.18110717883233726,-0.06733957776605941,0.6817245539569927,-0.354601648802238,-1.4022200861087397,-1.2208693237476618,0.9812457656030799,0.98391861692088,0.5905041408455866,-1.6654496969004347,-0.13541913075347864,0.63315873430669,-0.9886869801324584
-0.20948379333345168,-0.20430088619108241,-1.0421057532958273,1.3006505394275096,-0.26350783167056935,-0.7990574990487216,-1.804721180129871,0.09941827938462254,0.37916605541224646,-0.17957575874927675,0.011576089503513432,0.4778574673416362,-0.15985407483416494,-0.017621209828044118,-0.47269410981187365,0.40409339678850603,-0.8283407495542546,0.7249661142548238,-0.9053737671555359,-0.5309375716583381
-0.2567316205988874,-0.6850300974579894,0.7347591666631021,1.4015904800622623,1.3089827733736419,0.6778487838556505,1.624795142878426,-0.1815684543144649,-0.12203028047782051,-1.4509422218448165,0.8529732223172517,1.0886423760250639,2.4258832313917087,0.20536143459643094,-0.1793356845404975,1.2747037261548995,0.3149801851988408,0.006543133630937587,-1.313336314010409,-1.1466783543565018
0.9568963467190578,1.6858355371552805,-0.9480864589204645,0.5546767269524947,0.1723522486241465,-1.285313279552263,-0.17729440552636647,0.4167441313794278,1.5471408611662532,-0.3836543901206429,0.44597347389526476,0.25454442945538824,1.8947927168852956,0.8423275327394337,-1.0019314065553269,-1.3334049844635136,-1.1231573771871106,-0.13303035235158311,-0.36135591659597516,0.40363896034902685
-0.3110609251240776,1.3373308184458261,1.8246028908486667,0.7669195221896523,0.5651992468067264,1.0092172423135446,-0.13952089287069466,-0.593437999878591,-0.663325954031895,1.2572038668305745,0.20379354861946136,0.6247036646795493,-0.8541093073842875,0.4411827242420961,0.1357376124635563,0.07664477273982949,-0.3849286661815223,-1.0583167113995278,-0.5650687069512652,0.49194736048897864
1.10181677252553,0.38091264719344675,-1.6347136575014642,0.1910908848850746,0.1404852017605322,1.2136309518344703,1.310162677090928,-0.9374164549450377,-0.17801471641067568,-0.4113406375355631,1.8311486584806522,-0.4047618898054517,0.030260731900537165,0.6015946124597599,-1.115412563623176,-1.7081577774126846,0.8055587225338622,-0.25569432162186145,0.2450109601412492,-0.7733932865261376
0.8416919831996368,-0.04471174737139789,-0.12595565386332316,-0.8857856449560284,-1.367363535598203,1.1680178144909121,1.2895841496950606,0.49083919191611614,-0.8237768090016205,-0.13764103290322321,-0.00473383336103855,-1.270492379713317,-0.00982323343745393,-0.5641918555107788,0.13118769024763852,0.7944725877049227,-0.21498444011938314,0.5995945740173797,0.7550519004148017,-0.14398183395277278
1.430074705814608,0.031937076257435956,-0.9861555754001375,0.14388909201866867,-2.02801996696247,0.23500540769589706,-0.5426069832883026,0.22714503850641063,-0.08471236159646765,1.3161930494414062,0.43010032771525347,-0.16996666773342892,-0.24690771016643756,1.2485871309837653,0.2413378294584149,1.161059301023711,0.1601927919913344,1.6180230035618934,1.2532196802927136,-1.1001877951955745
-0.7519875842420305,-0.3517834189923357,-1.0405328864544936,-0.6334151104863706,0.6029220331733423,-0.943769296819024,0.6418850200076336,-0.8080131961037039,0.4446219640146691,-1.6519049007028774,-0.605400628162213,1.2635878640327523,1.1071918770532767,-1.7539739287265013,1.2819646992403375,0.28061549358391863,-0.3436501664985433,-0.4660101637972348,0.00684372226565778,1.5049534280676884
0.3052650301643902,0.6907626629162645,0.61226391698263,0.05490105719021999,-0.16241374908136263,0.139725055245619,-0.6573319596714345,-1.447748105051503,-0.15905740474467606,0.5379482083249331,0.3304393176193166,0.19980821473564897,-1.2489206070748422,0.31881755515517424,-1.1895797081869337,0.027806567519948974,-1.9111110799422815,-1.73919120548637,-1.152216706735781,-0.829770989038095
0.9965094076405879,0.9245645016044688,-0.6074198472235722,-2.0374293824836447,0.17927706731793275,-0.9272255484201603,0.5946581984684206,1.3961857896806138,-0.3679663821231665,-1.5154920276152097,-0.3703376086716443,-0.3060627992707659,0.2941705092854161,-0.9806435737950667,0.7787556133473211,-0.26294802862443994,0.5712932140421896,-0.7647749321831224,-0.1787680826649799,1.1454730190544216
0.7182476729211319,-0.06054827813535286,-0.3734019678158746,-1.0227287540066767,-0.28393089045571834,0.4453126751073846,1.268032268456498,2.1039918653508503,0.023226182267009177,0.04588598323117514,-1.5304295884828356,-0.9458448347111374,-1.7158686582548894,0.27294990476780445,0.2346977646384306,-0.5238995133623954,1.0239028409706021,-0.2077520869992362,1.8157804087968885,0.32325966645088916
0.2506262229016025,-0.044680894234669824,0.20571696019075747,-0.9082030410185179,-1.104014654401796,0.8462060672260729,0.43966076479328564,0.8306313371526286,-1.0570802155929762,0.24097976448452685,-0.8129082323845673,0.6915414290395567,1.2599031595846075,-0.9696360749001293,0.1522332798727064,1.5844411626058423,-0.5814014852731197,-0.5003593198475131,-0.49603444025963883,-1.3708730675583842
1.4398475077021913,0.18864630638840027,-0.7709407890865697,-0.3754897296511494,-1.3777613394308614,0.6137815952780274,-0.5517932625825418,0.5761865378847052,-1.1815157167881916,0.005595144068348157,-0.6834276784733656,-1.40906193209828,-1.620040418725809,0.09790823139075851,0.9325573027643479,0.6579558489345267,-1.2209964030766074,0.18938306966346208,0.44020746989600756,-0.9087777927446241
-0.2301900375491241,-0.7395369517850354,-0.8486318959356672,0.48067018601447226,0.6018879598801951,0.32058773965048426,1.330569465409655,-0.5923361367032247,-0.4140144642271484,-8.180011162456214e-05,-2.005185434794871,0.6594275549884137,-1.036831722155672,0.8356658008016831,0.7172292832085041,2.1225275687382377,-0.42243520115514044,-0.05197948750785172,1.0752930358025377,-0.7175988982056931
-0.7072889907150616,-1.6907536974951385,0.33547271146859026,-0.008184923841431144,0.8998403915733344,-0.7527224508485807,-0.051323447716515924,0.638485335915471,0.6495242341062231,-0.3460259459610664,0.5495001941164063,0.48546748253540223,0.9233901068087218,0.22575571037536293,0.14676569773843326,-0.7698435864226694,0.41790297856962166,-0.9864089331341486,0.6065022298570105,0.4688073262594697
-0.02349228422206206,-0.18311492239782187,1.7824273603295104,-0.6871130463850111,2.0381481008273483,0.9774177636486011,1.02280786826183,1.371758999019351,0.6581612023198733,-0.6625012660094508,0.3300790443897496,0.5705792772489269,-1.0312321968685338,0.3601592734229344,-0.8045089710615061,-1.1383417150179362,1.662949086957999,-2.0918250713565194,-0.07501181238385124,1.1007930315781131
-1.5228951308001968,0.3218276415375922,0.6798229805395503,0.24106044369897464,0.5133683351069307,-1.3455304202908849,-0.8819729595739243,-0.475036923278438,0.32195939816797037,0.9486688155755126,-1.4224023021281729,1.1081930083589844,0.29802919495796887,-0.8857039629487922,0.8879537941182798,0.9694281996280317,0.8381806995906244,-0.06744649931607898,-0.6010045424175161,-0.5255831182088276
-0.5749310312442166,1.9799350309104347,-1.2664423104788964,0.5817095072986963,0.37177469855046336,0.023677592204935528,-1.2030418290107745,-0.6640738460245492,-0.3317804854740383,1.7228653643381215,0.5327584893713209,-0.3664396037135691,-0.5994977269469539,1.1159684083817645,-0.20276102281140754,0.3727991045003766,-0.7554675296736291,0.550562846065359,-0.43695944262840264,-0.21218212551926058
-1.7048133685735714,0.4604202201747001,-0.2563740762747356,-0.6162879988544206,1.6257856354624378,-0.36040668011821897,0.23324666732717858,-0.5338046828034665,-0.16585622733157207,-0.9141829190924263,1.350680194808016,1.679771938950101,0.33853733458265794,-2.397256782629506,-0.923577799633731,-2.085103296920246,1.1016941505022328,-1.5937988129094702,-1.610754001847127,2.889785483850422
-1.2934292780643042,-1.4693460479280989,1.8456948878159714,0.711024984125394,0.14278454403306337,-2.469380496487619,-1.0288801674005172,-0.5996025748706098,-0.4471167212098439,1.4535708338629256,-1.8667078107199557,0.701909947285241,-0.5972389472023987,0.017827795942125288,0.3767040593702002,1.023568407737901,2.0556847287729823,0.6215566501052905,-0.28429455983324586,-0.9277825178419977
0.3800265425578929,0.398778309810151,-0.9379235330395155,-1.4287926613498965,0.2537425306036025,-0.541763610697573,1.795618708569686,0.9406757522394131,0.8227470160787291,-0.838892910228668,0.7933650719837951,-0.34555683038475626,-0.18580635360443223,-0.5825929995577336,-0.6150452697213786,-0.837018558568288,1.0888924643446871,-0.7501571409440009,1.1705383388411417,2.1078074352280503
-2.5291410380556094,1.4439673441606153,0.06196395979611372,-1.8069499004666612,0.7892694007060911,1.4710697343158987,-0.05994600363517251,0.867668496839013,-2.8282063016441343,0.23205221048776856,1.18456180970435,-0.45460277970186974,0.19243443081102954,-2.7116379004711826,0.13665125833897027,0.766497985438615,-0.9420725730524471,0.05310368807933268,-2.86181884707516,0.12662479485189346
-0.5587211204136503,0.8157181270233045,-1.2520279051895042,0.3999909533112328,0.3035268647454268,-0.49333975930132873,-2.286823689640301,-0.2835019679341168,2.2111703322099405,0.8015970534881915,0.9078326099629683,-1.7021916230461769,-1.7386340601489105,0.13966701513918298,-1.3665791417719864,0.2862930647468589,-0.6584218509132245,-0.7364986511387496,1.0461733763899954,2.4465327530673067
-0.20005873645367644,0.19082457663147806,-0.5646831201664649,1.290252942061392,0.49316465925143305,0.2876432906508221,0.316741041323341,0.003112510557669727,-0.22871801437165404,-0.8939668115896727,0.28219180295835133,-0.20064896543641186,-0.04729052728377686,-0.46912965562248,0.004008218286367401,0.2572045404642792,-0.6844656832294503,-0.479700719878704,-0.9879377094383658,-1.6851249437128029
1.1419772896107867,1.2508556841968976,0.14316320859716059,-0.24335853886897701,-0.6204047427189943,0.5324652510459965,0.6400695063490282,0.9355685636493043,0.03263431729965517,-0.14563983470377725,-0.42529148606659434,-0.003134787028997396,0.3086343708799092,0.34697878329564424,-1.3920486805306043,-1.3946074726339432,-0.7928315794769504,-0.3467624508744272,-0.5362476999562497,-0.010400536340787005
-1.2985272857639922,-0.7424363728105291,0.7399358367749813,0.1545113468796387,0.13308401595111488,-0.3052760259921495,-0.9221750524583193,0.3802836717321175,0.08660184709441876,1.482576078227631,-1.9446782565984273,0.45731309198507114,-0.5098685443549613,-0.5280307772768394,0.9059262943250964,0.27620888986016945,0.8491730979669903,-1.0848045915351705,0.28509784377162184,-1.4156334028190378
-1.2688439752858816,0.7665480958287465,-1.3049575818190906,-0.11377880347575141,1.1976302046958673,-0.4819666369808855,1.6467848519900365,-0.5533432027345603,0.5139120741114894,0.7822116453085628,0.3844989621301566,0.6200462753648279,-1.8472962373012822,0.598818272267205,0.02991266924561674,-0.23299803128930693,-0.11689072477420269,0.05827485695814072,1.0185183467629253,0.6617762567060183
0.3890394989021032,-0.6336677013793978,0.0341466456828018,-0.16006235134771624,0.15560510512837472,0.9044705860995452,1.768676584024072,0.49722434338519017,0.13993640854201478,0.530800404754844,0.13889959868176155,0.9751798048019057,-0.4319650807080588,1.2516623901619508,-0.22344895599721915,0.36139980163618546,0.337130757496277,-0.7221221856428238,1.2541749136564913,-0.2521812195080712
-0.17617179398846447,-1.159395582917798,0.26626581354638434,0.18181016878941178,0.38579533990293097,-1.473514936135871,2.236492850370243,-1.2731633640394189,-0.8964910981516749,-1.333939881061981,-0.3491275807028838,2.1282926788166567,0.8654896916819272,-0.6240457182396955,1.3958767460028423,2.1538966857118007,2.1433649007700875,1.5512629714991504,-0.16130796511464177,-0.5356504476446903
-0.40952679392228836,-1.0776962811000148,1.1423876817978453,-1.0879409853040627,-0.41361173669893886,-1.1386640649423474,-1.612835092838123,0.44613019038163126,0.42216034705808114,-0.3833832228288334,-1.074782327301787,-2.1163106884292673,-0.33443684306654975,-0.8343673992141223,-0.996923881331158,1.4221003363605447,-0.41621522521013715,-0.3144934349866689,-0.5765256823077315,0.18590462597724874
0.27322229602364934,0.3478091910703658,-0.7826846824411792,-0.8326437090553199,-0.04782457998626268,-2.364037650222125,0.7749344975896929,-0.23227557478439176,0.14915061772729224,-1.380752142756885,-0.8233639098402638,-0.8558784340078606,-1.0550372308627318,-0.6981643284820676,0.28055735980077307,-1.6086345551387482,-1.2576582300982686,0.15520176191247756,0.19718578533940814,0.779395127914224
1.129980765039787,1.721182813375946,-0.8578744995972887,-1.103612556331518,-1.2242448834762218,1.1853991555686398,-0.32967091297890705,1.131652716923964,-1.2186432492137056,1.147436371092493,-1.0739617480666594,-1.0734030592573132,-1.6098276501956883,0.19460621834158184,0.18538050564806285,-0.412661501334057,-0.35690244283474504,-0.08657473598909496,0.3365666863737707,0.2572927749231889
1.0452333140005987,0.01067981333345614,0.643250376338056,-0.08607838153464606,-0.45597359229829937,0.30760822920029557,0.502412130331129,1.1459307402275927,0.7865736420346258,-0.10762440107999209,-0.7000010463179862,0.45194288054259785,1.585110574971014,0.9685405635707341,-0.47988496648864687,1.4157927182037071,0.17466403287351093,1.495895259043079,0.0679394871816732,-1.266865657257632
1.6584838854124837,-0.23987371416978726,-1.2146484080989093,0.1693609613229373,-1.6605605078759986,1.0099509489678993,-0.9823892994874317,0.08012296780013431,-0.5180389875669856,1.6656213616438231,-0.14773329452404407,-1.7629409633494417,-1.2756956582659402,2.014479517005427,0.29374508487632284,1.2545055121996165,-0.29763845496214897,0.23682029168440008,1.725693437924868,-1.7081039134427838
-0.657186012326333,0.21246780594248693,-0.7863077074571295,-0.42659129422617315,0.3129999560795991,-0.06049676879777041,1.1759469401205078,0.4084846703099542,0.6218778550745597,-0.6064264786471564,-0.4310841995054448,0.5613476895247187,-0.30005378520952075,-1.6495690514370775,-1.3792593450895703,-2.6868140188520333,0.4606177247831489,-0.3791252098260854,0.10527600569506335,2.333927697040654
-0.5292126154441156,0.1683366348428746,0.2568464585253403,0.11975638875641507,-2.280370392677005,-0.5131559232016422,-1.1988952714776293,0.3945378771952206,-0.6262419777832192,2.4630082469699897,-1.6474247315280182,-1.499316726727317,-0.17138727536759288,-0.6687964701810502,-0.10026241987960198,0.18539639924997187,-1.2971204294252947,0.3076597506922427,0.5829409801869109,-1.7138472015675148
0.8599763172030276,0.20788891102401122,-0.13673894666522515,-0.20790691709558945,-0.4304988166176499,1.5782667093683769,-2.059007284054455,-0.0018753702252441468,-0.7086823752885653,-0.9531981740399073,0.8520473196404682,-2.9638025040777887,0.850558466944624,0.5278168349469813,0.6593830920303605,0.13485891038508319,-1.0552213684463794,0.590956050696409,-0.6332426255303938,-0.5917522727809807
0.7653650818637705,0.2884316587312268,0.08654446523592897,-0.8474703131784221,-0.8948444116097124,0.9396132488012416,-0.1019797286449692,1.467720775710611,-0.5973939454139924,-0.8189710302746064,0.42649831167527946,-0.018605021500352578,0.0229510233202279,-0.9578438065250939,-0.5663808960752288,-0.28636514725620965,-0.4166794922831792,0.3573604770819026,-0.7952776044982679,0.8138422678040603
-0.004546509318725785,-2.071056754545757,0.4448354978839362,-0.5990234430739535,-1.3550189492540399,-1.1422807275160265,-1.101504886936999,0.44576413544789717,0.5376008516079037,1.3092363483975562,-0.9636741857222074,-0.11152996025419759,-1.8230128945043302,0.7107741876920082,0.2922558197690455,0.05375929612040835,2.304822014333015,1.5974381549342844,1.8864464716661833,-0.08274898435542957
1.277123310544125,-0.560590248014383,-1.640902417901981,0.19166934279666495,0.028688312497207977,1.2587957572345227,1.4834756301252607,0.2694119297821318,-0.9089952633356184,-1.5424088796389048,1.244512106910935,0.39065252705457215,0.6369608804408912,0.15699043243227098,0.3664331487083096,-0.40026430520141143,1.0870741571578288,0.7710132940866381,-0.1621428987164409,-0.8153118454255714
-0.16205668945612658,0.8002701243066869,0.4955244808465596,2.2284290014615795,0.39276909860377524,-0.21022127312928945,-0.8317986431694093,-2.1834220611689026,1.2233596046352335,2.007908367289983,0.24655985226002364,-0.30669844005644714,-1.706170828288719,1.964522425377802,-0.2951291906229814,1.3681690825254476,0.1398130975530784,-0.45972908089647735,1.3283642171712966,-0.1787199001307619
1.4398244688417865,0.2608761417844683,1.4238166990416268,-1.835393931288104,-2.7470302745550055,0.6426963570098118,-1.1394313708550894,0.11246613305347497,-2.7915952516380904,0.8649453702690242,0.09810064473201731,-0.3587524913769056,0.8551749751225005,-0.6427459842769943,0.34995267079591935,0.1561917802031414,-1.0718181694661528,0.7423243879711156,-1.2521705042247055,-0.5683772376867289
-0.770790873947557,-0.8329868294532972,0.27927406757084117,0.19934364164921642,0.8125211622223764,-0.9701064969561681,-0.10834165404179597,-2.1545954818355346,0.6504298439203974,-0.6214359051357314,0.5508991123565653,-0.585102254616327,0.36183011672433313,0.5332351666459197,0.6317055878069078,0.5035335388342651,0.5602603866186288,1.4151163993740723,0.2559640956269355,-0.19261094734347198
0.8342544499956367,-0.6487878161162761,1.891587203628357,1.375189807580487,-0.31022444546704536,-0.34195973832948856,1.5643996038150505,0.2975368708029161,-0.04323303071070287,-0.2200946520804582,-1.106438541836884,1.4458037140907491,0.588198953239675,0.8951274506000191,0.8279127491311514,-1.8141389268167991,0.15385516816919503,-0.14817663392260427,0.739378946081691,0.16417489446106243
-0.37924400652759604,2.7265387856721364,0.6218650333933654,0.20332234198158539,0.317088644409492,-0.9635279355867183,-0.31519726764429284,0.8240402844028948,-0.7260800342159334,1.362457486729677,-1.196797137211671,2.8579873861469114,-0.6770552555672079,-0.8538528534567773,0.4459544326353801,-0.07463241327660305,-0.04442652952410072,-1.3446271008471333,-2.0308261309905125,-0.24665435898699592
-1.9166216286839988,-1.8642531735118673,0.8351411979953312,-0.7507687162849256,1.360626636504528,-0.4385209205012602,2.401312942060874,-1.0224403221932994,-0.678399612608962,-1.0285916250889322,1.4871860044389096,2.511961004303076,1.1119385187965964,-1.7499675987461958,0.8842397663027862,-1.050059890067441,1.6675071122433807,-0.2881268060592836,0.0785300380977102,1.6870488979002836
2.5828177502622154,-0.02792364292421675,0.6890985860808186,0.6692151439056918,-2.5862917970700585,0.9123741911282257,-0.0804305625929543,-0.029354672681933622,0.18216789602362699,0.8774192531928282,-0.21141083085714066,-0.49708706526483404,-0.780231278752807,0.3068535939676595,-0.6662525297192363,2.114105754711451,-0.7603659905969662,-1.450481831357685,1.1540342801295143,-0.7664119029191101
-2.483157011828822,0.7574785953120746,1.151115312885197,-0.3580309000958731,1.5967038678600587,-1.1996175883947449,0.5537255594866839,0.05681434624251735,0.5452577957938014,-0.6963457322106574,0.8710117705342914,1.3246231886243685,1.7570285078881638,-2.946132709111556,-2.02962696551572,-1.8392432934462208,0.9438188890209178,-0.6404591133941214,-2.6179829821208416,1.7542636852326867
0.6481724984747993,0.5895218592901307,0.27735719345269316,0.6503895396115883,-0.12934905763209126,-0.2839476417394506,-0.3659739972598883,-0.697244201780088,0.5094705752287384,0.8541055686390238,0.8708188753002483,1.1957413768250083,0.12437217001615876,0.5525657420238144,-1.8783803069519915,0.5903687240439299,0.06876264783246434,-1.0061454858369179,-0.4454169880414851,0.222955899031236
-0.708776116599224,-2.076465687521807,0.7670279708642904,-0.9291063674817742,0.018691101914657636,0.6007164830811801,-1.0708184952083821,0.7523398590444655,-1.73778225952002,-0.4411230496156165,-1.175260316296219,-2.0207380067141427,-2.068074694348115,0.34813743991979856,0.9526256378650622,-0.8861018748606891,0.4059824510938768,2.0096644589811783,-0.010232627613500873,0.926451539836168
0.020077713780879757,1.658610503379579,-0.02761579566688893,0.09389273330898334,0.13877915513551015,1.3310469131409468,0.15884691447995278,0.2955060016614898,0.48462334678657903,1.4936097317522326,0.10848144050358424,-0.39446499968827825,0.35280544295867605,0.050738833458188734,-1.1649011179045021,-1.4131529077191038,-0.5834661235117191,-2.247458070778565,0.45977950842672144,0.26999211953338176
0.8615474538372863,-0.11735442302455489,0.06076963846156511,-0.5435084822332736,-1.22640466196542,-0.4259571093192576,0.6778792673856081,-0.3298463109919255,-0.4086782644950297,-0.5987308487598512,1.3814188716706914,-0.5340735432239295,1.7544438680160381,-0.0963470514586656,-0.4630207723777592,-0.31073964847593966,-2.0149504004632424,0.6533339561784335,-0.15786679618902671,-0.3824053600826942
-0.4343528086117948,-0.39240522814919243,0.4828353401854255,0.009833685266290044,1.164055659890118,1.769557298623915,-0.3920872615224751,-0.9349149496735711,0.9582077814095081,-0.745930504996651,1.7230314166129492,-1.2332022728240155,0.26163490380227933,0.6100562022709144,0.26768218011037004,0.1633178910340857,-0.06387032799180492,0.09565349032620458,0.08210837688692875,-0.49560512362843656
0.6034255243227483,-0.46108355059303624,0.16104571014326266,1.2737298355514373,-0.20830388890204884,1.1026204071903567,0.36503195319050147,0.30502751443476894,-1.0952172886414766,1.1105504077305377,-0.584722236108806,-1.1974052481084108,-0.46340124146601225,1.5895663135103202,-1.431659404228761,1.1424684958013194,0.3217836648621396,-0.8577719563428445,0.09231685108049226,-1.6814664901286844
-0.08918133360231133,-1.2988269681984932,0.7026013282973776,-0.03465469416033453,-0.4831078794949864,0.08541357602530207,-0.3137107115754688,-0.7521866543676548,-0.8661270579053912,-0.13023545537253423,-0.041016983585049384,-0.7642112666763036,0.8765834334242598,-0.5053282226579136,0.8272340862503629,-0.19028459755635593,0.644332960478925,-0.02716736510127847,-0.024317213682135536,-1.1685525086194128
1.6791971774105106,1.9324769636137236,1.056282025521405,0.9477356946674294,-1.4111281370926383,-1.493639231154484,-0.008641760940588777,-1.1590416408050181,0.13993959409090506,0.00632575682145953,-1.6055064029985666,-1.1124336285946135,0.6760411502395232,0.20521976804894293,0.6102356037949925,-0.6863680087760661,-2.2133912678380563,-0.06585178603202729,0.21672275810370717,-0.6640908052171627
-1.3325958543386278,1.223133112849701,-0.9887732816113732,2.9608089866873946,0.4373106332310772,0.867523404115677,-1.7003876086983833,-1.540853589708083,1.6882706900613906,2.714233231035718,1.7056870550352377,-0.5160677042960561,-0.8595300959554042,0.9536806074023644,-2.383922940285564,1.2524450795193083,-1.171459124719996,-0.5987773019366808,-0.3197140572653162,-2.2085147361691018
-1.322249415361045,0.8123737821745297,-0.5068740662120473,-0.2993119586971474,-0.3175613240481905,-0.3679211556644597,-0.735670276537005,-1.4655616801197675,-0.12267871493578386,1.2152182625680203,-1.301193206994583,-0.9653794990194519,-0.6895515273208727,-1.5506826778686018,1.3197250040386943,0.24776588579838427,-1.2608158224670705,-0.4097079094296059,0.9255627408791104,0.060814804938319464
-0.4572651442980397,1.1384752882842588,2.7997172925361333,-0.8562393588683795,0.44031850741330913,1.021231070865491,-2.5533285476927103,-1.093754016752114,-0.21493116609863036,1.1088151655728151,-1.0715852814496256,0.32465355795980094,-1.0145242175011504,0.03810819810472484,1.3221892948069458,0.2762513607637973,0.12942595639756524,-0.642199773768033,-1.1890013797557235,0.7571973835058683
-0.4069834313705017,0.521053396195951,-0.5149760970065262,-0.4836172660323098,-1.130182945685985,0.15312726345186856,0.17638331398555843,1.4995191200294649,-1.527416198365833,1.1170547580124497,-1.5918724163651556,-0.5397386753683814,-1.6502664828688067,-0.566672369650859,0.5027992537136178,1.126624394851717,-1.6556765720636966,0.49657569028810206,-0.29944487998397307,-2.3219251821044082
-0.13999488433967722,0.8072499349704902,0.19568023852730837,0.9536615163820737,0.05282098709384447,-0.08342924945129492,1.377763089777822,-0.33158581508233165,-0.18451802324574876,0.886943885986183,-0.14005233226784705,1.597356416626055,-0.0018488287586721254,0.18543349957252067,0.9340901377442324,0.7973461138373767,0.7409422955273934,-0.18965878169858053,1.070134117494098,0.8525568576080352
-0.584645703230893,1.0876558047287124,0.6069222936672773,0.2149483630418157,-0.18912920790308635,-1.8494242681061166,-1.6256900881214378,-0.37792438681809454,-0.2716971625001403,2.578842530849663,-1.824388692252323,0.2910719925652698,-2.73359232569499,1.1412660876244913,0.7831554618918702,0.4673585063057111,-0.4539076823133934,0.7259566358195207,0.06451128677186686,-0.677026304168285
0.6991909445514444,-1.0617776026743393,-0.9328656432269105,0.9497070170337893,0.006153478359340785,0.5457166325539123,-0.8651194540633974,-0.08222570890431088,0.17573508645814162,-0.5208693759019759,0.5540962883603663,0.9306414040780968,0.2553093605257811,1.0335477982603976,1.1416303515469834,-0.12710579492093257,0.14667386462997029,0.03404936926523438,0.14370839669702273,-1.5452076285757785
-0.2209734501653078,-0.24310838383759406,1.4023683149295145,0.05543042005743508,-0.3326261543519785,-0.7534970821281585,-0.22446828361039856,0.3205762602298593,0.954086099631746,0.40238556862827807,-0.17385065252358517,0.7307055222877799,0.28410849801829113,-0.3413682513209329,0.43979627732280774,0.6047810741671713,-0.05993018921955327,-0.45686996867501695,0.4272865195353584,-0.09067566412427883
2.1501445194608113,-0.44981794411897613,-0.3150346946280686,0.09162403695658464,-1.9998309868462456,-0.11769466837680195,0.2951457779010277,0.2455718751206104,-0.3420357746323772,0.4297977937875456,-2.2855034564424144,-0.9681365097348699,-0.44495563489766404,0.9012144681831596,1.2475088687350306,1.3307209516749325,-0.23414087397449124,0.6929402971616571,1.9816420579625302,-1.3245649240932489
0.1909009557371176,-0.15709478967012924,0.06524484025212025,-1.0823754415189095,0.1404750303364847,0.3227701633548127,0.04377377939282026,0.3558965398970428,-0.2726981550989086,-0.02989742494360825,0.30563646918571374,0.2793663753884744,0.6751071924571806,0.24841103139248352,0.000934873763229772,-0.20121203084094552,0.43273382273980365,0.15579145193894678,-0.028548904100018337,1.024533699734905
0.5299402159123234,-0.6714413796384427,-0.03726450438168862,-0.9791285735558054,-1.151697596663581,-1.089274420019719,0.5300306003883694,0.9775686668387304,-0.7356303105216933,-0.7109949459865961,-0.9196057964927595,0.6341079945771748,-0.30285940802206657,-0.9268109897592032,1.4286947724170027,0.17435280428057065,-0.39936874012203166,0.7826304877426787,0.4682175071005669,-0.1351995167412647
-0.5438817796334352,-0.8843397477570668,0.017157166089459233,-0.37352625095313574,-0.5110579204709382,-0.5661263237481462,1.2638089099695617,1.1062793754531235,-0.34764018132996705,0.25247363807087453,-0.09221180765848094,2.166613244194093,1.6423511350011235,-1.0652686923931498,-0.9197093901075795,-0.7757168334018941,-0.6477570026207671,-0.9714131758292486,-0.3916544978204984,-0.7926476425235881
-1.7336642170841001,1.2479828317354777,-0.42709994625588754,0.7410594701365382,1.5942002383556677,-1.3545868691178367,1.2387225135894773,-0.6625874275322334,0.8053569048966546,0.38216217283937576,0.28092205218463423,0.804046786269514,0.5252254409828944,-1.4479423289122406,-1.425701682126657,-0.6609761739827731,-0.11224812847104886,-2.059539959255012,-0.5404000636913796,0.772863960810605
-0.5589303893258786,0.5503983445647481,-0.4439596643601932,0.33519383259104785,0.21317828866047656,-0.4929752743957302,-0.6993845320273439,1.267162773214908,0.7057663976955734,2.137568279091765,-0.6524093070359432,-0.2242836051691686,-1.7385918282642097,0.24980124364114215,-0.7153872474168109,-1.3492567972952438,0.7622829145993706,-1.2368213496466547,1.2629342355754807,0.8579469215136649
-0.6034043633566956,1.8373424050751777,0.08824255847281592,0.6170434649479414,1.084518861581209,0.6900755299822529,0.16978649283760605,-0.23092222607717167,-0.13800530764829397,0.0980860982167389,2.361425384570168,-0.3925380754968094,1.6766923264468632,-0.5466907419753377,-1.847890588022611,0.4994564740042705,-0.4209019379008318,-0.8544096844646533,-2.2397604395874877,-0.5645045704334399
-0.018443621103406777,-0.26244913839584955,0.6214032835473277,1.0283955708113717,1.7980418226358645,-2.213943861408473,1.2022691489360884,-0.840479331916398,3.0959199909314243,-1.8399283581276813,0.14256796794832008,0.7754624315383649,1.9147445201137245,-0.2943018778560182,-0.5413364202168808,-2.6919568565634027,1.5454002869801893,-1.2064670693891935,0.9572550185970841,1.7606279244721468
1.3380783623129489,-0.5660516910144531,-1.6845470348629035,-2.6388770730572015,-0.8912660666496245,0.7888823119483986,0.0485952864575956,2.2194936621178414,-0.3306515946606819,-0.8447198543716471,0.7719113810854418,-1.194369338712228,0.08307722772552412,-0.31731059251196597,0.21495453060145187,-2.1586957867267254,1.5260972741473326,0.21669553632615426,0.9967614672057834,0.8599021724590431
