X1,X2,X3,X4,X5,X6,X7,X8,X9,X10,X11,X12,X13,X14,X15,X16,X17,X18,X19,X20
-1.657973246416088,0.8184943872825666,-0.9194848637745311,0.5387264709223663,0.727264502567209,-1.3914109975854285,-0.6201790411956416,0.9329976167516805,-0.8213766777821093,-1.3767854262278318,0.542838491910876,-0.8416843222033035,0.854060663321564,1.1372726542798508,0.7870267545039029,-0.5117903172506241,-0.03352645766880296,-0.6419082333377649,-0.7539350335724001,1.1953577831990567
-0.0662131179826147,2.0853365303477007,0.33327495619364106,-0.4041931982549202,0.9461358804886772,-1.0820678892246263,-1.366986257559953,0.2851418901538028,-0.7794709162884704,-1.7197018581159043,-0.1562346635832443,0.4975969233577573,0.5118084388165366,2.2972892152238664,2.513492667438609,-0.5382290366125886,-1.5962290967563986,-0.07086505670686116,-0.7783503486642763,-0.3032440506447205
-2.222418459241931,2.1257878689528686,0.5893713612680728,2.74236391969744,1.8665242351730629,-1.5423835800471153,-1.9319869629282902,1.1363913860564063,1.3595932772371406,-0.5859043309086978,-0.7056354539905281,1.9441066758719985,1.782912925064426,1.0175096630756122,1.4104582407080508,0.7500494014416684,1.4236295027172652,1.291193824072664,-1.6698578059061884,1.7183269566047945
-1.3780389085203768,-2.294320417234413,-1.1346411299942771,0.9024400100481382,0.057127924374206496,0.24257042640848156,0.3474171958804715,-1.377033892967073,0.31684567497157595,0.0025341957386182706,0.42248035444412896,0.28905202291639565,-1.3175039892868687,1.4795685199070812,1.6354635994999625,-1.0628744356568043,1.001203791598736,-2.410937603093233,-1.0835691751648555,-0.7073073657891721
0.5422175548481547,-0.28604345555845057,0.5024025423651318,-0.17955595442347386,0.5798615690891539,0.11504490515876842,0.991298938565653,-1.04164921531386,-1.8343035666443877,-0.45359417247892725,0.01565179827384981,0.9656850377104722,-0.8916985456662903,-0.2412942023718871,0.6642568875182127,0.6881441401966245,1.3000337448372787,-1.1143043313687755,-1.1897803118593961,0.5332199566712106
-1.6002272892568234,-3.558830698260198,-0.452154397613862,0.24021193865999987,-0.2745008495177069,0.5300999662838428,0.5452070464814893,0.5017257855749144,0.03349562888963923,0.7752800672271425,0.34448639304762835,-0.643505018519176,-0.6845337949897242,-0.3274845212140908,-0.9755283530442918,0.25045491193905034,0.43471001664836,-0.9584224138579105,0.7641993037248754,-1.183142400005826
1.2302269472528424,-1.527269144969758,0.5125689531586707,-0.3317171007921141,0.04518194790208533,1.523190645871168,1.944933488467114,-1.74972966432041,-1.4458141207299982,-0.5970771939360875,1.507088764965067,0.14470347758135244,-1.520484168429223,0.3221093343948023,-0.10029919133232847,-1.025262396591253,0.34430929963284396,-1.695838079895027,-1.5165975088734522,0.3375065922915558
3.1635456756057705,1.4069279069184721,0.474749626847361,0.1355195342444054,-0.12039261779798735,2.045083433046241,-0.291162277285091,-1.321019335026526,-0.4240134448605868,-0.12030219993351955,0.47957153271529773,0.9145188569410116,-0.4735032219446046,-1.1820915995023566,-0.3371757645257466,-0.1839676604083345,-0.6973003690048031,1.1331202481787732,-0.4442679909214397,0.9314232782254726
0.2602713805080747,1.0503378595148156,-0.7306936058492054,0.4312857445930414,1.655277200720814,0.6908713250102286,-0.15713978844164,-0.46220070575325173,0.2698657145522537,0.2733042294733427,0.004008426809910887,0.5873560523701109,0.30586831256097746,-0.29029905859469907,0.7567240180407357,-1.3368108645776813,-0.08057999814474398,0.14413637763055334,-1.7241271844240862,1.0794588113109722
-0.36450641459688493,0.6613386776176804,-0.37099057981698597,-1.4186669681960529,-0.8341017161793285,1.2167934346277796,0.9278419862287066,0.6157150194081502,-0.42549263716856245,0.6955896212233682,0.1844274854866275,0.5351324910363355,-0.27848701545254373,0.44259104220956735,0.5849226058754351,0.07439949834980134,0.1588685532591103,0.11747361556149355,0.5377246313491565,-2.5592216122240456
-0.1435949549891348,-0.15506019716981723,-0.00042250282951752726,0.0850940929642356,-0.9221975008935095,0.2709452077344586,-0.7522097049583035,0.33789389217530735,-1.2970994939148257,-0.6939616359712795,1.0017762168596898,-2.6977144990080393,0.8456251074420666,-0.36321127218664007,-0.6630704113620449,1.019460757356797,-0.9308093979541889,-1.3986618045861485,0.2239959483386862,0.6163994413752035
-1.1136660555241633,0.8464830101502954,-0.14194189845097951,0.27401739695703126,0.6890486499958881,-3.04843396881718,-1.8688140418280523,1.7758283976958125,-0.640200627528574,-1.5263887326983836,-2.0330868134651197,0.893035568579991,0.7199678205130985,0.5182007562084362,-0.5356677473105211,2.0939438080471406,-0.17817942535319742,-1.139431520664556,-0.040283335966690724,0.7996607825283959
-0.9342900281754472,-0.8552985510861301,0.7722349625524222,-1.3628351948219017,-0.7636282616593135,-0.8017037029537903,0.03587302027728225,1.616564342233167,0.7163975521880703,1.9927939037643447,-0.7348829865205424,-1.169181296756594,-0.5910752752163916,-0.5723832607019651,-1.1445772154109741,-0.3422792456887546,1.5734279512357252,-0.5028010950676449,0.5275740727783111,-0.0835403782389582
0.10349448607896314,-0.7955693767766489,-0.6527560163615362,0.11762710483146313,-0.8158230896203461,-1.208815313811196,-0.12584334360578742,-0.26661020948529013,0.7606306625945599,0.4101973183715323,1.681437181378778,0.049035752454936236,-1.1074137188579798,0.21345286655333695,1.1792313962666483,-0.061376431790894706,-0.07616200370537136,-0.49895860557036914,-0.6839841409905464,-0.8016431876761451
0.7080621500844382,2.1944285331865534,-0.6127400600918566,0.7095294208351545,1.2976240693323597,-1.123241552392446,0.09440042064208341,-0.8766473790215116,-0.4976238721308195,-0.9882651447280445,-0.6453831218965973,1.7613797918601424,1.2580839278083333,-0.8650005670265489,2.0885778734385605,2.4534573957247456,-0.7673772086356752,1.4501635509192712,-1.480728436325088,-0.06915570826027358
-0.31492122265915534,-0.9377583797144413,0.9594371966406292,-0.6071222696645434,-0.08337482703262462,-1.3745225841696767,0.5490937710223565,-0.5473615924041628,-0.5877519869243937,-0.25413593469093065,-0.0492221414034715,-0.6690754957151962,-1.5241308733250503,0.31194666383191433,0.25681307598793474,0.9188917178774629,-0.19708763821265105,-1.5958389111460625,-0.26538497463854094,-0.3338039804257183
-1.2453368971621226,-0.652824675144668,0.4459917933592547,0.03925642933548527,0.11677724716068272,1.380835049474433,2.302662934787702,0.4881413519373965,-2.2342944957745403,-0.759064344210082,1.0132374751985687,-2.264883866113927,0.006839178991454187,-1.0868011525365275,-2.2275687887230236,-0.6417837891873324,-0.8261916190427295,-0.49729415605649735,0.856375080983853,1.7825552372001168
-0.11761476681754413,0.6353093436235606,1.4088557518626323,-0.022369643568169093,-0.5815847329159626,-0.19407932383599324,0.5412760832595777,1.2400858272253574,-0.6723456913491495,-0.0509110458208839,0.33540515479193905,-1.075245488721734,-0.8196695775581854,-2.1716217136624643,0.7500903657294579,1.4972130814432165,1.2080947236577133,0.09310589666373738,-0.9534766451566797,0.5111336507315918
-0.44943695498970515,-2.059165784012562,-0.6604222278926893,-2.04722430871826,0.33689216445812437,-1.5207051500206121,0.07126284496118372,-1.1157617810152178,0.11079197760690437,1.0839267427656551,-0.5140212728451736,-0.9237682553959766,0.4164710421691221,-0.8090466461042265,-1.0648055162246046,1.6025473950240023,-0.7098515368410313,-0.08765229698291671,-0.6220871339937633,-0.22185847322573382
1.8479771738188924,-0.23199835118356238,0.07254235955425814,-1.0832811934831441,-0.7065896357351864,1.2403305678987437,1.0362914833392416,-0.09726451923252526,-0.6492010376111397,0.764467761493656,-0.08880388730712287,-0.4593518396747921,0.3676075039421285,-1.650453410388002,-1.965593329719057,0.4460493353554947,-0.2353599491244706,0.6531524280054053,1.391639291145145,-1.603947768839676
-1.6862810530182892,1.27284204569324,0.46212623662089847,-0.32721657981441526,-2.842280546642639,-2.8541547566811376,-2.002084748857,4.200961730725269,1.6735202499824386,-0.49793034841146017,-0.6738450845205127,0.9491335589112148,-0.8577916618270706,1.8268629699138534,-0.5698667461164288,0.8777539994787714,0.492437322884083,0.7670530211427923,1.8535149971539362,0.2535394206544577
0.0831896958133086,0.12494392053643787,-0.9511845021309,-0.4799559793770767,0.7021727645604637,-0.3857225596513555,1.301819778676398,-0.7303559157552724,-1.367485773067896,-1.264080527960195,1.5317071700992564,-1.3155477320758098,-2.6908529831262458,0.30538068784656675,0.14046599845235164,-0.751272385077718,-1.3147780246535477,-0.6103490959405257,0.5060224823714657,-0.4612540644266691
1.9694104607997682,-1.5040983794937575,0.955685057897389,0.28689601580489593,-0.1073102988546601,0.769304954081015,-0.05129327214613329,-0.9150967529421076,1.3373092098363182,0.5860268658755291,0.28186673546144375,1.5443050424982112,-0.3522476875416455,0.9069485925084108,0.4306186486698412,-1.0324782866443294,0.28363164212060454,0.09050865235644562,-0.33854067528959797,-2.386514936663662
-1.6609810942125125,-0.7848951574023537,0.6433540642788204,1.9856114488813053,-0.2032097160200716,-0.10797145663274142,0.09995190505979468,1.7579011025791969,1.0911010000129069,-0.2840078643616601,-0.8083651375183373,0.31345851396341495,-0.3263562457865732,0.3373855334143761,-0.8082427194660646,1.656170120828296,2.04085703655724,0.4142543169991455,0.7517542068511117,-0.5528538387895063
0.9117737855520391,1.3297324104766532,1.2660810106599152,-2.178056104235722,-0.7778848704766053,-2.1275780320423694,-1.1429158316185555,0.3728799787744996,0.940012895690246,0.3214163224068026,-0.21675599702548792,1.0356741221439105,-0.2001280251697657,0.38758109405605035,0.08224571316249944,1.3160211708495022,-0.0703003487552001,1.182687029952105,0.34727459558362234,0.0702138954974637
0.41865358357192095,1.5424082772636378,0.7135000598450424,0.28439615455274136,-0.49255265001548265,1.2435111080038237,0.47968885270403006,-0.1716971445177505,1.8758259533228796,1.8629527127270304,1.8390264107503436,-0.7457712966420592,-0.9070330791983563,-0.13804943311806597,0.7061957796758371,-1.4761830156177533,-0.4319801904433043,-0.7550935330860229,-0.5860876782091358,0.07366382684368498
-0.5669230010569841,-1.521404141684806,-0.5390697484840399,-1.8354457019747932,0.07461899273274684,-0.7687422982897973,0.000865578603496744,-1.079029714018998,1.0221303594903663,0.7650328252810029,0.9374144182594838,-0.016084538210197084,-1.7427932954609786,0.9895902688851186,1.7867726058420605,-0.5325941831616409,-0.06737420377684591,-0.2724887422572806,-1.5270335016908385,-0.6281287126008996
-0.07325819828982898,1.2955984271005836,-1.4859334505708015,-1.8927205360125199,0.8133330194041021,-2.2617249157142187,-0.08483188694109081,0.3129532168790451,0.36904413153973675,-0.18872749039078754,-0.4923201963095691,1.2423947998789768,1.0844436249523108,0.22828847298816698,-0.36916295599170257,0.05539637865183978,-1.0620597345657894,0.3713569387972662,-0.29383797092750263,0.9720328767130939
0.33667522157392477,0.08746465026058418,1.7528759457073546,-0.3128377490677211,1.6925233089070968,1.015873543736278,1.9983311687145935,-1.926862817106618,0.6187444857409145,0.4985535669342836,0.7842033442102166,-1.1530686732587752,1.4756171148114772,-0.3979023716880463,0.8604594955111275,0.13879512313926337,-0.7692564961920536,0.6796079892521106,-0.13236228062135463,-1.314866176031444
-0.4070946981518091,-1.111809634997567,-0.1128533219058239,0.2271606856706285,-0.16382700873876696,-0.10125984303515605,-0.3682677122045225,-0.017020767845164646,-1.0305452174342018,-1.6543275124413188,1.0511448019933187,0.23241562856860495,1.242380938698547,2.176463449329709,0.5742618718624587,-1.0070875389861145,-0.4791013578621437,-1.264291903579305,-0.8004065001951238,0.7396969790464399
0.20192141069321545,-1.1359516473572426,-0.5910009073938257,0.920707194742331,-0.4248783855880126,1.5239687667687483,0.7315883804326835,-0.3534477943505759,0.050534528626405,0.3338210668402538,1.4467685027561477,-1.8096070974125382,-0.22726924940058635,0.6040167349088922,-0.22277822616510312,-1.3689983686454945,0.5845838199233069,-1.1317499336287093,-0.627399072692432,0.7746018769838439
-0.3253579465642513,1.1497942920807191,-0.09355375507157329,-0.9314620655878584,-0.8958637612937934,0.4162207724088378,-0.7586184608644436,0.28587778275094106,-0.5931206157900583,0.08330104603831699,0.3081686465217135,0.8879168162270541,0.13696768170591117,1.054525415487715,1.0694420792093229,-0.4982019459213679,1.2606183294126487,0.7476568623120529,-0.22431619849631493,-0.20182885364304265
-0.04163377879030314,1.6067518524427653,-0.044441378631657015,2.1662028597160026,0.4017816970500064,0.48566190912037377,-0.25177850918366673,0.1873595392118997,-0.08134353211893536,-0.6898961436109379,0.6550740837015466,-0.740386006937639,0.9730525485712958,0.3600602123436813,-1.0582703840864118,-0.03263796349678005,0.6194312599250115,-1.534366484697176,-0.5585696341009101,2.377254237728791
0.24388170287489794,0.11883597949445183,1.0375990389950898,0.6854169072607446,-0.7958996275609258,0.9791786748434834,0.19373864835679183,-1.0969122238769002,0.19785100233914488,-0.41279882398625894,0.5179569804250685,-1.384011104085487,0.10305844697150328,-0.7658284986413435,-0.8876245624554271,0.9696786823360033,-1.1024090361583347,0.7544686109922579,2.4977115152826213,0.0898565869929434
-1.0746996871546026,-1.2104951453358614,-0.08300543708531496,1.1103400889143968,-1.1585235634072995,-0.10266242444565067,-1.0158844447613944,0.9776608529937364,1.476942887459596,0.8991887158528614,-0.7344037563803685,0.3940850432056828,-0.2456436710077897,0.45457935481456857,-1.154190462707552,-0.5136457139327076,1.8206325588477348,-0.6660412715015734,1.054765013723417,-0.09291109424143239
-0.8570632455669047,-0.7622645227195305,-0.2845025289561617,0.04137824509855736,-1.006861955721169,0.010361825573371824,-0.26121444290991713,0.9607071218481845,2.1779465655687678,1.2638397838626731,0.31275927998361824,-2.199769183957025,-0.4956740050980813,-0.7503395421505411,-0.7326903754866644,0.4830102567986726,0.3403243404216003,-0.33676200779238696,1.798941701859565,-0.960036816339373
1.4625567781979931,0.7711035238400141,0.2406203519821139,1.8144837937982177,0.1940925446391633,-0.8248316551218788,-0.7804189621301029,0.3274307556387148,1.186240250971901,0.25252453481901227,0.8731075545198999,-0.12026255918822751,0.17825486570021415,-0.858531748783655,0.3261405177597871,2.5975564591822327,-0.9479868921722058,0.276239538400206,-0.611638732126482,-0.5473421695850028
-0.20602866506872566,1.1658704940129851,-0.31698136070724403,-0.09180990061626117,-0.052769777882828654,-0.5634761082844199,-0.651347912595568,0.04884379238277241,-0.6647563776081369,-0.8488846540101818,-0.9016199293509103,0.9831588084369383,-1.2043127522362422,0.9196297033826151,0.792509797213942,-0.4786675339554959,-0.35856385179249806,0.5360242574274268,-1.243214020873954,0.46449382725385086
2.4887709884860754,-1.4023147559005016,2.376929187594359,-1.1055664633366742,-0.8501047749082068,1.6162224731223744,-1.3782025280145038,-1.4007015550036883,0.6629722246322911,0.9351783613144593,0.8963435436135341,0.04551780245188097,1.335105116062097,0.15399140640903977,0.016312723109533644,0.5283031717319948,-0.051568681913618714,-0.05950303147958408,0.9653751392710228,0.538664651160565
0.6854017090689324,-0.15642471754879297,-1.360518607104419,-0.2627752878599992,-0.3629485452024843,-0.40915993859854427,0.7106642335206075,0.6826961728178975,1.1619995996999908,1.1563558077472242,-0.08244156666356406,-0.6093491845142933,0.9694459637606125,-0.896635065902278,-2.226321579426534,1.1805705371183766,-0.011365482959912491,0.7627653226159469,0.8442450723548154,0.9261572771118524
-0.19478662323191523,0.9441058589216392,0.0339933812190731,-0.42595212947709576,0.41294982187238494,0.24935652335733807,1.4096552060784375,0.6133198156957173,1.3736106524326162,1.5947278832927654,0.1730761859147907,-0.396604125719934,0.886654425997527,-0.3173157631440556,-0.5303350705400514,-0.9360317809505861,-0.45609105788429793,-0.4995101175944385,0.907096615234416,0.7536005651642335
1.7013712677312238,0.25041695620743554,-0.45407888588569106,-0.17070652183349405,-0.6508341458186677,-0.41001182797590124,0.19016337803715275,-1.461379610405282,-0.23977062246225603,-0.2804904953026638,0.04362268380216143,-1.0940863679594088,0.23990844572058223,-1.3456288376448304,-0.6519467244443172,-0.16243703992369288,-0.7814518827012386,-0.8577303142869196,0.3966479511385318,0.47283561312801203
0.9966350126989396,-0.39724747146049283,0.6589354624302711,-0.7749536517147874,-0.44425737874962684,-0.8864290376839944,1.0842809993184388,0.07052926752125774,-0.3777286570430166,-0.87327932777403,0.7339202335908152,-0.3427783246523984,1.4220275416150574,0.6735308683858782,-0.9802289371434931,0.4848263557533896,0.1631944266809149,0.32592438838169235,0.804427365604959,-0.3037605280857344
-0.3381428459444682,-0.48708593326927874,2.021239412934367,0.3538947010982189,1.472107343530269,-0.974749208281239,0.12628351114092148,0.33497625093001415,1.8862267462640385,0.5446285907851982,-0.6413783034158977,0.8400891038454951,-0.59229477163532,1.0390517346080244,1.7042841065258238,0.18644034212593577,-1.4142136087172277,-0.35900163421622505,-1.305725500780314,-0.474214839126677
-0.31274984324516086,0.04781323407372854,-0.7516270053090395,-0.9407339653578726,-1.1530857299949426,0.04573504629251143,0.9833608515575964,0.3961745180158632,-1.3568219613066403,-0.5993657829040137,1.0681143519166674,-0.8989212087600031,-0.5990690022129591,1.1839390213747438,0.2918023051016872,-1.7774276221343381,0.42444998076769397,-0.9378814769211494,1.6900461198098036,-0.6848082843573142
1.835814941064249,-0.8601263042418198,2.1481788768028798,1.0167119262103472,1.0523078603502747,-0.20385420211707495,0.06117442876375667,-0.8098326983209164,0.13582552314661647,0.09195273218853851,-1.2250143526892683,-0.035725778332933514,-0.9399909365202344,-0.8311200253078068,1.419334987774643,1.4345582521129627,-0.7555352741959054,-1.536472178709523,-0.9765099738808888,-1.954591254244186
0.3550183258492815,-0.8103251522905153,0.16651389640749026,-0.13317872216907697,-0.505454297807932,-0.21158639145144023,0.1813420058029882,0.8769902225516438,-0.4266579184361551,-1.0534776975445717,0.2682153727984445,-0.6490626744458903,-0.4300611436559093,-0.5086729536108487,-0.7722344613380696,0.4651206039157276,-0.5867815778607601,0.9550547440654065,1.663222498924696,-1.145165319609438
-0.9929113544515832,-0.9617286601545356,-0.8923668556378144,-1.4452868837330504,0.4199248626485976,-0.11499457346787821,-0.02940842388418647,-1.6643503530365122,-1.1646523348797175,-0.015880680999743477,-0.3420568331246181,0.06621626143895164,-1.7061626790597741,0.912084694774766,0.7010036636980851,0.25491576762134993,1.7961788205917542,-1.0578642343725515,0.0281323113625793,0.8641344117974438
0.4629027926563366,-1.2368662496971463,0.6684174886403096,-0.6093384270737017,-0.5921932473836251,1.0209119386565197,-0.7021131820755765,-1.1546329516784801,0.3953976313425544,0.47977818912580666,0.5410466842461995,1.5984118913281569,0.24172726401166406,1.4091290116107607,1.661047478945627,-0.8210811865739983,0.015153500191479305,-0.25018169221694986,-1.2147518736044294,0.5551017361134197
-0.5320957237889653,-0.5698246579680706,-0.7231957781546053,-1.7862127609812926,-0.16867732921809162,0.10515223180988408,0.6150412234618525,-1.068042309658945,-0.40383585827103086,0.5633814933458132,0.6121039553605578,-0.6460266622127199,1.0548017570994037,-0.8569798363240481,1.1734432065697546,0.05064953232688086,-0.14785857736550473,-0.6285941202419216,-0.30823308657053716,-0.19283680988852764
0.02767059465452312,-0.24660603877886206,-0.5501235447320871,-0.938962603003239,-0.15904806500373167,-0.5709666303152436,-0.054262924688522673,-0.7911454121259953,1.9943351929392252,1.591314441068569,1.04558632891573,0.6816722997633136,0.2018227703307044,1.314188964734624,1.7475381992842283,-0.2541514103431323,-0.8528309843987526,0.004503398154077014,-1.4318630245379516,-0.9853429610559546
0.25682616620401816,-0.445554057221229,0.4481948958339724,-0.292841455197289,-1.7251943948424608,-1.0248779776429926,-0.6791847881511013,1.2145147422839022,2.1714638496931697,1.7792000857075563,-0.4451645563964462,-1.3109123687251456,0.11867778775121503,0.03221369283894855,-1.4311712689818363,0.35294271257202686,-0.4596618700052968,-1.9539685374904503,0.6649835863307686,-0.40573847838777516
1.5013493883679818,0.3499530258163879,1.5008733387126187,-0.007721465045388656,-1.014836022362251,0.34148464120202193,-2.954245346658338,0.4930867871503855,0.7409375187697075,0.31824072792405356,-0.104772543859736,1.2031133913877723,-0.7545037635872572,0.5970050821392093,0.9528896748633802,-0.8078525990900979,0.39233479996316645,-0.04463362914188683,-0.09974703272101378,1.0760846274128566
-0.20719983168244024,-0.7766066003893543,-0.7840329581722392,-0.352120751416452,0.3318726987108271,1.1505161646460809,1.2980720913018922,0.10015709810845458,-0.24315880042693852,0.07858712816931714,1.818592076923798,-1.0384122570712306,0.4906587244116762,1.0671976093690418,-0.13473013210531595,-1.5512991476021036,-0.7773558915833043,-1.4862039419354092,1.0807398583672185,-0.24226740283444165
-0.4762909884373767,0.6931471091760937,1.3790334651080607,-0.6674383148820234,0.23365244690862189,-0.6418914914259427,-0.37114864317700597,0.5957623085784787,0.8051850209716084,1.0596275244555287,-0.12286491126822824,0.42447794979786674,0.5910259634133757,0.02159941226812211,0.1933715176599525,0.03723509499969646,-0.5570985374941084,-0.8801180250689907,-0.8225191042448835,0.44173109630934965
-0.9749380795246273,-0.8647561407370158,1.0540758547792966,-0.2351789305314617,-1.1631263975327786,-1.0667327123460095,0.09002538473182002,0.78440918450343,0.41439213875972025,0.29034007838215115,-0.47459267881816264,-1.926674802406965,-2.6753383992380573,0.4250344744105641,-0.4964458868083446,0.3656761561086933,1.0306174494471707,-0.8711891518112755,1.3718247252889297,-0.2942948473912646
-0.653191344348024,-0.6017240890814244,-0.4444452973754677,0.741891358738863,-0.2976863819265206,1.8024265047646761,0.0906412281438465,0.42448193255251776,-1.4367218698505857,-0.40337804352945544,0.28127667732062533,-1.7534354031636885,-0.28558680010652954,-0.9089107329566392,-1.9634747573801843,-0.10174369524720671,-0.37608992817033093,-0.10289964322191811,-0.21658605109415308,0.7110483253423738
-0.413287131707034,-0.4524814736184767,-0.36980762078815016,-0.39529942634997983,-0.3336084863434488,1.0363905386749006,-2.004836512307343,1.18595500159198,-1.2392783818720017,0.004754507196059177,0.2667259742513331,0.01218599218425021,0.6650214613734767,0.878973257298728,1.0913599921553674,-0.32020683247481896,0.6997341150722923,0.1597382839474403,0.2379671043620589,0.785290475797398
1.3779249512563292,-0.4363124599740957,0.15636127493655697,1.2498748085427671,0.7680111181201877,0.8648127143933813,0.45277445923753484,-1.3252709893068635,1.2041489174438735,0.30284079433865585,-0.6731279812808725,1.0985488272079142,-0.7767393993160915,-0.6258272617728088,0.5200991989869845,0.5911617227326,-1.4428586094530302,0.08082588310260039,-1.8423212722006712,-1.2844741724283792
0.8775604620501268,2.2487780505241495,0.22549088936626155,0.5222453293745815,0.398401030861637,-1.682065417754925,-1.1792359603031208,0.30967631185983996,2.048923575974051,2.135104888185065,-1.6468685885033705,0.6507765892253603,-1.4112328218390662,-1.7946528729845659,0.9364022790054085,1.7157728137931334,0.3865276194760576,0.7611183829798042,-1.0509094049062613,1.0757246215855796
-1.1351375788425186,-0.673561717848344,-2.011966659330178,-0.2545861885991171,1.4448143229727644,-1.3098626417033021,1.2084875067972614,0.8747656475443455,0.8396927131490857,1.0609166885027081,-1.7930198691872303,0.11567115652539867,-0.9078340122162977,-0.03576935299903216,-1.5502464364970385,-0.3007763299596291,-0.756730919905967,-0.09201366905516892,0.8039250351458511,0.1452184697536016
-1.2290632977556528,-0.4951300376170342,-1.907519471873764,1.3253107301545421,0.5889111262124719,0.33611249160640716,-0.7880765558399131,0.2983251649808546,-0.8543872611369405,-0.43842973476729047,-1.4263025728750476,-0.1439885935727723,-0.4527108900680968,-0.5693578907201872,0.5621772467399806,-0.1489493848907108,0.22782978899409986,0.9853270878900228,1.0584276301024171,-1.5808641804945422
-0.6806113646327786,-1.438267687297035,0.3552025772206191,0.6581526231157142,-0.23088081457621812,1.4530779173355735,1.4754405231714878,-0.9716024907570774,-1.2702956919740505,-0.11025113352011962,-0.0678510315143176,-1.9955712047703298,0.16873052762906302,-0.0015303916043024257,0.011916929380936704,-0.6964741968476148,2.2588701612029736,-1.860249808041932,0.491680743230649,1.211940000901321
-0.347972356490001,-2.313014615192702,2.1100256291829242,0.6972008589263174,-0.747099091316588,0.34884372862148966,0.9531053607139992,0.5894289899732968,-1.2043826263077715,-1.5139227705750777,-1.3313927254943398,0.44879074992442475,-0.6363569712525748,1.0397684579374735,-0.26553247203549785,0.09535901009682539,-0.46940506437053664,-0.862616810320761,0.7920774625755648,-1.9964830605765043
-0.782510109295495,0.06056340427836805,-1.25820733106401,0.9690915890002014,0.31717365269012393,0.6215502692336413,0.35404769812762366,1.6375708073044035,1.1409799693239118,1.352801211219896,1.399244400801632,-0.4138037532158942,-0.22608383602676638,-0.3427275692883103,-0.2653392174577999,-1.0755475217291741,0.6833363672156214,-0.08552833942005147,-0.11449259805243425,0.03802300927273991
-0.44204516930930765,-1.3455871898740828,1.5887787320006352,-1.0284939303092533,-0.6161050636726092,1.2821481048768597,0.3497357622691625,0.07694016847909887,-1.2905054546761645,-0.7086500483004599,0.31944257396016074,-1.2179459782633069,-1.0008883879135724,1.0986242860098505,1.550585553094067,0.07582629967969617,0.7236551944452353,-0.15330330107046294,0.47682561816286717,-1.5331189431751215
0.933949896647095,-1.6276398057463561,-0.8943209764064246,0.4126758777495041,1.2911206910451443,0.1757336260386197,1.8676435177129218,-1.5372395476723861,-0.052694535275265596,0.7870079866232742,-1.3327559618254505,0.07243270970601191,0.19385381232818674,-1.460374449732172,-0.18078431568024234,0.6205114735127216,-0.9552633855734273,-1.2545324711601595,-0.10722744721397952,-0.8996519717460912
1.0102993335713284,-0.004759441624208802,0.5023030173121337,0.0119171810023687,-0.33853785647404594,0.17515183249258964,-0.3230112011886892,0.29222981162393596,-0.24168489580977484,-0.6981672708416904,-0.509767256439365,-0.3659156584361716,0.7312180234775879,-0.34615542119196097,0.22225638147649804,1.1340014712956528,1.0473550403547458,-1.2253025797340125,1.9490214474625538,-1.568412999561735
0.9838620194793636,-1.124347899760109,1.6655382785282842,-0.16377521365700687,-0.3273835581834255,0.9081880253106592,-1.4531981758152135,-0.4139995605487781,-0.5636312396136692,-0.05271684627583456,-0.17779926388157724,-0.8201765971994781,-0.8743925151884512,-0.3625294372043665,-0.6440847011185358,0.5509470704836411,1.426888013527461,0.33713223830004924,0.9861937279089381,0.6987458643270622
1.09997250635647,1.2864150212823628,-0.6870686835990948,-0.4349433010355136,1.8601174906126978,-2.111314327600973,-1.181632778971272,0.6499354226067667,0.0760233028817725,-0.5988331342310824,-2.8410307078049604,3.527623161210719,2.1234426181297077,-0.318420769382701,-0.6179005100566947,0.19351517097498017,-2.0151269670202714,1.7466692530614876,-1.7965737485340414,0.6252052257407016
1.9907078718382993,0.009683915523324158,-1.1245586340988503,-0.8224862284079077,0.14605396808382176,-1.0110093362177281,0.7192226465127388,-0.9225614328579093,-0.08185024509368768,0.07451930537118553,1.2636331045289002,-0.8785949838909101,0.758461589071588,-0.3442564963696605,-0.16296823130597496,-1.2767645810123756,-1.1737463605548355,-0.8403904585013043,0.2797443089482453,-0.10517269220656303
-0.8965427000178687,0.8360856238773493,1.6564286140842828,-1.426787442670934,2.0532989727757,-2.283249625404774,-1.4456892047848358,0.08286698963601881,-0.3681784025395618,0.2233309516912013,-0.6256078153932848,0.39284368403771647,0.9229071400206265,-0.20685098021410872,0.3153662469465506,0.8877312534903428,1.547989710029872,0.9556777636544591,-0.8872709412594829,1.8599205061446866
0.9009039210364129,0.6535233974130372,1.2856923254757673,-1.0014927814902794,-0.7905360395233274,0.24315605903943288,-0.6323920251356528,0.22742937080678902,-0.17284193275601584,0.6033780046440448,2.08412457044271,-0.4449528764302069,-0.33645730997989187,0.6333190757786407,-0.2974550744393467,0.002587332562904474,0.7124589116699526,0.05055512814993213,0.4359427926683759,0.824994011582399
0.9361439839849797,0.22202568409736548,-0.25850142049301933,1.4688606032860305,-0.307610918983979,-0.70481605696811,0.3675140700244043,0.6241835276019148,-0.11838404660034167,-1.0758232812390842,0.006236282516641024,-0.16511822339903323,0.5594624452408311,-0.2409399213793568,-0.3203596927727676,0.9521312831501391,-0.5698979500974369,0.07936816779876167,0.45773722858428584,-1.6410074586781507
-0.27192258739271835,-1.0647320611402302,-0.4114661680803678,0.7395255149562667,-1.2196364119966554,-0.42679030839100884,-0.684358650523099,0.2156992902714986,0.26353259004267776,0.4092232161942953,0.11811730607805912,0.31467671201052017,-1.3841666425230659,-1.0302190351481153,-0.7649943450019377,-0.11357661507040713,2.2750254028309254,0.9533943275725322,-0.03147998564461769,0.6831368522334226
1.615392213006187,-0.15531459615945928,-0.844843092705396,-0.6008535594353392,-1.0031283686703918,-0.2517386243420556,-1.2892838655234329,0.12876956634854855,-0.3427683632705808,-0.5867289248982941,-0.10613032048733168,1.31481318545106,1.3364617953218652,-0.016637067954322966,-1.4383660474126576,-0.7189692436386749,-0.22163367429165326,2.271467581910478,1.731477935191192,1.0461090368938568
1.689242277055125,1.4600312358873317,0.8938716570673653,0.18879436767373664,0.5536014544852689,1.1065299857124904,-0.1372780693863157,-0.7551796595306145,0.35208046220221445,-0.5859222673211127,-0.8905943926047524,0.6275894004299222,0.4534390246352631,-0.19736441602523536,-0.7415237088723285,0.23404235741068302,-2.6968423944202162,1.0750540616481294,-0.7647655194216991,-0.4967714998245254
1.2437552080878442,0.7263360338122601,0.4763568497802798,-0.12024516235924088,0.2614390694702345,0.017481182832596944,0.1745510291936654,1.2752561458448588,-1.8094288083244956,-0.5713402582441106,-0.7444283426713209,0.5506605095737355,0.4448243699076461,-1.9878030094372052,-1.7532216195445423,0.8096401127205861,-0.0014814824404298665,2.2741355603995097,-0.14803012868106208,-0.35833055627911503
-1.2584603568089587,0.5153786665825818,-0.4007460903046902,0.4705853961645252,0.3897482297168367,-0.2681367856253796,-1.7854657174758723,0.45972683439575324,-1.8268361979113206,-1.8831497347188135,0.04687737442152417,-1.747532186964228,-0.8204900248142981,-0.470202496072319,-0.8255581301256589,1.1018347891211215,-0.10011400184885658,0.6886156094564454,0.3288653515703435,0.5150664046828776
0.1464356251297618,0.7196873096456661,0.39007108978896826,1.1095829179782952,1.7452214462168656,-0.22579609003710957,0.9965365002141059,-0.14362662194744913,0.16749342734772282,-0.6062309934211969,-1.5450378158478892,0.8213292267406035,0.4420006318045332,0.340922163063732,-1.104931375435974,-0.31785783243425464,-0.9982239520102565,-0.026784859128262662,0.16891874872838328,0.22057930074151155
-2.03337157095616,-0.3741318925514497,1.4721083272323452,0.8734877383107402,0.8172483744453486,1.3885339651772548,0.026105994239661503,0.6781831931727945,0.0453264360907883,0.0952231803145527,-1.1741509472604035,0.899650221884149,-0.4203504063638684,0.9997046203613398,0.6613080156557504,-1.2177518164703736,-1.152013115997684,-1.351335052911225,-0.4497626975665234,-0.5933356913523488
0.19240419804010092,0.29140247719147744,0.8057637429484373,1.034692989440177,0.3687176626216087,-0.43453174358462654,-1.1440710624905002,0.8109990694162387,-0.14911225273022272,0.49834292050413476,-0.16329187216378302,-1.6621492143175223,-0.5041683846435427,-1.5923515129468704,-0.07257328286288459,1.7139716254297304,0.2574092347636723,0.7961805356215875,0.14848839112949813,0.9146337195383518
1.1485527246445466,-0.1273055515929102,0.6923146831086376,1.4545084891361915,-0.09751165655685706,1.6929200802816662,-1.010041096165088,1.148691473233253,1.2150326227718729,1.353529222515192,-0.3993704733072124,0.6500153752236749,0.54381321595177,-1.6684773577850853,-2.296872807288632,0.3153448991970652,-0.9700429647115298,1.441564080359866,1.5004290653117172,1.1415474494869347
-0.6196397998226116,0.2003998465932871,0.14370280218260156,0.962978369735377,-2.273146371624441,-0.7594160794355251,2.1793608780113023,1.6294664002685835,-0.8199161067071913,-0.9705648400535055,-2.373848242774547,0.5221473461340387,-2.0077003554256985,-0.7269030061390038,-1.7861676551485919,0.37315567574670944,0.15568605282489154,-0.33331162984540624,1.355725509250818,-0.08737508593971449
0.8387569926070471,0.9958648842876204,-1.2417170499439785,-0.9687436012216171,-0.7162146534364778,-0.5941959424944221,-0.12958473869235146,-1.189901855316088,-0.9133987919710322,-0.31607122452102304,-0.7410953464369565,-0.7172123765841795,-2.1076894653872555,-1.4886742440041214,-0.7974961958859027,1.698177270145567,0.48952026811314364,0.7201798623070517,-0.1253872370978167,-0.5330341457310612
0.3322964461706675,0.05267685095998939,-0.5100556231632944,-0.3035602238171316,-0.35726480900575963,-1.3268721535540458,0.05665863733550613,-0.4502354461586346,-0.11488658352483602,-0.014047659777897042,-0.9571177301147915,-0.8730046824357449,0.14085422709496792,-0.13008746981551628,0.06526592351757954,0.4446465089718596,-0.4317226307027972,-1.2479466278598457,-0.7501046478930933,-1.2596636558211511
-0.9959988005270929,-1.8043608373869866,-1.5073365324560577,-0.652495722703233,-0.5391913914664044,-0.14077137073941945,-0.3730551414925421,1.8913280356484057,0.2108307258481045,0.4786331624112368,0.6179626315081664,-0.5262031511402311,0.3959826855094812,1.9649967141993139,-0.2255188058148672,-2.608469981425368,-0.8941156275838887,-2.0529980120839615,1.5916985363840488,0.6123962233001391
-0.6784785903888666,-0.4044640514329191,-1.0169298993032034,-0.0845408125943432,0.08351984708719433,-0.06781845094472107,0.8410239726574292,-1.0692597602348382,-1.1019666383507636,-0.4096954974069295,1.8772192239981043,-1.4091583108689085,-0.30846162136278615,-0.3339550168020888,0.029289246508726476,0.5880152753356502,2.2257511107665904,-0.2601319970833969,-0.5830187259881625,1.6637859178278658
-0.429617075203769,0.8249543457537283,0.1497377488769649,0.667553508574976,-1.2031034562738472,-0.15543553968943075,0.3789518574514393,0.549054908436557,-3.0436772868947366,-1.3882748712576192,-0.8842950059004119,-1.636263352202996,-1.904890622655656,-2.039755199447112,-1.9250749736633834,1.24023113252224,0.4383261278978342,0.12345480137485049,-0.5054593901831267,1.4336504664531011
-0.8899031852437985,-0.29637906317783685,-1.2659791955600066,1.3305907199263816,2.1841436429566623,-1.052252437898721,2.06625722209453,-0.8597309715367352,-0.6272834147326246,-1.6004508410480982,-0.7599178846959864,0.19472375692717409,0.5952386221385535,0.6020385076925845,-0.9761134516455066,0.3381080119141111,-0.5318269507478885,-0.49863525467810144,-0.05721133424561459,-1.45047907427888
0.6824691234094292,0.11187795727675807,0.2551722827419081,-0.33373794771378146,0.8002297666602415,-0.18831338468092426,1.407910344776019,0.5520295539391222,0.14093883419293649,0.3658995264329437,-0.9186979536380725,1.374038679281327,0.3119047392839734,-1.0232143455858975,0.9588312997771866,-0.04424760475858244,-1.165396870135878,0.9862204320542404,-1.3788610533535741,0.17046109079487418
-0.47291180590198045,-1.6340202591569197,-0.6943469832722217,-1.266387335009228,-1.0425548660331914,-0.014775617574842624,0.22460946561759074,0.6334134966137948,0.04994106606442955,0.5401107067658915,0.2548211534437625,1.137397987792779,-0.08844167391381957,1.728324281671284,0.7139511488539708,-0.9990873917377773,-0.09161871673638665,-0.27771937309287603,0.4465899478564493,-0.03489083540750679
-1.1115471553570597,0.5364988722012471,0.49732605926355594,1.4258303342150378,-0.4618805829279835,0.3478213923958464,1.6175640259132558,-0.04841044200386204,-0.7737094160426944,-1.3556720842689582,-0.3309644765804675,-0.7233578287245722,-0.6582744764467481,-0.01164450952046879,-0.5443486238760791,0.649101551592846,-0.14363604811726843,-0.2325771063752622,-0.11984458933923867,0.765190765332704
-0.4134996814216211,0.5111095717064721,-0.5782289814211438,1.0585052744318981,1.1275580055954608,2.301453842722431,2.877246053924715,-1.8144804849622536,-0.2552212108503331,-0.20752940754835356,-0.22201852711177508,-0.8495564396260135,0.5822651541981793,-0.6426542935077493,0.7060959439585459,-0.760512755534144,-0.1012797218481052,0.6701008796436172,-0.40942297045015213,-0.6042574837778671
0.6485881881933397,0.9967849762790859,0.4765233123354759,1.1344212982257527,-0.6415593158424491,2.8846285534506744,-0.15383099853042875,-0.4488159790752691,0.6381808250560544,-0.5898651883117733,0.010271184061653192,1.6540295584958415,0.6948893553611721,0.6026655025588714,-0.3622209507881309,-2.550761480807039,0.12859466669258746,2.1455425894133344,1.232154836351276,0.9283417173443383
-1.0053272049318491,-0.3400537778457234,-0.4676827525461987,-0.682529790096803,0.8483141679254025,-1.894148856650698,0.42685919103284503,-0.12396240139413132,0.8442515294097792,0.8209971752084252,-0.3226834353160982,0.9478607852413656,-1.2116962673582459,0.24909537105035773,0.6297132300716733,-0.3721943794490244,-0.367908876950204,0.35642330317516163,-1.720768556297251,-0.2132684717198172
0.31623595483695255,-0.5808976848437932,0.4831006688472831,-0.7857827102151895,-0.02357893518651915,-0.9892633238461377,0.8180942467222654,1.3793916589304298,0.8910114847272698,-0.8075464527891704,-0.053177398886365974,2.214449042314965,2.0738116343369977,2.4345290414245415,0.46257979331509796,-0.7400314625460415,-1.7785427218671688,-0.5539191125640864,-0.9971036016779423,-1.8110180650092733
-0.019454659920090746,-0.3229651052692465,0.9202866839292303,-0.8426356437350322,1.1409881781347637,0.08419407056293103,1.4143932447322354,0.389657335088119,-1.4050890694378533,0.06850932122847136,0.5016919325936219,-1.2182095527253094,-0.1418797908164693,-0.6755534792903739,0.8035232691727304,0.5616644319074894,-1.2025738084945614,-2.272201335066027,-0.7301370681506806,-0.25709507517023145
-1.3509035010812052,0.06387135241868386,0.7761865780132255,0.23632613493785104,-2.2756230772254744,1.4464105350150678,-1.499413101899063,1.2057299030036355,-1.3435507832625655,-0.6330969588327204,1.4168201039731099,-2.108253670877267,-2.032282932947006,0.8790817605629281,-0.8624626500374721,-1.234707115672247,0.7571870572245116,-0.6863416749234712,1.2225649951091495,1.260429975678739
0.7069999440024266,0.006383610658489288,-0.13258140275074942,0.7280190167775102,-0.5640625750624135,-0.5814497674512079,-0.30135532623254696,1.1476587933051954,-0.6222323573936991,-1.3302515334673042,1.6890624609299254,0.584603354408002,0.9988625847193449,0.6425296605945032,-0.5808580492464607,-0.6959751436719449,0.39806927792011754,0.7634174829855972,1.7970779591683252,0.1808184260537566
-0.05936912622350473,-0.3650417495367999,0.3222809280913604,0.27143595860340125,-0.6894310392579859,-0.9792529549929705,0.09677372984775365,0.28562988588165783,0.2366313950639823,-0.7594979560692963,-0.9275826423068984,0.06828884602813629,-0.24830249476757055,0.028728726801976613,-1.5265938701094384,0.34077152537190014,-1.0580761982190954,0.6520747175018757,1.8910097120567613,0.011802377732394813
0.46954759124595546,2.9395738212464857,-2.0119285311119817,2.1316037024317493,0.5929304931078685,0.20010365555481055,-1.3211702158279943,-0.9844473295745455,1.1445766686086256,-0.17368572856566603,-1.1265510501492346,0.6007501145925173,1.6459265901903724,-1.4385521875996945,1.7733770948669605,1.0691480641739652,-1.6414048588066423,2.6524979532212956,-0.7317888435804717,-1.1239135350992218
0.18275763184949367,-1.1711621223405113,3.021502013162063,-0.6197450236661403,0.3353683610178095,0.6133884377369895,0.23525678029606065,1.4152296214084445,-0.9748467040407334,-0.5906176587350713,-0.011098973839648415,0.32424958358453326,1.744833834957359,0.6154798613158725,-0.7263765076859461,-0.39782674306570787,0.45349115969723897,-0.7544818343637485,1.7320605105383051,-0.7212062279596194
0.941750340237066,0.5130262955615046,-0.35410577055892817,-0.934789849311688,-0.8361963524713945,0.7037068408202988,0.26945366704187446,-0.815871185849359,-0.7316630074332549,-0.04652965039529758,2.2586386135074803,-0.9555751155561085,-0.5650417622024227,0.1021087669686579,0.5288557944344806,-1.133526987705769,0.5578157680793339,-0.42083218419436147,0.6201108273345863,1.014236232589328
0.16559656320844335,0.7327224624591642,-0.5929271279330784,-0.6378133583885196,0.8270041118087705,-0.9566896247131584,-0.8223907560399749,0.7290446634854626,-0.2519910849375912,0.06657712947507402,-0.0957708158841482,0.31404040277593587,-0.0744032754899371,0.12526004016758047,-0.5458144830727341,-0.22180557937923326,-0.7900001315832575,-0.2790863314223149,1.2394357297556344,0.29726865107747114
-1.7187316178920091,-1.786337279165797,0.3812076228710619,0.6527664080311495,-0.05722813634200789,-0.3466696517132107,-1.5563151128620685,0.9186589354520098,0.3353065025444204,0.6375018966456522,0.04982309327818065,-0.09919888737227814,-1.0194659610811612,1.5722788345620726,1.2530834237257735,-0.671261263646479,1.2958722931990039,-1.5348935456251072,-0.519011832134613,0.13156283935394555
-0.01709431423662699,0.059796867362957924,1.3557927492013917,0.15175579750832408,0.44072032945807954,1.0326394803584398,0.8548643350983649,0.16898125955918575,-0.05385182561721095,-0.015808114189218934,-1.670996962535389,0.2547781285242363,1.123781257800372,0.18933528543976166,0.012524622236580222,0.16391418269571278,-1.3536246774617464,-0.025623545254330703,-1.0075981876011117,-0.1881070801093604
-0.35274538720568865,0.18198584521939182,-0.09648185373963264,0.24119928510540908,-0.24542216219810872,-0.07887056899142354,-1.343469831035764,0.9316418091775641,0.597555081000631,0.6514153887796106,-0.30009235075496205,-0.24576253707247755,0.200605992552359,-1.03375381756842,-0.21605156213989962,0.6747814516509413,-0.32072083874929114,0.924993669602288,0.222033466590295,0.25542795633742077
1.0020180449811467,-0.0664805134955064,-0.5098430287629434,0.5724474795458379,-0.823435621212879,-1.170901808625367,-0.8769709584694394,1.6872312050505223,0.5896997197979004,-0.6873759931253204,-0.2648940873519209,1.1838145265723135,-0.38681759591398984,1.1599308729696332,-1.5611303024748102,-1.0918277964672543,-0.9124048172230423,-0.0737978740617811,2.2329738156739163,0.07985639923478004
-0.2257903302288367,-1.601546398716363,-0.2536685704979638,0.7980565317325092,-1.1189639285241988,0.9077500851079596,0.5846843062703524,0.14334504759141622,-0.22418355836126871,-0.4636050673571668,-0.01045868332101876,-0.2863062480320643,-1.9417240465076895,0.8719674967792581,0.14906644676013403,-0.837153341579619,-0.016936055529982192,-1.068929573759521,0.5577447388481914,-1.959423337889717
0.9857398329658356,0.6995022759386886,-0.47886840770996486,1.1483001909259392,-1.262542133302405,-0.1906955054772518,0.2546244473861441,-1.2886373720570206,0.8846814575136471,0.37131559784260615,1.3430398158650494,-1.6811745699841194,-0.6260290857027717,-0.3896329105235602,-0.5621435384383339,1.514855836176135,0.31105612657920456,-0.7760284556040224,0.31821701347461395,-0.10781663683658553
3.1996873924079323,0.3201588644095148,-0.06166066318783547,-0.9062355136854062,-0.29574911233698165,1.2616009323237363,0.22242813356541413,-0.8604275207319432,0.9088965476650398,1.8501473533022348,1.4407224291926173,0.34008948055056487,1.48701768915332,-0.713126988156384,-0.9441346038999525,-0.7096717048168201,-0.636519344050721,0.668096488415043,0.20424503043185296,-0.31508615987924843
0.36466301920406413,0.015751873752070513,-0.5901760902965524,2.158860406562821,-1.8110854208452696,0.8737592345724651,-1.248744147476725,-0.8480678327991575,0.8660680025697695,-0.20279854097087288,2.0376353457794383,-2.2194534323701545,0.5178540651574978,-1.4362738342316874,0.7507156450933649,2.827862297731579,1.5092774537988263,1.9033914968073131,0.34096525830996116,-1.9246197421744176
-1.0850352598384387,0.9744896888501102,-0.3985455414673217,1.6394072666594908,0.23050082815057912,1.2663103636016664,-1.3619549972221332,0.7299046608650555,-0.9895386041745492,-1.212434925287902,2.669281645413102,0.6626875631154291,-0.008587775072865376,1.6212511809516736,1.6057774561502007,-1.6946340719088557,0.6244245773007543,-0.03778755058068457,-1.1258684541247623,1.3802496833151507
-1.4697817797597021,0.5601726095720831,0.4380305343004415,3.3966688922854305,-0.5258513598085945,1.781083185731087,-0.1849721609213506,0.5563139147599477,1.4981318845995566,-0.548409352510752,1.9400604402895707,-0.14038974343513314,-0.5943034604207651,0.742896270517235,0.4816366569567151,-0.8462629392542573,1.9764956335910782,0.9943735144667186,-0.17872381667215917,0.8967218170551645
-1.2233285413791932,-0.05706013078250234,-1.1250000030425638,-0.5369124584037839,-0.583675765742095,-0.07617690794373735,-0.4180486741622844,0.7945389789796992,0.3259083519605627,0.7996818436772399,0.08717825422776992,-0.7388102123339532,-0.7801339582271384,0.19742302363784775,0.4854552731723498,-0.9319939465241621,-1.30821976709344,-0.4629630407446296,1.0190491212520887,-0.9416552659201715
-0.567342572787497,-0.5216380633477623,-0.9048549535453201,0.2911979147356874,0.8200571410479457,0.037071255280978196,1.8846181842611094,-1.388454226260907,-0.0987268538414239,0.48322597699594005,-1.057677769869454,-0.2770353375874222,0.07573850623633117,-0.814433031477414,-0.6862359650746972,0.6283025371093669,0.5054380576794574,-1.2465214782203158,-0.4429173921527934,0.41258290007028275
-0.2465131333077253,1.167623324451993,0.6182189821179007,1.2416172413885218,0.3839687281456324,0.4908488269031695,0.41225618492464744,-0.0035749930034351144,0.19710606526533955,-0.7962952779567483,-0.09290323654588045,0.4949694442554587,0.43097566803969356,0.6579145690396095,0.12106673328876522,-0.05617587374049144,0.10551095103535914,-0.06102195559303578,1.970425356478217,-1.5749334871390142
0.2508087189983724,-0.33252990532173454,-0.6072686743691494,-1.178205649621979,0.6573953523095384,-0.8160270319022942,0.8219825316226225,-0.2995628012023233,-1.2392275821980894,-1.1809879074445435,-1.4506218042685122,0.9413194887059698,-1.3020646401316893,0.12212462630580907,0.8962263445997491,1.30521152825214,-1.4817579355420714,-0.5024998316245675,-0.06617479777407793,-2.6745322069112993
0.4051766786279786,0.7060228154139317,-0.27724861458154937,0.8283050270810794,1.1890011642108165,0.5976098566494401,0.11635343310283071,-0.4900438354410076,-0.3387278638654721,-0.21485693974415004,-0.27109695512094506,0.8707427148994759,-0.06582610678592164,0.5750757203008476,-0.0992928297665778,0.6127875734681153,-0.9176987497258134,0.4592466882740912,0.47544082486619094,-0.7798445341410787
0.4902426707122414,0.5525987527239176,-1.0868355021279843,0.614696970196985,-0.015320401713488271,1.1266888436558409,-0.7470362374981793,-0.8337430467278005,0.8337534136446314,1.0515777525776808,-0.4542777326828511,-1.171089177538113,-0.3247134676032947,-1.3098747347946407,-0.8190040825332737,-0.5587255770877662,0.6531489785002333,-0.0667347883599072,-0.02640786284554228,0.08623494189030752
0.6857630219998508,0.49347299635961345,2.0439856842601754,0.1723397436866021,0.5881336404273477,0.7956195492176009,-0.40387857459159376,-0.2585151320881857,1.8120249259949663,1.7816761095809885,0.8064051333582904,0.18574835003651124,0.20737068493630503,-0.9816346788329989,-0.22656872566471944,0.12974118112392902,-0.7032238782510465,-0.318732921055767,0.5000383295147228,0.5670822949379534
-1.4778620046417974,0.6217579259692659,-1.235764894496181,-0.32404590538017874,-0.047516617238744785,-1.7251026280240698,1.5007564814072814,1.4341961801534866,0.9455293773836678,0.7032987352409729,-2.1095942873302698,0.17796459851436258,0.18595826997099696,0.15653551747653,-1.7709616246498525,0.6338896842579983,-2.879090218806552,-1.0077365928081623,0.9231335275101599,-0.5198056697412389
0.5905929199170866,-0.049122046846237236,0.2372517229648033,1.333549433015329,0.18604862356367513,0.09228020029667451,-1.4109682107590362,-0.3203976427110895,0.9677271110282238,-0.16131680451832978,0.504593059535114,1.393384973154836,2.5845413779556785,0.5006907683357162,0.5151673826834469,0.30346751607613265,0.35555597233665037,0.5508938479299097,-1.1125955631810949,0.8794828967928597
-1.214034325676505,0.5158188683223098,-0.1982742926249687,-0.32781727071694494,0.7907742268644592,-1.2955670359500988,-0.5150782713982427,-0.01873818557290341,-1.5746241054429762,-1.1011262445629846,-0.1195207046513592,0.2343270696655357,0.9749622432096235,-0.3757496521059456,0.02534994247427135,0.5347969959055917,-1.1440641072736832,0.33414312972245885,-2.1498301942890614,0.5400374301479411
0.6580434266320807,0.7339410998189754,0.866955878781382,0.15189584090625696,-0.7016418101489984,0.059967705474024836,0.7925683428730961,0.6288674777019407,0.8399901396503721,0.08653029173087518,-0.17278218893196562,0.676083327565547,-0.44216782503047186,1.1401731473582974,-0.37933661314980766,-0.6512921249212911,-0.33496074799652464,0.021656952924187622,0.6848261847621807,-0.8707452939286207
0.5085077413099262,0.8068673281403144,1.088588382025381,-1.243540341713935,0.8305017663467616,-0.48592749789237294,0.24826020279501684,-1.1712198909183242,1.2351155256472275,1.1914617267585013,0.7813833980564552,-0.18485597986162117,1.3017909039850013,0.3948351182161907,0.2633469096899441,1.1549109637422925,0.2595401755148061,-0.24386021464095875,0.01403202141033756,-1.2910305343009163
2.2233109815823306,-1.0700502023377563,-0.8276156027423778,0.33788671869563364,0.09793334780852889,-1.0160091940192526,-0.15378634750909878,-1.6108800273393242,0.2247200881337086,0.11769349589751303,-0.8017234069446627,0.8955006039980968,0.035152078101664444,-2.0065081870515824,-0.6838734669845978,2.1463052908900018,0.4362436331102817,1.5324166613490267,-0.4225018542942326,0.47561337126060405
-0.15307284261838874,-1.0684160991268736,-0.11800035751516406,-0.7347601737736039,0.0748424141935582,0.3725588897906973,1.5127319415276566,-0.5756875235746948,0.6492483239427173,2.025804708264243,-0.8546751396904337,-0.8350951387635358,-1.209399965487394,-2.014433919686939,-0.7748894400593759,1.2036041406499953,0.09342047448143756,-0.38178590804357715,0.9133708065031445,-1.6581621628506351
0.8156547843492337,-0.043121669214908856,-1.0590522174609929,0.4973950525901537,1.2190115183618109,-0.07034052433066554,0.47761996860603273,-1.031533993894572,-0.21286752840325862,0.30271566132473676,-0.2637681833032858,-0.5914956992373026,1.5828981051146587,-1.4627900952062711,0.25546324220989025,0.9249746644337781,-0.14608019660896357,0.06657442494485928,-0.10947225350045328,-0.4059460780618208
-0.3298347772066159,-1.1497060915422692,0.21777455127960368,-1.440666122905901,0.6156149739855515,0.05544756274444234,1.3397810039711242,-0.5454447958865691,2.0470520782544974,3.2640429757611904,0.6473846652205932,0.3294625498068938,-1.780949234365116,-0.18003971149237352,0.42490825118071635,-0.7417994678558568,-0.04715570864679589,-2.368313256404789,-1.9242784592245754,-1.41752749048502
-0.35693997492396273,0.3473361740545572,-1.7355524827685092,-0.16442026008945806,-1.6891574847555528,-0.1412167945332846,-0.32330067624659053,-0.3959561498519563,-0.4271633238083539,-0.23033262162116552,0.9234087094865445,-1.7988840449991985,-1.3510200527859695,0.05307424079126944,-0.6403905820875792,-0.7679825440346191,0.6350941101897454,-0.06983837072708404,0.021860726130894195,0.18016992502454574
-1.0219436694796844,0.09651899769973554,-0.67161233311139,0.29118329125212555,1.0065999946463091,-0.17859790783680699,-0.5553949979581546,0.16384260247862173,-1.2755880902567494,-1.018643316189813,-0.895861393964235,0.681311253893528,0.6072604954953109,-0.21069118077105864,-0.31409831860709286,-0.33387226279832055,1.0422986983350586,1.1112800707179429,-0.7275893375731051,2.0924797760522247
-1.8858510671452542,0.6374146098940923,0.8844939461243664,0.795518745706221,0.4392194557077421,0.24510511419161765,0.0601752143814767,1.5037565552688967,0.42793545392562354,1.655823069066207,-1.172114844767167,-0.9293025676712606,-0.36467195247112855,-1.1395637162264687,-1.0687338460825597,0.4337114755152972,-0.10585666594419639,0.4521619668075791,0.0351257313574058,2.1369715487995573
1.3404811290804546,0.43390079337675597,0.636182803650871,-0.48924620297754584,-0.542724553030448,2.370222872023681,0.5061108182924619,-0.6261756550811829,0.44674873874852034,1.7064273651383155,-0.5672741362895467,-0.5363505845835226,0.773251945406989,-1.3530182266039061,-0.34934053733872034,0.43448141497281473,1.3733399672378583,0.04744969971080375,-0.0929412233882935,-0.301764492264096
-1.0527162017928962,0.30697191996009154,-1.679523318938163,0.301884626011273,-0.607047364147142,0.04078909130198511,-1.5980964966710882,0.8352621790012289,-0.9260875443426952,-1.4363552538792121,0.19815042868459623,-0.3585323451604287,1.0715693778896562,0.6798355112775634,-1.4916043516944693,-1.7514573831298326,0.7009791731541496,0.6935567640173687,0.8523030834861285,1.784646110294629
-0.09756506565402433,-0.3259201887991197,1.0395466479601978,-1.3249991708009827,-0.25345555888676197,0.05558045012586693,-0.4304886400556786,-0.8598802301645678,-1.9860773295483272,-0.8108298274276657,0.7294634160161071,-0.3562901929537963,-1.3063274146404078,-0.4256306823993326,1.385362562520708,0.8225861947131163,0.6028660160936472,0.5978297945016334,-1.2503914224988646,0.8569064609465099
-0.23887808065148441,-0.23256872667388212,-1.4107111561236902,0.29011398512070613,1.7686152757564437,-0.6026468424137923,0.9940306176615783,-1.317144441308471,-0.07079397792587423,-0.11179462193815516,0.9541882128532263,-0.04478370653907905,-0.3185895964033683,-0.2547355060484479,0.1331191682903164,0.13964841592260518,-1.0701239851084343,-0.1623983124074304,-1.2264553198431019,0.2690793299684179
0.6621299861812683,-0.07660609648755688,-2.54705867653485,-0.2834267973119106,-2.3853739062823163,0.45034154946755006,0.01548313517828667,0.6014725984906559,-0.8124309917176351,-0.5584731629073438,0.8985590772493355,0.6234040476211868,-1.3684803367935892,-0.6305472011559247,-1.3531464922917285,-0.43801589367061666,0.3702785490531571,0.9874518455221099,1.2370030279828625,-0.4413115834459679
-0.3947344682468354,1.2012780726206038,-1.3882454592997773,-0.24531716046388788,0.989385171400537,-0.8701894035332249,-0.251103173595318,-1.359840153498676,-0.3047033379984663,-0.7859711701287246,-0.08929618902377695,1.82693394775189,-1.1675122220666005,0.5490829829536761,1.361624863920988,-0.27049994417006035,-0.10785926362456544,0.3202636118395289,-2.2258569024118633,1.2626959011719228
-1.2168972821713842,0.12214862945440472,2.0419977407326293,0.8654156154755512,1.6560122031137539,0.4769896340195417,0.31144723273389824,-1.082014516465333,0.9789596566184172,1.1266276382366414,-1.1216723207947954,-0.49575527671136865,-0.6132364946175729,0.6210618018657703,1.2483761117670515,-0.39545070068463833,-0.6179698300458218,-1.2440523898781213,-0.23771803228333996,1.2056271447034121
0.07744845007947225,0.5901924374369623,-0.37323850574507356,-1.4320215786264718,-1.8391525976996832,-1.5368918349062772,-0.10342468674629249,0.515146031942754,2.2038309069248467,0.8836193190855707,0.5254336306901414,0.920385585624614,0.2743079119127564,1.302825826676705,-0.37830335164810747,0.19113246983288532,1.5899603853777924,0.4231162628541732,0.9231155865236439,-1.1539519775137632
-0.25977421585514726,-0.7016730424121725,1.1339124305819206,-0.8607599700297883,1.531650139121345,0.9255478859583011,0.2760729503189116,-1.234495578784972,-1.1164101930386783,-0.5871625193517475,-0.002221938571801054,0.5205033135698198,2.2898376847742705,0.8168528515892998,1.513439865801064,-0.27166511220606726,0.46933188160441525,-0.2625318655115595,-0.8803310647445295,-1.2268016978252017
0.18994733634381292,-1.8820902203853231,-1.716858432810864,-1.2609125347256398,-0.012901564719244831,1.1028592364562937,0.2949893851442138,-0.4962141890422219,-0.4332687282697762,2.148793645146983,0.6551700985547558,-0.5798774237695765,-1.2058401309413793,-0.6446675416674429,-0.3721164416024061,-1.7937232505051486,1.437392481916693,-0.7224156723261866,0.2701258359665555,0.6653980203432625
0.4819620442477641,-0.008823825576866024,-0.3307409929402337,-0.7520530887215731,-0.8188195559057244,-0.22708826494680634,0.3171435962970781,0.16888370499442357,-0.48365400644721296,0.14986775286246626,-0.30650708103992164,-0.33574298050699186,-0.13931769007060213,-0.8962012908055103,-1.1845163691575498,1.141945919446334,0.3903002872422452,1.17013487283077,0.7273961594435396,1.9079376579964624
0.20949028987681234,-1.1982296352724817,1.459754550863282,0.14369429546853038,1.2767126961688844,-0.48364694713424555,0.4920306430258046,-0.6454727562400397,-0.4275924465946901,-1.7414855108544163,3.032976066239916,-1.176333253206026,1.4359453527338433,1.925973188251909,1.7628933073332858,-0.8270228866915104,0.5160417537003942,-0.6846368100250229,-1.4934216807938572,-0.49810452844837483
0.8878858843843871,-1.1779040162632821,0.39366303734877156,-0.6905926392376583,1.0061124243990263,-0.04660961607647092,-1.2057605357434957,0.5846385721484488,-1.1180873046855566,-0.8640830955317654,-0.8420958809174898,0.7697337573611617,1.9152562584255945,0.39450121926494325,-0.3082940297409767,0.11488128689752364,-1.9896617156825223,0.8401262062871794,0.1779881001498573,0.2710413032772054
-1.8156461597805342,-1.0255717526896417,-0.3760885908879645,-1.0238522477992724,-0.9343987605903489,1.4069650000415883,0.556941580148077,0.470541498783452,0.17544332883384844,1.744401651101332,-0.8919670080799396,-0.39700490184101245,-1.329806476055251,-0.18647479436351366,-0.4340733939574309,-0.3146814140210413,1.749079776625455,-0.8092294267823961,-0.7795461425809233,1.6591126325828682
0.3777283430520944,-0.005512506405289163,1.0579121178527742,0.8534625866973177,0.5686797905469123,-0.2739457065722934,-0.8391493975306814,0.18565109799266266,-0.3563452904402187,-0.7311087864386877,-1.4538847078640855,1.6114303535449301,0.060749499862867304,0.25048733135491275,0.22871122232529018,0.6754522404460461,0.18913685408512493,-0.3509684259686803,-0.779734328712586,1.2353068701249672
0.5690644014465494,-0.38434507174566745,-0.49049278408488556,-0.9077757968024032,0.07775808581704544,-1.9619332811544377,-1.5674789586910884,0.8679892394550449,1.2136626385030793,0.14503906071149578,0.6282933451048993,0.16397967717951026,0.491986745638556,-0.19100442026740397,-0.2865690531107421,-0.11410141624733369,-0.18501602020764893,1.3545705136253836,1.1036869824873838,0.10455078956380598
1.5774111539272342,1.59760716276978,1.715508831154703,-0.4370593620515492,0.05316750061996703,-0.2547841229090841,0.2253124820720737,-0.2629977570927996,-0.1985908384394106,0.5342965737002384,-0.9148341005221091,-0.6873657516276768,0.7551641092466711,-2.2523376618108077,-1.6525972649671437,1.4940726286103911,-0.5598461755385287,1.2077005095400677,0.12844851768148974,1.5860341686389487
-0.8880946726292693,0.15073251707160232,0.5985817062748884,-0.2287058773782913,0.6297649463168215,0.1665402773364905,-0.5697422772662578,0.4705378597033666,-0.08428514089934241,-0.16909973139352272,0.6409829028147317,1.776627266412816,0.0753534019250521,0.6778810266349922,-0.6455340507924724,-1.0811883801139501,-0.07305259937601853,1.6554347303202306,0.5748022286362586,1.7477801429293307
-0.45714226132499997,3.283922835303188,-1.1050757217894462,0.9460817401459594,0.2422496570398364,-0.42611190795850235,0.5995043188487568,-0.30126837630052883,-0.6221206878598671,-1.56676533813376,-0.5445095672783706,-1.128029385906259,0.3626934878577655,-0.8943587590298309,0.15619391710727454,0.9334411790515325,-0.06070669685715833,0.7267717829127451,-0.04267230908071647,-0.7031382116793898
0.6024656025977453,0.013791070142517736,0.6333212912406878,0.00229890117552603,0.03164537383033617,0.16486482005924447,0.7654859939989359,-1.1186048641605604,0.746600961923375,0.6275555870907776,1.4931044819427206,-0.05437065200255992,-0.6312270057716045,0.9003994184019501,0.7237821746201902,-1.1787948579872445,-0.3429496771874155,0.27361596542086974,0.1306000859641799,-0.769932012012964
0.09241758186737906,0.10716740336007677,1.2272408887369224,-1.8455997779881783,0.1381338880212298,0.7661758309361554,0.6788704454075277,-1.0504223062119702,0.23741531407328076,0.11539658069039892,1.1613739250537456,1.1334622797456109,0.25441662718547725,1.2918711727793037,0.15197772864326806,0.25449699760116024,-0.23412818466509136,-0.28683283341242183,-1.4630685760752902,-0.5007645100836341
1.21193136897011,-0.17835465880126417,0.43003763487598184,-0.42846942309101343,-0.2835483742731628,0.41996297998857235,0.12027434550393959,-1.3669024386238389,-0.018906747706210505,0.3034308749877991,-0.25494055790025316,0.797990911427096,-0.03144953666702865,0.6848582955930516,0.7122518745288403,-1.705556057255885,1.285089583107202,-2.537241230754813,-1.672617313718587,0.14756863068553872
-0.6225314091095864,0.09553811690395746,1.7510545620095137,0.1585005788151742,-0.8573497264917078,1.7225937658814205,0.1889753002577884,0.8299273817872134,0.5700157376857754,1.6315382357531931,0.23468158477698045,-0.5147622463148296,-0.8105788730243652,0.33491160637937517,1.7648194798667318,-0.9636458561742066,0.8564936658793841,-0.6114967079968292,-1.087574704002312,-1.1101158519251055
0.231787691007866,0.5042449233223805,-1.1151233195615489,1.0665372529097576,-1.5269204955748732,0.13729203734552156,-1.009505391010715,1.6724758624144251,-1.1142239106014622,-1.7240457673964638,1.3014211262649562,0.2545788435911901,0.19606342566225887,1.500658697303608,-0.681436968605091,-1.656732970429961,0.39038153439115125,-0.8580055946698764,0.2635763017387436,1.3624398296486833
0.21828430719436145,-0.03258278839667783,0.18368656628215185,-1.9205521591629615,0.6748082828767726,0.7826461374381829,1.1522537102548551,-1.1183465278465559,-2.2131224458377803,-0.7876586663387156,-0.24934489930212794,-0.6068346621964328,-0.5215373805579201,-1.2571197859339478,1.1375977022289585,-1.1220853335367496,0.8317766167373983,0.6238132449694319,-0.06554709381168296,-1.329302330549022
-0.2458441111730084,0.06839265086753933,1.968814329945918,0.03541484955809587,-0.8619714020302268,-0.4720213830636284,-0.4400254952378317,-0.09596026674382875,0.7480450646885315,0.8534732829822052,-0.967992662868866,-0.6956236007594159,-1.6904154410226357,-1.313919550190184,-0.7982419376778226,2.507292071263204,1.372899339438479,0.48709536186754476,0.7164290205539231,-0.6510210932289249
0.6222016491706748,0.558413464369006,-0.915796291572911,-0.8488341463907475,-2.087909857669382,0.012504056489193555,-1.726855798173292,0.36057642493877917,0.5720061523573711,1.5566590627052646,-0.5229325383677897,0.37136992116884204,-0.44433807502720823,-1.4769149591838115,-1.8818689055758595,0.2299080768933315,2.5254981136766625,0.27227190082225944,-1.0439435089027047,0.1407059184755817
-0.8031574199030729,0.24022422545681316,0.4339363557748792,0.7865666864888518,-0.11316420707640273,1.644636366788078,0.32137539845102464,-0.7688226154847372,0.8102146537208141,0.9254073375053531,-1.5807126664589037,-0.4575545242704512,0.6230178569000148,-1.5507953989991479,-0.16633843527170167,0.7560460551276124,2.036388620892445,1.6377559212641277,0.15302690589758994,-0.8462825426614511
0.7753548350941286,1.0836084880645172,0.09845214213586201,-0.32140648429856067,0.06306562837002917,0.6688959681334872,-0.45960077571214697,-1.141403947744393,-0.09473780825775058,-1.0672032880507476,0.4042978785505204,0.7088982443872207,1.4354787340794373,0.6227268573992578,0.7439168355270708,-0.9949026427440473,0.34601586459134565,0.3464024616813818,-0.9657301924012246,0.7432228529091671
0.20997467540175166,-1.8513997837166274,-0.055516897952617696,1.018166865627323,-1.5481409808561217,0.6488335513376821,-0.03264816920761681,1.0946559427315157,-1.8824743755882611,-2.107892353594466,2.3447218703023953,-1.3329810328470408,-0.3742499117705493,0.703900430503158,-0.24227422678868382,0.268794462161858,0.11668912876849741,-0.08636126900560051,1.2131427269268458,0.38598998786633093
-3.6765925849702548,0.054735645766055684,0.44156018910809824,2.168135183671669,2.440847160906372,-0.3353187340564382,0.5117917119915674,0.9393672323023419,0.1836994674996527,-0.2757168104168114,-1.0169089142659873,-0.33505791294837567,-0.5377323953008889,0.723262764899445,1.6471316996926133,-0.9687732039785845,-0.6144040250199264,-1.829497414797239,-0.40734903005265344,0.993758767242514
0.6442645435805195,1.5551350714246084,0.3424105905505105,1.3689313346217484,-1.434403321096227,1.2109247785883486,-1.720282603972424,0.75558171664825,-0.10733751142846583,-0.08105194299307893,-0.5501646619359255,-1.279315424954535,-0.9193210914524094,-1.246349219752835,-1.3551800889245322,0.36873792356756874,0.5254178032805366,1.4181882209683856,0.36070353805555067,1.3265187629578892
0.6349944244924856,0.5892151880326308,0.14205271220857135,0.9120907737935516,1.439121265926736,0.8279660126670871,-0.4362382294707788,-0.44484289290078577,-1.3541650170637838,-1.8576690026597271,1.0485361293239344,1.685437375515681,-1.0514606641397153,-0.23802085692188787,1.839779358191255,-0.8892654849668971,0.5791326941312546,2.0314811920082665,-1.2534781144816387,0.40752648953186693
0.1878597232448897,0.4376826693986077,-0.8401299095995042,0.5168801879534014,0.5320260578286042,0.2893854500675938,2.010971963260226,0.5543879253876064,-0.8841537795044186,-1.4685295141724333,0.5220835017409627,-0.611966293007646,1.0351648343562636,-0.5549008838643904,-0.7481214663591383,0.15540142413176825,-1.2902620560461586,-0.21388738218328499,0.8661396657916314,-0.5843709932182497
-1.0303417691251628,0.934931440287674,-1.2208972038618349,0.28472695058522535,-0.5228976494306452,-0.5203107386167093,-1.213047115258703,0.9568597912532665,0.8314278944462103,-0.1464176719626973,0.3602037259264214,0.7937082131620629,0.3996521395398905,0.13427374825079208,0.07767747194542192,-0.3160600740407706,0.28407607181811506,1.710257510737288,1.548489842074095,-0.32126214947025794
-0.07244864567078432,-1.2117533931895368,-1.056939534540953,-1.7721775184703232,-0.14324889200016833,-0.7210735647879699,0.4113167319595867,-1.516978539096978,0.8422251306449705,0.5297130240291719,0.2573418034089778,-0.413886382376687,0.3264433282312643,1.967026714317133,0.0663872772518426,-0.71593959559171,0.3882687910319234,-1.3725726034157286,1.0195888467442493,-0.16338271000251472
-0.19530248094475366,0.7467176469753125,-0.8433452169800905,-0.19525343801834522,1.8809100214204686,0.47919268650079594,1.8729842059738828,-1.4982024506698497,0.3025319054229657,0.27617305459939095,-0.8961059606741357,1.981908234685747,0.514292728099008,0.8925539912162022,0.5077203049956032,-2.236121702929541,-1.4067469984467993,-0.06753110724709824,-1.0051135122373316,0.30078897432168505
0.17792893707162388,0.05120398875872943,0.19298061013962742,-0.6880457562714661,-1.7445710398233982,0.48846568553342395,-1.2099624942993654,0.7715091643092351,-0.17452543232282572,0.4244624690209619,0.266577937123516,-1.3630190042440224,-0.23285539595802252,-1.9555236746048181,-1.966011412573363,0.7833552761205347,-0.0019481917835763008,1.6079865536056568,2.471485810181846,0.988463402682326
0.8515471033831329,-0.5056266907045881,0.7450058790535377,0.2493220477830451,-1.1164672414561858,-0.048787676164928497,-1.7545536624188602,1.916595130403626,-1.880235923259098,-2.4434071894729463,0.6570586091125664,0.49889959833122965,-0.36255452770259516,0.7392252961512574,-0.2690928525772053,-0.015426359949696536,0.43552256090409414,2.143343791766074,0.3211508527920587,1.3285584480618122
-0.0020874593836301245,1.2244867806688289,2.039251349444011,0.7895805043998195,2.6157660741872557,-0.45834587567776613,-0.14201189999954147,-1.070185066082157,0.03474204602725007,-0.3906322887700083,-0.7624333966650642,0.5803120112295146,0.9432766008093898,0.016314552983726346,1.6575642666249577,0.801037214282238,-0.46591071456529903,0.1025659108889719,-1.6608987524436907,0.7574368264229032
-0.17399973046870687,0.18320043727894722,0.2562094221522416,0.5326918255929611,-1.223042753492375,-0.8765581522076237,-0.18868318684708102,2.369690692933593,-0.3217565600397191,-1.472765373085981,-1.4349148545537884,-0.7858927345901684,-0.6897766077669949,0.5444128881445555,-1.0680803321159695,0.8223424224959426,-2.129074861711922,0.011956021874409353,1.8587928113388206,-1.6308322666113055
0.08133074483152142,-0.3856214985195608,1.3570262356875211,-1.4731982202030642,-0.9504774097863853,-0.38322314301147997,0.7670115198211016,1.4035913892393748,1.245630421892398,0.7856606824384044,0.9084809830161642,-0.33121756641609384,0.9180997938721889,0.5256586817887495,-0.3762190235065694,0.4655863860340618,1.1928608227211481,0.5352975692141388,0.6581808952307007,-1.4665111333635605
0.7565072898194424,0.2970320599659113,1.1423004068985634,1.3392237376706162,0.026046366027882076,1.19478419397343,-0.6800853522045318,-0.7964961390771874,0.5339200724543443,-0.341769994511154,2.056651946859244,-0.24900842193909545,0.4626764173000828,1.2490532835910446,1.505421776441374,-0.2246416272676382,1.6053980099903495,0.537109594454459,-0.23778732098480537,-0.5152148785145828
0.3600933770243404,0.5678721090483878,-0.7267013478771976,-3.064238408688655,-0.7137282603984952,0.004404030664080916,-0.6460942283794112,-0.5802676754363402,-0.194516761930988,1.43160019043114,-0.43365652263479676,0.08433804450812303,0.9867347507134508,-0.6996892573728154,-0.09886443735895108,0.7507345702956265,-1.526502445728338,1.0508811041612167,-0.2585882227263342,-0.12342093040331693
-0.5206442796648431,-0.4278893049120138,-1.6514207492484785,-0.022027740056213437,0.1661310371974269,0.9787941967209264,-0.27732455671852824,-1.975854775531918,-1.3150018875693228,-0.536489139771656,0.4989325498284989,0.7904766532622429,-0.5582470039300002,1.1117423551604007,1.2862791021196216,-1.995500377253281,-0.9801137051658131,-0.7464285323380038,-1.7654777437645062,0.31117762777404456
-1.72346207337991,-1.0262205498380015,0.30338202165977873,1.18264093575257,1.703319805970023,-0.2260073102961665,1.452596755940083,-0.22993737504481715,-0.40501093231512447,0.012347775711713945,-1.7635206376802834,0.2647111743779844,-0.1284247524758112,-0.7445169151953764,1.337281400041024,1.079237586312815,-1.1620356830502414,-0.9431379428812295,-2.0651012477155217,-0.8143941158047524
0.5519310811425802,-0.6462828964368453,-0.9923408987035203,0.8251638568039865,-0.624710546974207,0.23027783736239082,-0.38159808678555124,0.6263569304661342,-0.7445157959470967,-0.7299940631707262,-0.2732710222754002,0.6055004416370554,0.7129786969234784,0.08357845852571849,-0.6356782675957041,-0.9565958761591451,0.887282909316082,0.8304282502047987,0.9267334376824454,-0.35771403409217917
-0.35882384934033507,-0.4041720113908794,-0.9725180473321612,0.2205654960584616,-1.1099548374583623,0.15287199607905508,0.7616137773616081,-0.036284502609387634,0.6934569876948751,-0.31160790590331106,-0.22030904638166077,1.0704074583260201,-0.5291717416691364,1.100531491130443,0.8536777678873788,-1.9120218081468532,-0.003760259677673426,-0.7160283228245528,0.3480863821271304,-2.2980713528518493
-0.37409228969085084,0.18994345340586005,-0.7556550222973044,0.901353723774195,0.6596283495871682,1.3135571759993352,0.21299580942830512,-0.6402427104790277,-0.5171618370414851,0.05439424395364484,-0.6155225183401907,-0.46129592513593115,0.05171006554393083,-0.7681936490039935,-0.3348662097724323,0.47799900262291706,0.05925106189187171,0.6941781781343161,-0.7302700781705406,-0.8842650191893281
-0.43456148702200986,1.1651667094601563,-1.3532354741558792,-0.14539100373333183,-1.7544595135098735,-1.611132618423902,-1.0645594925487156,-0.12530572256896486,1.69153682112303,-0.3318953046099384,-0.5363661350657853,-0.4578808544522986,1.273381465668018,0.08609669636783956,-0.7225610236681804,1.3581999562204128,0.4196889747696297,1.103428546287167,0.6558964160079899,0.9514054530065709
0.5294130527858065,-0.6326415536306054,-0.20647920921265708,0.27043686482308343,1.1609402253173753,0.18076679884265645,1.1374449127127721,-1.5950147359826956,1.8237280795180841,0.5933446101828692,0.0760476044118963,1.5476906865739022,1.125596795963465,1.2839952452819778,1.4491990796311085,-0.2740548002244158,-0.11516198727104739,-0.6125592319057841,-0.13370440242105205,-0.753502893920389
-0.18729889501371316,1.3341652567497289,-0.42179914210217756,0.8493113807238255,2.2208165305397736,0.37415355325788613,-0.18175950658248474,-0.23518047369354111,-0.5185513735050632,-0.3932861925887481,-0.9636966540220788,0.9173921794539064,1.4430866641066125,-2.3883389067256173,0.5222069428621277,1.1654598929840982,-0.7312284135933755,2.0103646742574264,0.004603560009411385,0.589367585547792
-2.3804223909678357,-0.1462873076291924,0.04855699153747271,0.3558339519902805,1.441008487025644,-0.03580863450283117,-0.7016649834811112,1.2783691432591053,-0.3778903814047066,0.058542795887482776,0.029555048197227037,0.10202809969012408,-0.5835407020309177,-0.05065495634240992,-0.04861303982662431,-0.5812981199121589,-1.4960249088013284,-0.12911424132565427,0.631608621672744,1.6846582379667518
0.37245694346082175,1.5940643309424518,-1.4762517742675405,-1.4840252049167841,-0.8601425904757171,-1.1109125863499099,2.21488837298144,-0.5396965688218396,-1.2342209103506394,-0.8931055116347381,0.672467058184659,-0.21058214341380355,-2.081393041604418,-0.2803825740839677,0.08992000313708895,0.4185173418808873,-0.4959282183499633,0.06284303777976459,-0.6307624591481241,0.18875570251641488
-0.5741778878762835,-0.2531028791394992,-0.6218272119927373,-0.4588375871218156,0.836359826071143,-1.3400319581611988,0.2588502403202525,-1.6910344669416373,0.3659263130711157,0.23701629311238684,-0.4436268607200204,0.3536419935300006,0.6240870529480702,0.5531871740792839,1.3873750040164605,0.06331731038030544,0.028227277489303117,0.28107821291463997,0.022252695367643786,-0.1753900246610398
1.2855441766292863,0.9158683476416001,-0.1331345843555909,-0.6804667074490354,-0.04239039486197719,1.465659264826735,-0.7504756174508059,0.19855262802640122,1.5377184977284026,1.4113183395971158,0.7625088175863532,0.5950119314136533,1.7202285495129888,-1.1925285050407453,-1.0795041992528571,-1.2568198645940607,-0.8313616657615653,1.7355025147373613,0.2904817813105954,-0.5323109748969694
0.719275531402155,-0.024758658186014512,-1.210266151192096,-0.2603180255549463,0.31519988173423297,0.27273520157591535,-1.0402437668550766,-1.4680935963097002,0.4795846819060088,1.393535171411285,-2.1024157754222457,1.3751434570120826,1.9222006099332047,-1.2032531569133031,0.7374674671326407,0.6455579664920316,0.6216314342490694,0.4256641371687869,-0.7594993829892994,-0.5493226904366191
-0.5867427964470585,-1.635146140860519,-0.16146839413459324,-0.8864151723304702,-1.2579572800305885,-0.5278223288496289,-1.4176892102876824,1.2472249782778917,-0.9777261111228941,0.08344037477874423,0.14178480366473836,-0.969703722237876,-0.6947758704559037,0.06189402663389966,0.6545635693762938,0.044189008008569,0.49300556795566136,-1.4739714588719257,-0.13883635489412327,0.4573250233170743
0.1680151051116126,-0.44545752164070607,-1.4328894787381956,0.08109152692023158,1.3449140632229553,-0.22347179456406843,0.45428135128822605,-0.3981153398505106,-0.5621846694022098,-1.2405064285287593,-0.9578840519484131,0.26049149701542196,0.7734860298644924,-0.1840168678911484,-1.0867702469446283,-0.35486015595086545,-2.317717921580889,0.05952221519189077,0.8177496272904539,0.12986445401957708
-1.6112254466204021,1.2034096451819454,0.5180706352883622,-0.5811885484766508,0.5990746464543105,0.30076918709050626,0.14635610147090733,0.15901832725101306,-0.16714029054272533,-0.8890507398749395,-1.3070530178128388,-0.4879386537229291,-0.5163141502842575,2.175257495100457,1.7723833934142124,-1.4830631151027218,0.35034127474457055,-0.9874245090868323,-0.5239349704886795,0.18424579958666584
0.3369705665589254,-0.25882465957923634,0.5544550416899234,-1.5610653933857277,-0.00313613652913666,0.5749870096542533,-0.03396299639902677,-1.5317053339160789,-0.01198950909263555,0.5547376939784295,0.5449083066688315,0.03866957115744147,0.3775926525451785,-0.40866196909778885,0.6065919848047767,-0.2574963585172439,0.6465000166636569,-0.22370580728344908,-0.38049016690393633,-0.14669555953222416
1.271550325556735,1.3062023947657009,-2.2284057348386477,-0.6081309116346099,1.4942361094724435,-0.14603622968233193,-1.415051922095509,-0.5841657936418,0.46711011512742634,0.9168773954360223,-0.42720156233435685,0.9361074672413067,1.1488179818025803,-1.3196663930516495,0.7854450447434901,-0.0028338688587420317,-1.85613847884451,0.8493672538062156,-1.3664222107689346,-1.0776008393395224
0.098560638074997,-1.4496740586600212,0.6510264312700588,-1.0805057608266861,-0.31350847433613116,-1.46728835341222,-0.9905239898016664,1.1650000741794995,-0.857132056680119,-0.6164740411127859,0.6242674811707962,0.3431884126819666,0.08506557475665241,0.0180985926520084,-0.9969220863608859,0.40028723647378434,1.4398686096358526,-0.33958171299550166,0.5352115917928251,-0.39856138399468916
-0.2709196479804973,-1.180612907704238,0.0493791273761778,-2.326783506207938,0.39042463978027697,-0.3667930074537186,1.1951169523785297,-0.5796930403851261,2.7613467407918346,3.6532013121313156,0.7337919223360756,-0.024582543386717972,-0.45411220949147885,0.9105219494446208,0.7667712589761976,-2.444874735408942,0.6218595253852632,-1.8094806235135585,-0.8433056933166833,0.27004754893696736
0.6437239219335877,0.2750284401637017,0.6627061377202056,1.082561486806417,-1.22742832828103,-0.9308709554538738,-0.7969854297863925,1.7618039538986117,0.3607170773652524,-1.7672717759265506,-0.07983962448315374,1.8819959967921491,0.7328965632104838,1.7451194683057492,0.4922700931516463,-0.15683775837092379,1.053759849594429,-0.12942682117417104,0.11371979349075721,0.5385377582110855
-1.0784008224370591,0.6495332285128351,-0.5755728463912042,0.7647582854262465,1.0324982712621336,-1.175792950280557,1.4894583924188314,-1.0528415618596136,-0.3165520292198511,-0.5448337465069619,-1.8549756382861091,0.7754714996412837,1.7814575029872994,-0.3315353409487016,-0.18177610310782788,1.08396093211325,1.7101466842322153,0.4264139545921103,0.24886525974250423,0.16077214841650161
