X1,X2,X3,X4,X5,X6,X7,X8,X9,X10,X11,X12,X13,X14,X15,X16,X17,X18,X19,X20
-0.362643980087935,-0.011820366460313422,-0.0903459851331878,-0.49722394428373246,1.1702455342920894,-0.3978254201846824,-1.9320320960440314,-0.790214936926697,-0.16882707707631783,0.18277436315312792,0.5939875314185694,-0.17197218108277829,0.158102125184001,0.5490045498628607,-0.8602498309447156,0.031005683779353126,0.6442778547640383,0.6450373826518903,0.4565033049727183,-0.9942138035804422
-0.585447113257587,-0.18949635723067562,-0.728438155809048,0.3908132570958476,-1.5911004155644326,-1.8339478145009966,0.07612656048839592,-0.8728604884490894,-0.40003177429422243,-1.7497350725090208,0.05132286522130044,0.5640275434706404,-0.44219412789857065,0.4631505878144334,-0.4125923685609755,0.2612247740859113,-1.2852662130079366,-1.2212326270711962,-0.05410245700339986,-0.4915924219757083
1.5539603256070915,-0.923644789307656,-1.1036447910191076,2.2875367250826053,2.1288906196234594,-0.5309740660172599,0.4890296334738477,-1.3187689713341657,0.9421788339396542,-1.5068154598670591,1.6669445464556039,-0.6112449510969448,-1.5053164658911884,0.5249388415562454,-1.0415708938932409,-1.287351571391323,1.4919023223609866,-0.7978726246664024,-0.9717685879485334,-2.767234233835028
0.01705337904719574,-0.7631008467921344,-0.9804192524556044,-1.5266454078297087,-0.7930064417836538,-0.9888359903991009,-1.0113253172618342,1.2118304846114833,-0.3754483155604401,2.2031429424462137,-0.5451361363878751,0.5224923782940598,0.5375127954050883,0.551279689619886,0.7324905689109411,-1.246115963470784,0.1198818668467544,-0.6313810211773778,-1.2697771943456242,-1.428166404662172
0.4007882746575211,0.008015514512800167,-0.4751181414730427,-0.9776089351096074,-0.22332292498340428,-1.4866755447261248,-1.5103989561145847,0.5310153050053827,-0.5389036164068476,-0.12781161923525078,1.0156935524271067,-0.7273621811064718,0.40466629088049827,1.869164428653084,-1.9332301080717593,0.7197620451314255,-0.8244008063188011,-0.8678183552425093,-0.5701619007720529,-1.726776746387555
-1.744350760162719,-0.3897445088315042,-0.3170357663761015,0.9111920010660963,0.8447029546584431,1.0543133612835496,0.980994763305728,-0.5335706294979612,0.83619416755189,-0.39584321082964663,0.2226048984529551,0.11456124951424979,-1.5113493458793767,-1.0964042184175466,0.376419942970317,-0.4477631789746029,0.6986027667041415,-0.4543678304960111,-0.06016964008632841,0.6341692672120836
-0.2980330169540256,-2.211491272642425,0.7713003277507627,0.031868085458581184,1.3389112136154535,2.2562422844436165,-0.27831908551378565,-1.699168409343957,1.0074339356732867,-0.3895188425998239,0.5957896230174606,-0.01326849949074077,0.10584536179734169,-0.8870219211968201,1.6665259430268382,1.873407360334265,-0.3807163509226733,3.116800179397045,2.0583176130810976,1.305014099602981
0.5886942955280691,-0.35053510405127997,-0.2378115706016413,1.192320205880398,1.55625245638467,-2.155664613599478,-0.0960441672806519,1.0533071239099816,-1.1353898579831776,1.9677683776565442,-0.5977835082727709,-0.16545805870794403,-2.0990634339906427,-0.09317327203169269,-0.9952534231181198,-0.8666401710231006,1.057755300130891,-0.11699344860206069,-0.8758230020152423,-1.4244232304624607
1.0121270222681193,-0.30116632132776633,-0.45725384027149496,-2.180605375801399,-0.42941269235414764,-0.20241130272833047,-1.090933253810803,-0.6283416401008717,0.7994258958878188,0.8022015426239919,-0.20286678675280986,2.2891260546144765,0.30899730236859463,-0.02127728376366556,-0.12288845160965818,1.12095511248914,-1.1086550277645257,0.10178858277608233,-0.20430007443145093,-0.1463065359925148
0.9335199958922226,0.5352648752560588,0.18506454683095808,0.9531590816474277,0.5704855859032226,-1.6464921704777493,0.7775451661997931,-0.4334653203820802,-0.3337153527863867,0.0735334592982542,-0.5361442184976706,0.20542421166070837,0.118298640649604,0.2794327740341768,0.030260258718959033,0.13105760576894565,-0.5416150973489469,-0.8730192272397856,-1.6306682271134103,0.16122926635067725
-0.059134234148053834,-0.33639347852394486,0.6402187695692293,1.0929051141662403,1.3184775770728558,1.183409525830189,0.5648525624096196,0.8092147692081665,-0.16367473003980373,-0.07559940973379875,1.7644173375625216,-0.5659423140872665,1.4917739218232884,1.8592325579233737,0.8349338179074329,-0.5511516634140937,0.39930426364158306,1.114138743584457,-0.3797676907414297,-1.062971693019491
-0.9605973690597297,0.3352385176444815,-0.8295198043668526,-0.5327649587616933,-0.6197840380509055,0.8100568054174165,-1.1410413943633917,-0.5295755759075144,0.3517379901761943,-1.2544003675368045,0.7728828500919939,-0.13919494643655209,0.7260878279895818,0.7804274658716177,0.41391230332970597,-0.7514015455022929,0.8956767891949833,0.6244016938674736,1.1032189673599948,-0.9968024702926211
0.40054707167318687,0.5650925081980542,0.8140413858479747,-0.9166203773599252,0.36984486059115373,1.2841312884990677,0.02314497162782855,-1.6005884302344364,0.2738904226566673,-1.314679155470447,1.0249570333492828,-1.8437847242859726,-0.04498058403909589,-0.2666940726829875,2.01162807658984,-0.3512761882944815,0.19084847186840234,-0.11519174039059193,-1.303187424760198,0.2541130115574516
-0.3334578434407364,-2.442104993214488,1.9181230369224762,-0.9278200764435969,-1.6562982423595447,-1.1982487721818138,-1.0760497424824256,0.5281079909028021,-0.2183035775356825,-2.6732908072719663,1.7018414955534227,0.01291971995758461,-1.58163602171146,-0.6590970521405056,0.008018345453765209,2.5139070871430227,-0.2750879843389513,-0.5894605774424131,0.11184200910980205,-0.17682032170651196
-0.14992922003184692,-0.06416056805193038,0.865969280207926,-0.21293150292649526,-0.034983573970034904,0.6367953979565696,1.6431690589588617,-1.8973629272046015,0.7081564716726244,0.5471602447463997,1.4733948852067222,1.0393474735201187,1.011059602328791,0.32931525065616635,0.0817843807870355,0.08181404095880822,-0.3717440971586168,-0.45957937296090784,0.23762614815866737,-0.41502060820122416
0.6057635601474636,-1.3678334207876686,0.6492382453901135,1.072970366602895,-0.9608378470325362,1.6365080657612947,1.5612747756768734,-0.09950292275927913,0.5345645317129492,-0.4376220680294338,0.9507111326582145,-0.1840615397220115,-0.7624100917983955,-0.47384915470302996,0.8938680187956163,0.5893361285530111,-0.8931955436702901,-0.5713504668414676,0.4170303789925624,0.563675346640602
-1.4050742813758417,-0.008522429995970247,0.4142406815610997,-0.7657967588296131,0.6755979899887029,-1.3788053600245194,-1.0702177883390867,0.9787176459280162,-0.2799188700760381,1.281230858790753,0.7257872780331937,-1.6273340095024085,0.317469786738813,1.3564634922468997,-1.1128068287576274,-0.1775609713190474,-0.2296428768449002,-0.8017394194615792,-1.5699616607860876,-0.8592457680350606
-0.3627597045745064,0.27516877154233343,0.5811797239733579,0.291773445043352,0.7715326642716842,0.3305556911870792,-0.025183982325717502,-0.3485835314302951,-1.1674560584013052,0.28768695082995716,-1.3592769803599514,0.5972510854386583,-0.36090260465596513,-1.416749745344571,-0.28024140118474383,0.6752037794648748,0.4687254515741798,0.7791265636148702,0.7536319772033203,1.2463086070470117
2.3204659180080602,0.7795982704895053,-0.6807283411154061,0.7081359796513994,1.8616156291366381,1.2124975326906415,-0.10629791914907273,-0.9681073895281048,-1.4982391016252454,-0.5536304991639558,-0.5071178778654083,-1.3343533144790722,0.8005500827068914,0.19973116533760338,-0.5436862577878114,-0.515204934044699,-0.41733785482070707,1.5504262938296716,0.7506179187988373,-1.285657677302603
1.7387610785197973,-2.2883761172315094,0.18559001226503366,-0.18664242556387406,-0.7385861375147953,-0.1862435412597632,-0.16185487474398647,-0.32414203854162704,1.6554671238937548,-0.1558575129493,0.5563880112679261,1.6384622491797964,-0.9769042767812289,-0.2256231362384956,1.0092224132341154,0.6403250130650695,-0.18267432970192893,-0.9090330763579996,-0.7926727350557501,-0.4629935384568499
2.0479265302653507,-1.2778109161227982,-2.0518090434399117,-0.46090017435601704,-0.6336966794134995,0.8703889448652872,-0.1917453858264112,-1.429586259299228,-0.07833780033829063,-1.0432887366868573,-0.5517241378914062,0.002950092467275598,0.2545366883500398,-0.7250482949166058,0.10208183645112397,1.9347368827207951,-2.6468392773287124,0.8965274911105913,1.1303426790681848,0.8075649077208855
-1.3971493097175662,-0.6067844408170763,0.19093444695097547,0.6073605235338936,-0.3567854497756318,-1.0232184051568352,0.8824168921909715,1.363047460215978,-1.1022163400594955,0.5026799019245302,-0.6006652971460523,0.5642776439636649,-0.9782053147500658,-0.6682040545510269,-1.2408993139665216,1.4442609946942109,0.4697075640917394,0.027833458550174908,0.8560817893778616,0.1130595532010834
1.8258409092970342,-0.7142786986581385,1.5890131875773688,-0.893741901721823,-0.2754847018857413,0.04759347991947765,1.0721963836212238,0.6158610530079529,1.0678417370941093,0.8274862635353426,1.1789867363315374,-0.11942638259009847,0.6574959425212972,0.7403352619691935,0.12294516365621302,-0.3379021111684099,-0.09753077638173152,0.4373029922906735,-0.3512784516407209,-0.4123857919505202
0.3771723075082331,-1.9354082627428233,0.0823952091773345,-0.7149086333832868,-1.8044228707121188,-0.7921155971562989,0.9436445882308963,-0.6769639669190194,1.5198144537496892,0.37960517421785595,0.4944363302165567,1.209208592204956,-0.801769408068065,-0.5673410486640098,0.4025562427263074,2.0624353286590145,-2.360866917300231,0.10665492647283926,0.7578930810169168,0.8062813946456434
-1.6215228496206442,0.5607327816822646,-0.8752813143534844,-1.2358515764090836,-0.7681287049790675,-0.47722115674207993,-1.152847419475718,-0.5485318633878217,1.8682702911569495,-0.3124805917143271,0.23704018839968463,-0.9587863373113532,-0.18980975031671196,-0.4170528993647862,-0.5478622924751516,-1.4751036280259788,-0.4813614455625389,0.7479285483189201,1.227406709681664,0.6334406489111968
-0.12567376777205017,-0.7019525627905621,-1.337179175074449,0.6100927266133771,-0.04882073160784762,-1.1115744171082231,-0.4218656683656702,0.393056349127509,-0.8585862990603963,0.9887736842687445,-0.4176691396819983,-0.31622180693792795,0.509043175426841,0.9773659209429966,-0.5769505611415502,1.4897934700546196,-0.8545285595065166,0.9530239284386105,0.8344268783604026,0.09444201865837286
-0.4259814958651043,-1.7137500731861204,0.7836061064490673,-0.3946612372569413,-2.01125291054628,1.0313878074180092,0.24930382228303705,0.1765638696449244,0.20049405436240755,-0.3033000626799513,0.9704908857264503,0.7458003893338615,-0.10749127859580564,-0.8272529784840734,-1.0479832589468903,0.7718341856221198,-1.7122408697583906,0.7806084190563675,2.214657270825603,0.35832955269355526
-0.32135262100488166,-0.6387819212964689,1.1960568877949989,-0.24678118245301595,-0.8526561325625993,1.0442214059919053,1.4176205014093135,2.658218995242571,-1.746416025633201,1.578356497134257,-0.614476592062521,0.839101884011887,1.2020590436652079,-0.9137390530213992,-0.4632533586121028,0.8382644475845134,-1.2973581111877919,-0.17595132617122766,1.1711280553063064,1.6253525994327391
-1.729364875828757,0.1402012359155237,0.7165448176079084,-0.20440331520668137,0.3541066851256092,0.11973815201267046,-0.7774853171394794,-0.39459401641525266,0.9250688005774491,0.7062300157369671,0.3786355897274855,-0.5733067138045069,-0.9979476264177033,-0.049493025166428326,0.7073746174093115,-1.5315072883364418,1.7777655042555507,-0.2614449127462972,-1.2580212810558844,-0.8717149140971994
-0.26574252526805003,0.9040646556084938,1.5953266344447037,0.19034869561429943,-0.14962760650629323,0.4944568492162441,0.4388724205971805,0.5628976655673338,-0.8560938153360549,0.4461336001018362,0.6036780021660315,1.2784154861974086,1.7127940563813928,0.4452842698500568,-0.4010539341870775,-1.1466238951022205,-0.44720926397832605,0.3255570548780227,0.34349046270699624,-0.5606039279193678
0.9483765148603501,2.3721452607429723,-0.2774467524353441,0.7439950690840341,1.5675127100736943,-2.331651838641273,-0.5581141849513817,-3.003948050238617,-0.31621449094528065,0.8405936912290835,0.42868177781407,0.7140705843888367,-1.3364769518320876,0.6501813640652224,-2.098921447752697,-1.6734707159152962,1.4124252223935474,0.5133880940445469,0.3501275104423434,-2.423397779097566
-0.1548981166044192,0.3562342324605042,-0.26281616221193554,-0.2258548772290522,-0.9807048262387068,0.4562248228073252,-1.609252807275283,-1.7281031026095257,-1.7583320852039552,-0.04320914713079698,-0.4059596365130629,0.9836973536414887,-0.7269224374916278,-0.3361969915603774,-1.4218623536674564,-0.20002384075028515,-0.034763366962386945,-0.8433764235909638,0.7177807235156881,-1.1705682896508043
0.8020010821319732,0.15995822338500673,-1.2292398376595906,-0.9166378301142276,-0.9353759101974676,0.21722150108456528,-1.8246710182742487,-0.5764405046976503,-1.538939445493801,-1.6699442931753299,-0.9774411281522036,0.47504326182188106,0.8686098347371022,-0.05066396213155481,-1.1007060658638008,2.2298367284308287,-2.158005400903786,0.853467365703457,1.1969408838258493,0.20251304109355517
1.5143938139738125,-0.8607906371942144,-1.1029501001617363,0.6253083332300381,-2.0825079493003433,-0.4555123945324726,1.3649747997103219,1.155811171907474,-1.1537893849489722,-0.6697899981026233,-0.5370080662265263,-0.5651335204052684,-1.45141167646247,-1.4356022064067275,-0.9251964524175057,1.5231081442480687,-0.6891371446409978,-2.702089725746783,-0.6240334227565383,0.4817965327933045
1.1829986080255113,0.18366503752346786,1.0114108775200052,-0.37522813954422624,-0.9020942438327041,-1.719162239340134,-0.052364141798762524,0.21542758895019734,0.5775969253659736,-2.6930218942108506,1.2091425346138305,-1.4520078035218056,-1.736118254975161,-0.4441894960158784,-1.1144352930583257,-0.06958251168834906,-1.5371160004750988,-1.2764217724952478,-0.37424725273677656,-0.7314562042410333
-0.1250907444214623,0.6910546592567022,1.2093682105256967,0.8089688959393568,-0.19069228363903032,0.3063698995893929,1.1627277121676052,-0.6849621834092174,-0.4638406118686988,1.277510531294165,-1.499125273768799,0.11891089366150633,0.2615901013207959,-0.5583920519173681,0.16978364117307812,-0.047667507449125145,-0.23983369045494654,0.2731845198741727,0.222273681194175,0.27411258905929414
-0.18807900159938293,0.49523160654069054,0.2337080759862801,0.3594044615779098,0.3688370412998373,0.19430897617584764,-0.09261199965771613,0.6702608261623416,-0.958667292169657,2.0191759373486704,-0.6214669502881452,0.6456487308220396,1.0139395569998364,1.3536395812367468,0.23811557282219073,-0.12753182137422073,1.7132322674910998,-0.907736366146941,-1.4734775779929707,-1.1629539597100145
2.022872256005639,-0.6933730789486431,-0.693136077001407,1.3710804811574924,-0.7554030726803637,-0.8520737709274026,1.508997949072779,-0.46446278733917146,1.1321156517818625,0.6613317483426994,-0.537813552686693,-0.11978593709771918,-1.4894797899989414,-0.8716251354239258,0.1537107314575339,0.15054366647569725,-1.4719383010913385,-1.1636833204038688,-0.6468158599888716,0.5370243910959306
0.004078447013837124,-0.05595802249765463,0.8836184810778601,0.7881080982303473,1.900709049411445,0.92671692060061,0.8217209460347965,0.8944810752692284,-1.6087468610637705,1.0091566704090325,-0.829148134224427,-1.2367477009436405,0.7180157094622666,-0.22281684442603011,-0.12722098426205164,1.4425041256866205,-0.23626665835575056,-0.21586500780024176,-0.3831995742665224,0.3054317851074194
0.36923099936820475,0.9346800029007969,0.8716947288271764,0.5145057840241767,0.434814444471283,0.8573832079838348,-0.013011193394291765,0.5838171792164826,-0.9745800771319357,-0.8235906627120981,1.8438473604479824,0.4416372595101409,1.9768095042060716,1.9771551560669318,-0.027655218269524513,-0.30696246327208143,0.2839011339146244,-0.41777457206272867,-0.04930819179558261,-1.6239138187842972
-0.6164883457671474,1.4059328993760627,0.7280571062388725,-1.062881546454403,0.059852431400761054,-1.1788736947623377,-1.4070928715689244,-2.2700052302314937,-0.4460607488390107,-1.8522828814110208,0.6336317511776293,-0.1394999607018077,0.5227081134348744,1.0455730672773544,-0.3522505458714367,0.10844165467440567,0.546174190195952,-0.5800265651822204,-1.1510767992486397,-1.2252507948061633
0.3203996626572913,0.441798412920336,0.10193212763660338,-0.4276765742856309,0.05184421756127266,0.4538104091737866,0.6253836299955626,0.027459795719672088,-0.5297574517197208,-0.026289504520179578,-0.7048559879992818,0.7424263835434198,0.10673375171344798,-0.9324409000335449,0.9962062331414274,-0.2542844711005491,0.5266847237546316,-1.556248806026169,-1.1846630591135703,0.805900569677968
1.061767714769588,0.6250616027215361,0.9506276484310059,0.07011843138560335,-0.0205354196374913,0.837798201243838,0.6105558963389666,-1.20135430592578,-0.6267148608207092,-1.0069587466973537,0.6877369530384727,0.7840334990536127,-0.3093138106969571,-0.7141802350440514,0.7388284233259547,0.32891672618080786,-0.6241338420065536,0.9814940858680978,0.7127990354632238,0.7593097671706776
0.8155790149451028,0.5598162703843378,1.5281930405152875,1.773463700189422,1.7546958845548943,-0.21191738710089603,0.3356771218310804,-1.4510160508146408,0.7340411374303506,-0.6124954764746937,1.4046109426797009,-0.8711516307652136,-0.017868998546103264,0.6038078966484064,-1.0298764253735624,0.11935491542863425,1.741268739058905,1.2241350785457568,0.6276385259540463,-0.7310511301813161
0.26816125007163544,0.13231482764570582,-0.3222575746368632,-1.0524227143760552,-1.0645831777146568,-0.14240259061650914,-0.38940289472872003,0.050602072483654795,-0.15350655864973117,-0.18069201419974595,-1.4456580171416495,0.5267475329829807,-0.41862983265333936,-1.4438185040429354,-1.7126735389981014,1.2516612210716442,-1.4563769087636844,-0.061759017134935465,1.565573378831751,1.2729747365140078
1.4708581265966012,0.40769404819243443,-1.1394883796542448,-0.6399712920562984,-0.5451797342239121,-1.1476133838930882,-0.21614088786737148,1.122972352984451,-0.7241115671583395,-0.9964602487787162,-0.0331840648634409,-0.0030545135679851693,0.374874733086233,-0.29520450730324654,-1.1223023588113308,0.7175968701617034,-1.4011811625211852,0.2766404011536032,0.4777469739865654,0.4121356079767369
-1.9340612346338453,1.7491844139580215,0.02815905278799724,0.1609037073888872,-1.3478215387021906,-1.572211844717918,0.7672644735561507,1.126532129756288,-0.77968475583894,0.27135461704688396,-1.8875344613301692,-1.012162794577284,-0.5108180992111383,-1.5986480897901043,0.6035591489679325,-2.3985948493784814,-0.8291452529097546,-1.2160643789333991,-0.6584892229444675,2.0072732101457755
-0.6527964652333504,-0.3624191102690417,-1.7255750749711718,-0.40119738143532957,-0.24365402105649642,-0.7526987258792135,-1.6012171684442096,1.9271744846547365,-0.25220798309519593,0.41113063540370454,-0.21810051732192667,0.46902421270073036,0.9477184455774588,2.1078302734422656,-0.33586606914281053,-1.3640896161051086,-0.48907773862720577,0.013906512465197095,-0.7609978998984313,-1.4781656510776113
0.06723776978806453,0.28780381566364904,1.5391984509616958,-0.8366863258474233,-0.6231660158523454,0.6115592651915601,-0.5104695193347182,-0.3221370875132973,0.7229711778200929,-0.4814938372913741,1.6886751456042917,1.0025396447760746,0.9039580882742676,1.2369558787660122,2.0811754044668107,-1.5119033330208946,-0.04408892065267056,-1.076938947544777,-1.950060335076809,-1.09246428815703
-0.41141866160741797,1.079489763688108,-0.09513169232081804,2.4165592410247285,0.6882073004497764,0.1905146835772986,0.7954247539627949,-0.7506329308203736,-0.19498762114433357,-0.4344332604043394,-0.34828040314544695,-2.0136076434087347,-0.808377373921687,-0.10868107797124094,1.1022513238977723,-0.42483377509029957,1.4569684298179912,-0.8849616418345984,-1.179154296529745,0.2381607565025742
-0.4204092081156483,1.0197039773800844,-0.4677593222059359,1.1571907575808758,0.5909473570356764,-0.705922109935576,0.9656637933309462,0.4201409626115897,-0.11265058026517379,0.14087242517792303,-0.04903872554147342,-1.697724615241967,-0.5421907258502395,-0.15783573769065712,-0.84308202859535,-0.39295120625165225,0.4624888729072713,0.5465250073906038,0.526924474416315,0.7240967621026734
-1.3663237575507616,-0.8394437491147454,0.146245100789627,-1.3383899715433578,-1.0897466455531177,0.6667989845361673,-0.24149747740660638,-0.7638519402819423,-1.4037608649429534,0.31213045732340894,-2.2564907440943034,0.9018786244661933,-1.3423411178409663,-2.8055459743553324,-0.008734660407025379,1.343786333713071,-0.06225433140288254,-0.13624783198885748,1.6987521529215364,0.905885242746804
1.0244477713687004,0.23725451028175049,1.1393744654110904,1.326366070053173,0.46164133925185796,-0.6398323188941472,0.6519643644025694,0.6723086606522793,-0.014523622706493086,0.3553074168266718,-1.4924548890755125,0.6807279420696777,-0.4746949903949683,0.06027403150459332,-1.2830861436352932,0.7345147291248713,0.2116078152031562,0.477482811101835,0.19915416407156605,0.2203589087099408
-0.076000263366693,-0.5969764537922224,0.19771332607278305,-0.056586717774778625,0.38382114735903233,0.332451499900499,-0.6842660420909514,-0.16161907943972778,-0.9225147576166991,-0.33333042290100595,0.7728128540083276,-1.2155732124587657,1.28344018578857,1.224695455525626,-0.7112389979734147,1.7075661273044147,-1.1976394493763087,0.5579163158178867,-0.10012727025548707,0.10051555010716226
0.4483306976224835,-0.9460662620468002,-0.5951867136191599,-0.28304945165359396,0.5759061800329601,-0.585816174301703,0.22917732825160794,0.7537951004277613,1.7636329978291583,1.1127870753630564,-1.4998862905905919,1.1833730196505872,-2.091649298115682,-2.2115034197909247,-0.24140520262263732,0.8579562354245137,1.419436824152396,0.49794190954288825,0.47893263556116283,1.3251137959014598
-0.2804507439485782,0.8133374912236864,2.8217042958649854,-0.4997985780415523,1.2622661062668294,1.212502509996535,1.206012657738515,1.034973210474562,0.2552116722506956,1.6058929725900717,0.9838412714879055,0.12432892861086436,2.200629202134507,1.820708489742918,1.079470474352431,-1.1526061199207247,1.7117544629665296,-0.810112452871001,-1.9015669206197368,-0.42916758054896403
-0.1154750232727993,-0.6680859346243802,-1.8543006583400174,0.03062619934430553,0.37475999314963565,-0.9473340763368773,0.19197490165427292,0.8516140704350671,-0.25342656736951585,-0.42048366704343143,-0.2106643337567758,0.6190580254722303,-0.5841142831081314,0.29386324096142635,-1.8585327045760043,0.8296101951589699,-1.118188399393783,-1.6523896682005539,-0.6090203071550977,-0.6335992509615533
-0.6794362188242514,-0.45212111463909593,1.2796294287223846,1.3281188169751237,-0.28720938645514926,0.7199901111676835,0.668148374400974,1.2633447922911996,0.8062311378024168,-0.07155599151183413,-0.7496584121488691,0.4771745714792016,-0.9410695084801459,-0.7401650823502993,1.1503212474140943,-0.3134905996797215,1.7357912891837342,-0.2895310184660432,-0.2973021094710412,1.3220538204808354
0.7526589722302659,-0.4834658752892631,0.5078014703131571,0.11613698418679345,0.570678835383651,-0.36007056458639325,-1.100955643554826,1.042031823601647,-0.4087192366809353,-1.2053889898739552,1.3971516599903917,0.048692131133833014,0.008372907610176084,0.5836443419473141,-0.7752593279777198,0.010358822405259416,-0.15527348463122873,0.39788906677357244,0.01109883467866186,-1.0434590801747723
-2.194729711666944,0.3925867371587099,0.14221710277303662,0.0596769671732753,1.142917251672677,-1.4430014783724137,-0.7888910661795648,1.4957641531409454,1.5514749619080708,0.3585105852737446,-0.1881385267458541,-0.4614723766750461,-0.6992809490875802,-0.0019852263755204143,-0.4010234748184155,-0.6614920988218014,0.863410096919587,0.5631962014410329,-0.40554357886060194,1.143428276713366
-0.8643567575063182,-1.2077645649207653,-0.1164089956953316,1.7495104841177453,0.08416473186687427,0.25027270245440797,0.539808143109991,1.522055522406357,-0.04642162335489305,0.7823291348657485,-1.3099137372999037,1.567741991291798,-1.1050563400367814,-0.21772325661727512,0.2607995131109512,0.7684325118919257,0.9873983783947962,1.0839407048148495,1.6135246458899328,0.3489624657009025
-0.4045503636034993,-0.5577596807258739,-0.33551026434187503,-0.5747569655168335,1.4182774373340257,-0.28700283794656634,0.04277739318397716,-1.4540956345694145,1.6181243426656358,0.332969595224407,0.5213108619529266,0.2528861146620374,-0.4220806473133818,0.10632330166946799,-0.32980941635362265,0.5842281004487168,-1.1078352154477324,1.459162093848177,0.8964911213353104,0.5032432868254422
-0.23966709322699759,-0.10528223678091139,-0.6800949688611627,-0.4544740661211779,-0.35074823224618124,0.5781293306472024,-0.09180479933445378,-2.154409807823368,0.37167733444149087,-1.0119194121079216,0.853631166634476,-1.486516770634136,-0.6942967930472274,-0.7008009049593019,1.1006083950322034,-0.316267343139095,-1.2729451406035837,0.5897363130831026,0.5718297519763118,0.206660452507146
-1.0416484670881199,-0.3746664416328451,-1.2677512390866665,-0.8874545466703676,0.5027218378277548,0.27655229181285734,-1.5596752472010758,0.19872092586404685,0.03094103421463067,0.9800302900545382,-2.0838565101060804,-1.7701885004940658,-1.8022809785181086,-1.6986661713649729,-0.09329031068939941,-0.73119210079839,1.021862557904348,0.6195571317434184,1.1894529663539364,0.5463610913586823
-0.23093844813614453,0.41389741734792,1.1875532099560453,-0.15607218343825746,0.5540301245607927,0.7593303293051145,0.9709488253574999,-0.3814536748109597,0.17108473088546106,-0.4590997656331825,1.1580801394978393,-1.430008414456881,0.38380377973012486,-0.3293185252364897,-0.6165665680394784,0.28835176907935756,0.6113505389049697,-0.14966195598898016,0.6873031819636138,0.176831304776298
0.5482632322024431,1.0090536191006148,1.4645370081233318,1.5505007095077963,0.8865072183052591,-0.19906833456371942,0.26010268403196496,1.229214177506089,-2.957227482372842,0.06548976046089039,0.20222220919180997,1.6030857919998087,0.16031700422945852,0.6164294674035699,0.262207212724357,-0.5529717439869692,-0.5257148255104509,0.251902828376609,-0.5992046241814628,-0.3699278762106897
-0.964126728805598,0.5208616733325194,-0.9944007138490304,-0.21639235049785857,-0.2984004327691305,-0.1687557344234096,-0.7407957731670048,-0.3322609694534876,-1.0884368128481376,0.37405502816844555,0.41457225787977703,0.07307859238068534,1.3569788645991778,1.6196758368508506,-0.22895950874272725,-0.5018665682868229,0.47720504200610314,0.7076075461740211,1.164364150270895,-1.7175793584086245
-0.6127640872617862,-0.01907872129814249,1.5914322728091068,-0.8249318614980777,0.3283951613978753,0.2033892240364402,0.3160096106346818,1.2801463271600717,0.24639019804274243,-0.21103754019247523,1.010083649084802,1.1213584800558738,0.6576878387377982,0.3896195583765699,0.618896691214119,-0.20611537892803589,-0.25153443698550515,-0.12558316131439268,-0.21516158687426296,0.050844141995680436
-0.25738519299103146,0.8715439464896324,0.3566240809807009,0.833987468240526,-0.21585440250984708,1.0406018884739865,1.7677864669612087,1.0609040891609094,-1.7663823592845587,0.21796108056749547,0.359287124460915,0.7891404247724356,1.4723432285975553,0.391773857767446,0.6855615756851894,0.12604815774325323,-0.6290546326543036,-1.3157811304220697,-0.9721431974354319,0.46605900521032273
0.6076198166463794,-0.47021578555001575,1.0953102470171934,0.2919621843445304,-0.01677958692259474,1.5953283631416977,1.44963137878734,1.2180300446060608,0.35649514694933415,-0.7635474627734977,0.25469363219656677,-0.9816061022650356,-0.0726128766632356,-0.9116640703430389,0.578931324659999,0.5968799226685966,0.1331014259422669,-1.5628934370837702,-0.867968887964863,0.8243214739962805
-0.4149976954596545,0.5565537513464341,-0.9531596274082654,-0.0916706326628531,-0.13591605298456014,1.4525630304364037,0.5489007134752522,-0.04842020364259804,0.6824527110291974,-0.1017160335024024,-0.15744611586453708,-0.3100705841203605,1.5691790643328016,1.1905846994274547,0.37175781472401975,-0.5728713973086241,1.0780932686335094,-0.4704981740819823,0.04942450615128809,-0.1977368742970596
-0.7368457560777342,1.3977631795572771,-0.28980134653814954,-0.7215718052090708,-0.31381945506328474,-0.9736678029608434,-0.09262316619515458,0.8792440403468115,-1.0604677144804853,0.1619429861010479,-0.3583594015936931,-1.1041206948722504,0.5768081651558271,0.6525156181452999,-1.4784242718333125,-1.0424828688346532,0.8574290903126537,-1.5004213163444506,-0.5026654954722712,-1.1832289673342642
0.3980594030871057,1.2871990431386917,0.7896805674118148,-0.45716510545009925,-0.34071314601783814,-0.5882209628849451,0.048389779742242255,1.3637501229223379,-0.16243841160155828,0.6009561086041898,-1.3012232074721888,-0.22145282732486904,-0.40548236760571815,-0.6626287742625859,-0.5335524247836546,0.34134113433682944,-0.029675764592941113,0.9901551437750343,1.1251474749371828,2.074643773604625
1.332737780118847,-0.7437676540573392,-0.49995465682374757,-0.045274805752618295,1.3494179487759161,-0.7324705147766087,-0.3110905243826514,0.44194948882633056,-1.2757641038292238,-1.644684828491249,2.2638161475151586,-1.0964074203483665,1.0687442456197493,1.6852151644052775,-1.5498248546388975,0.5560798338687317,-1.0748760580206473,-0.979208370059493,-0.5717059584120837,-1.5458164395624538
-0.7460657938058144,-0.04194884094586218,-1.0330195484394185,-0.596233551528712,0.46361448238202735,-0.7270259530574301,-1.5382097934997327,-0.8603110196475772,-2.0658312694087066,-0.1494942407282531,-0.24441991920828895,0.7892479192108504,-0.5656063159615226,-0.3933951480689792,0.8058226129437001,0.06840954130826382,0.6520420825156369,1.6240365700882233,0.3613444657462181,-0.6590318957292062
-0.7802854957585681,1.0675586645391713,-0.9459168984524741,0.45451309817721053,-0.8680549508747317,-0.16663628294439792,0.8771632351669328,-0.3656674650649846,1.3300579735885982,0.2798554745140906,-1.5144660966542263,-0.2004901819295212,-1.662968641849136,-1.3529580247371757,1.2303666736954433,-1.323193378436515,0.6350117906098125,-1.148313926502137,-0.9102765496396175,1.382545366625231
-2.3547452493347616,0.9363618546609318,-0.1701548726898484,-1.5003601998964085,1.1131291278832778,-1.075293932625258,-1.7188617416343805,1.4994541759849345,0.16219425455569644,1.5372150811199614,-1.128947439492406,-0.7221559310654423,-0.3686094740755636,0.6085408251070163,0.3528385401089662,-1.9603707766810374,2.1414351257194064,0.3287791994387382,-1.5170425680768544,-1.2580664461630533
0.6053802743017467,-1.2065933926781955,-0.7287027792868898,-1.203753982927772,0.791742635235043,0.3507950210136293,-1.0565812435407156,-0.9322439286170084,0.36368348025787434,1.7920525322376197,0.40759929105445486,0.5241699567336292,0.7179137698005152,0.8645569755861641,-0.2523100798605491,1.2226095683920941,-0.7086875218736364,0.3397061882287952,-0.5231395536389132,-0.7430555950796167
-0.6892914550585474,0.6707461421432962,-2.0548514724076345,-0.47260716714561724,1.2041114548713707,-0.3878845270333663,-1.7641242634858267,-1.5253905341114729,0.5530430381390433,-0.0366806107503894,0.5133534710711458,-0.09537263209698392,0.8164737592289122,1.5333195883071264,0.6716908025700798,-1.4303550485249314,-0.8302051883095624,0.72156205182784,-0.34460337713227673,-0.5264663481036769
0.7275403279698682,-1.4699650518035294,-1.1332356503934373,-0.6587107682260807,0.02118541341124188,-0.05936332280720926,-0.43788790880800565,-0.6005329948297611,1.5435056696844318,-0.3873418616221221,0.33440983244743105,-0.235402374192479,-0.5008256090364135,0.228627070686913,-1.1556782440650408,0.5496372628402084,-0.932352518170871,-1.1051701090353614,-0.30320445183782163,-0.600661525257631
1.6085364432679856,-0.06536706385869769,-1.6968754644460342,0.8957259231591683,-0.4387344974401604,0.9160901973039156,-0.12831011304986753,0.6981755255278228,0.19649867602770474,-1.872196747497286,0.7747060786234289,0.5607458431876727,1.022141780650741,1.1423452644898542,0.32957209323183523,0.3833902917473445,-0.8700698002694193,-1.1588585396015434,-0.6823314865831984,-0.5658149046454454
1.5930560026425304,-0.2727089788481747,0.43883344847875777,0.6455404205884658,-0.20706853359612784,0.26568712558925134,0.42592615854054205,0.14201393465923426,0.2817180790294355,1.0026365188358053,-0.12187997704595174,0.6561375416891967,0.3361906689620015,0.5144696881088034,0.7956974172163221,-0.03060592994827521,-0.007277587522353587,0.5181358758900215,0.06936890003432825,-0.41941233480849066
0.9172232181115997,0.5254761376762414,-0.7116517625440987,1.5701387189617682,-0.8922828712933148,-1.0713279590098306,0.6445100916583515,0.7784105991101723,-1.7964544229352037,1.2761261786073994,-1.3380242725760747,-0.8163027312814487,-1.5240195620204677,-1.0453017855766826,-1.3325110360584747,0.0586202104138828,-0.44162598389766117,-0.3834079133178786,0.5471718065915088,0.09692094924278362
-0.5304347761133641,-0.2850806856350866,0.6467332171728553,-0.22955612559728872,0.7950554863572752,0.10367459006135905,-0.16447469714844942,0.33386768997257177,0.6674045013097876,1.0152920595705708,-0.7003828175815213,-0.2842366008552611,-0.4566112587773947,-0.9699055925703898,-0.12439380840095268,0.7999851848526773,1.687149119394554,1.9498890050925588,1.0387587289745226,0.8938950254663537
0.7197928297986446,-1.8476685209093318,-1.2465995355360477,-0.1848850844118043,0.7423302779567613,0.9705900720809679,-0.26150204618244544,-1.1201454400368305,0.9205810281081578,1.3039751662285657,-0.5505167084932003,-0.48858386753293864,0.11436262527468095,-0.6056615190567258,0.36136215515420683,1.8267604764614065,-0.3752615276600574,1.9938139954251213,0.8041582254576449,1.2871282441220426
-1.208515398956308,0.43901921487740686,-0.5771157235380996,0.4791238735104892,-0.16349638647193832,0.5069128704892847,0.23744286820091742,0.8496631282519841,-0.7517742748616861,-1.061623606797642,-0.6941867753311648,0.3309838263449754,-0.12295935348965309,-1.777309101807217,0.8021432127736133,-0.0935275362767181,0.6024966912617322,0.44428845620005764,1.0960695216067777,1.847067996773997
0.575402541426505,-0.1838599031399644,-0.7422578637075128,-1.0858820223919723,1.2783091156367148,-1.4584665228221794,-1.4184426004042738,0.22396976849443362,-0.5751664330062285,0.8809851902513912,-0.23451223004961952,-0.2390458154065573,-0.5126878531484681,0.5371534594268171,-1.5349342709452267,-0.5435995346129594,-0.285738927969205,-1.1454017957391778,-1.4616308590914524,-1.2111205989346716
0.6232220238373002,-2.8858354509550246,2.0496397804275612,-0.5723284025033454,-0.8739066135337391,1.1133264204185278,-0.2879878269972449,1.0161758275129147,-0.7757199605529511,0.9115782666608786,0.38202752248807664,1.0496694187567408,1.0717474675290743,0.9550402008062241,1.3600636790617593,1.2303256268998746,-0.9924646856680656,-0.6952629049796578,-1.4052765864270447,-0.995876326972965
0.5059298038514898,-1.7544812567563495,1.0380090114579104,0.2582512306167884,0.7530311511177415,-0.5866933564268791,0.5951727279156057,0.09390095502226681,1.1663364481965792,1.2775143257205723,1.3356603698715666,0.5666333692079811,0.6617523797975415,1.306337860334118,-0.896964765841618,0.4322029273041584,-1.0115818360211528,1.3451315500619818,0.7469860512112408,-0.8037825329446853
-0.8696283773939556,0.019167735500996014,1.6866762894718947,0.06636034002260144,-0.7339884656271077,1.920718783851863,1.7238522419913138,-0.5455975315789481,0.30262988307208977,0.7251716504257971,-0.878303393904641,-0.1394279859726992,0.9638151928876444,-1.435920680475966,1.576456547434734,0.29200663618337247,-0.9072124253084209,0.13251924588976488,0.6121707839813841,2.1693999240536073
1.447855348474878,0.15590504173403055,-0.5012416593062338,-0.042647466999624135,0.20793781394898878,-0.9099510535516387,0.8309984065834688,1.0602000275443786,0.6926183129263441,1.0499399845191686,-0.34677836868859646,0.9605582780957603,0.20021628502947472,-0.1614155317495025,-0.38652226812286505,0.9267184128802709,-1.3344638864224048,-1.4107616506803393,-1.3027440270022428,0.7079156673310583
0.20349747895301323,-0.22033955383556542,-0.28930397326341745,1.052072426300698,0.31704378985354037,1.08053327608122,1.0848059255000946,-0.17715064792170013,0.3745981918750828,-0.24525490624752325,-0.034191926018174626,-0.3094129309880165,0.43480527436495064,-0.03489361342556401,1.5199767390379413,-0.15542458113556237,0.325870388407289,-1.18707357449271,-1.743195607943461,0.7267413392804433
0.06466523476651732,-0.6114189206260846,0.5570178668868626,1.2526428070571909,-1.3216501092006374,-0.19344151373581392,1.1652586802079774,-0.5923898912259944,-0.09650630065953103,-1.1534861191653503,0.9033942100743125,0.6644445766170585,-0.6149346280781005,-0.28695753568444937,-1.9279437960228456,1.5620879423621188,-0.7735553148466447,-0.08722587193132707,1.765071231313246,-0.2881046248857568
-1.3700150964330557,1.215764569978612,1.073093867845573,-0.3382901871362301,1.3082321298673347,-0.9178983475444272,-0.7073412120581675,0.5942627215693028,-1.2164038224588953,-0.5520167871037339,-0.39221441566471954,1.3665948667380359,0.4728980298037906,-0.2593046502888865,-1.2557519597839524,0.0951988566121883,1.4257517398850634,0.7860451258149294,0.08121171995979574,-0.3182980026520335
-0.9358954308909111,0.6320786349260862,-1.4073271221017478,-0.22027911408592135,-1.0072100554422865,0.4464428228053815,-0.2803682281444636,-0.5508279253858012,0.5630210111587971,-0.4642696611497174,-0.889199644061997,1.1367710024938922,-0.0012459782524802522,-0.100292821302639,0.8967907018057605,-1.2305150791112536,0.2510341353590607,-0.037421411539620864,-0.04472645797922329,0.5864234189343173
0.1904682230512074,-1.4923789517522204,1.8452065089794258,-2.0961191961255037,-0.9429190709544639,0.3136419289272867,-0.3993750722635805,-0.9671986119334199,0.5488455292214869,-0.6994617040860434,1.8018813696374305,-0.0006232253479345101,-0.08763612731610837,0.42626399249455327,0.7076595658477907,0.4141112334269361,-1.1777030814830758,-0.15212903638371073,0.046967985126153126,-0.8596026558002711
1.3493333820886177,-1.525209979972867,-0.5944571554920097,0.9339654528338104,0.04882749784636973,1.389436187217379,0.8095613908646977,-1.005865797908897,1.376441471590691,-1.5841548880831244,2.8558406999630908,-0.40751409580509834,2.013096242582852,2.0780056331901644,0.5056187642561104,0.6132891101065039,-0.9507397649800912,0.32162119711992215,-0.026115012385678597,-1.0221896659294367
1.304496908748025,1.2180656213334864,0.9567839636851219,0.2940249617418345,2.310183000459338,1.488645384296773,-0.2894656254235629,0.11316172230114695,-0.266884115468839,-2.5977831574359764,1.2713633393734225,-1.072663532139345,2.2153022184022872,1.1225958969279046,1.3116882359126487,-0.8567416470756032,0.04173316484783462,0.6763792612345355,-1.1404797513828593,-0.44311039247515865
0.7699860678271356,1.2948367989415814,0.44586858050001804,0.3850145754988232,0.6837610780662686,-1.5052112444676842,-0.17242614485262817,0.23912079959501578,-1.4644560020203645,0.9692498431009242,0.3182338335200936,-1.668812071621908,1.015499338004518,1.6102431552476681,-1.4390291497136665,-0.18903713188091556,0.1801867594699796,0.03338486990916213,-0.40760794283797325,-0.8936662772916084
0.6096498019602429,-1.8187454328436627,-0.41744975880858454,-1.0666844733055416,-2.0166936539702336,0.19315798954029398,-0.3760402408889728,0.15420676176884948,1.083581926931741,-0.4277811589462819,-0.1765795298637612,0.6065183573058525,-0.1303247117827885,-0.735731208838649,-0.43131187126003734,1.7882944611620772,-2.7679340159615697,-0.948226812327357,1.53416469488442,1.4332842843125246
1.1794358149468727,-2.30032685108332,-0.014964526236053283,-1.0146386384495394,1.0858537623349527,0.7670146811226402,0.47336449541094955,1.7552093571949876,-1.0186548672114637,1.8262647311975304,-0.3505711495277338,0.7791342698742864,2.3300044188340854,1.4144903100281445,-0.15780282743255317,1.9728194594891597,-2.184987614930957,-1.4221810782142903,-1.5982279774270363,-0.2047987491305934
-0.14434117768927263,0.2305997059334483,-0.405392036450234,-0.29352849639381323,-0.512682776166472,0.7177253118041395,1.2346902420871455,-2.2820286307093154,2.2877786629505272,-1.3512793497610152,0.7662912705513804,1.852668804179845,0.10232258563228074,-0.7902674598070619,0.12888824085223272,0.4192403987077054,-0.8299664991087861,-1.471817652819818,-0.6270500471729477,0.8287840023015698
-1.008092995629977,1.0173452526913824,-1.3388171934634807,1.4199062411832362,1.3668626923478406,-0.09011133411768545,-1.0794602699486398,1.0527141800624398,0.5800131626876517,-0.5365484013143375,-0.16687169433896426,-2.423846683180281,0.24772272753603408,1.938372271453695,-0.5668211272195738,-1.943472449156578,1.7117237643034404,-1.3345328618054417,-0.9445627116080124,-1.3328880931235203
1.1350497751605366,0.7137889672227502,-1.3001275986650174,1.261430621014583,-0.2860782592828951,-0.059219337947765266,0.17226458600281444,1.1286215765199463,0.7353782049207072,0.7514934285533859,-0.795609708755184,-0.9017596053340263,-1.9895173661641525,-1.8856772641084238,0.8236228272905601,-1.1827763080391613,1.0863954043857849,-1.1882614164481735,-1.1425182064516697,1.3230122191848084
-0.9580625696441484,1.2093150253111804,-0.6600605517902332,2.1976210470819373,-1.7136137730242105,0.9689064391784459,1.8014163906610445,-0.8391050554372198,2.1732994965952215,0.7710674122136685,-2.0088336827920203,1.6405465237303343,-2.0020158218000397,-2.0001218141142716,1.2434385823134138,-2.152418830930982,0.5971045766614482,-0.36466644998016967,0.7147499892630638,1.8983797505566837
0.6464613991948438,0.3381682930876718,0.9246041712825852,0.6107591647527562,0.04611533544158515,2.546593834553263,1.0172857742155748,-1.1801084786058158,0.9321264454814339,-0.7155002865993546,0.3211961144424871,1.417668209238495,1.2815069396529633,0.11749499318758544,2.153659575393843,-0.833978811223288,0.34040303242768033,0.6177235479354628,0.15955532122554109,0.015535140095844753
0.6121559736509955,-1.3932235543744922,0.5076013558811416,-0.6554446618103349,0.10771949160869182,2.1337839123917335,0.44423891507997165,-0.6893185617298337,1.018577891906134,0.28768800854552823,0.7416284446716516,0.12383181878146227,1.6798064870979004,0.8405184188329071,2.686804903885875,-0.10224728277216072,-1.1885573493009693,-0.09614899054671971,-0.9754763158634676,0.429827507306079
0.38377723938594654,0.671098009678579,-0.13104735219876276,-1.5518050171671294,-0.7331648521067121,0.10608432654476324,-2.0583219769815573,-0.2623244092282329,-1.3022663927134661,-0.32223790809039105,-0.6354878113745369,1.088622920183183,0.1698873851069553,0.09985231778456923,0.5396766465981307,-0.6798731343114701,0.703470856245694,-0.4818063299626656,-0.27615051372452915,-1.192427675815901
-0.06383550276396649,0.5874972645361155,1.27127858564818,0.3041042450438755,-0.4946528887276914,0.540553993573416,0.8892736982407716,0.09451535624224741,1.036422021861371,-0.20207677508715205,0.8175906667817185,1.401468808540395,-0.20858513512146462,-0.45121598904820615,1.6558872189427265,-2.118531607067158,1.4297023957380002,-0.1572861029666931,-0.3013571732479542,0.05492434456139864
-0.04678053091268311,-1.1189322564060735,-0.3480025698570932,0.29646990247869176,0.8332426007770052,0.5548170355026073,1.4422672535091243,-0.49351196713746026,0.8761917741957606,1.613231552397962,-0.9145521401931092,1.5268029433034704,0.2651574765538556,0.23276037876183284,1.033843608776209,1.024432266498964,-0.8220619018964277,-0.37961390872627054,-1.3134320602162064,0.6279378346271575
-1.304244391710367,1.3979151523306814,1.2341197271436182,-0.5780599907922024,0.1319881777234077,1.7089010014280122,0.290447665142978,0.27812289895719844,0.681104103215511,-0.621527396765639,0.12728237300756226,1.655896788941176,2.122298981544604,0.7041616465963036,0.43036822325831503,-1.7980069759554929,0.800387288775247,0.24500646103369123,0.14405573891260667,-0.6056483181014303
2.0233178084109102,0.07230945826122194,-0.29621676844003925,1.5947620027230478,0.9105870262525988,1.5230194086203472,1.7626566164335433,-0.955826538210953,-0.5293985589971224,-0.4098591846512782,0.8668535825804458,-1.8559517760690487,1.2630221563931037,-0.039840861083474795,1.150517564448351,-0.11372611328575936,-0.4605290526569694,1.026712897097402,0.2146325221022705,0.6014672218249767
0.904507490495888,-0.14566278308904898,0.35165015218504253,0.9780196413119752,-0.49683148186401555,1.1353339328831655,1.4073996339928925,-1.003536319087794,1.5311420797909983,-0.5050855262247721,1.324162702386636,1.806483206126851,-0.39507053049902086,-0.3403888095236192,0.985087735381466,-0.16452989155422929,-0.4419908393267571,-0.8337826929810885,0.08004930558312554,0.40999054961952053
0.18250797979525515,0.5723214190474614,1.090521155831142,-0.2938379414301427,1.7428045688237384,-1.540726967053299,-0.2368669797724226,-1.4741623558207217,-0.3249673602010155,0.3582226321761971,0.23435733239263826,-0.5047480621834632,-0.6408083185488654,1.2635570977945503,-2.360488403481469,0.6795935066052756,0.1586567821277879,0.6566481907530219,0.12371040353099674,-1.6720938377961732
-0.6447719485639547,-0.8185093578268677,0.8356373969122547,-1.5896265160230942,-0.061458107985692116,0.5845650807612254,-0.34643389716294304,0.5041876971178105,-1.5946335207931628,0.4992189705842626,-0.2068396653367094,-0.08650343110249581,0.9976407621970937,0.39210887856159704,1.2650600988743224,1.165756452841429,-0.3756209108751023,-0.7449085969249875,-1.6409231838806462,-0.22590041941412567
-0.041704893015404476,-0.11576462306550026,-1.632629077324332,1.0761000007405617,0.30365837502984805,-1.0723770588417052,-0.8778993628325379,-0.577901995064841,1.1350727116909063,-0.7273218833098334,-0.010266100635157274,-1.067122834982825,-0.8395163887447861,1.092336418953207,-1.502491300808226,-0.2786809720876827,2.122860044950047,-0.898572610450371,-0.4272488365318323,-1.9754637039850949
-2.1591049255645594,-0.1185571553986999,0.19026643917171712,-1.2924865099866556,-0.1977880649067926,0.055039715441373656,0.2463260942597142,-1.0713013567988336,0.36421136927246156,0.30514307893027504,0.9572409509583844,-1.869729794336735,0.20282492535283903,0.27941186096867904,-0.9489629310617943,-0.4177731501683434,-0.24667823679654766,-0.5628574147442588,0.29502766882955417,-0.43237528368349826
1.0039306986291165,-0.2730558048982854,-0.1987657999913707,1.2218476754273142,1.1209804057776853,1.4932143606693722,0.8590408981524023,0.4146163522089996,0.2923422376497527,-0.1805227214957295,-0.1887180232046588,-1.139558572568642,0.29862388729885336,0.09135903589522193,1.2029761468385534,0.6936118448475831,-0.5726475087338615,-0.7363428413177336,-1.74273152699515,0.11352505450941111
0.7702871336865906,-0.07472686965202137,-0.9162509526965096,-0.08705797332176846,0.7554652485282117,-1.259853906347431,0.45111054512859844,0.22679577069368428,-0.33694490139426403,-0.1258197932996084,-0.21968208499723615,-0.3281040868282705,0.44333909364873936,0.2586099563640052,-2.1696494353392906,1.7155882396208746,-0.45801227138299944,-0.10275856850467524,0.9521526507403708,-0.5504775361961485
-0.3786846306476259,-1.9739124899713898,-0.04236927679231238,-1.232092262527719,-1.4080821114280848,0.18982793941677745,-0.05160736302187843,0.07144414515969325,0.11898814092974604,0.3124066230746987,0.19600186146287085,0.9399689673426377,0.3609560312907313,0.2735813772011196,-0.9365919936187167,0.8122053184181613,-1.007733068323938,-0.054756657423048784,1.282532637553353,-0.6630264154463581
1.7552341050730411,2.0614428397504883,0.7999325177058461,0.8257393635924817,0.8951518693195674,1.7844921080791056,0.8193259664551842,-2.155674058421046,0.11715807960196765,-0.5128064610535948,-0.1145643069462599,-1.593346783551958,0.17446283320247666,-0.6152669877048818,1.165428632524515,-0.11139940154194412,0.3998348696257104,-0.5095474430188657,-0.12690257232332386,0.7529093852667896
1.4715262145521066,1.2295191533444934,-1.9678871146358081,0.4822411915245104,-0.9480194046539177,-0.22574237267568018,1.1397814446219994,-1.0343950721599917,-0.2905744260145047,0.6249963381031112,-1.9137759372285588,-0.7652335156612062,0.2188123352210963,-0.967085209180653,1.2249314748989193,-0.31573039494487365,-0.48559275248249123,-0.5846554828638408,-0.9491368711105052,2.1389891990596563
-1.6785216560052887,0.003884654740194603,1.5147879532425443,-2.2683764589961024,-0.4718651080015824,-0.8667245257201848,-2.387277226840015,1.62010854756007,-2.2436832573491863,-0.6421888506721386,0.20280956452120555,0.07616635393334306,-2.0309569550519924,-1.6902672160289136,-0.23467878402934642,-0.7537843424753446,0.30221470765999403,-0.11168408332937675,0.27566290624077866,-0.41118563811657044
0.45124876553116655,-0.6262606912020002,-1.2724897493418315,1.2937093387459275,0.8212789113212715,1.1674966539114164,0.4135539841538414,-1.2362692518613934,0.20330021408050825,1.7085186413961995,-1.0782671766864613,0.024412089756574697,-0.9016144175408153,-0.4828588108732668,0.057647009682736956,-0.5247149662545392,0.943737713900408,0.26849527576390453,0.9188139943962759,-0.736672823898934
0.7895205505970838,0.30505822360202517,-0.2818460623164473,-0.3199435553008236,-0.7082538704917148,-1.3206610210258576,-1.0116324101218452,1.1930115179065595,-1.7667612720557275,-0.01362298828979434,-0.20545243735816732,1.5802862965656912,0.1258478847104019,0.4368282529388808,0.21114326020737426,-0.4976820786583504,-0.9939159369116323,-0.19367298384334342,-0.9684334527045566,-1.1269107837915466
-2.797707018738895,-0.7598806143452405,0.5087133912197802,-1.6944320905753238,0.3864847591443161,-0.1654601835915057,-2.064545294768319,-0.734656313882538,0.1886412622662175,-0.3344529545167284,1.2181335046615014,1.779768259571596,0.4900211978470283,1.1016484939848719,0.909668525415178,-0.8046082449504295,0.5007596199573804,0.9935480208377362,0.38403947413253586,-1.6280167405635582
-1.1871833009336297,0.5996007025694198,-1.5314051818264651,-2.148106382448995,1.0826464683591965,0.8407383519533542,-3.008788137647828,0.3905066781788789,-1.1229827366132181,-1.0697473247373668,-0.5512509860557963,-1.0321540321717113,1.6758476690349264,0.6317589993590551,-0.3755126236961938,0.10337746891858468,0.08044389632648087,1.3152928501335874,0.6292008996124758,-0.308389094697174
-0.3658638111476333,-0.19013075995647352,-0.9208179763192242,-0.3089096216162755,0.8448018297107279,-2.136431739915276,-1.3359913550994533,2.0486381996171064,0.06795975839323626,0.665322220231408,-1.3705448402300198,-0.6573054365135618,-1.0497867066206765,0.5068408274350031,-1.0039505840368559,-1.4881432014694607,1.237265010911177,0.5612656751953072,-0.5242551421911115,-0.6000079077287631
0.153229572760607,0.9222919304001164,-1.2916256738351182,-0.6329160518882633,-0.07606785609362814,-0.1507248607411186,-1.7257637099392469,-2.510001370217441,0.23589205862742535,-1.1346473432603765,0.8652586922827781,-0.0009090390827283977,0.5150706333812257,0.9292070499478761,-1.3227473912360446,1.2870995313421296,0.9112231591974886,0.711226617692522,1.4520828191863258,-1.6673809904816612
1.2767339982323567,0.40332816725813136,0.1456885751675382,1.7837238923129048,0.9057941122879712,0.3767298341693723,0.8153656690889655,-0.23597335006082004,0.2499019991034333,0.5750736794627933,-1.0054983800964488,-1.883758275397291,-1.5484101505639245,-1.1010284538379185,1.095291832464964,-1.5175033991107745,1.9504367454659457,-1.4205793662869555,-1.7498042912569185,-0.1506167400475224
0.5564089308859489,1.2738938205029469,1.9898300666637865,0.1275794549150939,2.601347738883574,-0.598801478665337,-0.792766940031259,1.6890176608941716,-2.2381195153835254,-0.02210212721832696,1.4868253929114625,0.6166312018180972,0.3661327129209417,1.1502575647727717,-1.9737980084072342,-0.482393586691967,1.7341995419427185,-0.1832301985990223,-0.7558522999390836,-2.5725368464912313
0.8679218902235579,0.887281601083629,-0.4954420434480291,0.08472908916535714,0.9980029055078833,-0.19036214561189108,-0.7103412751568302,-0.5633480957899807,-1.5965208899543504,-0.038294659594478836,0.7526669081020965,-0.016396056761751265,1.4057456411935567,1.1093165727436334,-0.1346571468457873,-0.47765762220271024,1.2117446608990379,0.4698274295074542,0.26527143192181524,-1.0070527992567906
-0.42001776726815854,-0.36228177012953866,-0.7981549403103414,-0.5661872440546512,-0.26243465852773457,-0.8817879555845489,-0.4939184930889222,1.2211237005840976,-0.5211534214193899,-0.3254079324676977,-1.3172805293083665,-2.1119871028161152,-1.796809683199348,-1.8254392706291316,-2.3470384338447885,0.8693962519069807,0.6666596124392711,-0.6482569926808515,1.0638022811074612,0.5660464997354905
-0.4632300720855088,0.16168644504495208,-0.6101666488100849,0.8314836438727974,0.31574319085236746,0.45444209489288784,0.49310354736845846,0.48282596711997966,-0.36852100695648554,0.3992264718125592,0.6197126524589259,-0.16287970743998137,0.439667499460112,0.7733235792524085,-0.4025080990642409,-0.3795671221908583,1.0891857554501105,-2.3757802933982033,-1.0587333291759011,-0.7850456402360777
-1.7307537324965077,-0.12158383325073882,1.4712985709670159,0.7198095445376559,-1.438129154296373,0.5779012015027505,0.8640357061453758,-0.11699539855813604,0.3882638201771517,0.05279865273294831,-0.7132139080575657,-0.6331310867998854,-0.4085186110656462,-1.3587421390025394,1.0945725657658785,-0.015846536401864102,1.20202693760904,0.7436264050996493,1.1663973016645681,2.0521451861391786
0.07811112955839995,0.5579159655663138,-0.2411604254097019,1.7793569351383343,0.9294397233250422,-0.10402253644775704,-0.39368005868805106,0.191292450618343,0.3773676028238412,1.1061668329047543,0.600809442021941,-2.1821070871405737,0.09177351679424793,1.619282853816045,-0.8031039432657788,-1.5188161877122541,0.7842016291457663,-1.2449769156448922,-1.4167859583660376,-1.005351041026097
0.21962506833245948,0.5042365272802923,0.3665999209144876,-0.7699387874404656,1.3262065247658401,0.4051926089977319,0.1140389932264264,-0.347596177453972,-1.0535837840026878,-0.7178152073643629,1.2389620006388449,0.2072425746107784,2.1011962390947514,0.8633140729750193,0.067929525957211,0.5219633093879572,-2.0910669051727453,-0.05139030716681409,-0.7414813285742153,-0.19038182394148778
-0.9547789390973378,0.7356758180307778,0.09119311664483755,1.3262660342223958,-2.080814307551345,0.22508022587055831,2.0132062269146536,-2.1494195675912553,1.390048024936727,-0.48052446417128625,0.09021069638718701,1.1776151196687232,-1.067482393745885,-1.8413479282534138,1.3527443821913778,-0.8333736924422512,-0.7327241887271373,0.8581082193002467,1.45619033486246,2.2275443772344596
-1.028885016299749,-0.2521485771910959,1.0641655995716515,0.038963022602089614,-1.0738106310787041,-0.31512257397425025,-0.0901886861456092,0.14270746664691267,-0.24993266228330244,-0.21477232575370286,-0.35584738653332026,-0.07950624277627424,-0.5901641210118775,-0.26633647992253945,-0.5745682910602852,0.8699378957320995,0.6421440010530934,0.6924439327481758,0.7762525085700197,0.14472275603693582
0.2112637089629863,-2.1919353873683827,1.5471474959474323,0.2279223007416013,-2.1354337609453324,0.6994922491045055,0.6303296770046024,-1.0188569440670627,2.226178065485494,-1.353014318724186,2.2823812152269616,0.5177742462927839,-0.10061198766144801,0.6710194181613194,-0.22002913570374197,1.627839785461965,-1.3235139559468276,-0.7970837464678373,0.0483870355096478,-0.009513063668075946
-0.17200521850334272,-0.3772657452504762,-0.8107985331051724,0.8924809558845672,-0.0899367888753282,-0.5085637231953284,0.4152607831050046,-0.8513211021242395,0.7287264854649228,0.9187427063360911,0.07363052453432709,0.7946651004768347,-0.17588597642656398,0.3031181303460207,-1.2628793742887088,0.5090027278450187,-0.39310147698985426,-0.20423538662174734,0.6184243362816436,-0.1516935547161366
-0.6993236356672043,0.017089928270170567,0.28282425541837003,-1.4881317994489422,-0.20445863961776212,-0.38184253957917846,-0.7475654764158761,2.5092281154051697,-0.15747566355782167,0.4374136903431306,-0.40216010275187436,-0.08294236275100712,1.3199255822034077,0.7622701810288771,0.5177617464084453,0.23799421696292072,0.47377405512678344,0.17958681925063655,-0.2729907441864823,0.7976926460385594
0.8771270858763761,-0.012399408308191152,-0.5092470704870233,0.9019500386118581,0.1678786139857785,1.427693505329599,1.062024927546098,-0.7071595912856862,1.3010156288727353,1.5332350072717251,-2.1136522504144737,-1.197613635320359,-0.9118059955849905,-1.9765520622758619,2.093192650064708,0.047096715232286944,1.2278878278499223,1.7240164335049493,1.2813754209348354,2.586547285929791
-0.3116763316864726,-1.1348762532132608,-0.25292532048834354,-0.9794143328283272,1.0410729797644294,2.1463969091563406,0.6589122822546544,-0.03236019882152785,1.3161305280476314,0.4245068450362831,-0.22391930196310997,1.17104325625989,2.516065567923365,0.6866433298018709,0.3487277880386585,1.7287459942940275,-1.29206485393617,-0.5108637378653607,-0.6530645241814689,1.4181621546911063
-1.2758588698163238,1.3512607726021115,-0.15582754662826964,-0.30383064871215054,-0.6212162474276419,2.486284478990743,1.5107615743812712,-1.2417409859854267,1.5905020726160473,-0.30392806562808106,-0.055616455846676724,0.8757186046864374,-0.10296126449485864,-1.5554267188321236,1.0072881814103771,-1.7529143442118957,0.5758787669927313,0.011037781124621842,1.2022174916200195,0.7489864842947335
-1.4458854302022506,-1.7887801418664968,-0.21538962364148745,-1.9678265600526663,-0.05942949410308955,-1.0395541191628055,-1.3556087374037018,0.7910751006128394,-0.5375347432552643,-0.8151573717062729,1.2268527845087598,-0.40098421437911025,0.022563001502469697,0.33990966861323707,-1.6906094392779802,1.1941812712999045,-0.7204280683622619,0.07233979521127233,0.869159808698859,-0.9702144771908107
0.8339542607429605,0.09192133703089121,-1.0463607748148263,0.45228850998423475,-1.141018685141443,0.14338673878523028,-0.4447693357998379,-1.4149884665854908,0.10945851041905662,-1.0365923576287124,-0.9748682068509127,-2.0306946635831884,-0.8629806854466102,-1.0986080913353455,0.1615127364878071,0.013634208400688162,-0.47433404369665066,-0.3137688620718556,0.48640153165416644,1.2772849866736367
1.6662199378492415,1.0108875401096258,-0.7663441024501617,1.9681870238087422,1.1818453438449776,-1.182168967290927,0.3542970244432716,-0.25756118036575143,0.21000407082601,0.57407663413074,-1.3913990247563477,0.730209059354416,-1.012428147536197,-0.42194316348428035,0.5515245639964771,-0.5451487391287867,0.2970623381114623,1.7865227404629138,0.5035276734869863,0.8616454113513169
0.12921686330151588,-0.9507297639177256,0.00339960765036027,0.2074776414899665,0.8364011416018485,-1.2415966238197955,0.3583174520571019,-0.11092175518841789,2.1582083587853473,-1.026706723758606,2.16848620580348,-1.1940698662478926,-0.07853750507655946,1.6196352706717259,-0.4880866948746457,-0.2874296916303645,-0.9232106679792633,0.5519158925106387,-0.17291796002714796,-0.7898381922235101
-1.2699084391649729,-0.34247636633393563,0.14567892817411254,-1.26575848789742,0.043864671389367685,-0.3094466289257358,-0.2562444932493056,1.1161016086268123,-1.648391979349636,1.487958048511815,0.13903234062327585,0.4585028976011644,1.1762174652528086,0.9875689995596983,-0.467988788183744,0.004745491287799658,-0.28105352505714065,-0.18647543003796785,-0.2485399452508481,-0.23983019522198504
1.112934083508134,-0.0024444642238075943,2.009629857654554,1.3480253976302428,2.150056542584782,1.41171678306372,0.8889830501441599,1.8379406841228294,0.19892247368532717,0.9282855711216237,-0.19878979105233185,-0.2771207912938898,0.45414894537401296,0.12973373816863965,-0.4525101716244903,-0.16570871549793,0.5972383782193708,1.431413458045926,0.5980881546109366,0.03078926026163648
-0.01317579647394519,-0.5560828338822117,0.5509405435760603,-0.8983721988765309,0.3549522539611637,0.1469248249050954,-0.48735658368017143,-0.467741451177315,-1.4137852985968278,1.2275596079435205,0.05522666340233945,-0.3697715407053695,-0.1937622996979723,0.4075608185852097,-0.9634205766453717,0.06772217744815245,0.049103202771305664,-0.4541783088543108,0.18555689213141646,-1.3664187619070276
0.2196862575836461,-0.22998730485239327,-0.8070084577425038,1.7369446079688446,1.9881354378734093,-0.39319516852865843,0.7397485197758438,-0.5593629552036722,-0.2617055308017682,0.6729699923560234,0.1250306863323501,0.25982399335311035,-0.006748397226816248,0.7192916849110876,-0.15253340925345457,0.722470374005739,0.47345632795326725,-0.37822252754458335,-1.5610306818891009,-0.3425842280415081
-0.5496091319229687,0.06413637289186719,0.9973765013474251,-0.5720929901629227,-1.4490667335904288,-0.4274480112222318,-0.8495529080837289,0.35482863064100334,-1.3627526464229847,-0.2212278722613413,0.05118581105607459,-1.8127442273145817,-0.5230099290419638,0.06093459884176869,-0.9013749854744857,-0.6224059722372869,0.3460865564011195,-1.7375214749234404,-0.8527667231475758,-1.5426464148652825
1.202940215702007,-1.9932813549302455,-0.8500492857050517,-0.3009374925549663,-0.6112259090243412,-0.09007950809954654,0.37790942935359706,0.552626474108991,-0.5102285521236126,1.6672695057741047,-0.6017033782215051,1.8321424867189826,0.7900020647331614,1.1633089336990772,-1.113551283973216,1.3630242874519252,-2.3152005057462834,-1.3638177083045677,0.30729058942463994,-0.8896723526251114
-0.3980744766220351,0.26736080140298935,0.001150825349157342,1.6697023137071827,-0.5726867940154441,-0.0692004830562175,1.1066560837826993,0.10155528383295893,0.16791085335489897,0.18372347456606203,-0.8821933879672755,0.700349684748325,-1.7152439865441034,-1.355517954242028,-0.12487083628367805,-0.479231001089609,1.2200866364247176,-0.8621008027892516,0.1947345417644497,0.9912895004053494
1.5210306754285325,-0.26741739306622986,-0.7941958826044219,0.8933982208794575,0.7247836950436896,1.091758331705646,-0.003107647421345645,-0.43909922585488603,0.49064695224325244,0.6900532584239815,-0.4480457481776963,0.18879770344796984,0.5140307636212325,-0.050316224545682485,0.03213380861361096,1.1421665970220005,-0.6610360094343796,2.195315925192755,1.2653873675983507,1.0581753559834584
1.508285821770426,2.1649638390626667,-0.9979764625948196,-0.252479864495022,0.3759616506281396,-2.858948566805374,-1.505743328445764,0.6736638029420499,-0.6464890979677783,-0.3718854182831365,-1.0117431425817502,-2.0710008451871427,-0.5567705067760949,0.15317433627241273,-2.658417571284214,-1.3192028663042317,0.9400173623641059,0.8988631451382487,0.7231604912723857,-0.9252156205163781
-0.32561913215250443,0.7396513066408877,-1.2582794695816006,0.8482720327673448,-1.4239692107382693,-0.7673723585006572,0.7008894398516168,1.373336768109325,0.3214516172780435,0.16756400189967877,-0.8183032241786834,0.8678446980717639,0.07680451418302159,-0.15511113686420075,-0.7272094188513097,-0.2302110029988814,-0.27949922615041367,0.31456517931695593,0.6027396740155446,0.8516851583542119
-0.07048795967896195,-0.20720332009568154,0.7529674359139681,-0.7449673848602582,-0.10001383448701737,0.24003192522448663,1.0943584032505946,-0.9640377367237271,0.07520443453547539,1.9788969050231224,-0.1084413332398633,0.7398591638820634,-0.24801802363532188,-0.7899312720248538,0.3710280271027289,-0.8523454134856508,-0.7351262665204648,2.093045569552324,1.5252067514125773,-0.22385338550344414
-1.5243334150444101,0.10341556002421164,-0.6399689518677273,-1.731094283481206,-0.23906883703388618,-1.9812830924851574,-2.982877690387813,-0.5808415792724764,0.04037833612391245,-1.9532338904747935,-0.1104939084800488,-0.39394679986749637,-1.611892742881228,-1.0532925988503758,0.1855532920523851,0.6659575454512476,1.4883143773485947,0.09568524414933843,-0.601759929881205,0.10876016528733326
-0.9390884666986183,-1.0866617402832897,0.9209102860910784,-1.6561367885341247,-0.7268094942637712,0.38247010507440415,0.6376419340833998,-0.30414853067232084,0.7492012691637064,1.3543790661715245,-0.19316400408882656,-0.23122881967203185,-0.42649969316571745,-0.8192595005792923,-0.4196927123078359,0.21066186571566428,-1.1130591733957598,-1.2213193096498758,-0.3135354772361022,0.4141740709247595
0.725594985144847,-1.579555334562856,-1.1643970809351178,0.4228536950329189,0.9518935658392054,2.3084544925746756e-05,0.08375383785451565,-0.27262337736465114,-0.26267578513173273,-0.1619238670896163,0.43222747649299287,-1.7865667217745618,-0.10284362633213882,0.15721002857938232,-0.7764664816599907,2.3293386898612978,-0.5480968991916715,0.2007890287687343,-0.6698227419546993,0.09309634295795614
-0.43014816673936124,0.5388977399935123,0.2649852167599483,0.8731249347251342,0.8906662178388933,0.035545396616358124,0.9101507761923037,-1.1774527850793264,0.9415151934081373,-0.4516318539843752,0.7358568613321954,0.31664112620161006,-0.07271506972192453,-0.3381493649582678,0.06997588251219664,0.8492505977063416,-0.7854407438069236,2.200360536958189,1.1490722862958145,1.20641988549551
0.6713507684304816,-0.22465984619053606,0.6396267353669725,0.286910540641658,1.438569824381148,0.3064426562825107,0.18866612824629433,-0.11825813174158369,0.473347423060511,0.6761802663804443,0.21806021451431998,0.32521757443939536,-0.4664795403016752,-0.030802553448455564,-0.4754389465182805,-0.04130823717458482,1.18101418634673,0.10750732553111707,-0.7551953838133638,-0.6314946836887189
0.4029319031907176,-0.8858951477843704,0.21390082345622116,-0.521184595320909,-0.8441837456651579,0.3590420275958059,-0.627455410635491,-0.21925878383603217,-0.09901507148280614,-2.5191788010087715,1.3788441048925038,0.4719813790155571,-0.57429701181166,-0.8283234249518333,0.9596160305409357,0.31940853205971725,-1.4478612170169385,0.6400852453000121,0.590255149714669,-0.13876656487816438
-0.7404611082215418,0.11449164464886284,0.7391321343531144,-0.7566603775343386,-0.4036828560773689,0.7849464788249326,-0.9916445210739868,0.12014694862850993,0.38182847065334424,-0.14941918538613413,0.8400926112053888,-0.005083228154750348,2.2072414444732944,1.2765780389914374,1.0446249994236507,0.5166325471033313,0.34270660047736157,1.986748098305958,1.3221466560221187,0.6880852645389349
0.16712872134897247,-2.093716141485698,-0.47587470890495215,-1.5836195248598797,0.900461101694138,-1.2265330406301789,-1.497725894538527,0.45837320852247304,0.6464472357284823,-0.10378553706093953,0.5979513581676117,-1.4049893791332657,-1.947936216574825,-0.25906835000615064,1.6952594533403258,-0.3426182634693761,0.47383116064024283,-2.41134615569243,-3.546022308530248,-0.09386744434780142
-0.5365586239144697,2.0479176382376734,-0.6595150184319035,-0.6600084371274131,-1.916951862982554,-0.5565257595060263,0.16303288631875687,-0.6680556662607403,1.4146442942728938,-0.8527766305263896,-0.1639391775396378,0.2097154282556398,0.17256882089834413,-0.1744166080776007,-0.8864162660548058,-2.2910784910334123,-0.10467936242580309,-0.14038529661052576,1.091424963037399,-0.06651143207370103
-0.5467107931664218,-0.023371393079618653,-0.7263166990637582,0.11836290649160952,0.7433346103849764,0.0046548328843537745,0.4980596317307865,1.026542896813837,1.1110782833839457,-0.44170199474408156,0.9470072376166657,0.2379481053770323,1.2267619919847061,1.7595785632921246,-0.2938929737974652,0.18748480841550372,0.1880289900065062,-0.874148550931851,-1.037381481627131,-0.7711869983897899
0.03172938867269555,1.2660397275412023,-1.2369175603177103,0.3001732587502471,-1.9311272788217417,0.3908189970515768,0.7542627747644494,-0.12564357460605274,-0.5626806469970925,1.6667317170126392,-4.191994662305272,1.4933209924837363,-1.7809328606847754,-3.0704120992257535,0.2701286085940629,-0.5265955542559522,-0.3286088803080587,1.238725206771948,2.4390794419574013,2.2844686104697183
-1.4874629214705954,1.1138365846446365,0.07427865033895761,-0.0285177907613837,-0.9488826977087231,-0.1815073038623956,-0.7137714757504066,-0.30237428808483474,-1.8726158370952284,-1.614232779201342,1.3005572685729554,-0.39875404433125183,1.4269472650386987,1.0905823244652968,0.9613026842436783,-0.21608740575707175,0.9243059116319916,-1.5467172945621468,-1.9205420875537127,-0.26232027980606615
0.3035256801129979,0.6384786649787092,-0.22783644151858234,0.25570661599477706,-0.500964715103556,0.22277069192710505,0.49768267713802117,1.0278521763059372,-0.2417985031309535,1.507104095821815,-1.1519431373547213,0.723683695953714,-0.2786519285035279,-0.482818047036795,-0.38488450971184995,-0.7246404860845965,1.1938302773209888,0.04408036116694163,-0.17336132875624732,0.37309609185566517
-0.9668309257177551,-1.5395781953372902,1.186632140173814,-1.2709057798874486,-0.9554474511607722,0.04841970968043281,0.3204188914300422,0.2737167521864614,0.1616005701912636,1.0510137610180998,-0.24939405118714572,1.7111871755809653,-0.14066424788460175,-0.5544440279222492,-0.11868602318158714,0.41825280621478605,-0.6882960067204537,1.0499904611513289,1.6246986598551576,0.196106716353919
0.6463972157421547,0.4640929116098909,0.412442617353956,-0.6471298746634222,-0.18242575429864405,-0.02226888433835367,-0.6459473463846666,-0.19238575478238762,-0.7943645922667083,0.18596803854675192,-0.991594473171154,0.7524172654111739,-0.5129252956005975,-0.9634306663447987,-0.35836908684685015,0.3692344289446897,0.2504033789679802,0.6937593742387217,1.0058243613497106,-0.2188435330539835
-1.0304418998571507,-0.5825365423393633,-1.063014089515599,0.6017213471273098,1.003860572830327,1.933477643515328,0.614459298933318,0.21718420496406332,0.5633432842842159,0.05871945947600051,-0.40870827805439863,-0.37586522509455883,0.9351181323342117,0.8445708603496627,1.5271582385071756,-0.002856240487165562,0.0721757910096584,-0.49209115136568155,-0.6539453686081258,0.10531155168561816
-0.5354298584615893,0.4419340274963493,0.2180817117139413,0.1177917604697225,-1.0082215473529168,0.3385965300831812,0.271686245141904,0.8510411072098352,1.4990833798737175,-1.3632473072805387,-0.29159116578725663,1.101268305734326,-0.5641706413707005,-1.2595724080822033,-0.0005734368915879114,-0.5387654701269398,0.4092744659451299,1.5354344792677752,2.023679929692371,1.407271801858159
0.19487322354845876,-0.6792856819399723,-0.40089590515495593,-0.845393322139554,-0.7883159018408431,-0.6973970642181778,-1.5891268016400941,0.5575808357077945,-1.044187403204197,-0.33420553622628263,-1.2293983637660821,-1.0342663797528855,-0.7274469270294306,-0.8308643144271516,0.5742446995049616,-0.15771670640868288,0.37535582015213365,-1.1070602207911286,-0.9760569397739198,0.284529293939759
-1.244928041881279,1.3419915795393018,0.7484812968147829,1.1232728274007266,-1.2262949908401797,-0.6994310371703133,0.8104582231636388,0.27164968716685195,2.2583887259628264,-2.2006301916956437,2.2319301211397073,-0.1749047617938671,-0.8294426047026645,1.0311981017232577,-0.6513128016022697,-1.7028361096425126,0.965239621480267,-1.340305855425026,-0.7643500804760567,-0.8181831972220109
-0.6487485058138206,1.0147355949369046,1.0540843555799668,-0.6022211543855828,-1.1468445428121912,0.3734646865489996,0.440796884263095,1.1319168132595343,0.8073646018524319,-0.14620818880099345,0.1702263626342903,1.5325715309522767,1.759215907606099,0.3562412815543435,1.8030595230696156,0.062549998288853,0.7412348496448455,-0.6392868972185417,-0.9975328970911734,1.8789224348809335
0.1779956932740493,0.5970070078062293,2.0783223420434243,0.3383425691046196,1.9343578478330115,0.8777679884170143,0.8047390965197865,-0.9233638958576554,0.6595033165138149,0.9403704832827515,0.530593937716453,0.307879814475219,0.07130726035386185,0.1652931911789724,1.0790920152601904,-1.1062006927498733,1.860447790227251,1.3420812879490032,-0.5727853027108067,-0.11819502085164763
-1.0266526234344344,0.6571209490001318,-1.3722130711455067,0.3319376621556951,0.6459189401658695,-1.3061158269559665,-0.895618269057033,-1.1354890254370036,0.5728162898940212,0.9051694721543581,-0.5499293173324372,0.4816281250845136,-1.379749744916033,0.0003958754175535769,0.2041972066682363,-1.8994657850971277,1.9405008736827447,1.6351221874578021,0.43722204843419177,-0.4536150357685833
0.7239935890837182,-0.2743604235885259,-0.9421239557848512,-1.64192693671924,0.5991100946746614,-3.11059793092948,-1.3624931773896058,0.28698236539680017,-0.2689593274082636,1.5377481441785887,-0.4435827135489896,-0.19231953472546778,-1.1539805627197652,-0.238473912118246,-1.8823944817601623,0.5356224866275853,-1.0908046193486816,1.2629687994485035,-0.06554560748299643,-0.6022390407303414
-0.7294958664659033,-0.08391506782154928,-0.6606468586854087,-1.063181352018898,-1.1274850559370757,-0.7697053741744,-1.2027684849174116,-0.8240802287606117,1.3760048449993532,-0.5117106990080064,-0.019310985133067154,0.8202647252633848,-0.8590115509483004,-0.2659388313097427,0.2842435041712858,-0.2912284331576129,0.6670546404494356,-0.07832209303729051,-0.09705434219159233,0.18064128649394384
-0.9822365206596888,-1.3112766922442267,-1.4981255079785167,-0.2420658507685078,-1.551787236732442,-0.2676847765364069,-0.2680201510801623,1.3931994979639026,-2.0135401640117285,1.0722187367413694,-1.1078149037881828,0.5678003232380004,0.8610409648967713,0.9080983475009653,0.9521221903099223,0.49478103178486743,-0.5461553687828692,-1.8774403971343194,-1.9714129749562668,-0.7451392101947096
-0.5570999676226178,-0.09482276284768518,1.0218080002377847,0.22905356661129092,1.6058434404666457,1.2307993811249451,-0.5611813059311676,0.09616446270443792,-0.40977576631871865,0.44262976209538496,0.6327062800001296,-0.3275137299972053,1.135659737502017,1.5005555588577537,0.7343515916791102,0.4191220053881921,0.17341175026852246,2.667027217648517,1.3647384942321048,0.11899831095309324
-1.2034142092115638,1.386284472942971,-0.7299933949428482,-2.63216272917622,-1.2670081400669888,-1.371269642894777,-1.6875569246807827,0.7689554321681157,-0.7978799828859695,-1.9132383921861145,-0.9758646070678463,0.20258617229359982,-1.3044575920809893,-2.022251564310044,0.06952610835206963,-0.8276938248193624,-0.3046564423767199,1.4794551140041667,1.8070337839344703,0.9713284097497991
-0.45311222425015113,0.3609274844631886,1.4465637579556496,1.2809915883599041,-0.881843111662811,0.5097779944610247,1.3960256385443024,0.479299611914932,0.6397675925060272,-1.004282394957035,0.791062739033708,0.5069063141550004,-0.4376054308740006,-0.3557088810408317,0.38176707139249133,1.611839800937436,0.7586938931537998,0.6032765358891894,1.608618264932639,1.2807666490249405
1.5860465899273357,-1.6131002590650276,-0.38138206758029336,0.5186260235255228,-0.23833621698667887,-0.9096270636884641,-0.5744299337088579,1.0201181632901277,-0.8836189128589569,-1.8015290760374654,0.865354437232811,-1.1474988908589607,0.4055405879956183,0.5366363839336737,-0.27142197745256724,1.1626632598486337,-1.2311601863159887,-0.01931533927796648,-0.21666868107407078,-0.45371302577845196
-1.0632641669743512,0.2817933468502096,0.5437167816168863,1.0070214247418243,0.05164481644513753,0.441689446738951,0.5974001459274371,1.3036818191757717,-1.588775410567793,-0.5647125615671489,-0.7609389671784175,-1.5749285501924086,0.03117325103983027,-0.806834764862534,0.6264040480126103,0.7278035731908604,0.8223280244575829,-0.43583154188688283,0.1647788116410965,1.3754448258014706
1.0627800397562313,1.7303240131566342,0.07471003975071573,0.6594635543639911,-1.1074237733198158,-0.3510410462984025,1.0942750229349893,-0.1635075372130451,0.7802016919838121,-0.81600784788042,0.050666018990378855,-0.6140990949003561,-0.2115370666588133,0.3014030640153785,-0.07233708117221206,-1.112304446334984,0.0801901568244206,-0.21175511458739812,0.23606846031613704,0.16603133121634214
1.104067964115689,1.4062458465258458,1.1934535000494557,0.42239476874747517,-0.67024416503561,0.19719552096380186,1.39927122430372,-0.6751013056815912,-0.0005538191735753647,0.37795142404129134,0.8173374024882455,-0.6666016773837563,-0.6586525818656495,-1.4780572281411355,-0.10670469138529236,-0.8300412625726531,-0.9683242941200997,1.5021133581349972,1.8365336684682352,0.6399792062190133
-3.173848197432593,1.0519567638565115,-1.5113720880141974,-2.6452707541442204,-1.7284292040483724,-0.016977571936574547,-2.673106836979489,0.2528651893821445,0.8937443077807968,-0.9912694159440554,-0.6584110758488743,0.49796343031227414,-0.01628962010654187,-0.07708061708659002,0.7994508602135962,-1.308708890782306,0.27520503231738225,0.30442231943163234,-0.009068042506022776,0.17257513293290835
1.5472848377688364,0.5477652202294095,-1.0734528278178768,1.2874851412903867,0.584389156998894,-0.8861587377608826,0.3976201743933927,-0.5303162255312225,0.09829085907736142,0.771957727900594,-0.9503948675773677,0.3682340646380078,-0.2679250560491238,0.19538691295382943,-0.160306773900381,-0.2441861070497045,-0.8873972291743077,1.4346490647891588,0.5149303729582831,0.1108047044365946
0.07332845294455673,-1.0853000876824284,0.44441182971878457,-0.6800022963651688,0.3292034498940259,-0.3987017170474691,-0.26468453275243053,0.7786767747650125,0.4127537934345793,1.3719042761766216,-0.5653923803732837,0.04012752946132727,0.7678410694913466,0.551229340001386,0.5683790698696711,0.855183107445343,0.3770301182394071,0.9002794643642726,-0.48771856479506326,0.17949926353368628
-0.05317523283881821,0.9846548281093511,-3.4887605004779383,0.3214951359702323,-0.979795022321156,-1.0055701870754206,-1.2998846588063773,-0.13438069711840744,-0.6820659653669413,-1.1807669561586873,-1.9091723571616983,-1.6403312569745923,-0.9210261797649343,-0.9189810268566183,0.9951969045718051,-0.36324681052165486,0.5810179463649614,-1.0569597830178084,-1.3242833790190573,0.6539348484224896
-0.26286227603185197,1.4897354020851827,1.076519159056988,1.6144028683060203,-0.6062036637325041,-0.35120403301899705,1.3095840166772874,1.0270970128965509,-1.0516859481949499,-1.0959981452907768,0.792346619611948,-0.34443252270090974,0.10638815913711373,-0.08338540767910893,0.03285630860812546,-1.6573908829030009,1.4510882006341843,-0.8460341809791193,0.13689636337593225,0.10201113143004303
1.3146674388299284,1.3351718211136243,0.7563807105520597,0.39826178884609853,-1.3138199748903272,0.22615410322247853,-0.07550465595011183,-0.48318468896664174,0.1381911249887093,0.8810251272201198,-1.1513951775181537,1.3993390752986028,-1.098332434107691,-1.6402356877728657,1.5583002454813015,-1.5091541297605697,0.5162957109983246,0.41849458116020494,0.4983816568860694,0.6688457114155715
-0.007805711995381402,0.1405851529867824,0.657827207480864,-0.18052739441025942,-0.5895819708299329,-0.29051873660142674,0.3105009215377776,1.2545821406301378,-0.3885482675930383,-0.47669445202650346,-0.5229089785435311,0.33654478369471497,0.24440898624937607,-0.41509501875130567,0.8442963546602571,0.7573022867212869,-0.7078729681617678,0.01376390601029673,-0.5195150786738344,1.5611942347299141
0.5922526999932539,2.3148395544662725,0.592195702234216,0.5345924963616049,0.040035796035467974,0.5854300016616775,1.2321826246596435,-0.6988949889410148,-0.3893407739688429,-0.01810633395035205,-0.017459539067411323,-2.152951055991102,0.7980319712394317,-0.31905856912112157,-0.06003793739403212,-0.5686404060982305,0.12917207287883037,-0.6154253994838184,-0.5302610906839671,0.3205207966454099
