X1,X2,X3,X4,X5,X6,X7,X8,X9,X10,X11,X12,X13,X14,X15,X16,X17,X18,X19,X20
-0.5550360534887886,-0.1898539653827288,-0.026785667501791583,0.26324997610697787,-0.6535990201997087,0.10909763967434231,-0.7994185576679409,0.11053483707573482,-1.1875366784289358,-0.14391771245085208,-1.8375719862612316,1.3621368894158319,-0.9209457504610471,-1.114746815109105,-0.027275442111406662,1.032078338811291,0.9219017224398527,0.8640869982747185,-1.0034107644504937,-1.745625401882263
1.7971439130632763,0.8143490110613794,0.026984623146964284,0.8040565108647111,0.17225692967955736,-1.0624522721558423,0.793106288321203,-0.25163967109044466,-0.6201632304920658,-0.6770448727081397,2.58527209476057,1.4028498423462705,1.5908847760486742,-0.10213584224067704,-1.5624711244879845,-0.8305190262559174,0.40579874324865883,0.5407954928686799,-0.5180538506938249,-1.105741663990295
-0.18245739823512921,-0.17604815609332278,0.27166933285284545,0.08750996594669692,1.0732872892598784,-0.8462197519163464,0.5728486414919816,-1.97043610881658,1.4910556831129802,0.513187435590744,-0.39825399552080626,-0.7978926900745819,0.36479240991818895,0.9940855929893766,1.0851299361839302,-0.22571987696272885,0.16788373834319542,-0.49483949469475685,1.3833281997435924,1.9624736567409895
0.20291655966995656,-3.0217910563815713,-0.3133923608260632,0.3037593303933694,-1.1186566214025595,-0.10367993231028019,-1.2397341205862273,0.8624810485896413,-0.9812598504646173,0.18068743808915255,2.2524444549739933,0.4794670569526392,-0.29035549580888254,1.060110876746499,-1.2071339993368784,-1.6840048745067275,-0.881232410455579,-0.9885183754356698,-0.689046644649671,-1.108795068456196
-1.3436116334120418,-0.12969854795682045,-0.5133028452301063,-0.6721987498067256,0.215328375434043,1.0910594987559998,-0.6981131213573303,1.7957970635510174,0.56373626443939,0.233784338911587,1.3338982007934919,-0.6841734405332637,-1.175968497137402,-0.8656270726491406,-0.05312152349431153,-2.442080564196234,-0.5082541358990564,1.5568256890738936,0.7630034941716829,1.152513712112484
0.7348105204807988,1.1946459557799294,-1.1561293782258824,-0.7378659501345289,0.9819810659535183,0.062461853170788596,0.23364518641426624,-0.3968396445362591,-0.7755531633706212,1.3454119503939794,-1.0781550855512765,0.6467916954561573,-1.1462749090629543,-0.6373178017323187,-0.6294742931763345,1.1309766063045752,-0.4773286303883329,0.3935950460728612,-0.3936324018778836,-1.2950264681438493
-0.0904372469207326,-0.06724940567935128,-0.4900403934380986,-0.6106391454633693,-0.291129962685445,-1.1758564608592998,-2.182406797701128,0.7491111128388301,1.6326589769019877,0.7150136397951902,-0.05577814755975637,-0.625989292117863,1.1358383278328323,-0.6281349099104754,-1.1580210821230459,0.4762153456275533,1.1794150502341165,-0.1484018887875706,0.6081578253866382,-0.867942158120187
-1.5616022286167994,-0.522707645639711,-1.940834847809075,-0.32311625781896647,-1.6750057977722694,0.540143412350924,-1.9305490506152019,1.9836887264268486,0.49448043168739353,-0.2046293809555475,0.3083236268413868,-0.09707380342922223,0.49978332866035297,-1.5068728955426025,1.018347416061468,0.013204639077993505,-0.6942597746499538,0.6718753183455145,-0.13921840398130866,0.39028464800903856
-1.5483044216076667,-0.5423943952706617,-1.3804737286102933,0.3364895832825308,-0.8919667356689327,0.18978208070995575,-0.027706251195396072,0.40388238137384636,1.1030422427257243,1.9926034136031439,0.8975180012974265,-1.4558416108348864,1.0005918730030887,-1.02059802437775,0.020622957170456317,-0.7007078518812406,1.1157308418660334,-0.14164500886409878,1.62810864988357,1.347998905755476
-1.4958359875683545,0.0021264345892863337,0.49103406971052177,0.4528186704099613,0.8130461187135852,0.10411263393900391,-0.18846925971216247,-0.026301562555161397,0.5860460003954148,1.7889762585042368,0.29252750966002034,-1.0490051517717531,0.348515861408649,0.6789273544067499,0.5606575896777709,-0.07015422071103149,1.2737750919049766,-0.1906479846658406,1.0316443235852082,0.2533772021516047
1.502184265144517,-0.6639578990708694,0.4452896164722616,-1.4284412817237981,0.08017448340415424,-0.9673080232404118,0.5396491408544143,-0.6488769641216589,-0.6992041764172443,1.2852027020819097,-0.1400132651075701,-0.8309805981040786,-0.4321426485225573,1.1258699252367244,-0.11291626006339792,-0.8455057630000853,0.10605214085125361,-0.4126931085545512,0.3440450755092765,0.23552309869745527
-0.25592857761631677,-0.24098256237399127,0.5746249975111327,-0.11900941617899773,1.613746418440354,2.3991835350386452,-2.3455812741275963,0.30267125020582253,1.0901332093758576,0.09233417225176958,-0.9137915049636656,-1.856860392703511,-0.5864139771474544,2.3440745927875977,-0.03873594235098274,-0.11294458903133042,1.47294144949815,1.0937619370228253,-0.7851816774934592,-0.38990537180571017
-1.2506731477330877,1.4503480514406721,0.7435062800333315,-0.3164234534530946,2.5279288049272735,-0.1256828190756372,-0.06902176091165006,-1.803671691966468,-2.233892088283255,1.3608180833269383,0.21406930846153446,1.2090428358296763,-0.7007197932174658,1.545467874537165,0.34600800246960783,1.2011179887696044,0.38574503680005257,1.2102503476531592,-0.9024519648142785,-1.0443295815654967
-1.7606550658005968,-0.23297148640330248,-0.3241730938432144,0.7038190794927075,-0.6084696156178555,-1.8881728913651696,-0.9481834251235942,-0.28908134102837985,0.9404302276053945,1.1690769638889555,-0.07060182769884364,0.6229564339868814,0.7641064691213657,-1.826572854429501,1.3221014850185409,-0.09504110084866926,2.590302942065715,-0.24249716710186375,-0.4336200823978332,-1.0956461718822348
1.7589018168481372,-0.19231218099486777,-1.204635398712145,-1.8934188070308884,1.0254052300932766,0.32286986872339396,0.4215533166026405,-2.912164299744962,-0.0620835007770264,-0.4582630146583094,-1.1738030981930216,0.11441696743614298,0.002710954963328533,0.48382155494812235,1.452755915410513,0.9309025136426868,0.8834678165306779,-0.3734810731530026,-0.6254107102861087,-0.5181791453175691
0.25729873508884205,-1.2566247308563427,-0.9269272427384031,0.7628557007133931,-1.6356043917708152,-0.20736142753535478,-0.6285408236090079,-1.2364592726099413,0.6944498763445517,-0.2260671611552585,0.5696556928233788,0.25604690192719487,2.0482176695449446,-0.6258822547611224,-1.000994874396136,2.0895918452222895,0.6634258724692891,-1.5847097781054595,-0.42363515232072213,-0.9071956709847876
0.6354708383937259,0.3135588601471235,-0.8100106046414527,0.002391391540320901,0.7152778724810106,-0.5629253116798427,-1.3403079039109476,-1.1044999171494998,0.1597342941882786,0.5221200672022953,0.6678572330113327,-0.46293273387051687,-1.1333540849648132,-0.17859987494231438,-0.16518809804000775,-1.0128482672250072,-0.5505568519929956,-0.5060867981733944,0.09456673029539736,0.05989154539842187
0.16663854070735568,-1.1555728204597435,0.9523345335065412,0.9562429381027435,-0.46516005116190046,-1.465943979406266,1.309208776373118,0.6658702958975345,-1.0468302711341904,-0.6519222882511836,-1.3787637409292435,0.8096517325922775,-1.1188869836994235,0.6070898853135933,-0.624201960895446,-1.0107112238970912,-0.059173949838359566,0.013702116865945309,0.9175685802232083,0.07981985063544897
0.2730810809621967,-1.1214175464274005,0.6798910447804326,0.7332104095376155,-1.034452943579324,-1.0423000922086805,-0.35758807390541053,1.4865861785602195,1.3580216248643473,0.3880540058538567,0.28543678007012846,-0.2753797912189325,-0.05949769476529337,-1.1374528590950972,-0.1671767368410215,-0.27642083152670804,-1.1045891537916328,-1.4699019063283651,0.07009106513306158,-0.2563834646237853
0.15536324178023336,-0.16450077895078824,-1.8101789130699801,-0.5856707868469561,0.12687843273908728,0.44525869753908237,-0.0022100873175453,-2.248247582286517,0.3176599458560314,0.6257229388488674,-0.5568424182503211,-0.2537230954067029,0.566971259031602,-0.6606665135301637,-0.39024933417566454,2.515525500149485,-0.69078765287317,-0.3620020642618737,0.33525504254365696,0.26408267131942487
-0.940235377222055,-0.8907009580182137,1.7023248116097602,0.7663316863212868,0.9551662416444556,-0.43440286260054045,0.7335252931042189,-1.2906562919608144,-0.4787842622036333,1.1819228896784904,0.9065950350986252,-0.5606055704159691,-1.0925426469537027,2.1834152273417318,1.3313404459131293,-1.1096403782960607,-1.4672699862134166,-1.6643091290941245,0.8155692923314347,1.881291130387508
0.42734698049644027,1.3780979400663778,0.4771751157929747,0.8303528575381254,-0.3451298910263631,0.45389386404196913,-1.5815336433464282,1.3525705476180174,-1.0465940356832526,-0.19660128857450296,-1.261006458481867,-1.3076799662056255,-0.11051666341933335,-0.03853343153964494,0.4862049063734712,0.5463070202865696,1.002873150661881,1.8381879423127772,-0.30179518893188856,-0.13710974126029474
-0.6110844849767195,-0.9094524399220477,0.18898025838520582,0.08064145055246569,0.7187026656746713,-0.29269949832178527,-0.2568203374760389,-0.13009495436382965,-1.0048558371970082,-1.0503705013334133,0.2329507750414915,1.8524129432613488,0.39510253219511965,1.1679429354071447,-0.6953819819286756,0.4189844009613717,0.14784013441333912,0.9046753356693279,-1.0435593344319407,-1.2236179483316376
-0.9173586033118967,1.3293125075985743,-1.2033612180938058,-1.304383402350762,0.3971649072489831,0.38539953948996547,-0.3154689795774117,0.47915543164795044,0.33045487772090326,0.5252963860230307,-1.4416638896854617,0.03518196117925101,-0.26255586358297317,-1.3334676657248627,0.16763385716640888,1.258145703696289,0.114227417192526,0.9047334607928464,0.05786333233496471,-0.25983923880524584
-1.0037488904660872,-2.449645444608489,0.06417270148853166,0.549080171767519,-0.5399249291935793,-0.9387955488107397,1.11794414450487,-0.5863156428767374,-0.32326546430094893,1.0623460738639354,0.9575499010366711,0.015427736826825753,-0.3441190801923425,0.37413096088376446,-0.376064393058061,-1.0618843699429903,-0.4155916866672867,-1.6331442882375184,1.976494072654226,0.9738659061775302
0.7162154216219249,0.18082373072172422,-0.6300172336899921,0.26268334664721793,-0.3656146437855483,1.5829945311222053,-1.3280520083198635,-1.49240262862515,1.480920623736255,-1.6896663134395373,-1.0882479576333235,-0.2772846640032118,0.09402927501700747,-0.14970035412006452,-0.5227288074096863,1.8223405529585928,-0.42907329018758533,-1.6603490209788883,-0.7954960204096245,0.35103928807755375
-0.763748472285871,-0.6289665239894768,0.016824301588616607,-0.40778906613837523,0.9331868275049133,-1.3162687922519773,1.48898823648676,0.7389925183379186,0.2997725073978325,0.8554875931037412,1.360763713425144,0.5742800505400145,0.8377113525403699,0.4041468400328056,-0.06966712427725465,-1.107541526381598,-0.8467292063538542,0.4436487175470563,0.4694985852432047,0.20189586726622535
-0.9488682392532307,-1.0768746907785642,-0.1479452388203639,0.576133751750511,-0.6836318732728044,-0.8155235950266135,-2.8137468575415925,1.4916250856035278,0.7459038931215507,0.7857029358116189,0.8387127742666629,-0.3371288793282916,0.2622323396822529,-0.14343056141480298,-1.4540001663783195,-0.3837724974932592,-0.7688379916868385,0.14761997520698705,-0.6848045085541007,-1.0525534046158838
1.698755774629656,-1.42597006969197,-0.27481530645830937,1.832156920959319,-0.8372610733845745,-0.5447198196339995,-0.5364619083199196,-0.6128221065607055,0.6092628479054093,0.7816459780092947,-0.1351510061513648,1.5919128818339277,0.385239133359443,-0.4578980621292806,1.12296272766206,1.7021744724031105,-1.0697608449479648,-2.0689049518829274,-1.91993932786068,-1.8106470654508835
-2.4004829123731777,-2.409414867334022,0.9800463085713682,0.2525456499363624,-0.22316110004134845,0.5298420716261742,0.9570948007036173,0.006439700349044184,-0.33379117919347157,1.019559261278986,-0.790447037749778,-0.160229352441688,-1.2790946997087538,1.390925798391092,0.2060389698875302,-0.8499827718613596,1.4747892314210103,-0.047707151483876185,1.3266176704916104,0.876131865493701
0.858269896378837,0.28453670289362754,-0.9070279675429095,-1.2120357250980767,-0.2261065956480071,1.2244184097746917,0.12652038011176067,-0.21656112276596098,0.7001691630843737,0.3946892273571484,0.6149765580561761,-1.5321592207567867,-0.538067673078589,-0.7080731974565125,-1.415507993160667,-1.0287469612506415,0.632184251199726,-0.18799526853939652,1.4550561499714425,1.095902287789351
1.1426545655410085,-0.05456511862899902,1.802601202626298,1.0110329745700284,0.6127783815529222,-0.5127319990637387,1.2120546911104622,0.6332940412401882,0.449545121299263,0.3964473883602617,-0.7517603928148437,0.26476896997274346,0.7176052665431946,1.1699759668186955,0.10647190188187372,0.2667728269737258,0.28412506216515615,-0.15392468867589018,-1.0557276559836293,-1.2131593112934649
-0.4588679472985317,-1.608782444928942,0.15332761076715465,0.8082985838469589,-1.6206628283080937,0.7441247606933867,-2.043068638692985,1.3470589485399447,1.8221737956552402,-0.5288948484828265,0.44528207968003697,-1.148982789489473,0.5951138646238169,-0.1634584732258444,-0.8356081728413887,-0.13602400991884686,-0.34401584962343534,-1.35871171540531,-0.20065761574873012,0.05715118471416572
0.09126851656040148,0.15734366247361053,0.2535610549964055,0.11446039540194498,1.4302880563345752,-0.25688185976649175,1.1251923765488865,-0.8114746153737988,-1.1489718572373113,0.5800054741644778,0.4834689078649586,2.896359005830613,-0.8375561615317798,-0.3451555957615919,0.86419158499555,0.6625768352024116,-0.9043537093688586,0.13961794062481225,-1.9585548316395576,-1.8605016145831883
0.814751326929594,0.9022616453490993,1.202083251652415,1.1586110182819398,0.8989348439400116,-0.2042101783220921,1.5954313985432256,0.018021038995495037,-0.9949754986492525,1.325904937689916,-0.41530478088553446,0.6439770300504717,-2.7188293333961706,-1.0195439523561076,1.3432410257436112,-1.0678340098073211,-1.7521935248896312,1.396465291420565,-0.46000996360886914,0.49491058722028575
-0.9509169686652588,-1.9029617406906594,-0.9661291967999114,-0.36490757278147823,-0.2442782040745821,0.5038158418781743,1.4034640646094356,0.8250948357862503,-0.24636751787865144,0.809201917431753,0.8597769775513043,-0.5022276839145052,0.09080282457058128,0.6357238409865661,-0.9761101247740301,-2.1114001631855386,2.0878570879306166,0.42290265288155965,1.932018835979855,0.5033778524837871
1.2851589760244297,-0.047523794315124976,2.2896693144421176,0.13059678613475348,0.5693031807446927,-0.19492401706409274,1.2147318269725569,0.2505146424071146,-0.9140783873043947,-1.822382147684788,0.4613384464604879,0.7489554655424,0.8153125058592375,2.2811580303472407,0.8889259232737614,-0.4881260060029615,0.14668614112346198,0.03906629809993029,-1.1580097474554116,-0.4167629559399949
-1.400997507601366,0.5445793327241799,0.6204587780494087,1.9634039329214195,-0.14251196452656745,0.12983891969951913,-0.09333328730144996,-0.5765873767921427,0.06972244661610778,0.6149325946594121,0.8918402037357095,-0.5009648282634619,0.6092307931825625,0.220969495041331,-0.9060916653390071,0.18635416186765622,0.33592056176313717,0.2553819860629665,1.0861334869658932,1.1861128359622994
0.27259467493197953,0.22296686898590967,-0.47878387989411514,2.2672204043221376,-1.1219521550276668,1.5306483425781399,-1.1385034188932754,0.6181689351914117,0.9578878500436062,0.12871902719979084,-0.7013117383587664,-1.4423902947455167,0.2362682880575301,-0.5150123111543289,-0.3378756761284468,0.9625592038831497,-0.5210873241100042,0.21681742545591795,0.9415896381799014,0.8255421270305264
-1.0226216201253673,0.3880876323971005,2.1338169534020475,1.1843458704259693,-0.10465636238646671,0.7122362784914985,0.0638364623134482,0.6728036222589052,-0.42076962114488387,0.6286334243970384,-0.6245696392546378,-1.6822309757302856,-0.9886277867645028,1.2143968543790524,-0.4811512523114654,-0.5125672961913416,-0.27024745947448864,0.3802767499988491,1.838761422460113,1.7453207213644542
1.1323590157383927,0.17943230336700614,0.16625445261975635,-0.014177899072676537,1.162099561580723,0.8208210426272833,-1.4087151799279163,-0.8922147639103222,-0.4853389031731588,-0.26372438679614846,-0.3556865893159108,1.1393087963027233,-1.128674979392546,1.1371767115695004,-0.12285141054741036,0.4127042305925481,-0.48748965909267783,-0.031309164826338436,-1.498404263205111,-1.465750796492874
1.264166613640483,-1.0193246227367752,-0.9367156781768531,-1.487476834237058,-1.752666537221416,-1.46263360972428,0.6711195617005896,0.041460674364085216,0.3896066884694905,-1.204239682619329,1.5781249563850541,0.06946115672404163,2.008249433035302,-0.12022860553287627,-0.5683290979876991,-0.9799484657591754,0.3755858765388071,-1.8781258778879601,-0.6019690014004946,-0.20933013705700318
0.7783126632146212,-3.0908548934312003,-0.37938121462025726,-1.5496214904726076,-3.172662675232362,-0.8706588896607903,1.63367535898432,-0.3186610703812272,1.005760753772415,-0.6227745667607053,-0.6500974535024328,-0.9428582267739368,1.5510629640880065,-0.33557290947696555,1.4203699480239054,0.09281101078594015,-0.11951172321033889,-3.218177080453019,1.267971319232627,1.8015177231551
-1.002713423041356,1.171033669647698,0.0010864370214939184,0.6001150988823132,0.00027954239078719094,0.9384745876200962,0.07944182875754328,0.5277213769127274,-1.6673763285081402,0.33254762723869236,0.1605501135727372,-0.05102719632945327,-0.3950454321485585,-0.375787770045716,-0.21618393681415607,-0.09883649990533545,0.08549660303378874,1.8283835522802423,0.7617512688069747,1.0091853679596745
-1.3300258003551535,0.4012180277955437,-0.14287116397916452,-1.6340331921919529,0.5648255672743104,-0.03027374436268814,2.0829630436738378,1.5093419096482679,0.23117575434781312,-0.07001906965735788,1.6943557082833636,1.163737193251185,1.4587166891666112,-0.9820842480556555,2.346595726229175,-1.4358831234440665,1.5614635808812147,1.514300049537162,-0.2735266159724781,-0.06597953492946294
0.05812263323490542,-1.695082246067983,0.3443808650792384,0.3534503196123515,-0.9538128802576883,-0.6331512308780297,-0.5962268444214096,0.6050933885055056,-1.1873008385524362,0.844428895696986,-0.10576676322482813,-0.6117570026631066,-1.2939610109780655,0.48191739117876004,0.16577554777638773,-0.919036925931757,-1.0078369656574944,0.4626091230860807,-0.373865579203534,0.4857839054826552
-0.2615034699310627,-0.16817100043713998,0.5045314093492974,-0.7391837149599735,1.0341973088562215,-1.0274151702664336,0.9462716931130088,0.29363409313814215,0.801398658316314,0.5143028535732708,-0.6413987189529782,-0.4495046180107021,-1.7834235591669074,-0.5612490588173858,-1.4331504003293005,-1.5394893072425389,-0.9494319891268694,-0.16377278351408953,1.4119210466676042,0.7387334141857822
1.2422442604549369,0.15911209071530127,-0.149511676796188,-1.57805345241262,-0.8366883347847094,-1.1593260567501504,1.0740472974021664,-1.1120802743875489,-0.5370044503144288,-0.715862736022522,-0.1785103650762401,0.7936979939093288,1.9268748972790246,0.36249730950365766,1.6839308674740583,2.3153305502359536,-1.4550334396931306,-1.0533980443094595,-0.9762518233617846,0.06061898633887442
-0.2483797094090112,0.9329800315311352,-0.6104630043071196,-0.7598367009412412,1.395843117856678,0.9716834523298,-1.8539969535318195,-0.6619383630161052,-0.48807437496016204,1.7201176571204773,-0.11807259995925208,-1.677103958638923,-0.2279268076448237,0.9484119745604866,-2.1015470480701044,0.8328325163925651,0.6659988253442705,1.421696042380553,1.4891244050669834,-0.041048625522579686
0.15838001515906766,1.2961296994726643,-0.10307712500464361,-0.29236061526793455,1.6179410130939125,0.13358806135255244,-0.07015616541933746,-0.9497832297486003,2.2967515875135174,0.12158165725301588,-0.2040534160754455,-1.2336326638459827,1.344029867270574,1.1011731825944528,-0.920771456911344,0.6599088837985554,0.963644708018546,-1.1669204996183387,0.7270367104568547,0.25643353227269383
-0.30041830102517564,1.0103563327550062,0.7917508382501308,-0.6898175194372309,1.915535991381807,-0.6291270376494432,-1.3077100997514708,-0.14028913435746776,0.6067361413622353,-0.8502629268473496,-0.8047417779241693,2.2288632960894277,0.537593541933424,-0.883497086278268,-0.43184904376938404,2.098177395529433,-0.6711028061371053,0.6703214291609283,-2.4674678160829093,-2.996037513891639
-0.19839684401975965,0.2919286888446553,-0.6535094880094505,0.3004641746994854,0.05542951018231252,1.6499381473873524,-1.8171520424824348,-0.8017129370041107,0.6107667687819829,-0.7847267963393209,-0.6660295360526831,-0.9404686136582835,-1.200085589096126,0.4712901320225231,-1.6048259623203396,0.2028934390695019,-0.6826416610634829,-0.8838601895593164,1.4399871304743106,1.1010312032070304
-0.7535195182712386,0.666701839906705,-1.1710485595521267,-1.782552740356832,1.424460608447512,-1.1269863304750138,-0.16095976418580935,0.059622132883415946,0.17310292757623016,0.6946951364482878,2.193038683341626,0.35659914740043036,1.1633699095487187,-0.5700763312373066,-0.19651200279112319,-1.2178040823412666,1.0829572049391694,1.4950605464690572,-0.7262185825063346,-1.2279301898345591
0.3392698188547234,1.1619823866296788,-0.8869411281730064,-0.6758941014467229,1.8210738002178373,1.918719773771485,-0.4563584576769866,0.10609554139514604,0.2978574664229233,1.8785311961653037,-1.2252125481480314,-1.1366148852079727,-1.7901595397069987,-0.42406666667736226,2.555561356958746,0.20153830598882075,0.2670580033869804,1.3090589840793152,-0.9220311705854192,0.065567505050364
1.0611065233609396,-1.3030571942754139,-0.25998763965519944,0.27384387452521497,-0.9186929527176266,0.3711994239146105,-0.09921494953179565,-1.3667643894590988,0.08269250986462529,-1.9884030713829777,-0.1472743200522757,1.8328096722086595,0.23818789810727042,-0.0403316062047796,-0.1565264117627647,0.909616867701922,-1.1595975291372111,-2.2791687541457684,-1.1792005053673449,-0.9225736002969549
-0.3076566521955221,1.748099306824566,0.15351831511475222,-1.407088265021193,3.419793657096636,-0.7782214552184811,-0.32857158452748114,-2.79129712318311,0.5469336430580626,2.2977556027971735,0.8763112115238451,-0.01013975932818889,-1.0615077139854443,-0.2066521927963743,-0.030056768800116988,-0.2511723498770416,-0.6981019289705859,0.356776782574576,0.45488692080661036,0.1658369250927355
-0.05595156440279942,1.489472791772882,-1.5470685466170588,0.7325046472698811,-0.8898222937270887,-0.4282732703209655,0.7227109065081898,0.19515278744025094,-1.6475604953447638,-0.17243503999278384,0.946779354453124,-0.04626415196473289,-0.9801976253011506,-1.1473599766418285,-1.3192740399933711,-1.6684597493320872,1.0058541963520007,0.7989638882880943,1.4455631523040269,1.079567473052352
0.3979056506241574,1.3536145795309205,0.8739458602803701,0.6016521625146541,1.3760944029229019,-0.7699570711123335,0.249584962899991,-0.8327514551833304,-0.058050404067309117,0.23772566117276223,0.549563116862615,-0.590365314343812,-0.16207166051105146,0.8657852513487311,-0.36630334656540187,-0.6324118709324704,0.02787008808568492,0.7217991883066548,0.7809489130592059,0.6465639441130189
-0.0708932732935769,1.3719256554064205,0.6388528988003153,0.7056016484684515,0.5882499687043555,-1.3870415244734622,0.5454363589856696,0.5431135027172692,0.06421212763600476,0.5081714160439165,-0.4430568501344678,0.8101880270791907,-0.4162165415133894,-1.9560806916289182,1.2879388007029116,0.9812621838473706,-1.5918663029010145,0.7227414898918363,-0.7854110187887866,-0.4169028256584518
-0.7319158150302384,1.1387196956639334,0.18376514040967334,-0.6575430609448824,-0.6568151128866976,1.8432357670668513,-0.7177078697205008,0.016151568646305396,-0.15017957154981892,-0.2518526730940663,-2.4499959684980994,-1.659482968500961,-0.48758511060882037,0.27588334947871684,-0.6471227394273853,0.6424005842416415,2.1963630907169684,1.0966303524363679,1.3257000720205603,1.2658988400310014
-0.8544424761048991,0.6964867214470845,-0.15423947186376755,1.5698871605552196,0.8311874720024187,1.1564353341656648,0.3414616455209771,-0.5171398161687344,0.2890092017372479,-0.17937053816313459,0.1304716937822163,0.6902754583183293,0.7474426414206644,-0.08130921993287366,0.11598239469440541,0.4428960159100724,1.9372736042090808,0.31688123705726123,-0.2573843931263057,-0.6126167593550809
2.100709153965549,-1.6024726396546987,-0.5072178135535128,0.7841282551401223,-1.5833779905430194,0.6327595960290363,-0.255468893112994,0.5171371641527914,1.0010333929081747,-0.9663682141605646,1.4179971232579114,-0.5229644923081231,-0.2678106557246512,-0.37722856618281553,-1.4624847752870243,-1.8357298085135743,-0.6443936691034461,-2.1324756353963106,0.12471256348731273,0.46252944558456904
-2.519754163248456,-1.3014212851405766,0.4608418681272837,0.7034486075039125,-1.4121532550182516,0.9250271746346705,0.9666970630337042,-0.7821920604158665,-0.5078274575634132,-1.0974191973170522,-0.11917466157250137,0.13230262227467526,0.3134744105551184,1.2393885636915596,-0.1350420101500719,0.27158663799259297,-0.31756673880243635,-0.18673067880897404,1.5001098476095744,2.303871172656673
-1.4672117128837603,0.2616727504445922,-0.6091526106350987,-2.1160243305291986,-0.6229086972577046,-0.08628025399215741,0.38773127042371774,1.131100501385691,-1.3024136542230673,0.03853424911676426,-0.384881339485891,-0.45466525410924236,0.8979713823399289,0.33417669679576373,-0.5351042119034375,0.16471266255921185,0.8996688548786018,1.6345048935408883,0.20305699478909714,0.1590505354870388
0.5615254814266123,2.271696149790146,0.5504402133034393,-0.7179135828592597,0.8238674252816817,0.04517424918427055,-0.662544137517463,1.1864817894410267,1.5543985696522016,-0.5651734990630564,0.05159882695788476,0.054803064283975515,0.747410469980257,-0.735210100991724,-0.8595612345037276,0.5961692520249186,-0.6870039472141971,0.05695725419221816,0.07457240820926664,-0.47380514398840795
-0.3347075429122346,0.6785079512460878,-1.01762168349322,-1.1174836322274309,0.3438265709647503,-0.2587970310417538,-0.3216907096505437,0.4151481890137034,-0.48931837392957955,0.3197232853082266,1.0921467168766987,0.5550923505854286,-0.5467664327806381,-1.6356292466984292,0.22745232480060912,-0.18060726632665605,-1.3633438680643895,-0.004470991206555347,-0.39479760157259347,-0.3103550238241724
-1.1684528420927267,0.32291192549279335,-0.18814370630711433,-1.2359244520188346,0.1707672419266443,-1.100548833670339,0.3732421876228632,0.3607891106402594,-2.1331568730145967,-1.510996573593797,2.0798216333949235,3.8346050684832753,0.4530507913822446,-1.166463282009951,0.7653126502687604,-0.48995961618499795,-0.4169802584031415,1.3559007892986477,-2.690991036453067,-1.9313559395174944
-1.3227932346183096,-0.7370452393263287,0.653851506316635,1.5724728943908746,0.05761509416508719,0.21293870181813718,-1.2439597556176583,1.3233329445492454,-0.5752098777644049,1.8422061673371213,-0.36912707388444316,0.17256626459831576,-0.15699029785947624,0.1432477893244052,-1.3063319024844053,1.0279877664705719,0.34166002698463915,1.3063658025731768,0.2807093264363483,-1.659404297898916
0.043827765105082885,0.4412104521666945,1.4117000036829075,1.0669279240268505,0.44146667690656693,0.012441211976388445,-0.07390787415506272,-0.4656877809462905,-1.0480279592173023,-0.1833197682734231,0.9984863889267764,0.4820783120231939,-0.060544167181612304,0.7857118764320871,0.41650518462853897,-0.5079326550752532,0.20150052632544777,0.5374236237685263,-1.3343439865846447,-0.20297148024244793
-0.5684581556559981,1.581340012887241,2.3898267665079316,-0.3076900936331718,0.9384619509874622,0.25223950255996735,-0.059189400143083874,1.2502293539882283,0.7546295449208457,-0.15494219717335833,-1.502574428624745,-1.0155348518723881,0.06384382524412997,0.39671539936267475,0.8552734459595455,1.3293546465988815,-0.6454770526675426,0.6412205255366619,-0.01911131296689744,0.13534505479095194
0.8164943699238313,0.04731883636374657,1.1630995230941694,0.6275444822265114,-1.0468330102489796,0.22265236546676537,1.3238913651724864,-0.4603297826505626,-2.9074005593576704,-0.18428118612248495,-2.1056706384959205,0.6054134513956585,-2.1948185436924574,0.1054670169633138,-1.4739863090399739,-0.12272669011904522,0.646931380383627,0.9609495440661769,1.452714378965843,0.81859320472673
-0.19472791074567777,2.3315429273770643,-0.7389861005845422,-2.220990288343273,1.96879964718834,-0.6009716209928441,-0.3633418796405214,-1.4872816091828054,0.8092382303439749,-0.09817861017030333,1.0991963835045142,0.07774865844286431,0.6926176090946538,-0.11223121075984088,0.4022011569876407,-0.09612519407504883,0.002936166246101978,0.9042231839235546,-0.26749598309769507,0.4294918223539264
-0.13542572671242084,-0.7560506996920116,-0.04619520921435485,0.3552234558804494,-1.8891971117645943,0.4050999347898343,1.1196048155472618,1.1085315777533336,-0.6202002030877785,-1.2971388883833745,1.1250507460814607,0.6255575369913668,1.7774654500107108,0.06004597414133276,0.04368443993220108,-0.5777841692437559,1.141408025005556,0.39876473391113104,0.35619708851251164,0.46723581508197287
0.7065569997936637,1.2551945903297697,0.844053459371556,1.0070611592512937,0.10715043969515435,0.7382866549025756,-0.2892272318393037,0.14858602089669312,-0.4316953146191555,-1.0852319528940146,0.7215650865637978,-0.4770601240281088,-0.34493326852772555,0.8454374311867053,-0.7681253349942608,0.017550966772494313,-0.19254613185059985,-0.725385895311376,-0.08508613081889249,0.15184597831796506
-0.622964420643374,-0.4084438371283382,0.7738209311216081,0.36525753079806955,0.02060063964168371,-1.5232639933997603,0.3650262014659325,1.7492997024724595,-1.7992419786690799,1.4898605475004123,0.13515554389585976,0.6915518573640744,-0.8760163936648542,-0.21384381802236574,-1.3751413267943986,-1.4026870840240113,0.4618906575240237,2.093360096760605,0.43559039148169876,-1.2080397618911622
-0.5467821447488346,1.246958831989083,1.0265889765381881,-0.16516476008808292,1.6702975485825053,-1.3748560657505289,-0.20857348647305315,-0.5711987557060169,0.7875908729124728,0.008353681906675962,0.002582702116657422,1.0426506039195573,-0.38091594680150354,-0.4297932425482124,-0.4720453239099576,-0.388433213305033,-0.504068244879361,-0.047013327138286154,0.39224186456019905,-0.00760743250017875
0.630325077146002,-0.5590400183308056,-0.3661243737193488,-0.33092436378825896,-1.145780354780184,1.8010057181255381,-0.5005364554421107,-0.3618404093614837,0.13217246721311185,-0.308109805174842,-1.1447583008598023,-1.2329267043208652,0.2636007930698504,0.13492614020678517,0.8769853739770206,0.47676861726133857,1.7327274930283798,-0.372701152320605,-0.01615089195634996,0.1424537583795494
0.029505702129850177,-0.5813651679342224,1.9259238214184256,3.1125939750028753,-0.0906879824032232,0.015970765774072176,-0.734848927824677,0.29436411784558764,0.7683981948261104,-0.6186195297493305,-1.4487032844644976,0.2741018749369647,-0.6666235484730143,0.11148206791577643,-0.15145265837336555,0.9816241126211182,-0.2911271646782608,-0.4362396661739289,-1.0799402447485622,-0.92834100675022
0.5036400411644626,-1.042566966148008,-1.0669580046609897,-0.9860386238720732,0.15101984293519286,-1.5545824221256852,-0.736145450030446,-0.752777326608238,-0.1815006727152498,0.7470804288655573,-0.03978548039836035,1.854213707226173,-0.254387943341424,-0.8757185134894813,-1.1502102749876209,-0.2326739403862276,0.19957308123242604,0.0471979663273309,-0.8346850422736803,-2.1949182759982784
0.43629515731695256,-0.3585641856529546,0.615343554533797,-1.2494904678109493,0.2924268600304115,-0.6786633055388741,1.0798361049713028,-0.7976143102112042,0.5360504682259423,0.46459349297490316,-0.08213888457991497,-1.2227366374468465,1.3548531667764976,1.7986022190142426,-0.1679820942760977,0.16145085401987017,0.8960124439626338,-0.7992460603361464,0.9906551788069953,0.45137613372852997
-0.2770340064877877,-0.2777168246439733,1.2071265651407055,-0.8542339623075675,1.402716921381532,1.0089682631500723,-0.15259508988202194,1.6472284330230966,0.40559618832278277,1.7608586903498182,-1.2813130572320288,-1.8731546945463706,-1.9512459393611814,1.971188772296695,-2.1283606943808153,-1.0117504456383415,-1.0219641137025928,-0.08491365972796731,1.8186611541704207,0.37124242510505406
-1.1132708525548232,0.21616815988548324,-0.48561406649359906,-0.6297787292076501,0.7153064323565281,-0.18440453063998027,0.67854468327142,-0.03307975428619048,0.3260825474191438,1.5909923050713322,1.7420462768599463,0.42965662347225037,1.410226052409861,-1.089336765178933,1.421506635358743,0.18626445547809523,-0.20894659999591012,0.8036247453221567,-0.067025867401028,0.26462196113679365
-1.1140100344060797,-2.115071275054425,-0.598871102152705,0.41983430668963007,-1.6376108542491903,0.9134956630406816,-2.0999288002505447,1.3649967719554081,1.3597607328892563,-0.7036868126951986,1.8043202339738995,-0.1373143657168756,0.18427924740330442,-0.9185619318787909,0.7414287707345962,-1.6011589421757477,-1.5232369591949695,-0.4943282315364474,-0.3749121526508366,0.6166913894560796
0.5020777363865814,-1.3748293761869492,-0.3482253517425573,-0.1497172318253573,0.4763281507863691,2.8398240821815777,-1.3619403101262995,-1.0474326449527636,-0.4637844829597314,0.07316271401289978,0.5592594522911752,0.2924927240700677,-1.2743912225630427,1.3051154913122454,1.5220601314729367,-0.026076332443763423,-0.7674171092489133,-1.007267437014577,-0.8291161038221865,-0.5777979494366802
-0.7686350585753056,-0.9031790174991025,1.7300927155735895,0.01665386622189807,-0.3268429938482217,0.4720760880921479,0.37748424387972795,2.4493751595739006,1.2689318594102847,-0.4924407551477974,-0.4289571947799027,-2.2252503057227635,-0.17281244835434514,1.6302346543935322,-1.1287604497575998,-1.373086072628386,-1.001250198065884,0.2760164316565658,1.688454098515342,1.7643882603894152
-1.964121345121832,0.3510916993082829,0.1280142475417441,0.7890992994817593,-0.5375512916565649,0.7732825988679051,-0.5012393429144469,1.2715817841204413,2.2921996269136518,-0.05177308966571937,-0.35106511671655755,-1.4927726278109643,1.0455031517332707,-0.874658758657349,0.43968978826805744,-0.3120092191922693,2.014883006399004,0.635065637813998,0.8019744410537281,1.0409267935073263
-1.0065716276850265,1.941758776640179,0.41603897070928814,-0.3650431558839319,1.132212577170189,-1.3786236476348765,1.9896473932425403,-1.5221796681835886,0.669722227595185,0.977263029688286,-1.0709302986424385,1.2035624693632114,1.7780173621233395,-0.7255440133236639,1.0836267084755258,2.6777778588617798,-0.35945654058710597,0.23434170396452156,0.1835249048494431,0.628912182972408
1.4950195929674908,0.9357389829083124,0.19275481958294732,-1.6570956466211266,1.445773786358702,0.42995939385282245,1.2019433469491,0.1974209962249251,-0.15427115639544875,0.00479482897181923,0.056171958782015835,-0.540145123274282,0.5618396548795607,0.6478629935133471,1.6328405460805484,-0.2976782300603511,0.9761802929629381,0.6106691086373303,-0.823922068244511,-0.6738651638193847
1.1671127880244563,-0.8969526454330871,-1.892137575135856,-1.1581994703026783,0.3371286091582363,-0.6045952881397741,-0.4115439019799876,0.12674190555737322,0.9939448884779493,-0.6524076405704649,1.589694289830041,1.6237460288268104,0.2855273265940017,-1.993101087432437,2.332338906399436,-0.7407867268431587,-1.1064437180817115,-0.04233861666319505,-2.2833319099867917,-1.6099999478861582
0.25586159707678635,1.156991792497232,0.2884539616132811,-0.2775375444810741,-0.40130567995249444,0.7825509765271063,-0.6120194813775579,2.349109638815353,0.48165867567929815,-1.3944149243637018,0.3148669114746929,-0.38370574847694405,1.9337651069855415,0.018004298182646955,1.1298524929082734,-0.13563199007492893,1.4591291117430454,1.8771764823926276,-1.1415887356667418,-0.8502302573221858
-0.9360303246423095,0.35286525889868453,-0.5498207969095673,-0.996965797308891,-0.6238451818756865,-0.8349741153030019,-1.0584086646365582,0.5144961980726733,-0.26153459960887765,0.06356417011202053,-1.5936352385996442,0.03056544519029184,-1.0748103880710418,-1.165296260181696,-0.8064312954666317,0.4581892128896295,-0.7095149284518962,0.36393320168277465,0.38163096671407165,0.264899454605175
-0.611057814325886,-1.2910679354403343,-1.4167032652173126,-1.102380885810203,-0.38863050794195564,-0.968155182732587,0.29246605762255684,-0.23200941107215184,-1.0124214355195815,2.4152075646753257,-0.12887598238415993,0.30759425659569134,0.5346388006978169,-1.1034840173667797,0.317738078111399,0.6586937145801911,0.07659284330338866,0.9327849080085668,0.16414750849008716,-0.48256152704646155
-0.1474332337673403,-0.6130391525326242,-1.1534109524787695,-0.18625986787178528,-1.2562930233944358,0.23717534259238585,0.7117947040364824,-0.2155064594308192,-0.19989756907511988,-0.34469011258606236,0.5189159160165542,0.8586935005761024,-0.9500198569251812,-1.6534381481441733,0.28135432601841376,-1.3006043883155645,-0.11450190911753903,-0.8567700680060013,0.21187163195115868,0.45041201717644896
0.9648629042962469,1.2095317259004088,0.866576835148242,1.1404294060434053,0.7084827025434771,-0.4302466442404968,0.9334913749793117,-1.1854947250722934,0.2844958723715556,-0.26240078785057813,-1.0588454439403876,-0.4551117668695619,0.1856246790964653,0.4823110358106608,-0.013858397383924937,0.8962587351063805,0.7453153699004256,0.5226800115754368,0.2207730546940625,-0.0959140365810446
0.42965479192956174,0.5104957910741267,0.19417052681585212,-0.7025304004708433,1.2945195432337193,1.1585194690546252,0.11372687506204505,-1.0973615120595224,-0.9271140043434131,0.40122634906961635,-0.5633063867590585,0.0990884339478167,-2.2205257606594717,-0.14479823090483102,-0.1144177034642906,-0.6906269779005825,-0.3574782417554713,1.1260749316695986,0.15291766737204682,0.12747509940902355
0.10993292532648165,-0.07303136367227536,-1.0313068007511252,-0.8619947668400613,-0.5352764918632631,-1.2404130471208634,-0.08902627627285699,0.43428658526597086,-0.2144227331460849,-0.3112042734984086,0.258027575488152,0.6119233653552304,0.4919751200990576,-1.0246357765970022,0.1552264660303923,-0.39307761893842347,0.2853070377451891,0.41365916310805434,-0.3128495728076619,-0.5272287735949218
-0.06043888742331384,-0.04488081936190429,0.2007007581817634,-0.5132470627689278,0.04814559412982498,-0.6493372552576934,1.6130390555378558,-0.5995241713545979,-0.9315629819229901,2.7537895603547895,-0.26495442433169697,-0.5714969798356523,-0.7634687089510725,-1.1200025461443,-0.7246942513091978,-0.10531120661263856,0.08103938010713847,0.3442454812289354,2.0897134552589023,0.537618616443716
-0.18884149298726435,-0.6827248384663909,0.07658484748983367,0.4878826546346061,0.24596640091269384,-0.10029974917228064,-0.9034173645876591,-0.03840565568898585,-0.391608541374972,-0.10909627084540886,1.4761132279057576,-0.6361440164736972,-0.967470885415565,0.7895923543183303,0.002600182938426184,-2.2704882396211303,-0.17726503616938924,-0.17216844461354047,0.1790611013120277,1.0109092882042825
-0.7156089803019603,0.8169967852474188,0.5826068885965211,0.2842760360323136,1.0550822667234527,-0.5992398624736474,-0.37446584324469073,-0.6389123802314616,-0.23544359965333406,1.4245679329655128,-1.1183428230870045,0.7763271908227709,-0.8240296887396666,0.22674693612347804,2.120079294964205,1.2386174575839075,-0.7439969622748629,-0.24819199145745496,-0.9566882533673657,-0.6213999755562811
-1.336209578839923,0.6723664775249408,0.24213502058139283,-0.24873503899509697,-0.04258893511542914,-1.5243830133083478,1.3392214400012912,0.29665928001587555,-1.0430255216232354,0.2838476614511211,1.4769980700426175,0.5883231512611238,0.35282611841400213,-0.004910086252992593,-0.35577731356155506,-1.5227233375409424,-0.4023954180842107,0.3026687521346273,1.2973010869376873,1.5995466985283346
0.02509977588083664,1.0809474765585834,0.81598601581026,0.40021233734010564,0.33974675179514086,-0.15609158248313365,-0.21698275953721907,1.4358787796141386,0.3320086314363997,0.06323019954257093,-1.1575028415676738,-0.12740122854389127,0.4353027840643256,0.08905243943850992,-0.19882285383735807,0.6894497917248296,0.38234952270931155,0.8177440366455212,-0.034743624161652976,-0.6014423175911642
0.8060410069951566,-0.6856437961669616,-1.0241796346579823,-0.8757187638993452,-0.8861507877916474,-0.2214301663787066,0.7764671199059904,-0.3015394543186814,-0.21424194369565272,-1.5983953817912082,-0.2154066327578058,0.36516022275960214,-0.6972107235618902,-0.8435286312133365,-1.738121381445611,-1.4268827794253547,0.2061455051012664,-1.1963849246761782,0.9421245069341527,0.7663442257167813
-0.797425673169754,-0.8520738416227956,-2.4668485405225775,-1.261808533096854,-2.410454782523903,0.01967464633480199,-0.24988442671562477,-0.26163457751876973,-0.8049251546027504,-2.0206810835481477,1.5305907308503997,0.8935590723057328,0.2640398579235722,-1.7041631343993986,1.9300074395721414,-1.1223906476373702,-0.5224171559509365,-0.6454959514886544,-1.0641400702359927,1.4962658948449925
1.6161530393817078,-0.5453585717706595,-0.7270086491319636,0.39235220938065163,-0.2722853434921816,-0.44427295329474764,-0.0999748272930259,-2.0746401403518,-1.4334012633982822,-0.618290474246812,-0.04642773217854664,1.9443179360486842,-1.618124366462343,-0.34048418003365327,0.9238746153777738,0.7177306964664906,-2.176522077286098,-1.2806116949409403,-1.9462592592010934,-0.9890857836173179
0.21177461923447446,-0.5086686689343531,-0.8098324097888404,0.0313232496607756,-1.641331745613051,-0.7661763292028999,0.4234418357208813,-0.4906433906322773,-1.269782455769207,-0.5542836340886157,-0.9235436114368845,0.8251577529794347,0.3552980464804002,-1.1024411614039729,0.07589680815106739,0.5379935773323482,1.946369699271049,0.43595440585311307,-0.49571176335521067,-0.6392683206587688
-0.3435691137581503,0.7821462848159674,0.4841744870237133,-0.08379008776948903,1.286175177149843,0.8755264166102477,-0.07426078179021285,1.5860800738400846,-0.4692522831528026,-1.1036833766880507,0.7577608304226772,0.20501588010532815,0.41819155137992814,1.9825998908550677,-2.399582673332569,0.29417446066273323,-1.4116561608514753,1.0061305229899957,0.5353025838730044,-0.32648150259214886
0.5680607643514736,0.5904644418053582,0.10604374882318135,0.5168691439945781,0.8575603983032751,0.22980062747772284,-2.027069370232333,0.6800659816943788,0.7132144465785545,0.5100039362822454,0.7847558215686322,-1.0028867872866283,0.8800230518879227,1.4011815025334051,0.20933471241549964,0.5045953305511618,0.1629386698611268,0.9135030858832744,-1.4148025505828097,-1.202297824543979
-1.367305291166296,-0.7331373442319381,-1.8274910875532295,-0.49047236823968116,-1.2379295300447055,-0.8721348927783944,1.1668384777985632,-0.37701993585338445,-1.4601031975729113,0.6417664208124636,-1.0012522433104718,1.6660603417396012,-0.04689748202549681,-2.571676913897477,1.6091961578824912,1.0973852575257574,0.16574363478592175,0.7047248494089329,-0.43456111035727824,-0.41931773987938015
2.370531777090137,0.39373662618464034,-0.16803609792230167,-0.9328897638580922,0.1702051346267346,-0.9493186877103169,-1.4056205969047963,0.3087316961461765,0.08151111385291115,-1.217524850718768,-1.0779764663952602,0.5900225604387268,-1.0068963390877061,-0.3960979292778889,0.4524993162800047,0.6370433350523534,-1.882352762086112,-1.0311222267677966,-2.4180877279964768,-1.8405793886266573
-0.9647772041654782,-0.4232328235917099,-0.9149089263551006,-0.34317920272044883,-0.257384503322117,-0.16071550318910435,-0.8580051045353818,1.39421292479308,2.4836006625172424,-1.388114964074308,1.4187138624142133,-1.6276068092401546,2.2337027561440443,1.5217845768721325,1.191375744139821,-0.7298069174988334,-0.17095339676039903,-1.5007685675278055,0.12975291472194833,1.6124383854792095
1.9222966110631599,1.236745588449879,1.7627819240035687,1.7219686863844075,0.25765142171896516,-1.2314584673343318,0.5433984969687052,0.39240716653543656,2.0367100081447416,-0.23204469036539643,-0.8125692134630303,-0.43988321916818285,0.17633314810733847,-0.5863572377984171,-1.143377310570565,0.8760293137257598,-1.963719513066268,-1.4189762497857663,0.6244834532431612,0.18624804102725173
-2.550996760052366,1.5083149854350655,-0.584349065315596,0.34372530816221003,-0.9899723752745596,-0.0629623176325863,0.28185704427418934,0.15341115343352202,0.3593383711771976,-0.3503010169522868,0.9858430011764743,-0.27188020560210274,1.5022374292562584,-2.077647215986267,0.4273836573093488,0.1552116703705702,1.617257275410476,0.5972128452926776,0.7550496988485277,1.4935346030257013
0.13144037863836228,1.302569883212064,0.49979400900325394,-1.910076202847215,1.179794188743806,1.256465927540125,1.5934212815446074,0.835756090524095,-0.6510089022559762,-0.6987756362421044,0.014007380563499509,0.046023855791258866,-0.8100660675610253,0.14466387946796272,-0.5248384355995965,-0.7333172087523556,-0.9826651332254803,1.6412618447084468,0.6047516583848228,0.6941574218471841
0.46347002623141775,1.141313895810809,1.8758998039968677,2.5791341976379107,-0.05132982457345128,-0.04231839437921388,-1.2741885708752978,-0.7569830099256952,-1.278539245216827,0.9565487028460622,-1.716828741416412,-0.6057688718915596,-0.45224295690329513,1.4671599929936325,0.5230227227560119,2.536294007861691,-0.8879822673268543,0.2499128853428333,-0.7456690448270752,-0.23037397470530013
0.1536719135906357,-0.15530727252479765,0.292110234795741,-2.1611382687318605,-0.673133493684501,-0.40951900960144944,-0.15150908568336247,0.5235481761040107,0.36095376584438704,-0.052396068539466926,-1.4764874265638834,-1.4634813847320685,-0.22525421642848367,-0.6862668131465472,-2.419410543011726,-0.18843917338916877,-0.26140730958006253,0.1837288077791856,1.50760711501844,1.122439715042449
0.21524085150141245,-0.010103611045611348,-1.4818350169378387,0.09716734682247084,0.4363914272539998,2.5126579644441276,-1.4207845974889728,-0.8059492045042406,-0.2587670376103504,-0.7259859992991248,-0.14237455142196473,0.9859325321207848,-0.8903978826283924,-0.2164402110550713,1.1619027396621626,0.10801331773604872,1.905618768910882,0.45945055107801025,-1.232498999107604,-1.4017214901045798
1.140878376791862,-0.030565606831387683,-0.8957644597125375,-0.6714788160837011,0.07947872465145912,0.4244258091079941,0.4664078680124356,-0.42258441950674486,-1.082458876787451,-0.5484072711290419,-2.3312216984794016,1.7044241999986822,-1.89457352675656,-1.5839687047846753,0.4930169727137214,0.9370112924941054,-1.2369606238128732,1.0155602256189218,-1.2172400183470304,-0.8834919691507616
-0.3367224873248476,-0.17366752314162717,-0.6805641352366619,1.4285177919061482,0.42891402257111777,0.07553731489922982,-0.5081063350332038,0.36100993299349327,0.7070596681419105,2.8079980810010094,1.802017468258203,-1.4242814252099194,0.5714928003835167,-0.2194930680825106,0.46260979952387615,-0.33751068255455446,-0.27771318051111443,0.07457348039142955,0.8502500714490681,0.49895023618043033
0.43340648419504635,-0.7383026938317532,-1.6897813118713878,0.05974642739068526,-2.0101031655416297,-0.24871100242412172,0.28720434646192455,-0.6854060953167082,0.48148767365955936,-1.5557771549674677,0.04354850574419901,0.09773746284636371,1.3385856491148955,-0.7472556601762091,-1.2879341783528762,0.46463730200781933,0.1064658328762055,-1.4260913899029342,0.5753324149278332,0.5128213212377898
0.8670889692760301,-0.5928296183226919,0.21719872256454842,1.0807122723717288,1.0656734839647006,0.06896418332554433,-0.2511420157157332,-1.7110800597073377,-0.015614874582435991,-0.3939834637297454,1.3342834758738384,1.4038660073084925,-1.3430937713259528,1.3688636210041303,1.063525007496552,-1.0877340516141065,-2.0273215373304,-1.7703460406304519,-1.4820563712029433,-0.11867483234321138
0.5812266784376982,1.1777714343576853,0.9945209679017138,-0.0759851029195437,1.225163169573713,-1.1531659645338759,1.9933080391513558,0.6219740356044418,-0.4053844068444015,-0.02673983737690424,0.24881946510542496,0.3210699611563664,0.3299400603963015,0.6857083892179268,0.20899536598328622,-0.5321021804886392,-0.6478595449493846,0.4400824008321535,0.5654169588338608,0.44726564373914984
0.3281080389392558,-1.400921097713403,-0.026471741295467855,0.9263978863689414,-0.523835089044662,0.27383683988424795,0.7046574769386676,-0.2612278945700429,1.0812186434170075,0.49064856619339614,-0.5744835793348793,-0.4428618235705481,-0.48021994993128697,0.034280707594390426,1.7593540299967292,-0.17703909498033663,0.7605907047064137,-1.8441058242264823,-0.3321519174995261,0.13752557997167097
0.6002281800864624,0.6405423552338371,1.223391762427001,1.6779461943831806,0.7127806962765074,1.1181062767410916,1.5336499557575825,-0.4608365746824661,-1.6677714630128186,1.3978515414256123,-0.9606141355314238,-0.0684109394883586,-1.8205397037128814,0.3731302006936096,-1.8537954797027876,0.8052486080479891,-1.7495587629646696,1.200077840244463,1.3793724639809257,0.48721755197759486
0.2177685989167665,0.6552240577385486,0.4562726576446256,-0.6138923289385183,-0.13090603042776777,0.6676845343255592,1.025908019859954,-0.8251277886199215,1.5008815481703213,-0.9685040998432098,-0.20149298301025556,-0.9877118640720202,1.603490126210369,-0.15187818158813846,-0.7058409003201395,0.8235560174807094,0.47791459538769804,-1.1350126812185513,1.3532603543531165,1.361159394187568
-0.7814407422117569,0.40594055348950914,-1.4760212214159476,-0.7315645209957785,-0.8893184120362897,1.238650580499331,-0.35077196032443453,-0.7165409563375043,0.6291766170117135,-0.7489985851235738,0.06241822762851442,-0.5325042994972229,0.5745671587575202,-0.7005493464992025,0.51717529231739,0.5014839917718381,0.1189273213047044,-0.43860787197893475,1.124233996638951,1.7330372529631464
1.5641697134097803,-0.6929824338331804,0.8028211533308609,0.799182108255394,0.1776843298624824,0.16435838179264564,-1.3318615711483026,0.03778576587213275,0.7508624963297699,-0.6180289726025218,-0.9668371751155153,-0.8157689125413248,-1.4804219437301511,1.1379011814914357,0.053589590181859714,-0.12771439610142152,-1.656647035236097,-0.8269957287138728,-1.1751054156893448,-0.43718089543096006
1.3326243201620664,0.5877459349581164,2.195301255513099,-0.7266162325404072,1.2269395477128835,0.637675428790397,1.21845763131358,1.8739245626119272,0.864310365905272,-0.17913157850081649,-1.044829109414063,-0.559402044998356,0.032331485191418825,1.3890776678643062,0.5996773278417364,-0.278754170896331,0.12312548328021788,0.6179066635223476,-0.5142881197242835,-0.8899057666106065
-0.19648477802447403,0.4124350143788103,0.3018644367242287,1.848418486962631,-0.2225092851122699,0.8633215579002121,0.42678788532255546,-0.9640892540958212,0.3582206387899827,0.8555858230453567,0.4420871203438048,-0.9600848672677237,-0.1490259329193652,0.012714432483889515,-0.4434349712643667,0.1816628463024449,0.3503817756350281,-0.9487920556812447,1.296078845649418,1.314666475629983
1.2030192225819438,-0.11170815216930625,-0.03694941534809643,0.5173770258296804,0.14122312649409233,0.8757670351411933,-2.4074948854741005,0.567612729214539,0.8587367856085479,-1.8006435864340375,-0.18270058320970461,-0.2645413868249984,-1.3082911872607885,0.9202062809072348,-1.2712157826333972,-1.0685028981586326,-1.3172370636954431,-1.1972877471879986,-1.3355365909859274,-0.7838510709711017
-0.2487055085053908,0.7191661873583173,-0.19601911077494494,0.815559528844982,-0.6307726888126433,-0.04422921554825068,0.9644846696915264,-0.14996100984916885,0.052218195996392845,0.6133823342747655,-0.16432706848173506,-0.2342582682110126,-1.2196890659216553,-1.9514050039681128,1.9231843029650173,-0.8434134685175977,0.9054084168040224,0.46091173760343523,0.3986104254816406,0.9991488326227747
0.5338719950547827,0.41897376779143636,1.760280205595169,0.14551746579709668,1.4865667937409104,-0.8364327944942271,0.6548931974158432,-0.27618834168150813,0.38395985281371425,2.0321393436829456,-1.9228809443046868,-1.5564015684986678,-1.4628484718701966,0.6355446429432619,-0.13852550637248434,0.6716049135837165,-2.0074716972159456,0.11666941424072469,1.0411352349847791,0.6072491712857649
-0.5568129719504229,-0.3337188324457756,-2.373693842201762,-0.8273909638368422,-1.0935274499791816,-0.2627428676222854,-0.2101024146846808,0.2987627307662519,0.8280860066415244,-1.0698327274963033,0.6733687132689389,-0.19770941951095367,0.5968520045146047,-1.4850184938234507,0.37909310407014507,-1.0020341047881482,1.596675013257356,-0.47952833344998047,0.3460704950285719,0.4649489597954565
-0.28550269467905953,0.9086056614709348,-0.49715982697345323,-0.5989551024050248,0.9563836029245396,1.9301124079172929,-0.34827181594780865,-0.7852988678421368,-2.5233702915456306,-0.7804025392434385,-0.201359931962423,0.6956000329598622,-1.9967255339316345,1.1541954931899752,-0.8130623921399712,1.1481142713740415,-1.8634559657791812,0.4088163559969503,0.5595823224378209,0.14806948385828828
-1.3068217370333017,-0.5272088927261211,-0.39410639027952643,-0.15939966056365001,1.2583337276867816,0.4184218214167251,-0.9152256216187297,0.2012410985015659,-0.21347830200351237,0.572613522867656,2.151322639067115,-0.2662600964099034,-0.14163067608123633,1.3402103683543491,-1.2568934348517338,-1.7860689501848,0.3521373409175436,0.3901072717990758,0.6565869454992803,0.13132142746455702
2.182808051701725,-0.9872961950331245,0.4944355936343764,0.02838292811897892,-0.187445925605465,-1.3444980891987321,0.20499955747997284,-0.9215134625030292,-0.17960416179735741,-1.089423266145981,-0.34369124306926185,1.223812917590543,-0.7162596031361905,0.759309160811972,-1.288098805195468,-0.058254211368502534,-1.9372796494289437,-1.8967586412607196,-0.31009754943877366,-0.9402930684141768
-1.5291039232616723,0.16411373710302346,1.2930907287350566,-0.013701211768343505,-1.0812955250079153,0.1797517394692955,0.4484696397919375,2.961755856641197,-1.0446341819009373,-0.4143132619891698,-0.8596374455711456,-1.230731207064491,-0.8352735803282162,0.791927823627134,-0.045936218666489656,-1.2211351355046296,0.4243732020297075,1.7978086433649882,1.4387965249653978,1.647619459134222
0.20293362132948028,1.6698449370408044,-0.2249952554405471,-0.6252816019348709,1.0676637654048824,0.21519745300719864,0.2309972088382656,-0.17292957201562667,0.6326098497686027,-0.3469735969438515,0.056949114168630584,1.1769966171040636,1.2589245553376829,-0.8031081303515853,0.5941515142716,0.8520805891872189,0.541141100434003,1.1763962878610452,-1.5086085538570326,-1.083647385624764
0.1750843290587008,-2.8877089584220075,-1.1314589957479826,0.3504834021848679,-2.0624319151894563,-1.2595119891946371,0.2739204580191527,-1.645002794788293,-2.1692132267221638,1.0490717368346105,0.4213054919634546,1.5522117294229267,0.19737281927455375,-0.8176484795302734,1.5051922243190776,0.3135482112623557,0.10078552888472711,-0.17794419904331546,-0.39081480992594547,-0.332000163747654
-2.182671347262716,-0.3131997281999561,0.3029940769646947,0.004007196373768559,-1.0400834493503948,0.21415587921488557,-1.9056720469549557,0.8381957262797887,0.45228995084634926,-0.05870742734744302,-0.6799459203805169,-1.3827714535866051,-1.380647459146819,-0.5149405303383839,0.9881219788590572,-0.5695894846080842,-0.8713112295477946,-0.4769544094684362,0.7181861742028661,2.1543214393141947
-1.4240386543138304,0.13256493309304573,-0.11997503360594991,-1.1883197470745672,0.7034256815156176,0.11090079979910243,-0.32968616908509685,-0.8928151728263019,0.07663631131748241,0.7136084086246066,-0.6318412024795067,-0.7586008575645082,-0.44563223010919073,0.993064704033505,-0.6868232862985914,0.544954919210249,-1.0055705678248688,-0.890659868502896,1.1058209105975305,0.6998884158622346
-0.5604395018271972,0.917159863194004,-0.3123135141940232,0.5448026762837472,1.1189304967842753,-0.5225195762418265,0.9531311698380055,-0.7200476220989435,-1.6606913052641825,0.2233376592484606,1.1324327486857089,0.7196895958662533,0.8962190132363466,1.2572479203465248,-0.7393854935359633,0.03476393396308719,1.6784976870310544,1.2905532130101358,0.4955360939181478,-0.6947577106522876
0.5256713596460496,-0.6692153519418145,0.028409671890405965,-0.7982758526145832,0.5206991147092123,-1.2030871340377034,-0.9177298108593933,0.0040160877151723656,-0.05487067644746238,0.6285761806445457,0.5292889784120416,0.1639083058575031,-0.07817235376219857,0.8853673530377221,-0.31830395228903213,-0.8340479035188453,0.3602745267926716,-0.39325580128984733,-1.0268204323645647,-1.4167359472471808
0.3400741919914155,0.8582850141236639,-0.6305506381675324,1.2839065952085866,0.8140235558150031,2.2906855302493425,-0.3241812590606116,-0.5551544389564887,2.6611791886928216,0.08392845258973354,-0.06881587009546428,-1.946785583489231,0.635738713794087,0.6336855340614047,0.41282229105196844,0.6529200141819369,0.14136011452569827,-0.5971950007822947,0.9413034024072272,1.2339176736993702
0.07570851694860192,-0.9104837272893124,0.6715075950717748,1.1049181476153096,-0.2723669970182675,0.797078192549953,0.8202071184957137,-0.06723577031185132,0.3126529510108019,-0.16349358284800283,-2.219685566972838,-0.5952144831701901,-2.4291538972588955,0.9652500209394655,0.9710022478593057,-0.16137492536519568,-1.2779365537907423,-1.0044408199846933,0.31553112396923416,1.25766716815471
-1.6434211394854936,-0.16918650865820725,-0.5188953170655193,-0.3882165296171103,-1.6491312128266646,-0.29751402644516545,1.3408649197571265,0.7673724280210471,-0.23254814844778546,-1.0008046616019841,0.020338168359194247,0.15852147269678432,0.306345210991463,-1.3532930936820198,0.7459753270404791,-1.3781330181711557,1.771672867598476,-0.35994069955181907,1.4319640648357752,1.7082519600824553
0.9875968162832092,-1.436756095040615,-1.440129882410559,-0.655690036826373,-1.7309486961450231,1.352802106464395,0.01421780106200781,0.544394669323714,-0.25758739318506574,-2.817479928021329,0.9043608880428566,0.5273730771670238,0.4576740513446102,-0.11652897646691236,0.4473992970386207,-0.568753880207769,-0.7267106152600794,-1.309604131164874,-1.5399862287162296,0.06697161996656029
0.05298658838567671,-1.387159700221887,-0.85709851510229,0.5487361934190583,-0.6963535802413165,0.33811713901567875,-2.0623164125084883,0.03149309899864682,1.1228172273195263,-0.03453291682666126,0.02261098181059351,0.0847232260732024,0.5978670886452834,0.3938096736536902,-0.225215875922298,0.36055281487461227,1.0475702128396236,-0.45878276680400026,-1.5795440216148044,-1.5531557213920566
0.8317683548915329,0.41902069697192723,-0.5837322650307195,-0.9665909066424947,-0.150832184439918,-2.2388706738319644,0.42218903065270835,-1.6154387039120683,-1.4099447179624691,-0.48567428248401323,1.3692800079679173,1.7507801613350868,0.3597215931928644,-0.4911222335413923,0.1873727585560539,0.25059088876289204,-0.9654118545371133,-1.6864521516651843,-1.0953743343971674,-0.34302515315586024
0.042989518259479116,-0.9369219268097889,-0.2884633162627348,-0.6166935601566658,-2.0553432658881947,0.08411302190403809,0.0503367385752746,-0.6297012466289283,-0.7185736827970153,-1.1326056439086152,-1.6467481650307618,-0.8102721225044794,-0.6285443325085549,0.4704438573510764,0.029645575973788297,0.4175216102468073,-0.12803124906378271,-1.3807798225630756,0.24279818111903653,1.7022180132860627
-0.16268553056936141,0.23419934354375432,-0.7546458645074355,1.7989224140905729,-1.1207581567891052,-0.15584282227783133,-0.3128909955719479,1.2177695778257036,-2.699762954173503,0.3443422935077116,1.257329206286374,-0.04088722532013829,-0.8783575025058529,-1.2272108721252766,-0.3095556605737843,-1.6072297569225484,0.490638024608733,2.2231786506214815,0.9681183586742788,-0.056961375875522975
0.24185333329001538,-0.31386405308421333,0.6066952654057309,1.5417361906322091,-0.21293933609913876,-0.047319941229209656,0.537010851314239,0.8779861265034231,0.2623694827158295,0.878639504436905,0.3485396420344111,-0.17935304162098295,-0.6563629886886159,-1.1020878875128153,0.41073927789489395,-1.2200270733809797,0.4020535558337725,0.1047749711964205,0.3454253571972584,-0.029897870159601284
0.038308745092934623,-0.7564860348457515,1.7904252977359554,1.7309878962393475,-0.8714307059688374,-0.08213056129134169,1.1951552557438674,1.169477643488436,-0.049184186748182104,-0.7346814646394904,1.3086779151937131,-0.8149988415092986,0.37517672238678174,1.5326274735686065,-0.33694293935666797,-1.3177637379545417,-1.1984367155167204,-1.0198132359593142,1.3166727959978548,1.6158726443582265
-0.845406752611789,1.54727326111062,-1.5581877441241467,0.07322215821953171,-0.6831877796305775,1.530650499559976,-0.07234329815804301,1.0460410393216817,-0.5891328728909766,-0.7099254619500572,-2.0491958693933925,0.3445048760853556,-1.5121915871180083,-2.3940806657618414,0.17218089375205214,1.2286537765757188,0.5897075125167891,1.544297742433747,-0.12996413297847928,-0.4950923657052271
1.0630765182840969,-0.10915406387692606,-0.2973474453565694,-0.6684659444581552,-0.3384900277771364,2.4969691565705796,-1.2319491503800122,0.9938424875606955,0.4583832428651286,-1.8856274157311026,-0.12671910590402544,-0.5942467207450878,-0.1547897716981837,-0.2118670376033314,-0.7633494710101979,0.49629502193462804,0.29406734649036936,0.23261640098116482,-1.828258510855103,-1.0429398369679992
0.962947719533472,0.34908919813672484,-1.4574077573706916,-0.8218619497738574,-0.28103408036170235,-0.6623800301275217,0.5785944213018802,-0.7600515004164976,-0.864381322734186,0.3012389371110675,0.7675532508689803,0.6874648269316472,0.08143593625097297,-0.8089716661276884,0.8970883849708243,-0.8094074029209042,0.9038159851642897,0.4501875936419127,-0.05307331410948883,-0.21300981863181087
0.4430230020466204,0.45412476711260097,-0.6976181759993619,-1.6357054091981584,-0.10750480391210214,-0.013041322296044532,1.36262591067597,-0.28881795925857945,-0.46404441107965294,-1.7878483911651095,0.4562199138358369,0.5420007404618988,0.8404863299409374,0.26096370611010794,-1.023184163358514,-0.791082237272306,0.4963983837392335,0.43459198723017317,-0.21448462208767036,0.518396242251218
1.8407050640834475,0.9129460362729462,-1.4583242394184743,-0.9365327889595223,0.3513405779021597,1.3592301405127503,-1.2855326107786997,-0.9434925622175551,0.9515406155902935,-1.640929082206337,-0.6168055394562539,0.2770435821436226,-0.6288222029891978,-1.1952544232126203,-2.106403024285453,0.8631665769076536,-0.601007965811305,-1.2232445646132277,-0.4555767858098185,-0.7898375626853754
0.539962642945445,-0.2093257291888749,0.40686128842089,0.9972497790294107,-0.22259636706415611,-0.10741258353863684,0.8317376646802975,-1.1180378331231242,0.78041062348952,0.6277467860383565,-0.14919242090812662,-0.9729940653893087,0.9906533608176454,0.5992679595442691,0.4009085961243221,0.852234244057543,0.9043530948213608,-1.50823063535983,0.2884191872205413,0.60081573160752
-1.3071026980434164,1.6896446615099963,1.210495404585758,1.618447476141399,0.6562370876885816,2.0839388042269045,0.5203121431064068,0.5614457587333548,0.002547470251176363,-0.209692247088922,0.26021251263874284,-0.25284829616955656,1.4016456057570783,1.8192848057637294,-0.057613779217535806,1.9144886209653853,0.3863884306186188,0.3124134575295436,0.15870647048212277,0.479590867576302
0.08865848555546874,1.0758892289624225,-0.9050672771869946,-2.3498903939638356,1.167203551695054,1.3522349020442224,-1.1371166938974702,-0.5202113122714203,0.9644284888826054,-0.5733492486791237,-0.35330195841980133,-0.3725058535215805,0.06522765658959147,-0.31352342082683143,-1.0477587660308996,0.9822911282501805,0.8488790258378386,-0.46198301155127475,-0.3636337566359884,-0.9584641895855536
-0.254078125474264,-0.47183982436663424,0.37635087806549217,0.23006990907356095,0.030888949130952137,-1.4137949477273273,-0.23773560316453146,0.9938528688402711,-0.3606833855310656,1.0938729723044796,1.5400624686647204,0.06767304174256188,-0.1678481268417368,-0.48031041397315505,0.22638850972666238,-1.964730795043331,-0.35012870055220807,1.2317039754139611,-0.32699672428844057,-0.5642081885693819
-1.5929775339962293,-0.1825732455220434,0.9629810913365389,-0.6546568621442526,0.12686422027642885,0.10155746979846407,0.4787968092065676,0.11718669965311636,0.4195778658512809,-0.25112947979862144,-0.5533884807124967,-0.2111027974992658,0.052087167607446846,0.27413016206559526,-1.0372234663269417,-0.5564292862286814,0.8600038501586027,0.3774143644175756,1.2325037277090065,1.0511866969549275
1.2156293499858413,0.05563538025270101,-0.12039199729896265,1.5656273075713214,-0.7373872601044742,-1.5281812132238997,0.12450504346194888,-1.4432851005964928,-1.4535727766279871,0.6631849887988787,0.9746607949079363,1.1169118848448114,-0.07946018355040656,-0.6100012580978186,-0.8370666925354349,-0.13558837044275557,0.4122930425580238,-0.3298800419007114,0.1596453520982615,-0.7723823399573891
-0.3307547141155737,0.19845947047154322,0.21010341642447114,-0.7499962931223825,-0.30790197755969134,0.7873352834752705,-0.6974369632729186,-0.4431438220505132,0.7548017039784918,-0.7429441791341175,-0.12882282575668216,-1.944400444864823,0.6604306363622447,1.300947503759189,-1.38549067608521,-0.08855581456194926,0.21232236639427615,-0.42056918977140734,1.5751854544476533,1.600292004637721
-0.7991731452021231,-0.02725897458257935,2.514068843039819,0.036920495640350506,0.3683298396213273,-1.4320157998579188,1.1234771673620139,0.016149546100808626,-0.46488387119794095,0.3381068266853145,0.760184099738545,0.03417951231175569,0.18478614771272303,1.1238046774004193,1.0434504428942617,-0.2967823443098537,-0.8503969598964508,0.289148129690546,0.04391001122293683,0.6788687977499818
1.4457595578670128,0.5204959936619906,0.5459132670178793,0.5593424438321261,0.15546905168296313,1.2526445047629435,-0.37185123013751054,0.03286718800956076,-0.552992514351895,-2.204769959175117,-1.6273645080966175,0.29813119226078494,0.11661214753774125,0.7860196723260873,0.7813858735968755,0.9644895268578666,1.0134019592694794,0.8596476417521214,-1.7387319504696581,-1.167639880511512
-0.10057661697444262,-0.8381085068512282,-0.8772349443817822,-0.17073647905508538,-0.13369526467483903,-0.9841347772604448,2.316416554460037,0.38275455527420776,-0.4638988038147638,0.33393447830270834,0.3821279361641183,0.5717613014755061,-0.833881484444244,-1.0161399402176348,0.8838181908067595,-2.1367065588904555,-0.058769514815415064,1.010553248182274,0.2483826106404656,0.42328764092966475
-0.5861395553980567,0.2605125137053718,-0.5872238329058873,-0.1599598398295038,0.3124031196917167,0.22902150388224768,-0.19745058381122835,0.4096560751299048,-0.30582945646784415,-0.39520480496558097,0.3709335049611966,1.1843521893255633,0.28017343395726063,-0.48638584533208956,0.13309575491137346,0.26516438403361847,-0.38700330776025427,0.635246000713202,-0.43880197986725855,-0.48154131210515017
0.7787286579352045,-1.0301613396953866,-1.2264903044373905,-0.6498292946141886,0.30513834621405234,-0.04499511441853499,-0.08791159112820346,0.46377098436102443,1.7089662346208137,0.47496337107972664,0.7006359834169944,-0.44044978198943807,1.9635870090712095,-0.16625200306236362,-0.7469874204380235,0.004892940682730151,1.2294328374473,0.4063404426830929,-0.2945164573718725,-1.4119177312149527
1.6946320858241304,0.9414721626374672,0.47049911213569773,0.026290842023076286,-0.6709295705757443,0.11430481628591499,0.7717334810463397,-0.12538351939103634,-0.22871927893074695,0.5457979385538517,-0.5782102785481318,-1.3720072948036428,-0.537786486375987,-0.4459854144939931,0.9146749096801406,0.27154488415902756,-1.882157103317213,-0.30086628859591374,1.2810641433359706,1.5493408930663928
0.2693323325775027,-1.2283139952848119,1.0584374786115793,1.7655527500221089,0.31855678525750447,-1.2556793956883099,-0.04340886206254077,-0.9412958801832841,0.2970047408295337,-0.025076839442945927,0.6409121427166949,1.1711005989042655,-0.46352080152664416,0.9242526872548915,-1.1504338941680379,-0.22452293126592246,-1.9937202598476207,-1.687665884498428,-0.002102832622112479,-0.25909532879645236
-0.10469769206685313,0.01982453193632522,-0.9957778171327694,-0.49372834776941626,1.304505987078254,-2.7998358059768824,1.1013393461980368,-1.476514702466392,-1.176142618546211,1.6447075212731355,1.347978818745831,2.3240491630747577,0.9708606356666765,-0.17556816964580865,-0.17137377023531244,0.12289831931644064,-0.2840682762499341,0.09149794185764665,-0.31240453852208255,-1.5585580235001386
-0.6054960440182043,0.04597637833945825,0.4434504108684714,-1.4662954535158457,-0.27531678850470687,-0.3362105912539809,0.3047074710420108,0.9275990141149092,-1.0533451534507692,-0.5543493751574037,0.43377655550546107,-0.20150488548253845,-0.23523647158024644,-0.05382469397536716,-0.17427662002675695,-1.0770121150539125,0.3152723490550201,0.8325478401149767,0.6697607760494335,0.2382916517999304
1.7111671538765576,0.5569222486439727,0.9887843627799986,-0.3167806618785001,-0.3217425127326823,-0.6571915255854553,0.32737034368739426,0.5590288626201767,-0.00018832840180649926,-0.46201225286271147,0.648072006327813,-0.8678309891690655,1.4056970809232328,0.1493036398375725,0.06180055572734594,-0.41030238720132467,0.5639280114913655,1.050508512214598,-0.4529480116806348,-0.3995214239928122
1.1732036102644638,0.6047461893290081,-0.13276831507829223,1.363544436614815,0.02476553259804769,-1.2619203133336074,0.3062279456235966,-0.3087594506042298,-0.5428964094385939,-0.3597105260371933,1.9802685080178974,0.8393401969533002,0.79909424602979,-0.1815670069134345,0.19968063896124824,-0.46599027355375267,-0.19032230128328062,0.03279937824454181,-0.9207423607411295,-0.45018896104117617
0.36463051553812914,-0.04417217464280347,0.07310382316742757,0.7800476580484376,0.6849188885898602,0.23008410194479678,-0.20410351138616933,-1.2317226832436061,-1.031000113950276,-0.26517801384128137,-0.7391332416039617,1.4374786385820102,1.074896715438229,1.429062448753553,0.5212040111094709,2.282586206679774,0.7228436407815305,-0.0512870173819662,-1.5790630644662673,-1.9545333362593285
-1.389110480458735,-2.4041891402597946,-0.5111253002378896,-0.18637259369931672,-1.2996929341861212,-0.11091354974019436,1.7280017220095087,-0.28903438874801746,0.8915825929750839,-0.15557322238617155,0.06738338143913854,-0.44208951876523006,0.8025089033060969,-0.12734580780566712,-0.4447577524382436,-0.5340815484474359,0.9446693568064881,-2.012980288685175,1.2444894967403315,1.5427428359467363
-0.07285296689601925,-0.0009121545899588537,-0.4403104648231194,0.22631317248214192,0.1599821470697027,0.9330243873857753,0.9013973166068893,-0.1695344027729662,-1.3422292731167689,0.5475711976871146,-0.8787713985077477,-0.22413733961291157,-2.278914967470639,-0.562196319760251,1.0202225319288785,-1.0491973686292722,0.16414422452683083,0.7344521956605,0.3619209341942538,0.6794109323081416
-0.6685713065122549,-0.0752977929951514,0.9217422364966315,1.0095038472886124,0.6136663038423623,-0.1150128357923426,0.6165717858068964,0.6983896439257512,-0.004382362857471447,0.5802525407437215,0.7817102477269523,-0.03405250551531085,-0.023965614140571172,0.7768894370626112,-1.2870174769391631,-1.0990818703044054,0.8792974564410976,0.1470583464295241,0.4060165287448641,-0.36639968161369596
-1.4770184951901932,-1.5843237776223233,-1.5793509015583969,2.0736383255541924,-1.8955872883344995,1.888859310911929,-1.7826220952029965,2.8134526735589342,1.1614732701753459,-0.6112769216789118,-0.4587990986996557,-1.2395447992224484,-0.6760081537306246,-1.1345804209854744,1.2004692037366786,-1.3133366013512253,2.315642016732513,0.4837785784037105,-0.20174855817882545,-0.02817170084576243
-0.105257785517607,1.552001111841917,0.0006368738816202724,1.079622875214112,0.7912701261826113,-1.3468560597140395,0.37471884735965405,-1.7906207816748478,-1.2630400741271568,1.2483933683223334,0.33901110161570147,0.5034140047417179,1.162457733215028,0.2894002259673595,1.3824300636761917,0.9902374325330585,1.7716618601214742,2.1471127479405996,-0.28358660920573553,-0.4440933408986991
0.17657783395578475,1.237707984263945,1.407389497096961,0.09109168583705324,1.1841985896032603,-1.3211754109225144,1.9476795079693348,-0.49477198722671245,-0.398156486809473,0.5266199482266435,0.3157586115994218,1.0780578661458255,0.014902937355714296,-0.059053880292173976,0.8996806217211264,-0.007060659845885718,-0.5994461158143649,0.8695812175111892,-0.4273063030069971,-0.007938058684835925
0.41093321957260953,0.042879294074514476,0.6602324037221687,-0.13435739163436558,0.9265713081083489,0.9779429342675294,1.528047846102537,-1.066762740274003,-0.46193902853539826,-0.5837548330395228,0.3498705582985455,0.9788096928977513,1.153903905700641,1.2826149301862846,0.6932939218361988,1.0449863941150637,0.7437750460542395,-0.23645518117444012,-0.9573678970678342,-0.7567555420970643
0.40150836921217425,0.2173803466787172,-1.5858912947565056,0.2095998396383306,-0.4903732622061542,-0.27693367333157126,-0.699285432859226,0.04510352877258945,1.3125230496948663,0.4525178851065932,1.1600731486046254,-0.7857227627941361,1.4089400607370908,-0.5217992653804667,1.7813708895677929,-0.26277446705996493,1.1832525858861251,0.215823779448369,-0.5324458228085727,0.15283296742532657
0.9039935117914152,0.4526583085406078,1.027755737071606,-1.2926838409047923,0.29632411491141414,0.5204250196261235,-0.38102368326857944,1.3458063999749195,-0.016683269864104826,-0.5450001848401507,0.06032578294991142,-0.2213623826811874,-0.5246774519654362,-0.3486178097133238,0.3574340588004321,-0.37126062299618695,-0.4858335424882247,-0.21747140296821643,-0.9167031851479778,-0.5528652602194521
-1.3428027265263673,0.7962539755629358,0.2692226804164049,0.9568827839376091,-0.4171369247382957,0.8253166622042847,0.17397382208511525,1.7329651702414313,2.1074620697297632,0.8299063478619961,-1.2301598631110806,-2.6240098394918765,0.602954496015652,-0.3209700847124446,-1.1882489816013246,0.657878846133206,1.1506257273578502,-0.11525775924512993,1.5068176174654544,1.010438530612445
-0.24711612336821626,-0.6845696862174204,-0.4787726875640899,-0.6213594544558751,-0.4639662456438626,-0.43696097202081724,-1.7443721394743863,1.9562151919902624,0.559469869838714,0.7971006335680674,-1.0753714417571643,0.9147079599107806,0.20653583349216417,-1.3605687280156002,0.9775279147466056,1.7614474547811299,-0.6759749975190145,0.08971097632370822,-2.110626044369046,-2.7101158831734486
-0.7554820485953089,-0.9840485532133515,1.8343196665953712,0.9575674156127848,-0.7553964992880164,-0.39254783100105034,0.5107607019210544,-1.0501214105141279,-0.5789202690142858,-0.7221166817340532,-0.08478760967038433,0.8732284092722722,1.076492285930848,1.3681177858349067,-0.6169517095708271,1.5492649126608558,-0.11710666101184443,-1.05205539623061,-0.060974627099374956,0.07210161687899123
0.40258621561814123,1.0121845381899777,2.324279661931804,1.4639068759889162,0.7077886001924562,-0.9088756692183559,0.17243017295895618,0.9724082139775314,-0.05958876525362199,1.1363217853917782,-0.8197370495787949,-0.03790539298462065,0.15480524521907305,0.5725384812014519,-0.3972109234571074,1.0201974267692118,-0.4548494426571144,1.0694487542688296,-0.5460420150230003,-1.3354127516843206
2.1268113010583276,-0.40390868653434986,1.8605667989830883,-1.252636763857837,0.7289665465230125,1.09062608264456,0.2725381904610377,-0.1912804245916759,1.8434452146170675,-3.08798903317967,1.0415777123786925,0.3082016384498927,1.6649618877637442,2.250829292326807,1.339443194049105,0.1653558505090781,-0.55476739785854,-2.15871149979173,-1.916593932288056,-0.4399059057586533
-1.4082643736857001,-0.6687961395545539,-0.6896637981260422,-0.11446775425260085,-0.9965255165562755,2.588425175510517,-1.4297033585915584,-0.04141112386768902,0.3161082023299745,-1.8988803452988374,-2.066001315213855,-0.3427604810060742,0.0957561580603855,0.055423548775775905,0.3757511145086189,1.804164185063346,0.38638777034538807,0.3911790135840583,-0.06246987204428644,0.5458973722049864
-0.41029062704445896,0.4495896181237627,-0.7623223626495711,-2.152120628834972,1.3161556857621726,-0.748362024344768,0.47532742973944714,-0.9529836077883119,0.48869594577641545,0.3245023653905951,-0.26920035039684614,-0.751391039888563,1.1947379524433677,1.2150086978572197,0.06685555781246516,0.7049227817979189,0.7130794823460352,0.28854652908418704,0.6898277233922706,0.3822095985485739
0.7940242318016275,-1.1683821121422096,-1.5051269192465224,0.010212143990962694,-0.845510566251078,-0.9023170293737682,0.15095577584964923,-0.447545803545809,-1.0543015608972555,1.1820859813131481,-0.6583900848367277,0.8709717871244452,-0.8362581692452099,-2.131579019443873,0.3293752232751765,0.33165117716421094,0.32265699530821795,0.31482244195099734,-0.7759405633414598,-1.2665722008374367
0.2496504200157235,0.04429097791516778,1.5433125868906545,-1.0355577219644645,1.1309592715014412,-2.084099429735219,-0.06822156958212038,-0.10543419930368966,2.602297091616811,0.7713928701276233,-0.944572721857437,-1.0495802571084463,1.5463395197112666,0.395073849503774,0.20197826418027204,0.6744540759831466,0.4462551542618102,-1.1388904331133174,-0.021516934868646184,-0.5194861692868455
0.841836390932488,1.2453983270113063,-1.1732853755405994,-0.23786483263202496,-1.2987171604213144,-0.08105945977376199,-1.0357445037883855,0.1677178122754405,0.7117930809816527,-1.3841950371659597,0.5770454876378204,-1.0792192428793794,1.7232668448955715,-0.8398922442519653,-1.5550519196996009,1.5142861457157897,0.037048337280525104,-1.0094526373490595,0.07724629494651195,0.13030709166245777
-1.3633925329691385,0.8695360317857843,-0.5723850533664463,0.4472453876562741,0.06695855729987925,1.2202106629053595,0.4737805353302174,1.4047572122844594,0.6416749141032734,-0.24615271500715605,-0.04921798018905407,0.4083399347562047,-0.11114047989959418,-0.8520452526078375,1.4215523664079093,-0.5365434842966857,1.3006001360908086,0.7173574280083113,-0.18126431108668084,0.3020302693797348
0.6164170311727174,-0.6525108411393354,0.10887937419681362,0.8342273689059233,-0.8307944317041654,0.03191907045840407,-1.2909331459294828,0.39836881089121545,-0.3034520152013357,-0.10846592799731111,0.22722767455050594,-0.3120479729299555,0.8581589090547044,1.3426933979670594,0.16994395095393583,0.7890644570316634,-0.17895953559482183,-0.9576957501378964,-0.5152344513873154,-0.8986986088210865
-0.02030983492434544,-0.4242507804526211,-0.47101840796892935,-0.6113113160663787,-1.0897241597914717,-0.431171577167035,0.028176213035213185,-0.5307948749863871,-0.29481836765395675,-1.0794634420132203,-1.4048917096927318,0.5143711950434752,-0.4362234142826971,0.015195513149739777,0.6533087458240463,1.0795251204926353,-1.7047801359857329,-0.992061132718658,0.055674698930056984,0.8587324100586595
1.9849678640028638,0.8151923758321536,2.0661161228364633,-0.21088644137013038,-0.14539107167335166,-0.6124055889580982,1.1274994602420154,-0.13858982864946723,-0.250863533369575,-0.2614963723025477,-0.4586479887796576,-0.47352645259799553,-1.225709605969608,0.18286163359029792,-1.1771231131394415,-0.3442210423491895,-2.1200175720678724,-1.189955255691233,1.0602291385995075,0.9549436429515108
2.264815183734672,-0.7058085272571918,-0.19807126736154132,0.2762965978873864,-0.9447932377312155,0.6399866528258548,-0.6571943534450366,-0.8581048650073779,-0.7017250408977445,-0.9694102060553755,-1.1615609050261273,0.6036063735634398,-0.18602779755240514,-0.49126329322125883,-2.2651368227974147,0.7740561887094485,0.8043463318631489,-0.2838786984477331,0.1753930540735099,-1.2055185785914049
