X1,X2,X3,X4,X5,X6,X7,X8,X9,X10,X11,X12,X13,X14,X15,X16,X17,X18,X19,X20
-1.0463990690920046,2.2205993179264136,4.647802348263944,-1.286434936949189,2.1930558638455904,-4.146259234951988,-4.599692410929388,2.7894852752798434,9.535046681039596,-0.646995966849083,-1.0565281084075493,-0.6966461378493429,-0.24192078414637397,-0.45133304553910947,1.9782004626354306,-0.609934830488106,1.3615419128922794,-1.0574449727270232,0.560041323369651,2.4920569662814667
-1.9319169748176948,-3.2674883866624045,1.5509531710938456,-0.6142237503211057,-8.954442218838947,-0.5561974473387542,-6.221349854419912,4.765186895253613,1.8428618329805975,1.2963516355303306,0.6639790894736233,-0.18123098646867342,2.419090656432331,1.9141045737317397,1.5425419700109895,-0.6315444796251124,-0.42167957507080556,4.440969865526535,-0.5608615357925246,-0.7779295186591773
0.18007860882809398,-2.359833056335688,-0.29710373826315617,3.200668134102107,-1.6033650898547092,2.0319239690133615,1.889894227248338,0.0128614997889136,-5.439744186039647,-1.798427952499341,1.459320807025198,-3.1628960281698104,2.0059836206932498,-0.0591153733868548,-2.1485679757961664,-0.05321378530170207,-2.1746414813882033,2.3586718200825016,0.5324428171543393,-0.07088808219652687
-0.10404086549019942,-3.4379911679223194,0.14203018949444396,-3.1448012364719453,-5.800488999197109,-2.965912004529154,-4.540620441601638,3.1859333231247926,3.5675008265210444,-0.6534594738696493,-0.2479569125488733,-1.929247917741708,0.8137636658816196,1.4536284348580373,-1.2245942997507375,1.1890516037045322,-4.7113032490220155,6.139687218849501,-0.618529972908314,-1.026591414493844
0.8713324904880555,3.0472497450095704,-2.165886907881863,3.8865490515342507,3.132737407167462,1.0533994491588454,4.888400807322839,-0.1979808736455181,-4.541989146457758,0.7032531194399624,-0.6176417484270634,3.651857473376841,0.619228164329311,0.9615142950484972,2.2597366756643127,0.9138173042992843,0.42369221889684233,-7.41336629896373,1.380864220917724,-1.8418614106361273
1.1507885496455135,-3.114380376298439,-0.55468820136959,-3.088359984239352,-4.22802076212752,-4.967445909475259,-3.7976824960039552,3.150106199696033,9.201011843824359,-1.8418840744295013,0.8487035680594532,-2.404281971615638,0.46991861948382296,0.4322212894189643,1.5102981335366976,-0.5066130175206714,-5.009721992469132,3.5133029264414173,0.9347997327699769,0.19865986207301445
1.6100437136773018,-2.21908678438132,0.17599764413566032,-4.111675375079747,-0.02522481050177236,-3.132332397586628,-1.5598453851809084,-0.6589939511948739,5.551415493423003,-1.7448163741745497,0.18397456858960126,-1.2110707154922333,-0.7631821359767434,-1.4236546832810757,0.7226966838930584,-1.137597639819289,-2.451713084038761,1.0780277761921764,1.2544280663936835,0.2504413288962012
1.6339498974144908,0.8119733753847159,-2.542148229899531,8.638460106769621,4.129943554234682,4.43155160131025,0.8651854326953572,-3.1577972483706045,-8.885865525037854,-1.1029490755311389,1.3197036036216026,-1.4293904039695942,2.488865524663547,-0.8923593229262529,0.19933736456812207,-2.3638143909390013,-2.9343262508714303,-5.63026680976654,1.8327880064823232,-3.9890486362876487
-1.4179975233667752,4.035381496606176,2.2906020823269797,-7.290835669747301,-1.2853050593186095,-4.463899189360568,-3.2420804810873824,1.6797118895549505,11.104311901607781,0.6341622406794938,-1.2000714702045854,-0.057840543305217706,-4.088358002190837,1.557234456182536,-2.370233075092158,3.898889664026467,1.1644410964072405,2.5449857263607125,-0.4453942849337829,4.83589861214741
-0.2927745171413907,0.9215527241170127,-1.0217717976217453,1.3128072534251536,1.1475282574724466,-0.11220273838668948,0.6242935202971172,-1.6608976689041428,0.4896236928929403,0.4447649262088186,-0.6721120726362049,1.1384419381152284,0.41383714756687406,-0.8417518936978581,0.7555772148387463,-1.5638570764220854,1.6764989492780653,-1.5173435784150309,-0.07983143927798121,-1.180036415055786
-0.030543777072260858,-5.5547357948976765,0.8635029213157008,-2.368972673558634,-8.702328701353146,-2.2533941156456754,-2.835615671618223,1.7459842453204617,4.787703215557226,-1.4074030142600393,0.776757372148181,-2.8319160370041696,2.9714320084614396,-0.04411930957716184,-0.06670057160734588,-0.9506364786815541,-2.8600319430468613,5.664476763935331,-0.633336769511523,-1.8323763548928307
5.317962859991865,-2.312619394185906,-3.134902627408876,-5.179927827716127,3.8924895544853806,-4.6286820796415915,5.143913032940206,-3.4923979172846282,8.62920237620817,-0.21366321036974825,-0.16407696042602565,0.6930648055199982,-3.109175944002691,-2.5433740324013794,2.0394528316993,-1.3805783286815037,-3.1550691572565865,-1.81348870968946,2.5484131324518207,1.0545335964773792
-2.4778326206249743,4.346937383274296,2.0946741104309767,4.246140481055913,-0.7430704198470042,-1.9040921455043027,-2.442497846535024,2.9749815749337842,-0.3068588333126181,2.2734767938416787,-1.6095846661081472,2.018409330511064,0.08446608610711442,2.5680986195875635,-1.4043845062721927,1.5354087616933554,5.497307052088762,-0.6208064527277813,-0.48213662636273463,-0.07946192543318908
2.806569536326067,1.3828476195176744,-3.9871493144671843,12.360135748758042,6.3744961390433375,4.62383732700763,6.02015857016687,-3.3160476305351776,-9.957546382329465,1.4332928085224221,0.13791070973184927,1.5545028158774592,2.1186259078895424,-1.0279624894823614,3.1339004513966917,-1.722634574517993,2.092712900652244,-8.068945380095489,1.647729829140644,-3.4036106385403873
1.5171390964455207,-3.903352735702187,-3.717701682395529,2.701227657847283,-2.845186111748305,5.697179628651252,1.4131608228020522,-3.0505341618348853,-9.456340661844054,-0.3839289655177296,2.7496284420117476,-3.529127731159461,1.444491508000807,-1.0445619282914547,-2.4346893404868606,0.4642645865156627,-3.12123354020693,0.9637939134498352,-1.1114804068385213,-3.268380247741648
2.729436868256723,-2.017549592839475,-3.4969149583436843,8.653183059596415,1.6068953779410935,2.8620411565435733,5.058018661351817,-3.287887380075855,-8.460536551482374,-0.1885103152846413,0.350451705766855,-1.1078326521863544,0.4292969818995068,-0.3196568894985845,0.4439712501040087,0.40204132073019383,-0.2444080251509937,-3.26640723021232,1.7417700840691646,-4.0589379767598235
-5.99351835323532,0.3687529237589409,3.7658644573292666,-8.531212903239119,-9.297155644701547,-3.5325802451769333,-8.586307456423988,4.092953485550965,10.363666796454952,-1.0236387417223392,0.2540879123641218,-3.250586098037237,-1.1197125965912873,2.7348765095699754,-1.7988224493363758,2.5637921516473994,-0.46469943145385806,7.6264279870049085,-1.9191124247203435,3.8034348927992556
3.033992810359461,-1.231722302466915,-2.864455768143736,-3.397025739715099,1.8469968538774246,-2.2125108377279306,5.424151149020894,-3.1737565997374846,7.307397726874717,-0.04686943957092594,1.7278653316780064,0.242790544275445,-1.9809142774176838,-1.2848794554917315,2.110835226666315,-0.8615057949449484,-2.642076745847519,-2.1987087655685413,1.8709117737103511,0.8586947287618445
-1.8288137828004318,0.07450748131548168,2.442193694336528,-3.7296747574061966,-6.821667698554297,-3.394753369132174,-7.190803589168804,4.228137886410865,6.561939603809735,1.038468889885872,-1.8521915600498635,0.6473315686546707,2.6045163052967473,1.4452412241455295,1.5898787263033327,2.467098355429719,-1.8024609689272024,1.032889014645976,-0.48302724946814457,0.5165629292373679
-1.2419632614600835,-3.5519130769637983,0.7343023893997109,5.383161564248076,-3.402710441829063,2.295614065113379,-8.338596155799713,3.613915553091741,-8.914626161062717,1.4010333026847384,-2.487878853423447,-0.026999315574309346,3.604113423458075,0.8675582445309595,0.27721170921990507,1.8283579570290889,-2.3975418417816963,2.7168236903484804,-0.8473637712236007,-2.181936116834769
0.10419878262844562,-0.9436482865153241,-0.3587930724760458,5.46488113327544,0.7436537482918397,4.008249839547557,1.7599659070871008,-1.570851569102293,-8.163227362335878,-0.8064860551690353,0.030988143762828657,-0.9591037111614865,2.345666065886254,0.35484536833501523,-2.6378323591934523,-0.4734308761112316,-0.811512266376375,-0.3823205235252863,-0.7598795900405321,-1.1650460205172513
3.7820052345815407,-2.6478697763343813,-3.5974896832986887,-3.5102883714483983,4.024403149389034,-0.8459074288300512,3.2766216488606448,-3.1471556513760452,1.0656520263553015,0.037502855432147354,-2.0460029337757413,1.4260540132383333,-1.8098483073008274,-3.1295419823120323,1.8921113486206882,-2.856575719271882,-3.5192610081904316,-2.8125712828859233,0.26878423558408154,-1.51726568677124
-1.7119276641079983,2.259514043961177,1.758799642876579,5.8287762262924225,0.3750065277001859,3.2030393605879786,1.4566626083979202,-1.514240485004489,-8.094180135923965,-0.4425736660914056,-0.8947268872498348,-2.0713258398209193,1.859368228422989,1.4781905630079875,-1.745499490439898,2.45762250604524,1.7773103849106522,-0.4594962600041177,-1.2116193835643747,-1.1336712239134492
-1.2241015157901824,-3.1840968103364746,0.10902452632558113,3.0867150918859156,-5.400228995955745,4.55225698043508,-1.1815233472186166,0.5076990705523072,-9.65292472049897,-2.823182700355401,2.6122848682884,-2.715859781852608,3.603897000258341,0.4285679397658977,-2.7601770567255124,-1.4554922460199533,-2.2409986926869685,5.912892640331902,-0.7621395486227848,-3.1854723686066038
2.105350355423497,0.09914101186948499,-1.8962673425733874,3.6705900882763736,3.106657322611144,-0.24443332458399802,3.8359300715229465,-3.4377643352355722,-1.90988822769989,0.22695739371780313,-1.428259910358886,-0.8465210790955876,0.19285649453734893,-0.5314505077399343,-0.3783149826673795,-0.8655882699131658,-0.44454029140061435,-4.121011726198907,1.4867765409337639,-1.3830169540674282
-0.8729978129302665,-2.216065252279499,-0.24786724156884954,3.258847667640282,-1.5267572932527462,3.130887429468953,-0.16457776724352746,-0.5713951145929166,-7.947308431980671,0.8038772471970783,-0.3559414209636919,-1.23032671042328,3.0257839186983655,0.7573550753277152,-0.9154537637606488,0.023180014919607195,-0.31288505057966254,0.975326764713111,-1.3807657963017552,-1.4267972208684598
-0.3288930766170839,-1.2279612992245703,1.419334323825367,-7.167208522213631,-5.559754382333857,-1.6096767322493453,-2.1273408620889875,1.7321897433314286,8.095794346338982,-0.6550076154025215,0.03809016448167596,-1.085216205282618,-1.2852898500879013,0.6334386284820835,-0.4343048233052942,1.393464099771006,-0.6652127128211295,5.878478992023036,-0.9969560978256454,0.7571137226855027
0.5446218626720576,4.854993150854835,1.7084365913678692,-6.469929658512399,3.053675991969535,-3.0888722436557914,3.5877767293805594,-1.2789877506910523,11.22267602159217,0.32642500486197384,0.21093938257507805,0.978225898377396,-4.7813193062675525,0.07995599735454972,-0.2532268516040767,-1.6003999979224677,3.204408680949536,-0.30484493884494324,0.721736014897821,4.165268940814695
1.0281145805821754,1.8066153399426979,-2.6669582326656376,4.819318962150366,2.900639038573053,6.016130982067645,5.552833675828976,-2.769098067455269,-8.175698885174027,0.44729981814522074,1.0163570238093271,0.3144148813528942,1.7226148707282234,-1.449655636840731,1.0355559513915544,-2.5717728078207203,1.428706306795259,-3.1324302232896413,-0.35963105403667345,-1.9007684520637718
4.210686461671914,0.28088200299475063,-3.5227003199949087,-0.15550078725723698,6.22689643627681,1.391681561050862,10.607133050551584,-6.147334203157803,0.0054594933990392835,-1.3948199102760663,0.16146092715108806,-0.4655915464502414,-3.584716083694358,-2.6464248147914544,-0.15309010323566086,-2.5708186419343364,1.1188510590678407,-6.0777904630521205,1.1926244337039789,-0.9184770239623867
-0.11228593284185218,-2.9144975001555142,-1.3317642377494368,1.644613116455042,0.8479784553602872,3.0770875654121617,2.3479437731330757,-1.7840528143566001,-6.09717801451477,-0.43887895470124616,2.479882319303592,-3.5161142204227396,-1.3156131294407167,-1.4198529847918502,-1.7740823077898495,2.0742117771427138,-0.4441120204041194,2.912514249570532,-0.01855201622604898,0.3405321626217858
2.1666174303867773,-3.7734467222694046,-1.8642340733581917,1.3678803712651713,-1.692439556486516,1.099743609753537,-1.7499224708379735,-0.29947306789675565,-4.264931294625475,-1.5587783787491734,0.02884474485851496,-2.359758199633985,2.3207969338597696,-0.8500050189889915,-1.3933875119122128,-1.9282588038378212,-6.021967188473368,1.1472653927743917,0.3632717597051982,-3.287890838575982
0.7556305733974118,-4.0943045236974855,-0.9185035028702142,2.2575678015478093,-2.312800045581141,0.7062263936682855,-0.892774313148856,-0.37523280024244826,-2.4336544580226125,-0.7641113735445652,0.23443782120055212,-1.3224081679178268,0.48992974876880807,0.8298989879719456,-1.2485598167144325,0.35394817973619325,-2.8921748758433314,7.078408245690028,-0.8433780994682698,-0.6352275014447606
-2.208555547580603,1.6570692856599565,2.083519651067743,-2.5221031272917123,-3.0780610868157807,-1.826287635660436,-1.979586875039526,1.6655944698082774,2.681844692827327,-1.1332860923932262,1.8663898641823615,-2.2601348369561554,-0.4962386220806487,1.7341619608404777,-2.084505474994339,1.1229068515564606,1.88532723165605,3.7500057227810433,-0.2955442075191938,1.801791932814186
-0.9714589289791566,-1.3006119577733655,2.553958873904593,-7.918535995804495,-3.168680119125414,-4.822807978136931,-9.42278179890541,5.242663515521525,8.800923905351691,1.5299391023757527,-2.4801689354807963,3.2435405750677413,-0.362472839653763,1.9598766751724443,2.165529183326869,-0.9688213477000952,-1.3743809231247046,3.8086453326832985,-0.38937176229336773,1.035995078601131
0.6980561527440229,-1.4033258238607693,0.5535409669115892,0.6841821993962119,0.15665159093167236,1.5026021819097268,-0.7368508035478452,0.3943868922920717,-2.883361144432101,-0.6747572728818779,-0.5516853503114247,-1.9785852195605678,0.27961047392308946,0.09466712341707514,-2.1135103881203907,-0.04171411869064445,-1.8734806578993455,1.9873859555939124,-0.7840799298621597,-0.5184451333828967
-2.328048363452504,-0.30799114534034555,0.24654330130654234,3.4655187928470816,-5.107625573224006,4.407211606976014,2.1754740257180964,-0.7947373167645417,-6.8199406859722185,0.9789806619700883,1.9279101268869003,-2.2993666374065236,2.32497310940668,2.214447475096562,-3.1495836180610297,-2.088524184589298,4.131238804083836,0.2270439230654857,-1.085156127111278,-0.9306302463847671
-3.4269035613889653,0.9268436058802942,3.1648757348174983,-4.728472877451559,-5.8441829667990985,-3.4822000513571587,-2.592792007153128,2.7779183824096667,6.524637053294887,0.9702933716454609,1.0093242031996796,1.0153437959037739,-0.4199460434121015,1.0517804650396807,-1.5521101733196376,1.5865678133570444,3.531848943960508,5.431311769332754,-0.9860349029681634,3.238183741128225
0.49722601442881753,1.4683665297870716,-2.5094297106937122,4.226063992905873,3.7672860259748875,2.0324176196813655,2.4037983353013903,-2.404780012097743,-4.271954483030495,-1.7149630952992665,0.7344743972267689,-0.08607131135492851,0.941083297457302,-1.295189622049729,0.37186013504455295,-1.0252968767314898,-0.574210827619557,-3.812720135048496,0.9761586783079185,-2.4433058527800293
-1.980851780090067,1.6811814929582631,2.4434723554947073,-7.894252239847921,-0.7415074833709429,-1.849788865975889,-1.6107942559771011,-0.2337920645837619,6.922433339007698,-1.2620502072752384,-0.09192689954485123,-0.11694497969250583,-1.8471295920798958,-0.7522764015964076,-0.12586032252711532,-0.46437329330789345,1.0489631366912149,-0.38202248491893975,-0.7247842263326435,3.6184861899226908
3.1947324344341137,-2.6464348110444433,-3.1927404105473993,2.7622641452941514,2.3355465037374947,1.7740482730048472,7.200899154383185,-3.8905788034415485,-2.6918699090395153,-2.3784450127744328,0.9794117973797142,-0.40869421914525517,1.9889513874940077,-1.5391816066577833,1.9770860693948413,-3.939090888640002,-2.64119402225161,-5.009961534788713,1.5397043497563507,-2.10982502952568
1.2206205374378012,1.355240582949711,-2.593165527266721,5.402963240691306,3.4812082950137095,4.212371852022606,0.9098317782382879,-2.8805291804400914,-5.766356467169239,-1.076981637016658,-0.09510830219875366,-1.815033583470796,2.5458727834206565,-1.9803743112094976,0.3502021959149293,-2.2992933880590756,-2.587879282137016,-5.842179302755904,0.8638260381227219,-2.52804619260775
-1.0400470585024522,3.9592626902555743,-0.9663143836371207,7.005257156743028,5.668676774147875,1.9497558875618937,1.5583979851509784,-0.946378504575281,-5.977116450752198,1.3074749429182106,-1.2490355657849483,4.287696066277464,1.5452846975753796,-1.2790501733393946,1.8456627758175317,-0.5284093280437399,3.6015713934266533,-9.325620884058262,0.41910075870348207,-0.5456811496262907
1.0783071300227562,-1.8537576280979007,-2.856025283877911,9.82501259155961,4.493023064487554,4.948997742320417,1.9797303388656045,-3.8685974440933912,-13.642485988929435,0.33878877800981816,-0.8477333690427307,-1.2182733138391082,1.5478734656504614,-0.5546846052932729,-0.5978898158547614,-1.6165450343790166,-1.0444586255043429,-2.240074832541878,-0.11173097497298105,-4.590055160824037
0.03712505013985645,-0.2550908695833939,-0.9499869696406236,2.621173251990595,-1.4578913890907068,3.3479028731686187,0.6112158210286314,0.908546471164633,-4.007776916528212,0.541330512654193,-0.18074733088416953,0.6255242935507023,1.0937162144177597,0.5493556319322346,0.7972528503581042,-1.0218813430801559,1.7352192156951887,-0.6371661693590891,-0.24795761296573102,-1.7892989695027808
-0.8600615829188374,1.8317620776747534,0.4608719920958557,-7.360743305836544,2.4997645584260533,-3.371045322881495,-2.2106263348478032,0.5385203957330803,8.318714918528489,3.2417794940208564,-2.973548950240362,5.516429200720461,-3.8413351220624468,-0.11081655794439982,0.20560697348411594,0.4352380791058926,3.2660832070164476,-0.6082505136428507,-0.27650656748150176,3.6578376996264073
0.940734036016471,-5.793377645743899,-1.02814131962661,-1.8665911468400593,-4.617188058973812,-2.9482768782362156,-4.458577559511404,1.2192110123280293,0.7883819277356289,0.2691661522632989,-2.699777046967201,0.28022309704873366,2.1422706311459954,-0.2847103065796863,0.6951570916407525,2.4861844192179965,-4.433502218962703,3.425475506897441,-0.5756078485407302,0.0414369904631246
-2.9387706639126843,4.31321827611016,1.3860208793717899,-1.7252092272228141,-0.4564702846694201,4.82451295058832,5.41180141923667,-2.182616055527053,-2.1840208932068412,-1.0581243284216066,2.9274001150965843,-1.5246373948157284,-2.7021409702838914,0.3967443813368642,-2.2698761179865565,1.9951372133037628,4.344008825527813,2.71411086234996,-0.3478547480595578,2.752775251362377
1.4492807120065523,-0.7373686151286339,-0.2449787734784833,-6.833444440467511,-1.753322017509063,-2.881947517134533,3.2681112918894706,0.4701904474764905,6.21637471282872,0.0649065802474046,0.7505590462838594,1.034792873924399,-4.7221408588747815,-0.7641855824745984,0.5845840805599174,0.43021326518471503,1.5839098099603084,3.9169671075761388,-0.3197686132421519,2.270310645465903
0.2952238949635472,0.06982771952322828,0.15462110319127004,-6.041227343008239,-0.9649683478246935,-3.6162048266522704,0.922540784721565,1.2671893272496766,5.113665358340781,-0.13275609342933492,0.32874588362790863,1.564626113272715,-2.3961020313354826,-1.2190243924970003,2.310171797458501,1.759950654819215,0.37962270451011043,-0.10725615245568748,0.30535222721538496,2.389795701754882
1.4988104822643553,-2.549605034656952,-2.7189646354349115,0.6685018392534812,-6.095487666683704,0.3964166484562024,3.5218689817778825,-0.11419068029959473,-0.9178507226690256,0.24726130086426662,2.910228188993381,0.019768522800224703,-0.7825649301143949,1.9779027424397264,0.303071474955114,-0.47022661352726874,0.24348265368271682,2.329859062466317,-0.16621006857054907,-1.7775971288710442
0.4784974688282404,-4.207629951673988,-2.0049909622375504,0.739515037297475,-5.233074355159912,0.6425475430595049,-0.5478683700185896,-0.19634747538718836,-1.280810041864537,-1.4992962058094295,0.41174772352815925,-1.8603027091689794,1.6726137874131606,1.2065838981437096,0.7025015723948853,-1.7670234282134603,-3.208462548543885,3.3892885630767657,0.15390621794209086,-4.09726653302476
-5.494635952208185,3.9684472147786085,4.710797673592358,-10.819707517589231,-1.7466248586817006,-2.2205877357895267,-1.844761862837024,3.377045279095406,8.3624131732402,-1.3211232870728136,2.0079546072038905,0.600669902732186,-1.868306077906392,-0.47450260342765616,0.0959617365780403,3.065047937442325,5.868498135661762,3.9575662593007976,-1.694642451358722,6.186466594577027
3.1665506982966214,-2.6574934849592293,-4.634223566590707,4.425427875171973,-2.285199745984394,5.356647629755987,2.526338774774433,-2.893178973578875,-9.980490875667732,-0.7204753178796856,1.0898622154523943,-3.5076016808333583,2.1273462834637344,1.5409694237902383,-2.1924837093359235,-1.0030901718191365,-4.62257787377814,-0.6995116992123436,-0.18512976214589916,-4.481657333690265
2.0443799230705304,-1.0490363665495082,-1.094833813143023,2.086667289649596,-0.03832599134940379,-2.1982607272104318,-0.3976337457047656,0.9358764659743508,-1.0471666397765655,0.9841539645168619,0.8411559128017942,1.344131606302767,-0.531332794090348,0.2801415214746892,-0.764190786138981,-0.5212316136070823,-1.0918504887880884,1.8494984893248052,1.198970793942691,-1.160994416611265
-0.4593788084063244,-3.128920278940309,1.764919456149524,2.0187734831276423,-6.184934254989194,1.1923595590092373,-3.3495165181935285,0.6690503768534828,3.1438319424969596,-0.9684628620351736,1.2382724952049728,-4.625294972625541,2.613914162596753,-0.4648844992006761,-1.2504673443733143,-1.2335998170099445,-2.57859988510013,6.116348138757767,-1.0041772590887557,-1.156959500677337
3.0457596820688257,0.6159503997929949,-2.2462430910492106,-3.761223554879277,3.7956959804097354,-1.9278278163342288,1.4846257871108437,-1.5263614346762862,4.814375794154269,-1.0350823052537639,0.4260049543382206,0.7812201099964947,-2.3061800735870754,-1.496486872482545,1.945798002963182,-1.5441374669169898,-2.977058445548063,-0.9325510580045882,1.2058403655763272,-0.4450655490362357
-0.1522802315378492,-2.19614840952088,-0.5730539336496554,-7.235592764027214,-2.611458475514705,-1.2847039080098892,-0.5700196629272436,-1.1118560515464444,1.846032130805137,-0.620350320205654,-0.05914912712707354,-0.3473758702531464,-2.265399653487423,-0.33011003237070546,-1.8108196236003435,-0.36160104692942124,-0.6454128515170503,3.1862422273903857,-1.361522790582496,0.9063533186422426
-2.101427614293382,-0.5668453197108128,4.094797793835312,-12.246902295109132,-4.253326524514115,-2.8679701775296755,-1.1261381876584828,1.8074121797614364,12.818369500606913,-0.035629474060582235,1.3067503421289997,0.15421901979581154,-4.9432092212241,-0.9057197872204659,-1.0588094007113513,0.3555967216659658,3.6973756223450653,7.169077865529854,-1.1075985247818576,4.705470156085022
2.920314902462447,0.08041833218185157,-1.604615046296099,0.038756663778099165,2.455149086012832,-0.38756437492843354,4.623983224268022,-2.9588112730695517,4.083750445955078,-1.3460728702342508,0.9517730670583443,-1.7242628095640011,-0.09390729248254281,-2.345098077581575,3.299843596138173,-1.68162017541636,-1.1813936149146467,-3.7475619784118845,1.5521164482467809,-0.38010865813640393
0.6748789760897228,1.8436322427821874,-1.390897140427084,13.281374421068454,4.388439640968511,4.314877198803072,-2.7839261082393816,0.5029174871991607,-13.295273800637599,0.5019208309130251,-3.942825069788737,0.7553665507661863,5.3361100593470985,1.3473875408565559,1.055695025009027,-1.851791668503724,-1.6708244037315803,-6.628482845204545,1.2454912865886538,-6.160270509630076
-0.5537783537599941,0.39930956251945915,2.631841605115792,-5.590486139362454,-0.8218595540398606,-0.5584203625364532,-1.3793870695248127,1.2022769296562283,6.152123923644368,0.3195862882641336,-0.2771292185029624,0.3842049546043117,-2.217720274228453,-0.5309154795472384,0.1406138493477455,0.8596556502442971,2.330264696811164,3.5471862009482478,-0.715673216755719,3.206663237124966
-2.539525827505761,-1.5181097583822676,-0.4947858464123205,6.693287186692745,-4.600957533490184,5.627594499584884,5.088459905619678,0.26817413627989173,-12.445908355527035,2.210348411167326,-0.569739017028658,3.411002629462154,2.6244244320904446,2.4049636640291077,-0.8986486041309784,0.24228672679359375,6.771105757887161,1.1157640794858337,-1.9742936521282328,-2.1267042866995025
1.6037268848674258,-4.71470977417029,-1.951820333984199,7.166531904038024,-2.167946361530567,4.5176473785166325,-0.7818338435247417,-1.5850793725764525,-12.65847778708663,-0.2970971855478131,0.4854378601131403,-4.034057225576103,1.992666187957966,0.09751202551073634,-1.9501057159816853,-1.0369052728368953,-3.434583995267813,4.5648860816727606,-1.1962688448004977,-5.137793749759833
4.18513373898126,-2.9942990882894005,-3.2837572938184687,-2.335077203723527,3.550711038519886,-2.0561802903233537,2.9819574261548665,-2.0983708155815894,0.05165895193349046,1.4315619628596423,-0.9394113445164699,2.437947239706717,-2.1942985846702725,-2.772747286970627,0.9026805570122132,-2.0538518535207153,-1.6991148479823215,-1.1173730625665836,0.7192061204601714,-0.3768532093824535
-0.626771649076632,0.33416078750816935,0.3321322994021141,-5.617135949387901,-1.9543571748207236,1.792092670739255,0.3077227157255158,0.29613520554818473,-1.9069584600589158,-1.1218406091096753,0.49341268362199026,0.4222024595420919,-0.6427354360506784,0.2597694144116911,-1.5969979049243206,1.1517421370327452,0.28450590688788674,2.061500408374655,-1.8128410009678366,0.9864403052811078
1.5465002529700986,0.3803827533576699,-4.015337951491645,0.28404340311861875,0.582927029830242,1.6445114954967683,4.682393059519526,-3.1787458938583653,-4.482511865896053,-0.5511351997786418,-0.3044476557737679,2.149345537303342,0.9696267317659516,-0.6997378018491844,2.035220863428955,-1.027615514557688,-0.5211563718746284,-6.7019884816506625,0.37283076929415215,-1.7215145452617109
1.684726213257889,1.7051898683585978,-0.8047198834450785,-2.9785965288005927,6.445725641734197,-6.441074576017315,-0.7719818314936363,-0.2979342998028591,10.382947237978247,-0.4016657502874484,-1.2799900892691485,1.8048925558860922,-3.0576345275124677,-3.181778978264206,3.981129530985383,0.9854182808998465,-1.1397504244397665,-3.3613742399159454,3.103246122519925,2.947035431082517
-2.629548531484657,-2.159972584327652,1.8754318193279613,4.856395535437299,0.5840962767408482,0.2391477609222602,-10.152504538542065,3.45718262663976,-6.192864710649401,-0.7903696901923348,-3.1330289056369787,-0.2845375110512598,2.7440017269133907,-0.6411746245183758,0.13771684405489074,1.574040082691636,-1.7576605542266495,4.632293254847367,-1.521585560647791,-0.5687604113697264
1.9927171495355607,-2.4302267933760535,-1.0136290438047104,5.682444892690776,1.5825324249237955,0.7990395173250149,1.1888885443917474,-0.7644304721798119,-4.1098586911039146,-0.11144884422835191,-0.012069609375352057,-0.008187447603855619,1.7617889880650042,0.31591143977183567,0.03272731879930732,-2.857435268247451,-1.6493623332450056,0.6875649901004781,0.12214517726484184,-3.5782132278887206
0.049579526790693995,-0.24205805894486682,-1.0496552617919026,-0.8248324332773977,0.45169259456813704,-3.47665635832066,-2.319659081574031,0.9848034386165281,5.480804229888614,1.3836445961152348,-0.08496259711738952,1.3198601623459654,0.03765133645843055,-0.713353846424498,2.3686116311198377,0.9718207056609883,-1.087090379647632,-1.9332881692910167,0.20683140608487402,0.32869205632930093
-0.6002593516785415,-2.790052448463128,1.6301030011302138,-2.118722971986675,-1.4026549799756571,-1.4113251850028272,-4.954573945099867,1.5760884701486417,1.3269618190238948,-1.0914878933897414,-2.254211238954465,-0.30519753174238096,0.46672412560587473,-1.3196777074689758,-0.9694348183920001,-1.3170149177280563,0.7705828868845106,2.3930452227358368,-0.714126596904802,0.38119279314538956
2.1506588593174945,1.5761502353786772,-0.7868752508002359,-2.8955238768057714,7.055959641866881,-3.033600463966923,-1.7853369087712785,0.5964477089995204,6.909942788818404,1.2873340113129836,-1.6764809754111838,4.274868269783318,-1.2557154551745373,-2.5166322444074565,3.93139822247307,-0.46673468918138916,-2.4553078908772736,-5.49712426608619,0.46342889364228423,1.2468891623817953
-2.402155260776418,-0.39150486380977684,2.8553979271080467,-7.597316971267445,-1.8459008147682656,-0.8769928743709459,1.4234058018199665,-1.6334349133651471,2.912181215583403,-2.2477856882436082,2.9542909105921202,-4.655565910322795,-4.550464717592164,-0.8168901541642624,-4.442029095403423,4.876810028279333,2.2759423804904966,7.4652147104866,-1.7527032948216572,4.103998553049999
1.066428784050831,0.8560143543896339,0.40099444552905794,-1.5218531425879216,-0.33125135446486276,3.02844092606961,5.212249723428037,-1.7614147577973975,-1.2669442032784957,-1.2574701310677467,2.6509721099824786,-1.7262200395154548,-2.910840393114512,-0.87174962051218,-2.466088666699506,-0.33443985839960344,0.9215404274438947,3.673104653012902,0.3063614409042891,0.8783239626768757
0.44886297426609006,1.3927347376283457,0.4961485804501708,-2.9354333599968787,-0.8861688852250763,0.06122720459464087,5.458592963392059,0.1375227749642974,2.1768016026727692,1.437791107702658,1.2566442440009902,3.4116843187430943,-1.5247835170840704,0.4978128061995458,-0.3752092250209952,-1.178239628765997,3.0217643943762917,0.9603816080269127,0.3224035094371135,0.35371384786686355
-0.45749879959789047,-0.7598052251163465,0.6715511383171815,3.5254907675538187,-1.0564105886075228,-2.192983529538178,-0.9827282126942107,2.2139883745148508,1.7523547196465747,1.4194515272468715,0.6983970590481261,-0.9082676965654266,-0.30974284184486156,1.0339406510079798,1.3715551477635723,0.1222669604372655,0.49268938051035094,2.9727961146670747,0.02809116459998609,-0.7506712316907663
1.8550525779126614,-4.0368221358558,-1.275142904328104,4.02466049905427,0.02625601152032453,5.208886225487931,8.68332457160106,-2.7805115985859183,-8.843128337390132,-2.195364322966258,2.206481879636259,-3.095132449786249,0.4688709753879433,-1.6191369129167432,-0.7448602818571141,0.26201401806188196,-0.26453760157763173,2.3928877152935537,-0.023377509670750005,-2.521554639266473
-3.6223262571810286,1.7897925945782271,1.3420875528518712,10.859782391925192,-2.0917544451584433,4.524285207729156,-4.017556567320164,1.0125170470521927,-10.396712982543137,1.4333352546318021,-0.8796946425939167,-0.6762652462283381,5.044982405055196,3.6570914937930286,-2.8283940385709174,1.8819133418862568,0.12722947571086118,-0.4373693457956752,-2.1269030006610334,-4.072220951328187
-0.8816977002566901,1.1190741579574683,0.8778904992540598,6.917877659586237,-1.5804987882293755,2.0978735709571987,0.6902718299174836,-0.7051179070730006,-5.366537901297092,-0.35064253172326443,-0.17711318420303168,-2.0794340288045188,2.5283023264019606,0.7024591443508108,-0.7462930440178797,-1.5961721326414664,2.2082629855806037,-0.8141069754242776,-0.07911820897332059,-2.771040112333864
-0.7753656028745267,2.094174782929768,-0.5453636058540947,-2.3613878998322306,0.031215821567540214,3.1358433157130916,1.1051092179600603,-2.2864526182376395,-1.2557281422145985,-1.922376231211762,0.2793514501654224,-0.6295557328607624,0.49231275102237826,0.1134673712849355,-0.9312208934870553,-0.5038060200767702,-0.9548851454183337,-2.7106989277612854,-0.13300240743492597,-0.04266978442116809
1.5885850680913691,0.033455586232233436,-1.4284590497635745,6.766355882423424,1.8318550200535797,0.8765774513610951,-2.0886545929982567,-0.9396078074387838,-3.190975797641341,1.7865466967135204,-2.69028754757483,-0.2344733293727721,2.366397555315113,-0.27837748366292225,1.2901534185531265,-1.1867103837331474,-1.3888190243717151,-5.190377556561609,0.4280043188091117,-2.864368973903921
1.0262624812783059,-2.6992384695561,-1.15287980767485,-0.5691720388489491,-2.3320452701129257,-0.6139483560598454,1.1129829388984103,-0.8728560570709021,0.3806211515891409,-1.7153810869279125,2.030649702112687,-2.276192400750925,0.6318405667536023,-1.5365403460858351,0.4727367314932326,0.12631173867401735,-3.4324890886977335,0.703226115131668,0.31732922645633943,-0.6484033548768238
2.3868124609824712,-2.2217265770174692,0.4479836768700558,-7.015555238165129,-2.181053696397727,-4.226186242338475,1.3885912040488813,0.35639552716465595,10.24195242671182,-1.2325184263414928,1.6631712393879692,-2.289518156065545,-4.291448780640837,-0.7393818778827408,-1.6276007631269631,-0.1259999876490845,-2.0935357139894233,4.97959138115336,0.6671944735604338,2.3305730391834283
-1.0799158659896608,0.40762011499289286,1.803460436511434,-12.755583107591349,-1.9883034129540316,-5.918602621778857,-5.333458300482478,1.9584665636754752,11.662651211444171,-2.0676955054470634,3.1314632977235273,-1.6648433819226922,-1.8327037733759441,-1.749583340592103,-0.5606484602435622,0.5301204367379346,-2.984112190867611,4.5020717596171105,-0.9808743712373622,3.903774985607153
0.04274449986720252,2.207536260657629,-0.23088329547084693,5.225414402327003,2.268806462927752,3.316650035622721,1.0141292387629086,0.20909526292816172,-10.149866210988488,-0.7317334587270411,0.9041982564808957,1.4865744128463125,4.166333258276474,1.5738486326693066,-2.1360433942523485,-1.9469726671813876,0.08979926238514307,-5.91306844670847,0.8838446739210137,-2.4965868509245874
1.3668266180375421,-0.3050306880821488,-2.4235387262238275,4.96774151713096,-0.39489221018083676,0.9074696349859733,-0.9651612843473527,1.5764802051996438,-6.251560582006226,2.4690928107109325,-1.8406717057313107,4.664291897499203,2.7924748700261284,1.3679928009870779,2.710155349043587,-1.4541566175028036,-0.6797484332188578,-5.363223455863297,0.5779734257709794,-3.7157933380813737
-1.9523394730470227,4.040297210884775,1.3011726835567354,3.2926531079704544,1.7353146790353224,-0.9967467895931525,-0.2770587731750033,0.1541398788028654,-2.4347615037745367,-0.35862353258541224,2.629023406364309,-1.2522805113733133,1.2430646098988647,1.2132883165035175,-2.3291204667570025,1.1678013308731336,0.9100685608920978,-1.4166727633895275,1.048538082883486,0.011465899425927795
-4.794569873535191,2.750216254914671,1.783278685623162,0.06623321362479606,-0.761344381924324,1.6780860730632778,-2.691353735480408,2.1655514845941806,-5.815740401568828,1.255056385155184,-2.3680761873501517,2.7933497745203186,-0.5744724214550216,2.3683789727043245,-1.9488745405326273,3.9234552502120037,4.577676728430216,0.7398123793519333,-3.1011463199041813,1.7008687160645974
1.0663136817340175,-2.4804413910716847,-1.4406436400189857,1.2535397306745772,-2.391801617925103,2.246793268023545,0.14430547425616425,-0.003351481929035699,-2.818076315202201,1.007841169424893,-0.6312991977642154,0.27043020032329,1.3371749963579969,1.0161311750370396,0.4408967262342316,0.8576054014311757,-2.997263173949073,0.5102811837220763,-0.7693752984501575,-2.21937295901078
-2.803069213859109,-1.7807265656683238,3.264277224326557,-12.709236378911184,-5.915697267801971,-5.34064660739895,-4.537269540477036,2.371645173265442,11.066284733006231,-4.738055653976093,2.516241077730058,-3.4477415156651086,-1.0328405678680215,-1.7338553556006382,-1.5676165409891198,1.1906393341451336,-2.5801727188501022,6.724230747514184,-0.2620437785113245,5.1994116292863035
-0.3870431637052233,0.5707136005457378,0.5641214738481515,3.567666827715538,-2.413482661484384,-1.491847040338198,-5.171199170682694,3.2898214058359994,1.106421337557931,-0.09987986477969331,0.3442034040613824,-0.10871052450750002,3.9365289016693907,2.0998262109638244,-0.2802382948644214,-1.561521174966435,-3.6597232315166073,-1.092147373953805,0.6613136152735591,-1.5052523792007615
-1.6502432616116862,-2.7155462714998415,-0.5383019381374725,2.927769508708593,-2.5581973660671666,1.7003643536149444,-2.6701801722470733,0.5751324033455072,-7.247738559577562,-1.1489977509837306,-0.601769622831319,-2.2180833465122336,1.4263285436984203,1.5019312164662746,-1.4731804875518086,0.8785220662172352,-0.2370314999171128,4.770694410694882,-0.9368029870217651,-0.920705050541504
-3.3138722515075587,-0.10086468150445693,2.9342525094921865,3.875681342508305,-6.770986338965028,2.337309001425755,-0.4774889934962747,1.528586771796575,-6.283047466978063,-0.5923387257346137,1.687347052310022,-1.822001077554787,0.9660984480201408,2.03311175372995,-2.3890521785985053,2.2461817831815782,3.3466094417405716,5.615927765591986,-1.0985376222552716,0.11006162282020604
-1.2876360851746784,-2.512659886401412,0.2283622211117593,2.376724867827961,-5.7172949064401335,0.6494928008570908,-2.683810060947403,1.4424548964967299,-1.7849461351408582,-0.14111083023346668,1.271375696781824,-1.576399953997552,3.4213795432459717,1.2740482266353346,-2.046438839228283,0.14964336906474895,-2.5823688856671305,2.6490517431486715,-0.9619022207827096,-1.5133216014956492
-0.40968956969276843,0.4154900016052522,0.5911812866041237,-0.846997563969458,0.5619972527397931,2.116492408935845,0.8499478746900433,-0.7177242598403643,-3.2792152300478885,-1.1032695946689857,1.9408636716629006,0.7120748977212694,-0.27898495110507926,-0.3609275115251608,-0.40625263242269105,0.4966692412114583,-0.23487948437183892,2.3011840920913853,-0.32907450340611893,1.24997682656956
0.24350458561744737,-2.7242132435686695,-0.8431768124486347,0.5688324682079116,-1.676232205606,1.9233880580066787,1.8088053250278004,-2.6965288668086003,-7.391441832644498,-2.1465769699260426,2.2822960806530395,-4.8554165620241445,-1.14619459707544,-0.24738556676847867,-3.5548004013628587,2.740632839932565,-2.3556839678047523,6.128288823905832,-0.6992004182276105,-0.417495800546818
-1.3939246160450582,-3.304500645628052,1.864854960172936,3.572233766117861,-5.15819000213731,1.3811798057554818,-7.749694625642585,2.4004693764075,-3.5588572818297797,-2.063640566049998,-0.9892152414027997,-4.201002711264033,6.006993314628304,2.210362699090228,-1.1566463626368977,-1.5173454913328417,-3.547954682234507,4.112477596658702,-1.5591024555754092,-3.338920671422435
-0.7768133000337054,0.381912371331143,2.7394714512528138,0.5588063743340868,0.04875037426470663,0.5041269646149662,-1.943728807808411,0.19024269694755658,1.1114645711697433,1.6341052209446054,-1.6806218193495002,-0.6285360451401687,-1.5745609657196256,-0.7561806141059431,-0.7268323800297194,0.49087152049517363,2.278548438558618,1.7161399019117853,-1.1909975961633197,1.3227599277445115
0.6416727938813654,-1.5615786617925298,-0.4315605692607628,4.539117852101072,1.2519028695454733,1.5694362947957248,-0.08699657824044545,-0.3273232899533134,-5.265670461758473,0.7911986493909994,0.15715606723238518,-0.1316134911932148,1.5706687080960358,0.1656899283435912,-1.2803708747646039,-0.1904631659867887,-1.2884800900793827,1.4989696400632493,-1.0642201142507646,-2.07077591599014
-0.9173247393498514,-2.8340530702796576,1.927868659614937,-5.236964987217121,-4.847196868987319,-0.890169325567973,-4.981101243657708,3.0341188299422215,3.2372751205024355,0.2716263851006963,-1.33370595164569,-0.8674137705546855,-0.8076949264057891,2.0790668910013794,-1.2163771171151057,2.129281666400961,-3.4651866615290947,8.757020421483084,-2.0265251840872796,0.21958840392155468
-1.623685547661518,0.9123439687143547,-0.2090563894051245,0.4524921664056232,0.7010671102413886,3.333066539291438,-1.4070242471460503,0.10708234964664493,-6.438313289193645,-1.2921678365058062,-0.6515863070019028,0.17833418986623117,1.256742823918405,-0.08290676890649484,0.07742365332839729,1.108371173118019,-0.9981921216682016,-1.7254231130248425,-1.4746753057806936,-0.03900437646342676
-3.3142230855871615,-0.0777310794974238,1.1446285961094944,-2.412070959828058,-9.325264717199449,1.4623810111304447,0.46631321592874453,1.2670027052303983,0.5088697352187541,-2.0076955035946358,3.955627161154397,-1.8992706886867101,0.4801478287848806,1.594115784882722,-2.1040729645864804,3.444361463726367,2.436059904766542,5.162923990509411,-1.1725407124437521,1.094497359645325
-0.0479494210404246,4.756739405325215,0.3760641132767599,-0.8901252467570863,2.0519561484024065,0.25031467314893524,4.572334074706447,-1.224406921134493,2.302656732882598,-0.3239821485265959,1.3001674405505375,-0.01608399182958692,-1.4877037495027396,0.5656088638327951,0.24385326115615025,0.447989847939807,2.8145232141362655,-3.1066139507601904,1.1287009088636892,1.0431579709678471
-2.6504348854769333,-0.07420935057201072,2.1961641595228065,-1.1169817836570008,1.9583617207308017,1.0067412231078596,-2.6617179934147246,0.3731770630656095,2.542015378160254,-0.33783958655018986,-1.2385679005825887,-1.2219789034523396,-0.4786446001628468,-0.7555460365131259,-0.5125002287226181,0.055934570593006994,1.8829294963006364,0.704598791841657,-1.404067936861176,2.319344680069904
-0.09842030113382094,-3.6758625159711302,-1.4778667654498032,-1.8060558164600273,-3.1585822971225666,-0.4894320098556073,-2.558225848009217,1.2832088266425528,-1.4292897242765457,1.0467482094589113,-2.2475074862877475,0.6588121044977376,-0.7561808796449646,0.06921429995896866,-0.025686434949147796,0.6563998764904142,-0.3549964643783501,5.316953689016005,-2.2328989209833394,-1.00654970776239
0.08928214346966201,0.391256788884877,0.6026620528212723,2.0335669205537066,2.125557587200822,0.29279675500361924,1.0380244166611394,-1.7239948620955072,3.4207985553227394,-1.4091266004934735,1.073006048381996,-1.757971129182692,1.2085060509472414,-1.8542384498833107,1.413894114625311,-1.749353668453677,-1.3171670729035818,-2.936954868425308,1.4257626830733268,-0.8614173120308317
-3.223441081817198,2.3502476023930075,2.896530123656737,-0.8935553126224407,-3.73830431138278,-1.197216878020478,-2.0962674226189884,2.384759601341726,0.3542447325468905,2.199408980555373,0.2908911285066502,2.3643694289730393,-0.8125883651236583,2.9532628173800513,-1.2146996893765654,2.6887204921750714,4.337534263288079,4.098246851752444,-1.2105586821359866,1.9667760039955673
1.5527829082114073,0.11816409175829126,-0.882005500722877,-13.010640361290344,0.6205024283558171,-4.410193273050682,-0.5076226951868845,0.7968212721263525,12.571121593223497,1.5226108361065451,-2.4618871939812452,4.3951125124821875,-5.01000626269623,-0.9335720339380402,2.7718251981972597,-0.36615338035137585,-1.071312628136,0.29336575864943126,0.2159213647578366,2.819866967786756
3.4389885180966138,3.242973980234041,-1.1438496727325027,-6.294794302795026,4.89086911921747,-3.8183600008615484,3.1998641762890543,-0.15220055634927354,10.204952087339093,0.5124751585935721,-0.15371255609800472,4.302962950459088,-2.9512993405599683,-1.067855877140278,2.459263082415717,-1.763117139723677,-1.677464094415507,-5.058209145508237,1.7241151819695486,1.1466490119995636
1.3763319541838157,0.43224526278852243,-1.5787665812608491,6.493296024709632,0.1385224318907019,-0.53561571851242,2.5984270270486673,-2.5548342482113577,-2.5431366569837572,0.34877884902737794,0.30222914356012315,-1.7445240678689482,0.19236863939894983,0.39111051110375594,-0.8110331016789448,2.2126595043983093,0.3024583665194429,-1.4559597393774442,1.67036214170269,-1.8858738713468353
-0.5965874658830121,0.1277977369801404,0.9993401135553086,-10.569757488123937,-1.4721247114524956,-4.04130894532714,-3.56298640574388,2.313401413072265,12.524192150586638,0.2079668990211989,-1.2742888215838226,0.3797436294086384,-3.568627779611247,-0.5284054750290498,0.6350064120550627,1.514888455710904,-2.0008697101204427,3.354073014106625,0.5667624091631231,4.154510060070942
-1.5811897690552281,-1.133046328497239,0.9071536546397213,-4.679676064884554,-5.548962941044376,-3.3146024940963676,-6.477813465384997,3.0215344463621943,5.081011253504858,-0.32745016642631053,-1.1562938983695001,-0.9235163311966554,0.6584820872017172,-0.4321062185733803,1.7310161241078723,2.1533788074082785,-2.5748571514196787,2.9681565094614433,-0.12358132658238459,1.6786273127807811
-2.3208102468714262,0.5083500581823055,2.819505304995271,-10.618398383817222,-5.452777131206711,-3.6783647594828626,-4.0948185565189945,4.4256503196279375,11.665069069109645,-0.22116446043313726,1.703172568440597,-0.9636413847927947,-2.3630894786500254,0.7184247918961615,-0.30095003890996075,3.1026698896820752,0.9797027755104253,4.3754949816223005,0.2693396343389813,4.945682891684308
0.9324763364376748,-2.029801709613238,-0.8546058490082923,-0.8019726798034144,-2.2677257059733047,0.35656634330113046,4.636849978779866,0.16857102559303208,1.7239396007587484,1.1124860067920226,1.7500979545187687,1.3741358167135378,-0.5309642411150224,0.5067863970885985,0.2150937557811322,-0.5489025945180095,1.9490673768791338,2.1502098204786186,-0.6899489681117775,0.2949218392451319
1.8952780469609696,-3.345684699540205,-0.24694905533624012,-2.2297943398337767,-0.030915496455494296,-3.332574751039647,-2.926946555978481,1.4393460806719134,2.9847443269201994,-1.2122600147139995,-0.1580946459663276,-0.9518442893926737,-1.1548259858625762,1.0600383243405334,1.2297587733635946,1.749920323049133,-3.175818826521128,3.570781706384408,1.7116214320317487,0.25381393764873406
1.722638259923731,-1.5913570219100133,0.4631532522489197,-2.3428333945494066,-1.8337313947182332,-4.26176258775465,0.8019152269879429,0.2528618415263549,7.193088887628742,0.40509261730764745,1.4315872996500172,-0.8858042222633967,-0.7037043185969412,-0.6713759672551209,0.5797017649955833,-0.7318110096045018,-0.7523467718792585,1.1730572224931801,1.2037063252511402,1.9295763490053055
-0.11222842296929442,-1.925558786134088,-2.1346697141485365,12.342877787334555,-1.9516437059608764,8.90369137775461,2.1480248648520317,-2.8856649682037068,-12.518947340713998,-0.26178705321305573,0.7328087056067845,-4.216171765277919,4.260223595895759,-0.1377764514799748,0.5810298164188636,-1.7395948276520146,0.42267137686563705,0.13761218322408553,0.004063464682491614,-4.545859231954674
0.32623959607255903,-0.0017866584687604714,-0.44017659774939355,-3.962134163241323,1.6200517593985975,-1.3206842979260687,3.748176319482617,-2.864377574698035,3.266942455090164,-0.7920135406956881,-0.11172846354187915,-0.6993273790079911,-2.4246136826805724,-2.2751378515610408,-0.29494533399965994,1.176798911213311,1.1430617915461911,-2.9287998026579567,1.0421515042528682,2.6075618811352275
1.0212646761309316,-4.483285384015722,-0.20160956166989052,3.321489648110834,-4.473719757670456,2.2940161794710994,-2.5833678536871605,0.9829770703842502,-8.838778978764704,-2.1735311796520076,0.7266637240792814,-4.223680097231628,1.9998143325108544,1.3596580993339973,-3.8475187968555904,1.5060044454039763,-5.21764385376301,6.511875702025465,-0.6637567524588134,-2.6421813392076543
-1.2992121702168413,6.17532965535493,-0.4070130644002632,6.290897446736115,4.882420635123892,2.719972430178043,1.553548187217789,-0.4428132168630756,-8.516209149188658,1.561536162788369,0.09621820238067169,3.0915838169768195,0.38581253228631257,1.4660239300627005,1.0759644502540673,1.4900294471533118,4.1461691518573325,-3.9955987985515407,1.0582881078358954,-1.08708956616446
3.19014317771977,2.076467988735216,-3.135439151281545,9.009081803669073,8.475694201660943,6.320368222564811,8.699028263508422,-5.717372578430986,-12.148818491033603,1.2932173867436085,-0.83201700809734,1.835107870145967,-0.718188908130849,-0.19398426169631036,0.2339757371102802,-0.38992959375286507,1.8452157458155618,-8.48137988033314,1.2723182045090276,-2.757264426000029
0.031423264909336,-0.8892815801864938,0.70974777909892,-0.7365352136085896,-3.7657476051575913,-3.8295024176290857,-2.991817432025159,3.809129789790756,3.757936284734497,1.605916468243599,-2.0583977753902314,3.385758230700036,1.9392491765667907,2.8436164900428307,0.5810059576838453,1.6403719077155994,-3.0619998266659016,-0.2755754143583672,-0.7173182667078226,-0.3198639712872813
2.6289296930086143,-0.2106655997339989,-3.4320622710975686,7.975987665889428,7.46961188013617,5.613059944106524,6.578643129647067,-4.634406850091464,-14.611503185281718,-1.3309674965469478,-1.6505103537235974,-0.31469575971143304,1.9834250915909897,-2.078735259737069,0.09635790259388077,-1.3955855955421292,0.2530684251805164,-9.058104173726196,1.289047830792916,-1.5509633586837193
-0.17733661196951736,0.053395804844152295,0.8135791954538663,1.3456415334793712,2.829445096340529,-1.1775009164174715,-3.2948810432273037,1.1733340026046917,0.9428075042299909,1.584850607760189,-1.8443305636507519,0.37106103732251494,1.4851189599177865,-0.24451973144315864,2.493004509650027,1.098113419482574,-0.48836827830985097,0.1700982288770867,-0.6145944176613645,0.8429089069330767
-2.960421788202175,2.7341617618054825,1.1472149979374224,1.8417580884101632,-1.3615977051872634,0.31850926677694946,-4.621830137227655,1.511693706582753,-2.1074516070735765,-1.4788807667525077,1.5456288997161831,-2.5498533868903506,2.216894295105415,0.38432577447535854,-1.6653976748893644,0.9835429981107489,-0.6791154461263261,0.4993117868099579,-0.4413483224344738,1.2551008233783003
1.5806169290920042,0.5229324652465575,-0.09393492991268326,-0.6271986346377181,0.9661356353667176,-1.0285078358883848,2.0576709600595997,-0.8811114717058534,1.2034800862651451,0.5928710551851845,-0.5436814770877487,0.4906715326709487,-2.3432093743073885,-0.4767719396952382,-0.1599767000184561,0.258696132824068,0.05551860583261253,-0.058176441513303284,0.28482914339004783,-0.4769339332345248
-3.6431595732395357,-0.1761143606232386,1.2071793894415133,0.15264089671229075,-4.086740578537587,-1.120299727768272,-3.801683566430884,2.5271018989803524,-2.043521513866807,-0.485261399819425,1.6262151219967418,-0.6896424879889437,3.8350760100848724,-0.6465023617136281,-0.6670187323023484,1.4703828261982324,-0.3789696106977154,-0.766534569005,-1.5027466350394443,1.1340549129042912
-2.248185427621465,4.778130435466817,-0.019079818243140645,6.180790533978107,2.829790659101125,1.9721119747700881,-2.9734380815430574,-0.6177669919451616,-6.1259236187617665,1.5695692946991973,-1.6023313631983216,1.7362823394507072,1.1679797939367509,0.864888151245306,0.49196825302100133,-0.03623354694279102,1.3853519064476427,-4.828799281978677,0.5858218840889475,-1.435040653795812
-0.7964415752986418,-2.2551244745784853,0.4754875384169419,-2.0251037258650055,-4.399391898935224,-1.895967019145001,-4.910788780829314,1.9531573956950599,4.005090909609677,-0.27693151145519573,-0.38375702897762776,-1.4498713860277046,0.17958832720244144,-0.0394564524459009,1.3340529694869505,0.8712473920639113,-3.4204891431330653,7.522751628417305,-1.1253925362633816,-0.10439992585972721
-2.1462629731117353,-0.7949391410699707,0.9607188457340015,6.283855059057721,0.6368715232823439,0.7123713140902665,-1.0364766820474471,-1.269167864343469,-9.139483517611549,-0.25212640908028155,-2.155214580536605,-0.2688882442532182,1.640082642118581,0.7079615916489551,-1.858310358273223,2.537898104794164,1.544130452777995,-1.9931799454364114,-0.11389163077064406,-0.02300800833292338
3.56061877130193,0.3687870547024942,-3.61600012154003,15.146298407343362,6.270287535898706,6.270633528961177,6.990063713196974,-5.519674809026842,-13.488273443443264,0.3417273283674764,0.380671354692028,-1.7760271157701193,3.2103202286878956,-1.158398423022357,-1.0780017844950507,-3.20270367008895,-0.1439604040943797,-8.120931540099999,1.4521182102689603,-5.574547893622196
1.2749059791204265,-1.5529180789429748,-2.1413526501178666,7.805643218422199,-0.42544548394980053,2.5154574493612363,3.4017299812389563,-2.4302501120741407,-5.9822133238954684,-0.9937868054256024,1.6810422105773197,-3.337427066322559,1.4074409833737076,-0.9080984954982598,1.0878341101832685,-0.9953852739176654,0.2388492150803092,-0.4159278441558806,1.0201034890670417,-3.669646869679752
-0.4469258512216967,-0.12780464665043922,0.3683339363260579,3.8917460505814745,1.506586086889538,1.4262465911640283,-3.782100253729885,1.574702595722361,-5.956395497987459,3.1453131619758534,-2.79055655410197,2.93525450897074,0.6095510581767469,0.1236846084114056,0.24990108498137942,-0.29952223641354037,1.4160352945357313,-1.1638334847350877,-2.49854383624564,-0.8367083343672842
-1.7511713837494216,1.3567919978347884,-0.2542827154707836,13.992126860048895,2.0825721079585366,3.3907521561268146,-2.2862554973593356,1.2663312668022526,-13.802066858481648,1.916441711615793,-4.03199568940482,0.4632705753226113,4.923685048402781,2.9645289655287606,-0.4985771485837124,1.075901069335599,1.536007960743512,-2.948614442322172,-1.2827655725008462,-3.7193057769439624
-0.3193638565444066,-1.7881083774119113,3.2134458329389384,-3.28859156994271,-4.963088191526049,-3.2657240222434387,-4.599255108261692,3.71653673068112,9.626572349423427,1.9138093897313333,-0.2950037938207426,-0.05119853906949112,-0.7902523030733245,1.770544240359521,0.7888679960403205,0.3833111931793704,1.1090734480481161,8.155504954596841,-1.6074714566243682,1.1507321287497065
-3.3709801428193793,-4.2269135908634,0.9462333042340332,8.611177570616873,-6.263947801634027,2.905183709565656,-11.334712670021249,4.113426599878069,-11.488258202067398,-1.9713769359710132,0.021132332805566145,-4.853576515078576,7.169364962652251,2.039439028480212,-1.8886895371569894,1.1254585197512825,-6.494959831204456,6.432918454713987,-1.629291759740308,-4.838979536225725
-0.45594035735061644,3.9448874447120517,1.5018068574234607,0.8591720929981005,5.993575220409612,1.3283224063337196,1.0219428085032485,-2.817139025871996,-1.832913100232215,-2.4240298104599978,2.0809398002536863,-3.576849670627749,-2.1575694880659886,-2.9969417859778043,-2.436678489827396,-0.11154818286090037,0.7397308300989054,-0.58264973144788,0.4093366011541564,0.925264305386561
-1.7021107587332127,1.0029660902184734,-0.06128008844578736,17.632655092426674,4.187655228968267,3.4490876968837805,-4.249339275870241,1.2519199887379229,-13.531972525623502,1.3407865376629724,-2.8841318532793183,-0.9255243551586629,7.0887386239020715,1.4442499517176428,-0.31317925452492623,-1.2023812605516677,-0.8272823687554042,-6.667236464773149,0.08584789861465368,-4.996092539410882
-0.14061544777472879,2.9239311800997627,-1.9164929591412534,2.456773070880537,6.642579354172872,2.5397953998401417,5.340608280466133,-5.383058456444023,-5.02707608453223,-1.0368741251956783,-0.7542860879870115,-0.6560466770011861,-0.5062106950018732,-2.299570058060386,-0.9440426828610213,-0.5932646857833627,1.6584013118618963,-6.882431330752563,0.37955801078965884,0.4074532828899806
1.2061600929370861,2.701913134645092,-2.514273579225887,2.0820378579105228,6.67592309592192,3.6201703751926155,6.352672480757497,-4.011917676937557,-5.937710565283226,1.5624231474336623,-1.767317689250599,3.9529875357069013,-1.8145825359951713,-0.5527472434855831,3.571760604724544,-1.0324390060829691,3.7536162869885423,-9.252982748165094,2.236559349991017,-1.9375916063787242
-1.4635993412617416,-1.8233350355738958,0.1673348391020082,0.31632774843670786,-3.9262289329928417,-1.735961493507157,-3.3095157145631897,2.800683716986975,-0.23195273265520466,0.917050330026343,-1.7519267030571557,0.735269056796404,1.5462856703846337,3.081815213148521,-1.2681005551881852,2.0163959191369,0.28034750706100553,5.104733762191165,-1.3500086714772905,-0.035620873772302275
-0.6869119879665928,0.6116933960397715,0.8653460859762054,2.960649346791377,-2.724379158665848,0.1821868777947647,-3.4523850671440424,3.366263220638571,-1.3593080100010424,0.2733989366452414,-2.0572470639426568,-0.2810774781951237,2.9366356259225577,2.6957282266572853,-0.5047075354178103,-0.4501883883880503,-0.9321790059048989,2.2397602571491424,-1.5256396308333098,-1.8354354487463738
0.24273812807128292,-2.00725936966763,-0.7849984726847303,10.66432373930975,2.860940147627916,7.291900172350506,-0.283358763894229,-0.5534855243043582,-11.399647972350499,1.0056695587652789,-2.9074217124057706,-1.0947457632485036,1.9421976497989952,0.8761498992699365,1.2877836354054657,-0.013494555224755247,-0.7687048604182297,-2.452542963487761,-0.5606499543506652,-3.7207710870474466
-0.2348463642431129,-0.98857280792957,-1.8306586734565524,8.105511761507845,0.9548116524393448,3.9290783521488226,1.4882621453429545,-1.3489779701715316,-10.625730182472868,0.47862309421007415,0.6124155881781645,-0.7538391228369727,1.81308374919537,1.309829082721929,-0.8496048564206893,1.190726717033645,0.08983323417536271,2.018318226226883,-0.03722920361731081,-3.9316213062732714
-2.5252613724978246,-0.03803914204627051,3.0359144746982407,11.780534971396998,-3.663738835715598,4.68587907919806,-3.078056647712189,3.146105224819104,-11.936330106460677,-0.08315024590439696,-0.7643845035232703,-2.5701561395287946,6.002295114876507,3.574280265527281,-2.268995129074087,-1.120901944307713,1.4260622215733925,0.7810410815245227,-0.7405747870524981,-3.1836714741019545
-4.6621428083984355,2.7514701210968635,4.555979066383335,-0.6432111352443972,0.1768979424568351,-2.9613412730223083,-5.446586003565035,3.1157563701469204,3.175792959796348,1.3732237701713812,0.14579702554154794,-1.3218279482512698,-1.4664404715294048,0.6719538735726072,-0.6449853169893656,2.4941652779257617,4.327140941207123,5.070993753697058,-0.11830140570912441,4.82630483667393
-0.19522156974371574,0.8017638706848788,-1.9612203519597604,10.375197734995245,-1.2077430358506693,3.147831734494717,0.08216721259495377,-0.053516559535718156,-9.558700416702155,0.30503040172601925,-0.05768623617530472,-1.0803686041944145,5.540893489380418,1.1616877109610346,1.726911197097478,-1.7227757246442177,0.19317242253638067,-8.177669610216208,1.3766755738364236,-3.6667838663106513
2.2453935034048738,-2.802257692510796,-1.5581580899132805,8.865693656267139,-0.22123865379175234,1.1582289757113693,-7.009446696877006,1.654235151928979,-7.11115626545011,-0.23961045620771387,-3.2968944979552566,-0.9132513980788948,4.902892513035578,0.034598081047394036,1.7444154563999756,-0.5023230772375237,-5.339510684801236,-4.276660961708661,1.7446296850357224,-5.447819307515488
1.3317143819622148,-1.144451625925046,-1.8695337421156715,2.0188163513432063,0.7974021057954397,1.7025884553173931,3.894836208257969,-1.8015983225752283,-4.654306059562891,-1.155605964004268,-0.36602276353578855,-1.7221763135415977,-0.7843989299723657,0.48098385974382324,-1.1714064460912041,0.3496557477996365,-0.372321350428495,-0.8189870733854269,-0.12780701828626237,-1.1979853175334618
2.936689679381226,-2.080736386896861,-1.3403127874273872,-5.927994892469507,-1.3375139938049525,0.005005760285919758,4.9151529231845945,-3.3693106991443273,4.506806041673216,-1.1286740995226137,1.1554781356020078,0.38710219715032235,-3.5057274146883755,-1.5675924637350267,0.8504113337404258,-0.07364572033842398,-1.0787080248927765,1.5798926660179669,0.028745909291123833,0.8993335062054034
-0.8590637737063309,-0.17663659591831926,0.5491002758935501,2.6844956041425707,0.196246699490491,-2.2434497358405574,-3.8354288281023705,3.019298357376427,-1.3476938021901574,1.464230678637445,-2.6866174558228533,2.5607474501269873,-0.5847887698826549,1.9469260116304903,0.1945639213172811,2.842574868360134,0.4896565727507346,3.8458466390723918,-0.6606231451667403,-1.016411564718137
0.9717113345143138,0.11095208989912592,-0.16553120757420792,-0.32134481884191657,0.6315009835199524,1.7070349117838899,3.068754030762376,-2.857839986669418,0.35257304671760503,-2.277227700038402,3.1236279292608233,-3.950850987628284,-2.221335298519639,-0.8183132646022248,-2.0567703642742057,0.08453854982386177,-0.17640831527391254,4.084134447961611,1.4673044816941538,0.625822676429836
-0.9438021918086937,1.1381141255382312,-0.057922683424348476,2.86228269898555,-1.890160162187251,2.969732127329127,1.41973639376757,-0.43215857262422397,-6.759450955758453,-0.5663631756508889,0.6350300746184074,-1.0612522985923463,0.5577821155454872,1.0967455643255892,-1.2919730624817616,0.44295828401065074,0.05041384968457209,-1.8744903515172047,-0.842552362367111,-1.7160452713945893
-1.4775504721868986,-2.5538683573918055,0.6693004297083887,-3.1146532435235716,-2.733863148337475,-0.789598718643155,-4.6466929861583655,3.114539146037062,-1.262725857625611,-1.3928249507527237,0.20078009498828076,0.48466747117413145,1.5847601761428969,0.32202121313701504,-0.5903830308337947,0.036260599504504554,-1.2836391613883071,5.135172634267439,-1.8510283405285797,1.3526358713491056
0.02906114525120973,2.367279824133124,2.5953342255797596,1.1414282791671444,3.4453298303484643,-0.7206244217725191,-1.236594055259094,2.2092665830761864,2.4947311319527743,2.1643158485702623,-0.46159820758156545,2.20466587909921,-1.235189090121128,-0.9054371065388382,1.1655021341728578,-1.3942765971395827,4.4970975291765605,0.34540813395084624,-0.3963511590690333,0.8277418756276078
-3.281582396687137,1.497130841423334,3.9696202083407535,7.716401707745732,-3.582714247724817,-0.6114058601592582,-6.6263224061204244,3.131336760270879,-4.042094534930249,-0.8339959518894163,-0.6052254791983285,-3.20192543496571,4.77638383835057,2.9924242527331373,-2.9530321293256603,1.8842177150236057,-0.2310955289570525,1.8246750455737928,-1.3307273430463036,-0.9033946582751172
-2.4546721616492646,-2.1419672798144442,4.892375361519522,-10.69117673773886,-3.653779403415004,-8.934682392488767,-10.324404564451077,7.639989220327681,18.817435773002856,2.571642198688411,-3.098480868663676,3.2737334790196435,-2.3178521285728166,0.9640195130767873,1.9484324730676916,2.5306164831676328,-1.1081687546419445,7.225749752359004,-0.6599669990698469,4.282828926802009
2.0229692671579715,-1.156876253651471,-1.822660936205495,-1.7747984293414591,3.5755671190346012,1.0378017334574037,0.22026830012227905,-2.1646177926765664,-0.11228655542932475,-0.8193548993887514,-1.740372160573985,0.6766467284902915,-1.2460117072151622,-0.9953592079603577,1.885449239863112,-0.05901359762141878,-3.1002761360138167,-2.8615396238855366,1.6894613047404865,0.9299477992406142
3.160140062709503,-1.1385945755037314,-3.7170876710425564,1.6909629375245805,3.454429649100132,1.8477297324190876,7.686321585138433,-4.0277643975888955,-5.289348240794984,-0.00963248867552901,-0.5300082312453497,2.1837006656756537,-0.11934070106108419,-1.8219564291021157,1.3572813989297392,-1.9111470192902449,1.3931915311995084,-7.322133441902036,1.8715924510326154,-1.966701040612857
3.06691451324616,-4.162431502469284,-3.3946894774049086,14.083531363606518,-0.13886867785090556,2.8286010120289427,2.623992673179915,-2.1681808183349816,-11.006118226727416,0.7078927781356734,-0.792887550246312,-1.8860482917900732,5.231983733778829,0.11818281961073224,0.07098242263406462,-2.2256019025803115,-3.6947730492808777,-3.3802189771233824,0.36265791610929726,-6.716435199460256
0.007192135318164539,-0.2541053405245517,-1.4800834663197826,2.0578345440330885,-2.9215725259476355,5.048227897588473,1.409952023842841,-1.257070880682972,-5.5650554483140064,-1.1224961234095843,1.9212268079253163,-2.60857810690036,2.1982381264847555,2.538757123677254,-1.7977340272918974,0.5773244513481197,-3.4849843907533207,-1.0436618511473614,0.10688722188099531,-3.933750583977583
-2.019367617495543,0.617151185672726,2.568771153940271,-3.000892462593682,-0.46023138752508475,-1.591285538279183,-3.1765414919480808,2.562119726257492,4.58694167028957,-0.8807063089464765,-0.0014117996625772622,-0.8223370385367168,-2.162879227683165,1.9464482934735166,-1.1561423566793847,1.716105687499998,1.6669761108992607,4.257944343464626,0.2476596533339643,2.1576768519497067
3.5701244067132163,-0.07887451734305184,-4.0697899284510966,4.612313438246618,6.572744586919792,2.623188063488806,4.311802109973744,-3.9743980008444044,-3.3053487429570856,0.007149742156502062,1.2452114785602717,1.31360917060739,-0.3950611577675027,-2.8716775672329735,3.498869695271301,-2.671594631594882,-0.8679972778854721,-7.619421154498302,2.2009544933957317,-2.4623599250512638
-1.2477984685024297,-1.2286291605526831,1.3188643047014121,-3.1997455757246,-4.61798257754662,-0.7390273497875643,1.7566758348107723,0.1428603386697221,0.20464558595167937,-1.3871289084239602,3.367992246617939,-1.6371212083524873,-0.6497886727937384,0.06776580558833176,-1.8358034005801385,0.6646844515806081,0.9573771671119211,5.060164082450545,-0.49730063751643977,0.7255155578359869
-1.3813860841943046,0.5217695488684535,-0.4917522190903987,2.6255560893496694,2.518764790872999,-2.1592533847155115,-4.849155354879744,0.595492850591464,0.8354895587899461,2.4004774363383077,-2.153150999412507,2.26943733335262,0.39593154719801704,0.4535012633049712,3.1321302544505336,1.4496330704015667,-0.629720994317275,-1.7704955390164252,0.826842222265848,0.04269068385757577
-0.5124545739082014,-2.334584328917964,0.8282529299442332,-0.8126163585542769,-3.569299257235772,-0.6173578531708407,-4.754239569750763,2.5504294964913936,1.9023488854854445,2.05014498419248,-1.7114772442900508,3.6009346284785875,1.77617765713369,-0.10623669468323049,2.896962145829026,-0.6478361181493271,-0.43259673203977567,1.3705314078479796,-1.7729729317730283,0.40036813721597164
-0.49978695484870994,2.0106065778592463,0.5458527016198251,-6.61624037791331,2.598774066927157,-0.44742160568304223,-3.269358251783863,2.3976836258597096,4.114174776775218,2.7541049785618767,-0.4505013120557786,5.9716204735332425,-0.8112215496047951,0.06768073516318884,2.5010803018637695,-1.7467673084538633,0.3738078191625842,-2.230236202987626,-0.16756075352451832,2.6009853418173865
3.5195768574262414,-0.2659603342165897,-1.20569150190698,-7.7809049814607185,1.6387353097709112,-2.31347137499747,10.060240180718989,-2.5087179523266765,9.06259057355734,-0.07258317424569256,1.4087399229872803,3.5376617222218654,-6.322685567567878,-3.4304425893903217,2.021227614831546,-1.5844444979224177,3.9793939232966355,-2.88757755417224,0.998524348437795,2.020038445372915
-3.320174336185911,1.2334131559993033,2.5292102737248934,-10.410503162991585,-4.3840863972279305,-0.25178706416899543,0.8344126882836408,-0.5844407099177028,4.042699030094264,-2.6296703315924455,2.441358362418152,-2.4773139196427962,-3.978824385281878,-0.05814964858682703,-3.3499238808644876,2.7998496102576604,3.759090477986339,5.790074138055814,-0.46915529483828816,5.491514960263747
-1.1178267936858286,-2.468313700885679,1.1201911848348685,2.9188085235402275,-3.5836006866181647,3.12542842779714,-3.932383709813439,-0.3172681733683872,-3.6540555215800454,-1.4233404723566423,0.608303973652623,-4.3451587347974625,2.896767768419743,0.35438244913879174,-0.5220099674393485,0.18325285725855417,-2.3754252652914,4.066768196340888,0.05741535373657334,-1.9103971112346132
-0.5015787778487215,-1.0253374937450481,0.18426776915662818,-11.131769545992869,-3.669847273422711,-4.522044701219556,1.3003827784009458,1.7908694003917442,10.333394978109283,1.4163821462547217,1.605965983864316,3.503402323745091,-4.221883763024012,0.9843831701381602,-0.6099207364751675,0.310583461676222,1.9581138355496033,5.571189990826229,-1.2880702099889019,4.418899526254153
0.13646451512476132,-0.20685997112892895,1.029285273316613,-0.7316750443062641,-1.2404258544584383,-3.064325407297325,-2.3390939996102977,2.429812999672972,5.730102786806551,0.05263568909398083,1.7391862150838926,-1.0139319366069188,0.12254933566177251,0.9032340341601234,-1.9648898671182122,-0.638155964075797,-1.362809480814952,2.4728693549632275,-0.1535257509414047,0.9048491270684049
0.014140472500021872,0.35509575634626245,-0.7423028281604753,14.007975960139417,1.2143583186511893,4.858945700164572,-1.2555592561851507,1.275600772285458,-13.086419715660217,0.2874457270385039,-0.9604878572360844,-0.07161693101736832,7.4492755076102775,1.7550893669179826,1.1385173164924982,-0.8337181583896076,-2.2424398239163867,-7.563182625727,0.9197788397245782,-5.080306530858678
0.1670145583226148,0.3406455002817418,1.1835567603267076,5.784523426494318,3.064311243178693,-0.46430966325347833,-1.6488168559456582,0.15768569074294886,1.6492884324115176,-1.223297742846283,-1.009024789729791,-0.10973332162508698,3.7346484212221402,-0.2092229228323097,0.5626451887074323,-2.20998473398131,-2.3567305629387354,-3.624595614604484,1.3227374414917712,-1.5221909727718956
3.713774497368431,-4.599657159878684,-0.31229188078159087,-6.885256259470217,-0.21299319071518008,-6.994400279089806,0.5065164311858779,0.24343022847806672,12.890041026187887,-1.4569776700455437,0.5122516344605155,-1.5650626164595445,-4.703663241787749,-1.6147940358422326,-0.39120105631182567,0.00971655602773036,-2.740417422826293,6.163126062598326,1.4860131009016515,2.477545540654415
0.6704108235931256,0.2388142807910585,0.6066376070818311,3.926015710099848,2.2107282498995087,2.385901109383525,-0.24754436630167476,-0.5140117537738751,-7.6009790063051526,-0.8594622759509394,2.202344961155907,-2.920939716575477,1.8661814273098667,0.1420831321713837,-1.1373935969645397,0.7458051467457505,-0.8698120330338203,1.5277911678218663,-0.5880419591710491,-0.9804961632043075
-0.9038660033225041,-1.4353689373608998,1.5186161915858896,6.232890555995003,-0.541281486909453,3.6871879541774084,-0.5962677646852637,2.2169302150774572,-6.145803161243553,0.8291082739801251,-2.055853412981051,0.19470355862432967,2.457009202449207,1.375157386669366,-1.220492272891649,-1.5799908349132736,0.6380016742110121,1.9499648733515589,0.20479536718737096,-3.077326240805095
-1.1107835172348137,1.6034132662552316,0.20600799502708533,0.9428731527388504,0.10140656261464409,-4.120501141130481,-2.2545155520486144,1.023956486593249,2.5355575743116967,0.514699253012357,-0.5272296096693406,1.5201047296628794,0.6935075044277043,-0.8296640399832572,1.0357321991696526,1.2624082028445758,1.3473778465195065,-4.026610525332659,1.8043127547997133,1.1447763781891644
-1.7771782484795433,-2.567545474577993,1.9465031563710502,-6.641793227508806,-9.694567475024018,-1.1174169419143434,-5.01045372970555,2.343773582600469,6.534361531209147,-2.099263650814044,3.246399796051268,-4.594279314511518,1.8579865981685948,0.4882917907157485,-2.5060129436392398,0.8597609507449298,-3.4390144607298865,8.578638536603725,-1.3858357729250013,1.5377437683681674
2.14248778663245,0.95174267347838,-1.7553270373326761,3.8016974612452836,2.3936030664637133,4.391621392164497,6.118000243092336,-2.0205735144307795,-3.3907555943531884,-0.37641810583545704,1.5013167210826364,0.11167573543098175,0.3657922138896186,-1.421924375678948,-0.4344504272342019,-2.791494503026533,0.6082571680042759,-4.529951330784943,0.19000675870464917,-2.3416939148565943
0.8359787151354946,-1.3831015890052527,-1.984575731138277,-2.927782826193199,-0.29432311185291593,0.37544289551842985,3.4829787919878346,-2.8316650224534556,0.9564775448200677,-1.707389057379647,3.31148138563697,-2.2495259009693633,-0.27129355343803485,-1.2104365604292062,0.7798369832273042,-0.12281598614392841,-1.5241980830742787,0.3288682258091473,-0.017824420528282595,0.843907685819461
-3.008931209474923,1.036951881332819,4.55180413809834,-2.5246149578478474,-4.979812035870731,-2.167654689202537,-5.842008336357448,2.3329417300539226,3.048814815255618,-1.275481716486387,1.4091126472367301,-2.75481058583377,1.8855834055584695,1.8368220004154836,-5.287350793524674,-0.8401730131629752,0.1397628433181528,5.796183055636182,-1.6410126328088002,1.7093325160188044
-1.0972418076480226,0.1429175564162018,1.6284676195478256,-0.7152518627692911,-0.7149662205058831,-1.2985362346860194,-1.0992373629699377,0.13561998087930638,0.12476850757407965,-1.0279119831853147,0.9514034596477139,-0.9724226229512131,1.0465351110144114,-0.6444804931925276,-2.138187260237495,-0.18641303346808924,1.4854562847402162,2.577287071268981,-0.7629085280093453,1.0649521193399445
0.188935805550903,-0.27285770508484175,-0.8963478577287127,0.661341159856593,2.775865318537415,-2.4978533870361765,-1.0976506936131327,-0.17745567000347362,-0.3886423226164917,0.1698800577428161,-0.5646768783036038,1.3508334575270426,1.1974777394885034,0.6297910984991051,1.5375912954561717,0.05241268732275803,-0.7113135116499206,-0.7109136171137254,0.3757739412476523,-0.6200242014998033
-0.4445833651361959,-0.6272532551384198,1.1063666400173982,-4.564437454444922,-5.550373326805458,-1.749799994923193,0.45157920471783897,1.0144978309398145,5.25754502722685,0.025804219956175243,3.528504591134225,-0.9465492838898795,-1.2457936201816442,-1.260695490206646,-1.1120844233340037,0.897241382104367,0.6190360165338926,3.16831980867057,-1.824907619430458,1.665374860397629
1.5086790905702958,-4.638089257395842,-0.932483410413351,-2.4434167234286304,-5.901792685736654,-1.4516686615649697,0.8565879015906529,1.7252108103744401,1.4658026737345276,0.4258429082584319,0.6531953169383266,0.158260632219056,0.024002987536702936,0.2698458853581549,-0.8689812031297018,0.12250117946595585,-1.1638386091412565,6.381568915322641,-1.47012567161159,0.4768876565218298
-0.8569511017697486,2.5787827939108405,2.6107383283349828,-3.8267587501914226,0.08595679755711194,2.1734168012078934,2.7605690330110058,0.810833547538528,1.3810095522640276,0.45824675338422016,0.9091764017307511,0.3830946327571324,-1.9448793202946175,1.9006083293285667,-1.9799174203232828,-0.7424460429788204,2.9724025956990507,2.744272254026274,-0.8509441839709592,0.7706199445814541
-1.1194416133206673,-2.1789931931660775,1.37186345071932,-3.9799073689567113,-1.7720414118466277,-2.9807721921809076,-6.120707755644549,3.871101814938912,5.374621021288861,1.5458986096234157,-1.9999553551666764,2.8863720147891128,-1.5896763926084883,1.3900388982969785,1.552068884169596,-0.6702744901069118,-0.16272708417778656,6.8574967116583245,-1.7640943682466415,0.7796867605101285
-2.04685262732069,0.8676689100051954,3.0599095240702585,-9.79118113880605,-4.5174801548234775,-5.821045848415958,-5.726548025887405,3.1141849505180947,13.804511869013185,1.2229777022750417,-0.520969925607726,0.7222763292368468,-2.1242389177424847,-0.22056585636449544,1.831019768591128,1.2384241965329896,1.0170936326626978,4.874175355835928,-0.9291893043942261,4.0752954535763015
4.116240535725984,2.3896729645422954,-2.0503467880376443,1.8558244500048495,9.582839845456718,0.9871090794871481,10.375602010474548,-4.756287521840225,-0.2934075127018254,-0.7626696564881508,-1.127663855338717,0.9545973612987573,-4.260698250905882,-1.7907755389177091,-0.4697973300324021,-2.248971423919042,1.783924513659973,-5.702959471412364,1.895866393377503,-1.3481257177119157
3.421351871367304,0.2053385090053258,-4.5753767642465,7.2366359665949105,9.687912620762036,7.9827770797828705,7.63407683730722,-6.053494011163215,-12.277801941886205,-0.3008669875200201,-1.4756626346450494,1.4828598080019213,1.9013115399701084,-1.4247927632875335,3.5133099323896104,-3.546961160513316,-1.117956455908415,-8.696635315734436,1.2555360785158682,-4.61078639480068
-0.5418154351420585,-3.900722064712581,-0.3305862878209156,1.2257132137795044,-3.8214614807590626,0.6563992835473426,-2.533707411686159,1.0829898594605236,-6.43716946725285,-1.785238867738286,0.6301304267407515,-2.3359226253999217,1.946130384579588,0.31887538362515144,-0.5196177233969175,-0.33045364894083457,-1.9913431947196194,4.690501685859223,-0.9883186853578798,-1.8114825701713604
-0.8038766174760017,-1.7202464900698928,0.7690902361982641,5.123316691147447,-0.738755455034313,-0.5131751178876095,-5.213211225178103,2.4424834502967667,-4.094308292850899,1.1268007764483465,-2.3455071011443516,0.5200757664414397,2.2352986946158193,1.7894784428828556,0.7191551420172493,0.8631029039202006,-0.10418135970144538,3.569086112770134,-1.1813090825107044,-1.1831863258543707
-1.5718705972744051,0.036839968672594064,2.963195355831127,-7.686625974682108,-5.847394794819545,-4.254311479525603,-3.182398405146653,4.712712388669043,6.024137667642718,0.6322381602584328,0.7063863537545252,1.4701706210171712,-1.0892387878127894,2.3303182727098233,-2.551610738673124,2.0695508871779986,0.9492811488769943,3.395993215012266,-0.2019958633543766,3.889086180056508
1.122952073877217,2.73360546301454,-0.4112626901600007,6.4141009846536,4.694945382894144,2.060946140804031,-1.5382654148641275,0.1134442926614116,-2.421069427743083,0.9142610040487396,-2.054066522758724,1.6643671555549666,4.427219628781476,-1.3586179778069383,3.316427727744085,-4.920696155741787,-0.36840327525049654,-10.969711228346704,1.6482198943010702,-2.3728148071449717
1.7725124711404956,0.06874196647804973,-1.3503705679709093,3.724938872414337,2.748387553671309,0.8035270210661073,2.770936598008674,-2.1781620327676565,-1.1046137334271566,-0.6982484924899177,0.8483598463021167,-1.831399571292002,1.4910520516938843,-1.345048950495066,1.1111346199622156,-2.2989760913218222,-2.3619637717678685,-4.169993472299404,1.6598152902964824,-1.78057512122392
-1.1353313290802993,3.558544461717682,4.16382294309897,-11.403613596011088,2.202380522284123,-6.7279393594094845,-2.605751095842269,1.6530138108920533,16.318024576306048,-0.243223165303725,-1.4671715469181899,1.7549206157553208,-5.4860661277722125,-1.0190738807987278,1.3763149393736145,2.331309216042796,0.9480787584053816,2.4150915064693095,-0.07488340271633973,6.547291603644093
-4.59094989255732,1.0026302572678882,-0.1058655927413259,15.224443902129854,-2.0325735489296717,10.759891358395217,-1.736650768942906,0.8518080131115441,-23.810803077339035,0.7221587698505538,-1.4821042385978473,-0.12611433016610374,6.557549044168304,3.3672320737350683,-2.1365479374712217,1.9015253987598162,4.059158813268546,-2.2513548723185695,-1.5586112858587826,-4.499494744694011
-0.3953545608710499,1.1340505321450167,0.7916575973588784,1.9221564268741358,-1.162734931414652,-1.4294167426205848,-1.3774460927109002,1.0971121803346793,0.5359892942885331,0.060306899038279835,1.3510605701900242,-0.25731112819147123,0.5419399789154726,0.7703590699608185,-1.3656699860982828,-1.186574613684739,1.4268492592405884,-1.2063430742372923,-0.13755543883092672,0.02166141053614036
