X1,X2,X3,X4,X5,X6,X7,X8,X9,X10,X11,X12,X13,X14,X15,X16,X17,X18,X19,X20
0.053529564070177726,-0.34874589416195934,-0.3105864181352334,2.1926172171147744,1.6286764986343159,-1.7264030986864796,0.026635352881151264,-0.0044493146635963265,-3.6455735355755596,-0.644632346980756,0.292317091990026,0.22984942593412305,-0.7113637014589387,-0.48427265186775686,2.937154883702307,0.3396583488461856,0.41369025817664945,-0.7403419939798654,0.3378377276029382,0.2202773051045353
3.343122415944091,0.6187344145903114,-0.5418042058796725,-6.723374967428693,2.131832581852105,0.12988177528809164,-3.322366179186079,1.2616850734773608,2.704867523226633,-2.0659747682612313,-0.9923757625647707,1.9948965937675829,4.388380056206784,0.3100301138844743,-6.308211415341398,-0.29410988356353485,2.9970593507254595,0.5898421736847828,-2.3686833934890235,1.156897513439756
5.073255237726068,1.8797488508914508,1.9655733833630538,-9.884426648597104,-0.14957502394808664,4.512123815655164,-9.767544753145057,0.1886950316438798,1.4441342359456844,-4.893978827833312,-0.0555481343944173,3.0680995490182714,6.967396357168214,1.5506783091053942,-6.892475638164894,1.1640586397412673,3.258869469701413,0.3268720401479833,-1.138955242087672,5.4989236616281225
0.6167690388326719,-0.4366451060943507,-0.7377841821593332,-0.32225745713239995,0.35892092749285287,1.9842053590808684,-1.6305738140051087,-0.7938660037051759,-3.3334993584878765,0.8907691275235463,2.7973667818592807,-2.587739881151495,-1.6710046610294096,-0.5486968599765598,-4.327070630429036,0.9036489564685897,3.191354520704508,-0.5049901139507865,-1.4159468418205305,3.1264123621017
6.16331236408773,-0.2952048253036531,3.06287537143516,-10.832346879677884,-3.206515978447298,5.423396918581835,-8.630178417201705,2.249510562052576,3.730548376242205,-2.8940988819608306,1.7516912343823274,-0.9504614544186664,3.2139052443552716,2.5714610460045577,-9.79560473641931,0.3013060510590291,4.619007197694658,2.7748471837514916,-0.9771504160796766,6.487368719582002
1.4771806076030645,0.3157438978539293,1.151499264013557,-3.124092592560175,-0.7279626667528647,3.493963834674255,-2.739781037866894,2.3828980172903984,6.2718937776383425,-3.1158703437572286,-0.849794692703573,1.269624189075237,0.6142106190138299,1.937496269716386,-1.8050133708464802,0.6963317028460926,-0.16703735415116794,0.6907809854601239,1.5128006272334904,2.7516908771509456
-3.4773966811843886,3.1733183358632813,-2.409146357279771,-3.8232400277697134,4.0772172578293935,-1.3347997018799453,1.247529234610068,-3.066526046827943,-3.429496229999839,-3.9932901538706163,-6.856213356508857,-0.7360296242401184,0.9309935595043921,-2.0550710292796066,4.233676427398155,0.023273557670837164,0.23055386706681724,-1.387054493965454,-1.0753319772202583,-1.2174218956969733
-2.8373885956205998,-1.3651045698969195,-1.519591037877575,-1.2786334329245888,1.3567424347498571,-0.1878201766640457,5.638747744216228,-3.5762996748785367,-1.51156959245974,4.448932006000021,-1.2734039093997391,-3.392521828388644,-4.376787243579086,-0.23215167169515927,-1.1785760922034523,-0.5300373588497072,-0.8414607926682177,-0.8930256340784863,0.7958397197528801,-4.6207227103403214
-0.5021537329338008,2.2436873399761534,0.29220891072002647,-6.096809033145314,1.7676621628080642,-0.4230696501034992,-3.1852958705300916,-1.16399501111587,0.6298785497440619,-3.195617799456562,-0.439235070852555,1.3195618507849245,1.901171150207427,0.4958443210211375,-4.234518127227312,-1.1937180949862614,0.43676986018691377,-0.8806935496138463,1.183413467665295,-0.276287834331872
3.458395918809786,-0.4052770201739956,3.7161621110007172,0.4967147409665386,-4.559054322761942,3.4801484729730845,-5.519221290672485,2.9075871222196112,0.04253182349867224,-1.4322810302258517,1.8420691956853346,1.2731002576914008,0.7821158995137333,1.2654729053016924,1.6545212027225003,1.545467456149416,0.9551391252078427,0.7643044973387781,0.2723881011438569,5.229939930619422
-0.07494772323860865,2.5000701204961286,-1.064000965504529,-9.198679148765834,4.414173360536314,0.3238880493511943,-0.09184614495007948,-2.1159658673625654,1.9100670989860136,-2.855226204907448,-3.9066537343832137,-0.26662117733145724,4.801566612221019,-0.08300867478738191,-5.775746612772474,0.4460908230934564,-0.782598059908075,0.3752108321957909,-1.8673490903054855,-1.2735403637831508
-1.5735750408671259,0.6751676053973543,-2.2397065505824725,11.111441354186855,1.6568382191571673,-2.808203920335121,3.55518747145246,-3.174985459407252,-12.21081661076028,6.7453740663874715,-0.2697205594167309,-0.05850971482289657,-1.1916971925165423,-1.7631108955882917,13.62414837365167,-1.9182454089476324,-2.2696574937479754,-3.1491073886576837,-2.135736601880049,-4.008473802053615
-0.5956592404575376,0.3778157696770499,0.6923341158988067,-2.936719561574574,-0.708241594890612,1.1939523539849817,0.2715842159521507,3.7614712300781266,10.790808561865582,2.5549042802009705,2.5676095659867437,0.6895749189157898,-0.8966564463159054,1.8240073168581972,-4.523119766230266,0.5952300591892355,-1.287092206524009,2.6672232550728334,2.711924653422537,-2.805989924319652
0.7884649972921377,0.676705548364021,-0.42350268689296783,-9.015463612102137,2.201428483827627,3.4633712981038727,0.012830575324705142,-1.7109375391103387,4.732047698665595,-2.8204157025682126,-2.4292877074767762,-1.6111067349663706,1.5676637146810166,0.30607686912014664,-8.248357077629098,0.02417424843106125,0.18488249309173874,1.0791081908448388,-1.5798495810705773,-1.3967358270583532
-2.2806603011191022,-2.932722329383431,0.44875262918100634,21.698311756412394,-4.7793698735254235,-2.1787527508452724,6.670583067561169,-0.6415066095489674,-9.538256557123166,8.356103551318384,0.9932571381227513,0.04530134536820344,-6.417411401519065,-1.0421756717950041,19.045786210237395,1.29091300470019,-0.4706701786286339,-2.6724979234495034,-0.3818319080320258,0.3480897160594467
2.4258276554750178,3.1769511295348734,2.396885977204268,-8.653767732864207,1.2584313660274589,2.3468183137245937,-4.002909542830219,1.057269834218973,6.599892572470884,-5.704525169252867,-2.255001173798003,1.5756369236247374,3.970801486789391,1.1869019270968384,-6.622414178901177,0.6141510068288345,-1.313701268254821,0.8310837358705302,0.38371084831197855,-0.11506057989476726
2.2132142834128348,2.9378148251703946,1.103793823610417,-10.60446778969123,2.342647598063567,1.3650815432148085,-6.683972953644721,1.7422246039064269,2.566293634549034,-7.40833884653363,-6.262462004995556,0.8348289853534536,6.872198601217128,-0.2087328096150159,-4.538046453858946,-0.054969945529061204,3.336417450104072,0.165119555225852,-2.716958271304692,4.754625776457295
-0.5109451251401076,-3.1849639018606912,-0.8698938387161168,8.506592942035983,-2.861776250027469,-1.2434701577525655,3.276440041758314,-0.7717533565583774,-3.698934106799041,6.859315780148821,4.408429213072621,-1.3878486421297709,-4.091163713640028,0.12023087655486409,2.730007599203729,-0.7883769810672756,-0.2575147973870633,0.3787428463606852,0.19656925194770958,-2.5470084136827755
3.612393366963029,-4.547958081230058,1.6583924694163632,3.9847961964037797,-4.644800439590475,4.842109077416733,-2.525500962741408,3.8724405007767717,7.396077885891007,7.223830274440087,7.939363197685109,-1.167682083780663,-0.5147290670971354,2.491504937238547,-4.371950137770126,1.0001294508632712,-1.2413802490828305,0.2344393303335388,2.701162115048158,1.9227858917689307
-0.3487684953034049,2.613912649449749,0.5032901836076332,-15.243723866566064,3.055437196669388,3.3957415478927966,-3.243228123311979,-0.2067377853244743,9.018960786186529,-6.115700756773018,-2.792260841678353,-0.4247485427935774,4.391615324075492,0.5527930860178951,-12.108721367499319,0.6149583275164655,0.0633390832141949,2.0761844797198714,1.4326290944804858,0.993537698577998
2.3693101757970614,1.8527892574869453,-0.3560756715570754,-11.199106570033388,-0.007405881662613023,3.3151343011698406,-6.92245580761637,-0.17014697226225173,3.0845660763596605,0.556739675077349,2.032495842820691,1.2322476397590894,2.587857147281607,1.2221089238802914,-9.61337034456309,1.2382264650810997,1.7450046707520617,2.5224638620056337,2.583914354723176,-0.9371287841176201
-3.154322188391513,1.6567484535498131,-2.4077855293729096,-7.47888701569009,5.030772832206177,-2.0002646722293216,2.7019537102247053,-1.9736905468132278,3.9926608757858446,-3.864422406263774,-4.109686199867445,-0.15574531251133644,2.078917219932152,-0.7939454353128829,-4.591276466964338,-0.5822722366435944,-2.103741656017173,-0.41435640299709264,-0.18171804340291334,-3.968866862273444
-1.3794067822314262,0.12620710756176803,-2.5108234676037857,-5.415638581904222,3.4893941694460366,-1.6259438859640176,1.9843283419302706,-1.0734170266008853,3.6279607292224885,-0.6650975220562008,1.7046157318972548,-0.5666985139544582,2.6986117591153276,0.26409874934060606,-5.83541353767251,-0.8788175783587049,-1.0947762238792158,-0.4144799482211403,0.4014793721956901,-1.4083694563364375
-1.5763253384760438,1.404257228136749,-0.543895887385164,-0.009313986717859324,0.8254583636308513,-1.3663242993398839,-0.7769499313863425,-0.5912825943493297,-3.5568065417983687,-2.8128533077486773,-2.113915911437564,1.7019696245197415,1.1859340838766173,-0.42307619109102734,1.6095039257507824,-1.672571305182299,0.945801411853646,0.0023127957473093597,-0.1274615553431746,-0.5084611739279669
2.016270585624417,2.0404080763435166,1.75422146715244,-7.443401943204657,-0.6578342093829082,1.9839986809284764,-7.46285272381129,-1.4489284560080398,-0.06046680198278498,-3.948363873856736,-3.228935963285486,1.8906598363955731,3.5135505081624903,0.3968964471585986,-3.332721230896064,1.7958601586947562,3.500998857736702,1.723701208616022,0.8148358708012254,2.9426266338069706
-0.8104431236995113,4.113722204008924,-0.4830507530691892,-14.557542775185015,2.9463517781118576,3.2769909458806534,-0.08692973147326244,-1.5057152917160685,4.629976397044716,-9.026614381028399,-5.426134796016229,0.15981678453201903,2.145736434482821,-0.28602159695411233,-6.013058183458131,0.6893430157573878,-0.614322642556492,1.699955336415262,-0.7440100299891963,-1.422845969894246
-3.4146504280994447,-2.1678123124629023,-0.953373026633605,15.994287466022264,0.11663163478374705,-4.154329637539032,8.232586065187983,0.08421012734459854,-5.883139548169803,4.326374940854046,1.4817367183239536,-1.1577990339583015,-6.466651048918705,-1.4938745681958618,10.137689995364877,-1.03171487722885,-1.747747146460723,-1.069120885567586,-0.2946684554170227,-2.6857263472183606
3.901057878803123,-2.9533090658363506,3.8772981212502726,-0.30819915595774694,-3.3673805649007775,5.495869972298049,-5.347824332323667,2.382255166178186,2.2946693747463116,1.3421700440932398,3.909028684229184,-1.2199680628794538,-0.5524754065166118,0.708595499959248,-4.22640703520135,2.0733290488777474,3.2433644615134165,-0.06906517995086936,-0.1723982421560915,8.151385714936591
0.10491209550064623,-0.7198730078751732,0.47041579753602586,4.80296200929117,0.23034626995270768,0.36979720832272667,1.1098510288022945,-0.7164811412255783,-1.9011409621172755,-2.2879824662674815,-2.605004997108643,0.505821805779954,-1.1175762862237855,-0.1095805501283953,5.94957111605962,0.26272531286777573,-0.4376817824156342,-1.2908096057333784,0.41541677108928776,0.38958569961482226
-0.8850961611545478,-0.6427665699702811,0.5848285989969552,2.99862844761007,-0.0548889504359793,-2.2780972988771997,-0.19073568965780674,3.114238799953279,0.7003896390464766,1.6125797125763672,0.6884391447309189,1.1337426507341177,0.3579789579602666,0.2890790618470118,2.492871329533434,-0.7580354385541919,-1.434524043037659,0.12939358452070446,1.1302744963954972,-0.19956773584058096
-0.0990646129596372,-4.4939578598672,-1.1058448645328598,11.773030343576432,-1.9213815179844682,-3.6073247271322137,4.6890257993783955,0.3146234467083375,-1.8064719423797504,9.490729439671604,4.008023560877227,-0.42288656380975553,-4.566214504556193,-0.204411793239733,4.93383087395674,1.5057601650323136,-2.1079918377175377,-2.5610222742630437,1.8248387748922457,-2.880527503423372
3.0769026829428414,0.49002945567371703,2.6471664836610507,-12.040728911805411,0.34735030558238567,5.647128384376646,-6.925952791448468,3.211194336280232,8.75497485867387,-6.039087104695865,1.1281397403825302,0.9290304526769677,0.9116397035750837,1.7170435069754442,-10.722521188670902,0.9218214404363284,2.788910613308796,1.5186637725265624,3.665727456714208,5.371395688067292
2.5439465582717355,-2.1312541949426738,0.7155235603847642,-1.3216621181889094,-0.9268204265977857,1.7823991019623673,-0.6203506873080155,1.1760340099183078,3.4808204021773754,0.7833051773863524,0.7967286866625587,-0.264218824345084,-0.953656440934181,0.5445777069982588,-4.393589726847337,0.5559554015437788,1.097269843628425,1.1123590082214456,-1.2974253538369354,1.3862361322260206
-1.7438442932146847,1.2249229158169184,0.047539441545730865,-2.9434651027977314,0.6726284365087013,0.7517378135762525,1.9247873999890663,-0.15280519901134762,3.936804067002091,-2.1953079174767316,-0.7865475677465861,-0.2681753121816416,0.20933220315766676,0.36170648591899357,-3.7823147595119107,-1.1895503802912537,-0.487367614893932,1.7683863170666376,0.7760136961050128,-2.807786194331218
0.960377272528941,0.511789080125354,-1.1003552809304673,-5.93751811934429,1.440288864149205,-1.803657080983918,-5.1526752012329995,-1.6540031953743675,-2.30872344419341,-2.457193124158116,0.5068839729214661,-0.9869861373966626,3.1373353795027916,-0.38291912271778294,-5.907579344491696,-0.9102981979201799,3.3646757649755306,0.09144916572272938,-0.3027348807734016,2.071500043109285
1.8430861037098207,1.263261711366726,0.8116140136511822,-6.256914015740724,1.209485340868972,3.5574060818860813,-1.2171476186580121,-4.030630463192449,-0.8436477112961241,-2.102716843263783,-2.4946054229945567,-2.3795180649548353,3.836977374491831,-1.649113755357648,-6.910384447103565,0.13185265092497278,2.517576610839898,2.2721475449821824,-3.4896654776411506,-0.603813557617271
1.6261653504450018,-2.6349695434940994,-0.10641660505532473,5.212905211936507,-1.8471157600650898,-2.7578140985003676,-1.4301373982018881,-0.24554206794719874,-6.564296089617541,3.8978256361820613,1.9741217196113015,-0.9304476685816249,-0.47651540279466875,-0.25358062597238096,3.042772249347954,0.19038897971808097,0.9626952478518847,-1.9625216467303124,-0.11709591505624295,2.0480182492797856
0.9503901672431272,-0.5172599605200094,1.05813954438687,-0.2585479284990452,-0.29091709260162857,-1.475692993820275,0.06771349454769884,2.5218613325117802,5.708299059550775,3.133726567805683,1.1218134689379962,2.068093244495388,-2.819984698145555,1.6604637275968082,-1.4202219310706161,0.6725597710719732,-1.9257080867611431,1.2249828258253406,1.4545464279865974,-0.3527261471658696
0.6819773842426207,1.9739073317541616,-1.7815197360749306,-6.364845358149369,2.10801373529598,-0.5021893985650612,-1.5855696781447515,-1.9206453484537733,-1.6238336096447554,-2.922761531642549,-2.911603220987193,0.8960646879001052,2.6586722143960477,-0.5661665293534501,-2.007283818537218,-1.5060222448968579,0.3860298806630783,0.05589584158549726,-1.2630824989642393,-1.8152847698101262
-2.774754208297018,-0.9815519755255975,-1.0516999811884662,1.3400514448927532,0.9082228875730863,-4.781862746763473,2.8048341191770394,0.10661280369090251,-0.5944244982839739,4.2037154561860355,3.197477928802174,0.4245147701890597,-1.9102012787576812,0.6341528060714448,-0.4839201806878627,-0.46151383736577417,-2.210245208972699,-0.6189883931156972,3.6237178180816203,-3.129884582751739
3.3828473058419024,0.8956443347478915,2.251883564656613,-10.21977489501919,0.18150342561783805,2.8372076036889036,-6.689647242087062,1.4130722195404952,5.352004830402887,-4.794716141143827,1.3285871165910776,0.5816930778450949,3.35321740106485,2.8115101167628773,-10.066442472047388,1.168425272610507,2.807875776432036,1.1791181240098343,0.990706243702064,4.198187081933596
0.13852155525392051,-3.0007269654543687,2.3080032226912297,5.345578185336205,-2.678089378246427,2.45055937850988,3.7369969182095537,2.768605925191621,5.818137849155697,1.9080406144785798,4.606357550241948,-0.8889546665852518,-4.284174397296718,1.8031628298360518,0.7137940360202355,2.65620374069327,-2.3506833892135828,1.3486144796692783,1.8036355266925854,0.4949398754669758
2.8112562987985372,-4.772708189556227,2.3732234167151565,13.14349171388213,-5.1845205060501796,2.432073937761289,1.3630625272651682,4.124801393404211,2.4809191668234174,7.3418748794907795,6.656917699941838,1.1566705750252537,-5.553783396010604,2.1279238985949394,6.998593597270096,2.150804151715189,-2.1282878023225367,-0.7785210299587297,2.21748370378897,3.1372037208021224
-2.035867186844597,4.285241834085024,-1.729140270605002,-6.793312656293944,3.2071745945902492,1.6295226002657692,-1.1386417122912764,-3.25391732626903,-4.017232402355065,-5.507233628096997,-4.627358508992741,1.1123667557688461,5.8605888079924275,0.1542732389871065,0.38735399762129497,0.48704824967836025,-0.3391760660033436,-2.319513476630703,-2.234115011657205,0.31471221078409317
2.9290491710208397,-1.8553431884986185,1.923064654511998,7.550291167904244,-4.6754140996376465,0.39981615668678994,-0.7475402414797957,0.5395737934337019,-2.9700226280941373,8.606449715644686,5.30623678692803,-1.0702424088466298,-0.18657694868478292,1.3775372234547416,3.1855695218882225,0.0256358651967995,-0.46177943257551624,1.1905857223571792,-1.857855915926779,-0.6208789342963694
2.738184395314848,0.06800490516570912,3.366945097098387,-2.049837093875048,-1.2924241272761103,1.2986811884737017,-2.442606003736465,1.653989415261079,3.1510616112125343,-0.7291022224232203,1.4192742086443866,-0.38843440019194386,0.48010433227679084,0.43115647059198664,-3.532212954175756,2.5602318940415087,0.6913288623159947,1.5781852663570013,0.05223533493774418,3.628088066309995
1.9955163228254569,2.9926898877724883,-1.3627570584419495,-6.626085412057662,3.537495432477297,2.705274123200384,-3.04763803814764,-1.0445681092704642,2.7705880508229503,-3.684186797451813,-3.4500666641240105,1.8315383618848844,4.0732867663976355,-0.5956975800267024,-4.033246084083681,-0.225114045145012,1.1586888655570737,-0.6642301797203336,0.3408618790598277,0.5989225038938384
3.6392706767153773,0.9156085005339885,2.0398720299303803,-8.55527782307042,0.20605091877685766,4.944929087698266,-6.194730151366646,0.8604148103688202,5.078289758565458,-1.7032699745188,-0.45336341959702264,0.6422201952313273,5.1783931523987965,1.0707460814661225,-7.428818820044473,-0.9053411772382377,1.7798111547830597,2.435085958499548,-1.7622307610997183,1.9662652055122263
3.4389442300371487,0.9575747547521296,1.9012173632899885,-6.161441547605754,0.8989098145309942,2.44940039559924,-3.758710274477866,-0.6669043687097149,2.2288428513206235,-3.0137123343936216,1.275983932789464,-0.4120881627520899,5.536750953165072,0.9718646865560363,-8.647689772524037,0.4296063759152473,0.503568657362198,0.7612689226070002,-3.3900800066876573,3.002992156907659
1.4884215589068237,-5.235714767500013,0.6407995810864998,14.274792503648786,-5.570784763367791,-2.1679445012137304,0.8388280330647977,2.3740503580360715,-4.239220831144937,11.338747656078269,7.222167204487522,0.1773243752138683,-5.84166362688514,0.6025033909381224,7.675316471811501,-2.4584865040397625,-1.2488877864231294,-0.055359254023162774,0.48625039014606336,0.3581631084176031
0.6641014568362493,3.5898190327499506,0.6180027543182933,-18.045688232955126,4.024914311440831,2.4244492241403974,-4.517594330865696,-0.21441864393105337,7.3517235947910375,-7.445337790958108,-2.8947577697087894,0.6565225366450367,3.8262439197626397,1.411261176649214,-12.739124275205931,-0.21419989710269888,1.8188691517286726,1.4873824673063645,1.6989541580969836,0.5442461320489114
1.491880615917271,1.1003343117437367,1.5316838709280718,-4.750941858425458,-0.2743829579640322,0.9306992665353667,-3.1982687725010446,0.3259312059841708,2.615868996498577,0.27765714680471587,1.359243363664571,0.5973971176145785,4.319100820248391,1.4743663812068175,-2.8252099639917874,1.0410272608595883,0.2121092144079582,0.6213297550239041,0.2901322540180739,1.4152957245055005
1.0909084067251678,-0.069694633555196,-0.23611831020237772,-0.40776658922407316,-0.15671017988587252,-0.5789580244406145,-2.8913475007365532,0.2663014634312372,1.5173745239411294,2.411479283773399,-1.5372460900228864,1.4162523495843506,0.4612625030810841,0.22218985512620537,-1.7308690185537743,-0.9660150972272692,0.45461747104824424,-0.22640606319942244,2.3790864748726097,-0.6461777419212132
0.3450039357214363,-3.3224242772459416,-0.4074655962357483,16.966832729029754,-3.208774234990816,-1.6006898869221833,1.506765029492624,1.229522340888503,-8.953262415030027,4.814091016078911,4.310876675191121,-0.8703232823590226,-5.137023111079225,-2.0124347737157957,10.88076361529454,0.36269158220295106,0.22002815877638215,-3.362688314147432,0.06606481707867373,2.5988251008854153
1.5528913896248129,-5.0985851852937145,-0.8685471774122455,12.21948157315847,-4.840701539611666,-1.613955795655144,2.504380683502414,1.791101014941348,-4.775711211210828,10.372397568734149,7.804435028088248,-1.7781276328586244,-6.925602488510899,0.3253518882517572,3.732594592280282,-1.4317075438718376,1.076654950501665,-1.2008939963109049,-0.45132668445630836,0.6553918945422617
2.6879492114902948,0.28347080922817014,1.4727568512248213,-2.6584475700866856,-0.7332970702935312,0.08050689629449503,-3.4470671072312515,1.43519531416071,0.6684452963234637,-1.5078648666155157,2.930506421498535,1.5011062063635388,2.5553509659337057,1.477322863960353,-3.307336970459751,2.1442047685743604,0.5143892294620009,0.3095607831472965,-0.4941637075229295,3.367135829281475
1.7894684317734564,1.3119278920372845,0.7305196223844768,-7.755954875772842,3.942870035502904,2.0678749200914304,-1.670326279061276,0.8931406767759826,9.428563473590286,-3.761783051675284,-2.104216632027334,1.2327585910942063,5.52527867681942,0.3900638183644305,-9.363023856333527,-0.3663487121596692,0.18916076519873004,1.2703389031807737,-1.104786513606914,1.619082379701442
1.598670341508567,-3.8815626715043936,1.9696108910561176,5.138837590040925,-4.774775929866858,0.7342025804328818,0.8865814165283171,2.6234676877337284,1.69307066266024,2.2359739214509533,3.1717097167938495,-2.08493257994945,-5.192369072472964,0.7790813431070025,1.8176161019598367,0.5317372499558063,0.7385865247748229,-0.0020859976633096355,0.7583768525712055,2.781548942754266
3.19009586786886,1.6491458296036845,0.776043028535297,-8.168972738233967,0.9541709404332693,2.518221722849872,-5.091584094747437,1.8350529003868226,2.2881254105376345,-5.983978938349729,-2.3731044259806655,0.782492989151466,2.368123619011166,0.8929472813302359,-2.4684716848197934,0.134439958635066,1.9078113509855013,1.6432418939030806,-1.3005006087446622,2.605785779681795
-4.821548384030088,-0.31361426949879634,-4.39930054429115,15.574480780052694,2.5427995693507577,-3.044095013252509,13.264671233997746,-4.13883755900756,-7.861667082969259,7.045391228344829,1.1607051161873656,-2.7112648987249033,-5.143354121702004,-2.7682101472235425,10.065569522290083,-4.011375772311933,-2.694826137152143,-1.7965280754107935,-3.657242277201221,-6.237306644361343
1.1003289331227835,2.287694764653632,-1.486394151007011,-12.19816661517919,0.41817631012160117,5.17248752841204,-2.171593865433604,0.1474755820506658,3.373296706239916,-0.4445255116589069,-2.735683054946452,-0.3350775262597794,2.4574191441164577,0.36176547347894866,-4.1931107469874105,-2.0444389926980175,-0.22124058320800277,1.8180350717518938,0.3653236028882936,-2.4679887341394933
-0.4768244776613756,-0.005379217030749395,-0.9952552319319203,1.5253596196068757,0.6161827586881383,0.5727720495841395,2.8805208922722287,-1.1155533772923452,0.022360498305233734,-0.9855794124809965,-0.9005261817245569,-0.1669425152635969,-1.2559130878795035,-0.8163966729704532,-0.998380365504887,-1.6952063233969548,0.1639957383351064,1.62697062714492,-1.8104693632201627,-2.5727288827949475
2.2934934455908023,-1.6666301944115454,2.755412723784838,1.0369921518145138,-4.23110104877276,1.3168925016844015,-3.1332907703992925,2.810056432754571,2.828686952565797,0.6202573680446078,1.992686695375657,1.1648958804651397,0.3370279510889971,1.8618203035263727,-1.3516161697795523,0.4073752035839976,0.09496408742342732,0.6055414786552203,1.267618120418231,3.5318243666664735
-3.1682986258925108,-0.5442310137467954,-3.0998898368578054,2.5557190317551717,1.7460607432086521,-3.315729668464883,3.4514477546716322,-3.1133290215677754,-7.581173764646933,0.43398618655574506,-0.8422337561904285,-2.265555601836031,-2.658750554397896,-2.1085710152210693,1.3886119096575749,-3.810783030454701,0.6477272658870203,-1.090743156374442,-0.6084687692996287,-4.829453356597193
-1.695668785388354,-1.5864720771581355,-1.3489426399757973,18.80687959355684,-2.8645496454491317,-3.107578813003927,6.619284082774308,-0.686578200640749,-8.483618826282939,12.333278042626445,3.6857103794729076,-1.815715023725281,-4.260281370508842,-2.141002902674187,13.955670675714332,0.4651467666634256,-2.4455899213457353,-2.8994251263065616,-1.9417153542868177,-4.520889911336798
-4.950749627976009,-0.8663038323355083,-1.4573604754581524,15.578348819132897,1.5365087101275425,-5.583706342500527,9.22519856666565,-1.784967090140632,-7.289132962631374,2.9498299294338812,-0.6369662130823768,-2.3362931394796607,-4.997607873238409,-1.849432675252245,11.201540043452745,-1.4696020261752154,-3.365884563501374,-1.1233378761754291,-0.1529542761787168,-3.740201748428401
3.4298949452239142,-2.898185106989219,3.8183490107937414,-4.102737181990615,-3.575495900841254,2.7829158772900087,-4.59733078705463,3.3856607707386805,8.426325046029028,1.5915908266626873,3.7768254906272682,0.9849026050133542,-1.807015669861476,3.497417399475765,-5.854121549067953,1.9139337503183282,0.02274291383895688,2.015220039068312,4.925105170630498,1.5568871280853416
4.922572276154451,-2.4564067714937377,3.283009237239008,2.7446033564309293,-6.049432627499755,5.904094239831741,-4.966065604963114,4.985099967135306,8.10546092270913,3.3142181106136395,5.189504874755391,3.302973910198351,1.3100652741736485,2.5719074079332067,-0.08510135830831222,1.5356825922274007,-0.7250193300292929,2.105506446267908,3.377718027494671,3.9215241173833357
1.3214462260515332,1.0271944268477466,2.3250829557021,-11.588236110799055,-0.17818457003511579,1.0165058832246636,-3.6971491003078363,0.3681966607502205,3.850515073442633,-9.512498254576903,-2.5203283705236945,0.47608898211040546,0.9039751551959033,0.566996786929989,-6.774851682873573,1.776329150030191,1.9074227917597464,1.7894598825313914,0.08532408497808501,5.556481796788524
4.529498404348693,0.29156388127734895,2.6316368905498457,-2.031227913391274,-1.4974430933374776,1.446576425342395,-5.108406261000015,0.17114534310061735,-2.5836523343845212,-0.6277385885823308,0.20201505553673,0.9776335613113151,2.5325476905532143,1.0382761709230566,-2.2962652072771537,1.7245819017003678,2.0792324260306883,0.14592983844278395,-0.5634915027951559,5.521225270706485
-4.316054202430285,1.9219408541271068,-2.6651848257631205,-1.8259249757024574,2.4060527620895105,-0.5895262009718154,6.068404304239335,-2.2776883870510667,3.9300073583728943,-0.4227940139270975,-2.72987088687025,0.6269020258176417,-0.5783641125986645,-0.5219338180448256,0.2901441879207727,-1.1440669515632627,-4.244279003371422,1.1816507924419728,0.31352653817583054,-8.493931366136556
3.790300931367931,-3.804642082008976,2.6220981396853364,0.9500200852116019,-3.5120080100989712,0.18367851533802138,-5.847664986044168,3.518128601404331,0.5048814472215627,1.5923076094235151,5.612156866576947,-1.1401664536981855,-3.3351154828771796,1.6434749445237533,-3.8603267266701518,1.3399381397010872,4.620019916525456,-0.6397529455622393,0.007778372652762211,8.975639852874105
3.920396558373908,0.9099365474018009,2.030912198563401,-12.127408300630947,-0.04357762840442492,2.498687829119767,-7.3526869382566975,0.8783387656150805,3.0076548367642912,-6.455503357775212,-1.8142409595473112,2.33970488144435,4.841153594048553,0.6664572111663998,-8.067571721421743,1.1818801973805335,3.0827228999978153,1.1026276989512325,-1.8231316617038424,3.179811014529878
-0.08919183058445235,4.876586790700769,-2.5551236633060648,-9.185358279109312,5.045398260518988,1.277144873345275,-0.6536594647020846,-4.349188301739852,1.043364778118437,-4.446643293304753,-7.4431470359024905,-0.33952408841092857,8.019137492610287,-1.8553917122566892,-4.347400286424663,0.025667737144006386,1.3367412939417154,0.7590864916126066,-3.5299613748390493,-2.7573095232079243
-0.7562316735891882,3.256664545319913,0.17396415724616432,-6.0027433226499625,1.646627367826329,0.5086478136438697,-0.3194176675266266,-1.619990831820772,0.3156898679837885,-3.0560094258085604,-2.1790169272386803,-0.23510096020189167,2.9159787474473213,-0.5706008293765686,-2.953136251717337,0.23487827590648885,-1.623349173964478,0.7622846244230554,0.19817654597599688,-2.1929843203058477
-2.1862403494946783,-1.4397775218270046,-0.9467258419243917,9.679566587511875,-0.4766715646255708,-2.1001757500289093,4.509105781655519,-0.03713073795386779,-1.6733675742435472,3.0670047142828185,0.668001008968236,-1.063740383656546,-3.6403703026609047,-1.029449788002108,7.337357095716843,0.06752758487140242,-2.5632093069203177,-2.9296526044004505,0.8577057089365636,-1.0419438280066482
-0.7986953570869681,2.1769386918683997,-1.6217476294614355,-5.395662628678887,2.857917982418014,-1.2547816898865927,-0.009888094570454031,-2.9291211030063398,-2.7628754079182625,-1.810309624792902,-5.390828240100645,-1.1905764637780396,2.4503275788145786,-1.0889976592588642,-0.3785433847764458,-0.7606874548094434,0.6787044757793167,-0.977420416113779,-0.9852223559723966,-2.870564895570024
-0.026297780009191807,-2.182646058118207,-0.12685594794963628,11.84055694558635,0.062587376661984,-3.177953341729215,3.0625472104811795,0.681307313302593,-6.633167836287263,4.7825433651633915,1.1091438096784239,-2.5475108469744434,0.09472156006015886,-1.4103104331332663,8.316266795770316,2.8656596449950653,-1.977244172605059,-1.5187514966604747,-2.7274620956809383,-1.1223151297914145
-1.6092752628678166,-3.1306314311729952,-1.1399380464170554,10.282856756640223,-3.615014285525591,-1.528345340730029,3.9990192876520343,0.20242486615113653,-2.0975595734332617,6.234343530998953,5.5659934541420695,-0.41536656675427286,-6.467857101212616,0.3317684269791961,4.212825485508302,0.20479071746784494,-1.6264156348389878,1.0667688975217577,0.36936860190543763,-3.5702460172418435
-3.46947835278052,1.2552693455173172,-1.2026088738747134,-2.0498444779689535,2.077491514601944,-1.4546538776974531,1.9048811636854353,-1.418337320230113,-0.2533776778699294,-2.012026601827901,-1.5715136633518623,0.7330960835135883,0.4953399236491766,-1.1036952835205358,-1.367516011395933,0.41511154424759067,-1.1921654545263816,1.3662674990775963,0.8450019913376636,-2.078412840186947
-1.1502965478937088,-0.6272035842427777,-0.7541674267339777,12.928733090722734,1.2594345491331398,-3.309273013743416,5.071168051312097,-2.990404967385532,-9.312518766092108,5.349490603030486,0.867191642172058,-1.980961461085179,1.3881218227390881,-2.633619196918535,7.864224680606175,0.5514743238849318,-1.8008626835466361,-2.92214977223054,-4.734088084336173,-2.7563204933219265
0.4008455680031623,-3.0351623899027196,0.5936447103473388,0.23626452570775008,1.9170288340127697,-2.996217986385265,0.22643857241129023,0.024037131504011156,-1.4186714754955025,-1.616874826609429,-1.8714473258178157,-1.271378892765623,0.15953981575730136,-1.6394692250014742,-2.868239134011051,0.9329552468737041,1.7394708641577243,-1.6208757977519834,-0.47739835102763917,2.500230295997981
0.2779856008874215,-4.802486961280967,1.1981079861102744,25.120539756549032,-7.784849136296851,-2.0738553324223887,4.719488825268708,1.421585748232944,-7.848947778943822,12.968839484188477,9.465399055483436,-0.43477021288078327,-11.162892356876911,-0.0824393976742844,14.652671000117044,0.6038387826442806,-2.058375618581436,-2.8391574423546295,1.1719403890414142,-0.9595558045341956
5.781899114628622,-3.2025829167208246,2.854561738884731,6.243743060160776,-4.8610639567937035,2.4556655242525878,-3.464618467101524,1.3853532242489444,-1.7510836454578518,4.130667085807245,5.167724707886656,0.47073752202767316,0.06763754262358135,2.243285140620907,0.8642442184567642,1.2768659136306622,2.6649577447917054,0.26232297089221346,-0.800715096077748,4.644147677076193
1.7183262526848821,0.4732694748433779,0.29042456231537117,-9.811650746716422,-0.0544765695772578,0.40249975531321547,-3.6559119649081215,0.9473479006586634,3.33742337157166,-5.213171134506377,0.9313404997649941,-0.340740328288963,0.7831331164444655,1.4186591223679361,-9.163387999843938,0.0720962297044668,2.999081460228802,-0.21941681559763027,-1.6539968626932637,3.991697814493153
-0.9083804743795496,1.8368121392824592,0.3626258403132059,-3.7669930520733255,2.4216876285478217,0.6168765941580109,1.4181111282544436,-0.9588663502049712,4.964167301096904,-0.21227109265799332,-2.954408929570645,0.3417196586970708,4.517519932362288,0.402040089668098,-0.6488327122283424,0.9229022356417822,-3.5142471779174453,1.0806726252806458,0.4697652092896257,-3.6036189285352043
-4.217611144989264,-0.8156915016963356,-1.8039474194855787,13.600701304763028,0.36899489940062663,-3.874244588967631,6.527747408479378,-0.4893607314360626,-6.228002361959017,3.330827648868723,0.8573686988612089,-0.5108195762808428,-3.0388801173690916,-1.7347038194089257,14.282977145371513,-0.9671628793599204,-2.1346912790637758,-2.733308816151509,-1.534598424793818,-2.5165377498447437
3.5230869431845075,-0.5186649963821611,2.3319414864590406,-3.4380919656431885,-1.8407400286447482,3.9188122342791862,-4.929599046179806,1.0393190599416757,5.168557633780538,0.6544708150815299,1.2520623083807636,0.16575322959866184,0.903877636510728,1.0597587040943945,-5.396293910996113,0.5270759520924261,1.7517874438192163,1.0944807353783064,1.060975100917581,3.0417699604469868
1.902284370891656,-0.053640002756290994,2.027563978498409,2.2745749787269887,-2.747812153106999,2.4287614978130083,-1.6091214842362578,0.7145548100628014,-0.6602947939072161,2.7940989850900206,1.1721085167117549,-1.7876720742116556,-0.06284077973413338,0.25919078180254385,2.1936551047649573,1.7975241794676287,-1.154019231523375,1.32463700190049,-0.762925391335537,0.5936311821759588
3.1423790349439176,-2.4719693921668853,1.7670038826413073,5.398414505920079,-2.6787758769111645,2.7417700977435318,-2.0297565693197814,3.8144436048248203,6.373150096447121,4.135734593483501,3.9876601946600227,1.0875352915744916,0.9629654192194637,0.1149336519468881,-3.254501067376957,2.155749122842436,-0.5121553230196652,1.9021714265137981,0.13833324960751475,0.5036022964295632
4.366882080087834,0.94222382750536,4.513274393713278,-15.416703335230041,-4.762333530776999,2.8896647443992225,-9.62657805532784,4.899302620423006,9.664489206801733,-6.9695967530504745,4.744382561148251,1.615821796522864,1.3159678316694219,4.350202496258653,-15.791195895834404,1.0632348320614597,3.6460979320436353,3.1464795254982607,2.825929183769417,7.880078020617281
-0.20035847205020385,1.2912078698702707,-0.059689049970595764,-2.1866608572116233,-0.39166266517393056,-0.6907842365167005,0.4170929374374815,-1.368530919815398,-1.9760330341322274,-0.5356844362415996,-0.7935504931122688,-0.3400981479520276,1.857769771576815,-1.1023629059307458,-1.7239946121420227,0.3196356028306004,0.6037219221911667,0.4405096519674542,-1.8222308622915482,-0.11837823989861038
3.2274728689318444,1.0846455445382885,3.127139595997265,-13.688974966124192,-2.281984595751071,3.735177531265738,-7.981132766537911,3.5646758877089524,10.262684145396648,-0.5439718890187419,2.615394815375323,0.9339389655718936,3.0240466324996094,3.0080351306045188,-13.255618801169655,-0.3318341162524414,0.22789193711715383,3.266626434100243,3.641865981043484,1.995943253287936
2.704935538828461,-3.9601049510622834,0.8014562468300382,13.02736903957925,-4.684686376214014,-0.18983678281967342,-0.1368610361486507,1.392393249203641,-5.873158360693752,9.045808681211673,7.025921506737544,-1.157162301955722,-4.406630709587731,0.6400500881452652,5.892715526356683,1.9496053765583112,0.07860298112088415,-1.2245017175852044,-0.7668483945543356,1.567813084772554
3.8745348671924567,0.4739030665753883,4.148466029905881,-11.86071413834238,-1.2527970794310552,2.6113569137656096,-8.333849038493216,3.449568964745254,3.5901952760667255,-5.2314466336467405,0.38852841795088944,-0.5752897542198036,3.8072970999275952,1.2054982236635712,-11.569586073311173,3.669471906145762,2.8699735992660917,2.7903040109689483,-0.16635549848559755,5.944640025239888
-0.44039083539971413,0.885145160397979,0.7729686557481014,-0.7763488421752921,0.3436160532243527,2.5549113901348743,2.7711048618532805,0.5119285495808387,4.697037183320882,1.2582046375529918,-0.6269973058046996,-0.6513489384505442,0.6810571173023244,0.8843996334104516,-1.3429833751175668,1.506762420724836,-1.9104004521575138,2.43815890702843,-1.0346726648840625,-1.4604076686856802
1.9221176680686447,-0.1956891336813269,0.765733845610272,-10.156398195195612,0.8851121349368756,3.312177276587632,-6.277822529460721,2.30364535697783,5.955416039488467,-1.7147243447953144,0.1902731777761126,0.6524313780208529,4.226986219232666,1.3904640162816817,-6.511002662739415,0.0164128138572473,0.8794996886587652,0.14742901803066444,1.2333208901792456,2.1600757653761646
0.4477339617194416,-2.0729831604644273,1.7160033855582844,6.20914094749609,-3.46969801487263,1.2274786969244498,1.2908147951636617,3.3939606224823016,2.3213960277397776,0.2159473082508091,4.310890815929292,0.3859568983527315,-3.6359476778348125,1.7783737489010139,3.374296785898189,0.9186634887915182,-0.002524239755581137,0.2389059036745339,0.7506275585396871,5.078005098223643
2.445801692199688,-1.610005180439269,1.2386059137146037,-0.8266345354117306,-0.9292181271746713,2.334434596242555,-3.1455428418486995,1.155043138937214,2.150164338994313,-2.4732977223917576,2.561858119479268,0.918585629109053,-0.6451547619871025,0.5707107083664819,-4.480465796949582,1.58578321591268,0.48328693301975423,-1.0881387084405798,1.267392050083171,3.042653769913835
0.39131084716965336,-0.753704936087002,-0.3127590008364944,5.718548769042723,-0.3404981622177846,0.10179724319217875,1.204548298452981,1.1327302842131135,-2.9955127826485946,-0.5125649405394546,0.5393911566909116,0.41437504601190156,-2.287942906640368,-0.7926708968237811,2.400661537054054,0.5839636615909134,2.0001851441717102,-1.8697570438830167,-1.8487879222308643,4.101278918964623
2.5604941164634183,-2.204094535806142,3.0676896546554966,-3.2276471443655392,-2.9934853277556956,2.8920164855735133,-1.8188112815482051,3.412029550069323,9.93945340854273,0.917634824102306,4.9741768685619645,1.3348739377255945,-1.832886241197501,3.774137526868502,-3.2683674642687803,2.27375611303699,-1.3302234913848034,1.7421944516493166,2.5841527849883335,0.535724778922926
-1.0098491473958648,-1.1160522628671414,-1.0179699469063204,-1.7449361926135274,-0.19834449903136628,-2.1265136723973947,-1.9903982559828866,0.1713413760475886,-1.5483047738094018,-0.08506460777195535,-0.41280482421093345,0.2649468133981939,-0.44149198178432275,0.261181188193769,1.3959356843449893,1.1082245094145136,-0.1659260092632019,-1.0686433115513596,2.2833561212590667,-0.47180579275533946
0.5513322482719692,-1.0661071015583259,0.7304775385007969,-7.898653842035575,1.5042013837376023,1.1810636198479267,-4.278431710257857,1.1994307081225197,9.136893234305342,-0.42474973187130544,3.6058496988532935,0.43466491128051765,2.671388109282095,1.193185184585213,-11.984957780050886,0.29811247974704924,0.4915252470257362,-0.7919412706136569,4.046146379743501,0.9069871491789571
0.9717447245642221,-4.426134286827558,0.37360753971825755,12.076574345651741,-3.0350578041901017,-1.2150672210263638,1.1578077829954259,2.381145703609117,-3.988082348156958,6.222549406197543,5.7269296353755,-2.187254302516791,-3.451250913817499,0.28246895431251073,5.196394815326621,1.4682190487091415,0.7472976565065627,-1.8033281223808442,1.325720532326794,3.177126771787467
0.29718963710272206,-0.6549752646971756,0.0918219588900484,9.096780350606787,-0.894454304647993,-1.451090737642277,-0.3178413278954183,-1.5232294780306728,-6.897564057500648,3.521684548431744,-0.822234527481878,-1.4969897002828016,0.19271255560648384,-1.3589413215847446,6.443406033305261,0.7835815062861586,0.7382581784249466,-1.5570770755849928,-2.18987846566428,0.08585792480893528
-1.6983502455961812,1.8145722057101619,-0.597435194813991,-2.1541394671092955,0.520827968197024,-2.0468792071050044,-0.5318096552056031,-0.3780690087113082,-2.8314044619647087,-4.809374582836191,-2.9995181694490425,2.042167269371747,-2.196954794405933,-0.998767208667733,3.481033840935843,-0.8026994622056756,1.9044429748592182,-1.294336377017124,1.8352892836153594,1.7239393106803789
0.07316798347031134,1.5424021882939127,-0.3330483467122102,-13.88320084135826,2.6437133880368036,2.230816579951625,-3.91323161957535,0.12343630455951504,7.968632714443929,-7.481247881341343,-3.3080333701422306,2.489401817915679,4.457033193877299,-0.045937838292775535,-10.9908423483282,2.2453772967526926,1.1360172526037102,1.5352805213284295,0.8614225075624159,2.6165494291928204
1.8572288123839664,-0.19007874604863212,1.0412578333957598,-12.99368659069837,-0.4877304846280021,0.5028244191498392,-6.64348214633335,1.9973847703287038,5.0291826574030205,-3.896993085780832,0.1975125236833184,0.4891238165597949,1.318318017603196,1.4148537810424293,-14.258238456490078,0.947505595261692,3.7254759761867735,1.3608872544737718,2.3026062904047953,3.6745103432287447
-2.0434696993885337,-0.9478078580951277,-1.2816732864192255,12.173298463465587,-2.02154507703976,-3.0168224169886786,5.462805431348838,-1.0205431303663306,-8.521369300537545,3.059645892250684,0.3981481658086442,-1.7005126163332223,-4.989394543181575,-2.7283015143800307,10.961000780688627,-1.1116042679867841,-0.9506033802217413,-2.7175268597199516,-2.0344983916223085,-1.7188735915327538
0.5312366524891371,-0.7850211197184478,0.8455215729699694,-4.000519999293857,-1.7302990954475121,0.7333298141472587,-0.025129018142259207,-0.18277779287629808,3.5727216894562552,3.8605766287886683,2.6365819119045684,-1.0685891524325308,0.8388050476467165,0.2641644771809539,-5.93778291744394,-1.3976880427852054,-1.4167972835002,2.7238991612223136,1.3179150005219,-3.8789528514264147
-1.0957127086688156,-0.788484434700816,-0.7797400722729169,4.84128648704351,-0.16198037461625517,-3.5968384201462875,5.6759946993566945,-0.5804112974281324,-0.9817665023315243,1.2022899449094386,2.8366998893830337,-1.0419637647084072,-7.108756312478458,-0.10718344646953037,2.1402284948894827,-1.427514086435398,-1.393611857481354,-0.24590905825976628,-1.4629481527638681,-1.7993602262640813
-0.42067768008550444,-0.41536053157510067,-1.1424425217889183,0.6778723330524873,0.7635241685527884,0.30055600503978774,3.441726013329138,-1.2588693094157752,1.9100477908423081,3.468258459055381,2.2815864430971575,-1.258424900109006,0.26280170307867123,-0.041008354133534874,-2.2159694519766973,0.2214823958690063,-2.290919489962653,0.7162380987607907,0.043526157744417815,-4.074861397586801
-0.28007798678943296,-0.7504489443870788,1.1765591764918244,0.5859229496731546,-0.853949357797525,-0.45118259811095596,1.4984787277349052,3.148582991116285,5.1715860176167014,-0.8814784073959911,1.2689720004507041,0.7901209571058759,-2.4297643325014944,0.8552595242269119,1.0118693643066805,1.456584332211976,-1.257794465913892,1.3662974175240656,1.6781223995076644,0.24957831797793356
2.9630891764949534,2.9616113690916657,1.720615437411801,-13.7839075597057,1.4428003511372898,3.563364098678771,-6.079094863090211,1.692829930535426,7.588204763978647,-7.802661958898856,-4.67962003810232,1.1558612074296253,5.014681069541613,0.9924965121742277,-6.468820865129788,-0.3090331432457115,1.0198452748141151,1.1740838141066499,-0.6122743219541631,4.770927045212023
5.500006203406851,-3.65841120669302,3.8945662431289993,2.945685012970445,-2.9900195458039245,1.605309030918956,-5.495241233439751,4.509564450866602,3.1633047556583485,1.7264105355835297,4.7756390771087345,0.22372779745423438,-1.4926809086566515,2.6124063422673762,-2.210266295745215,0.4676173912304624,0.7712642547828272,0.8713147805370764,1.1333416645644654,6.192790756408175
-1.3647928942947178,2.6412636261380134,-1.937430924741827,-0.8439427349203057,1.2140861317520746,0.17706284646404025,1.997918051681932,-2.7798391232694803,-1.585000016778159,-1.6995176641809817,-2.556937361170621,1.0541951472708073,2.6401986055362254,-0.6580895994878565,-0.6302611034991761,-1.1420489795606235,-0.8133624574985374,1.0136266235933036,-1.128550609281573,-3.7769933362212056
4.455472524267196,-2.794979012298842,3.227584122873935,-10.500921131345317,-3.7127139819786,4.4325159526775115,-6.257669773446549,4.349158967808018,12.11751603097327,1.3238226352326181,4.044316191501448,-0.1158112968924333,-1.5666867358049466,3.310076113700039,-13.944963781657426,0.8019712353443323,1.80350574535518,3.047330676453628,2.9644097226547954,3.277463015231752
-7.1050795077382,-0.6702210526521801,-3.7714661851981512,5.695725625543783,2.917296634799766,-6.177212860817117,11.229315798358899,-4.975736928186224,-5.660694867540041,1.5036113831328368,-0.342342501749632,-2.824247085133765,-5.67192854988631,-3.085441401973806,2.818372868146053,-0.9646246245815459,-1.3358070071050587,1.161117988224753,-2.344460060495849,-8.690945018928682
1.9794298246609978,2.924285307836427,0.187648325314285,-16.225084147110355,1.2714493383797576,6.490728975761911,-5.979343623888941,-1.708825726990477,3.963520675935064,-7.203582628348768,-3.5652072843098415,1.1711742810789785,2.7235668698974425,1.18868426043456,-10.80387919209509,1.1957758268445395,2.7776119088866893,0.698319484132292,0.39244674193824136,1.2088364736163735
-0.5659594602032865,-0.656864517699549,-1.6364524501117574,10.164237360353923,-0.2601914381141682,-2.735004426867766,1.1928826360860774,-1.8758455008367512,-11.891124965246169,1.89989227162267,-2.1585344177543164,-1.1276554506242753,-0.11528916528188238,-2.6214831042932256,13.318819247478286,-1.7254985348614764,0.4922813921483944,-3.385287800448563,-2.3149704777312654,3.1493481217964105
5.424273616041297,0.4249670858127097,1.7417717528962258,-13.076878073560778,-1.7779426691427442,5.742853435668586,-11.423344209428931,2.479265338857141,1.6706128812575405,-6.912566437532256,-0.35797545608653375,2.5772522009949084,1.8523879778666172,0.7481727519126771,-6.896483000765351,1.2813274632560403,4.337948645796158,0.3507943088845412,1.0399909494008783,7.9090065343020655
-2.6716889964390473,3.129467964533128,-2.5843295301529174,-3.7102167019776786,4.324144239850481,-0.7409637567687417,3.388489344070934,-3.258681647047285,-1.748544150454555,-1.0677091563748378,-3.1773865267688266,-0.5505416765795256,2.9456030295515427,-2.228423619972782,-1.6302440352839151,-1.6504681479045247,-0.6521705810283077,0.9612980638723501,-1.1634325772603793,-4.839041151199029
0.43315506873756693,-0.770912327338146,-1.976983255979356,8.903759139983569,-0.21194938268792574,-1.241454829327779,1.167291416922807,-1.9786546076830607,-8.125887938399448,5.584743308738565,-0.7966735774360549,-0.7884763798828319,2.2790029824292244,-1.8671951350107219,7.73718879311546,-0.11723611830544045,-0.460171381537275,-2.108970819750479,-3.8687571085925185,-1.4329462638756774
1.9406508831147034,-2.433721711662548,0.2088087757525689,-2.287362468429415,1.2317931518218526,0.7773671263203006,-0.4193645148158509,1.9689534288060184,2.1331731055792678,-1.1795555921447627,1.9116925697012717,-0.37406056457302084,-2.0350723307441303,-0.26757475279981424,-7.032443303677397,0.8858120486665683,1.9030182888144664,0.28258180005220346,0.1413292437797869,0.6871904823847599
-2.014461501168542,1.218978813090947,-0.9264738095325913,-2.4963328542966616,3.373515771870812,-1.622054430333086,4.301615604822819,-1.9844361760266027,-1.3837932593587787,-3.6483797789356904,-2.0736462255296653,0.03639639025248786,3.2428275984670654,-1.5605076708385914,-0.9681604542414619,0.34406671838344455,-1.1640327143466798,-1.5711864467073204,-2.2009707379974826,-1.8305090082435425
2.6607997221183153,-0.24894364758269028,1.868017944155734,-10.901148708039448,-2.5396961857284444,2.1638806554343724,-9.391086053024274,2.035831830278903,5.55776681509444,-3.234031742821191,1.8225896607214471,0.9570537477378327,1.544923943487548,2.0957090372614497,-9.787299276316178,0.020484236622620555,2.9389656462619,1.410508532122484,4.01781272399217,5.501990297863767
0.7022206264646493,2.5031235977811295,1.2110267830106642,-10.310258311992769,2.4483771655834894,1.6618970389230334,-3.8586457102869414,1.1072088881464492,7.401996416701966,-6.078412848480069,-2.1592069583350244,3.5033449195495217,5.887159246660416,1.2560172049273954,-6.225266713155785,-0.06773133371367623,0.34289042274717585,2.735484588834536,1.2675577533299354,0.6318897317648831
-0.7816085438956657,0.9155884540121741,0.48882931589213363,-0.7969751052048746,-0.35482693374422036,0.019449245921797642,1.4669196371677762,1.4937701684822071,3.5004328276401573,-0.14912282713608316,-0.2934464714631309,0.6541385491760693,-2.0433953697011065,0.11542455982834887,0.8424410832494017,0.06892952183707732,-1.7255653985608541,0.767488017402195,2.4435884519096573,-1.414681235042424
-3.781360667629115,4.848279919205166,-2.579051080834119,-4.8346769664248574,2.477338053167045,-2.2227615031213888,-0.09367809538143301,-3.243266514976044,-4.994536598316025,-6.1225787640434985,-3.90986545312656,0.09237731482417094,2.5855916167303405,-2.2808959877848483,1.6002554949357881,0.5999865144323566,-0.5318468167366396,-0.9013451493422229,1.1502990692930515,-2.5366963183509403
1.736405947607715,-0.967397304014523,1.6266429045953297,1.7283410612665484,-0.07438006227234073,3.264799567922584,0.7827668906138763,0.16466282641455177,3.5810438510615263,1.6238463241673158,-0.7293589551440463,0.9779482902897713,0.978148957661375,-0.6738651015377721,0.24257426270472116,2.1341106316735416,-0.8959599701251357,1.1841574398498524,-1.0090809760142767,0.324093442592274
2.883951127798396,1.3655555342344863,2.8292943297196347,-5.552446800999698,-1.8165703374664157,1.9156762727903638,-7.87035232391422,2.5115125792052293,0.49962121559886974,-4.948238723086046,-0.3744037348799417,2.720330790009567,3.726831210017969,1.0736233891234317,-2.1809610940907693,1.5089871984225698,1.3795501032582758,2.5465628579954362,-0.9645933164197462,3.9511145134183976
4.073430696476349,-1.539772191203335,2.8518556526866257,-7.809538064914829,-1.577931794931791,1.152930291192791,-7.783034698078996,2.5910969583999246,5.224549149660952,-4.994272278754211,-0.3945856467690323,-0.06282872924835664,3.998803855936048,2.2763370000847996,-4.380920398575625,0.6076009435884906,1.836094877813613,0.6422357775482787,-0.11006477159150507,7.320051257835104
1.2717943862809036,0.6250978086788594,3.7889171936236545,-9.178214854043544,-0.20740233954356113,2.4461390981719755,-4.073331167312807,2.1130674085949863,9.392168516886398,-5.722667618353582,-2.8070665457523383,0.8423959283093523,2.9588550817349515,2.481470367968841,-5.611045699219153,2.652816608313725,-0.06349400513681744,2.5937491489092444,1.7383732731109143,2.1012853833195164
4.424624904155973,0.6083139034220816,2.0303340853610985,-11.51879034086921,-0.4150137769686756,6.41118740996283,-8.572281465640286,0.23117604193904784,4.117625255056097,-4.342373660481378,-3.75686701239393,-0.14912255598413834,7.159446490278322,0.7219971433200416,-7.540649470523495,1.5348690415573496,1.9265149632103318,0.374547350512389,0.8618719589705077,5.0915360912794
4.287605266935946,-3.707666220099452,1.7819836177626627,5.018214016210565,-5.302369400981417,2.124250761752986,-3.6610968381445215,3.520207908711189,2.9013668283056324,6.252199934985075,6.028511161080905,0.3400751282471654,-2.5420480732760193,2.4449116761758964,0.03325541316717456,-0.15307062373655145,-0.22680741711208707,0.3763263539721875,1.4516807409074433,3.2816421245453657
-1.214211438824111,2.3711480982043,1.356291048020039,-9.108725338032215,1.2419750209732587,0.32845725827268757,-2.907152347064165,-0.1460005163051704,2.458894282022748,-8.395512534518117,-5.348412411629077,1.6694058630665158,2.5910176671101506,-0.13758368841161706,-4.280803825681279,0.10285956861951495,1.343739124972339,0.9417903118888851,2.7790195021214896,1.8398978847713172
-2.6389403456147558,3.6944991756163983,-1.5974209001431212,-1.9147725443283239,4.813898631407825,-0.2730471387087292,2.4437643567503686,-3.797370358330645,-2.599792236376598,-6.041666646848842,-4.70687689522062,0.8465519220277883,2.9332897397935276,-1.0566129913425228,1.5800627208547993,-1.5695135498463308,-0.023028650232269188,-1.3614429334662719,-1.5953387699503716,-0.5613500997699625
-0.8104231678586202,1.1393805487080932,-0.07762516416513221,-8.772963420053513,3.5279598024342445,1.0241658217003304,-1.1782377382362499,-0.30849811601047494,3.072166824155303,-3.9949835832673593,-1.6806903330050336,-0.21957513121986252,0.6377994846844883,1.5958251798542271,-5.8316996353813595,1.0501980544341822,1.0657740820973065,2.017041079770843,-0.1601014362156561,-1.6873667063665603
-0.4743600415553926,-2.048555047457893,-0.7994047620575617,13.38681190322253,-2.5882144707937966,0.18771378321854448,3.5729618528813063,1.4839564601035435,-1.9924631303955518,14.481434900997254,5.241724400729385,-0.06259592236104083,-3.899725188589124,1.2690973546471616,8.803098345531877,-2.1470715291665767,-2.768356076724837,-1.0949704366686288,1.3410579646214926,-5.8193267970521685
0.07059886805330007,-1.1564781182267851,-1.8260351225377442,3.062317741054674,0.9000480065487002,0.9516741889011022,6.277035015095464,-0.50488593734216,3.3468232339902366,4.9045211349796105,0.19172638442634837,-3.064421566220942,-4.0369735809028535,-0.11762649662573876,-0.8232013174991646,-0.3750735978007844,-2.9573855602047967,1.14303846369002,-2.515408384087126,-5.310981414219113
-3.8029070769039746,-3.0984077760757383,-1.9065444714100206,16.249533741411433,-1.9157105796637435,-4.350563280544208,4.382091539078031,-1.1880290352286074,-12.166505305182605,4.1616446539912015,1.4657178082997075,-1.9672675713792336,-5.943144099057484,-1.9453764403437406,16.936847340617447,0.07287264940669114,-0.43714808306188946,-4.997277004895146,-0.09107639614811003,-0.07112777652675362
-6.963289562624769,0.3965618918045609,-3.231915882315834,15.979718960858811,1.5084488961241855,-8.181175579049814,12.306035137590209,-3.463440279112368,-11.760869308177373,5.6613252124891735,-0.6409385479888988,-2.06939559393248,-4.874808865526639,-2.5191863658884963,13.167578312057078,-1.2243449068524455,-3.3809684899249524,-1.9541478943120785,-1.58223092442781,-6.724507870962477
4.16362998794024,2.453885956872848,1.6362508253809125,-8.084427271626671,1.522512978584925,2.9495380931089357,-5.98813009928113,1.3320200826948783,5.656168862424689,-2.776350031589314,-2.6496997478162614,0.6763775037840813,8.929516215408944,0.3978934215649797,-5.562663360569429,2.589900142791354,1.8167000229127264,-0.4266202386144859,-3.642333038419444,6.600112694726821
-1.0634150590588949,4.812494694063245,-0.013564653622486489,-12.462584475527057,2.8292368700920223,1.6355695916969393,-3.3856332962127422,-3.0698921842378923,-0.7721557928707461,-12.470448157786292,-9.559115153694727,0.24431347521976995,7.585488015111579,-2.3660867377877635,-3.3968719567340653,1.0648586737015866,1.3745317488299507,1.4417943768506796,-4.2341770824084595,1.4805132805915766
-1.9185079997886911,5.815951444289517,-2.3247590130189533,-12.881383171527464,8.637743200241099,-1.0491680206147125,0.47971723251660414,-5.200998686320599,-0.47430225341032395,-9.707065354859983,-9.748489352502517,0.13326959238167685,9.537470636872726,-2.055468494033729,-4.862321168217054,-0.7164102431864843,-1.2126062446577692,-1.3317032405186127,-3.880674190033169,-2.307617929830066
1.6192606658530038,-0.13527099903212592,1.0159633108118924,-6.160471465622118,-0.09836525437581334,5.329581243873202,-1.944058317582116,1.1483035160189516,7.364678220500558,-1.1904861714949297,-0.9371676098641679,-0.44647990662190506,1.5045025707641675,1.7504236443353585,-2.5308903455241003,-0.9494873604055325,-1.2758116372677775,0.6734847290358859,1.2567677645740742,1.5807613418049646
2.676871976335801,0.6814953804443933,0.045893315056652895,-3.8252495876473067,1.2448308936978147,2.3698778281800745,-4.139993535340548,-1.3526061659806734,-1.9965336664462858,-1.736738968539307,0.5926774060833575,0.07846715419012075,4.179773662108737,0.5305065245288425,-4.155238897626597,-1.6602012017015524,3.0840628247426203,-0.4613272593659181,-2.8859145443327208,2.384180407950877
1.099821625087265,-1.7797226406046611,-0.37936582227223126,-2.596719214144138,-0.13492245558352534,2.554434015320814,-2.5328972889779964,0.750794903602806,1.4828356694004245,-1.463301855169021,0.6557817956352932,-0.4004289165133513,-0.008237549427815238,0.8935656093801824,-4.6576567645322156,1.348473191925284,3.1818330616343,0.5325222746509879,-1.2161857189167398,2.578935708386225
-2.5321154406088873,4.438190998119081,-2.601231137988572,-13.707642006927568,6.0495377244276245,1.2995185669733866,1.6280717165953869,-2.6107949536857378,4.134326960906497,-9.006798186215883,-6.70633956381685,-1.1122789727058282,3.0810390001114705,-0.15960519969542836,-7.158460133489195,-3.1747981153475635,-0.8039962064604116,0.8697176162447314,-1.6460298032763125,-2.403901168556663
0.47100526217661676,0.6792128828805175,-1.5709472810975642,3.4397137876566912,1.372219334206894,0.7316835896297276,1.830181805758373,-1.5084944992202862,-6.623827571038735,-3.553037656884024,-1.4596047543838997,-0.8307010492277626,-1.509334595727142,-2.803524495084849,5.305234495372552,1.050386511282902,2.9610521950885205,-1.4978921745747944,-4.937441553247795,1.7997868046481593
0.32711538244636507,-0.2515639711494767,-0.49138086579979445,-0.6271773505092368,-0.34085134668131667,-0.2790016368666196,-1.160215081404831,1.7310456079706225,2.146137339595702,1.4001160301311968,1.2693802446417526,0.3586254041111421,-2.570484724256658,-0.48615145693918205,-0.2592599937433291,-0.6409666028896293,-0.17194588120925108,-0.13003098625927553,2.4669405624147576,0.3405032454416578
-3.145644734914324,1.3098324391908711,-2.429524215956918,5.115335390728932,2.8573397454343423,-2.4067310961886266,8.371020681400562,-4.6064405949140355,-4.971343507406512,0.15818338031255236,-4.871342757327495,-2.680723487867313,0.2572304412941452,-3.3136774333408896,4.168304595210868,-1.5950425931562187,-1.795127987445969,0.28304173517808495,-4.58327070063342,-5.436618730589748
5.102999545371553,-1.6367400781063208,3.582630215659904,-0.4998021652114213,-3.066725538433369,2.646904882706332,-3.5928699908309296,2.5142881821712066,6.0582239266533,-1.2789850685755737,0.375480170390164,0.4965757241669217,1.2326020100151602,1.5625704359943573,-4.82754257503955,0.8935545742430114,1.3087787252756757,1.0003565055337658,-1.269629638572765,4.077155839723122
-0.6720840389335209,0.12087507859790703,0.15714346092179982,-1.1868262074588536,-0.5052014426014132,-0.3283975848197628,1.1630001558932808,-1.0140769245042742,-0.9987029580429985,-2.512997241169895,1.0916934910494098,-0.9503138491925579,-0.5486403759822907,-0.48481640981463003,-2.388496442150271,0.39867779367382344,1.2754726171196684,0.579946812501085,-1.9070199538837436,-0.059559111498403094
-6.677059887931025,3.9426848725396906,-3.0813237771115296,-0.4097252818683358,7.90431454557958,-5.20098001566225,9.500561934232284,-3.5869887682825174,-4.627904401533355,-3.4131915605216196,-9.30372191813441,-1.4855339320107108,3.65289033997381,-3.289262119117459,5.663916673024954,-1.9606410752187688,-4.133309397744589,-1.3317034621277624,-3.648818825411052,-6.9225128035365335
-0.14196746022817708,-0.06548394882566677,-1.1610851897221197,1.6956025412515885,-0.9903406778199212,-1.188162423905338,0.5025245355429375,-0.704286736562437,-3.431266066172215,3.5085453538525524,0.18469953276732026,-0.8457529360234773,-1.5096688529612574,-0.81026099466762,1.1788337536676112,-0.021377957895322486,0.021890674051249837,0.8929985916682276,-0.7803070838080416,-1.7738227786211929
2.2294000021344136,-0.20192420736769168,0.8842175327270019,-7.07307001297491,-1.8148587073762779,0.7936328309859102,-3.77870354300687,0.8249159356407036,0.6729847819577057,-1.1346900879880493,-1.7277781182975547,0.7246001625573302,1.2732598528946202,0.4521699584210527,-2.4934403564851713,0.7498753706097744,0.8533480757962257,-0.2785519766727093,0.8832590616822888,2.472682031276007
-4.005810904238028,-2.299837938414738,-3.152303643081855,15.837380381473574,-0.9924161126427805,-3.0658643374070804,7.632090639710747,-3.5704705737909372,-7.885671676541767,7.7513024055395405,3.2916569016746853,-1.2923708040308615,-4.96005820519222,-2.5418135766176593,8.82504915354685,-0.7152015431285187,-0.6801861316767174,-1.7271265860412672,-2.1523699116378374,-5.456286399934581
0.6765419342602967,-0.980094834753917,-1.1101016466561637,2.3179553937137065,0.7981936824450115,-0.12623465818362006,1.4064236292978745,-0.6999290649187025,-3.8099637566776967,-1.0934283555081061,-1.5051269153201885,0.18533301821208967,-1.9889332242959854,0.7642369176764197,4.5070498578456855,0.43596899051328475,1.5266578390038434,-0.9720675040300165,-2.6059549339584955,0.5283263087381773
-0.7074265851246326,2.609650570552988,-1.5849548297205565,-15.157082554307019,6.48266333446979,-0.4561627229814438,-0.7532561182517725,0.6682794368549316,7.643741124147758,-5.416588974844459,-6.663370860310044,0.5374389259500203,1.9431759863545104,-0.3859314583496724,-8.062280403006213,-0.7072399272390686,0.4464990489755675,1.1491199391697355,1.8355827603498156,-1.9069630792513805
2.572873248508665,-0.8642146404967579,2.083590477821409,0.7411568516736546,-2.113178764271129,0.9691147301587328,-0.923708902041971,0.42476729828366333,3.1787512209204687,1.2087941697143945,2.4805254593844426,-1.7682303258235141,-0.20712758245645962,-0.2998466314485181,-3.918631694849256,0.22899117276405523,0.7233039417748565,0.5624817880389112,-1.1617255316333328,0.5361179460487524
-3.810695850439307,0.08732086104212056,0.057097874324339076,9.058517043645134,-1.1513911366514027,-2.964548273727131,5.463079172604296,-1.3974157871808555,-1.7244361346461532,2.069830046184577,-0.5780918916997119,0.2939981365776888,-2.249177786604033,-0.275069809070261,9.614042791677662,-1.794210700341161,-3.5661588220480525,-0.2093619784671905,0.669985195648722,-2.0644004275468952
0.47155134961520706,-1.6692825324273848,2.168877056385152,5.938366548740571,-3.7584213106710713,-0.6563657101658332,-2.0471257206632414,3.3912415049129603,-0.11326959113828666,2.1368294673418404,1.5820750912834805,-0.20285721861153094,-4.818767210132201,0.26575998601917317,4.680373495650992,0.3980852191880003,-0.4692281282584322,0.293701008268726,2.0191256915947817,4.695235300989199
3.2647920907057575,-2.713511897828456,2.0680496484785396,11.930466752854862,-2.7795918790641867,0.9965814399281906,-0.833842703261359,1.5280426502232132,-0.6598331846469994,5.740939452375125,4.740440523396149,1.586278992291035,-1.6998278680032224,0.8541977772864204,5.040820070674646,0.40678172676870505,-0.4163237625230547,-1.1744215333443155,-0.30663127342316887,1.9544413089952086
3.1457370539119425,-3.0048079975396647,1.560205954073897,8.38528497962127,-4.985973741620212,4.538525218694687,-0.5661386200924532,1.11742526036346,-1.3806529452392056,8.242713286455508,6.113786881171776,-1.9576115152560807,-4.632066522208499,1.0708891607171318,1.5926319902034098,-1.8265214601007234,0.394324123341939,1.6211015142909795,-0.6773049550632328,-0.19359024047773227
2.3708717840941196,-0.5225486386544671,0.5642590200206743,1.736758303892095,-1.9520421531222412,1.907198522126933,-4.407634812026553,-0.37572187618029296,-4.562042658403485,2.5647159563644824,1.23251519229051,-1.5486179009600982,2.4964986390556545,-0.024544270928152367,0.46863235325170294,-0.856475751877332,1.5659395923934594,-2.590268560040276,0.06055288328063235,3.868681399120613
-0.6037440543927675,5.000108345049842,1.2161518152566333,-19.73064791111278,3.1856254753288997,1.8024106155285033,-4.03258540422385,0.19542015481233066,11.960231964625416,-8.277649787199568,-6.174503172878727,1.068129555111512,3.9680084458250633,1.4096814949309007,-11.925479510368392,-0.26601643923624785,-1.1805180828650486,1.7384058896045596,4.145150320611508,-1.4806566124378937
-3.1954696588461085,-1.5361760952157408,-3.552648094893345,-0.1285804566069132,-1.1477564392972315,-3.7286796660675323,3.697405418199512,1.1679162529305687,2.934722016794229,6.852545025997605,1.4410504617141298,-0.7572647209476014,-4.42953015305208,0.6741347174579573,-0.496600577692236,-0.22133826272066703,-1.915235110253825,1.1132018858396329,3.4931553681575833,-7.315827108820277
-1.7617730833458487,2.3057540125256772,-0.7253541028366541,0.5149456009310862,0.9053069436099686,-2.7759750060788475,1.4215859961234592,-2.1739536319088186,-6.635859092468415,0.9029952496757412,-1.5257229238181182,-1.3863639256154368,-0.9832599692737413,-0.6579730954165163,4.082600234510491,-0.2348968328103021,0.36883772916996904,-1.003643759709546,-1.6813347466699176,-2.0056383886808864
3.0827910108153973,2.373123730297474,1.593747792166619,-8.176626483762334,2.5372510965480948,2.7643363308236237,-1.69305143687334,-2.022459038918134,4.629572304388315,-2.1082545660718393,-2.1704634289056726,1.8157672185339482,5.262043432704792,0.9577466134781824,-5.753480857545814,-0.4699549180159359,0.16680865870415063,2.1455354959963437,-2.237752756673362,-1.1748478981396304
-4.700472732430645,2.9481350503682684,-2.845561134700872,12.367325947577356,3.797730130515194,-3.8434020603860595,9.22776424054005,-5.622651807195815,-8.025790917201892,4.368906717605482,-3.5837700035929125,-0.3309754618995928,-0.10263563966428779,-2.7423208849641427,14.046128558670851,-0.023781867323105832,-4.842398673256858,-2.368480765363148,-1.6129101523522715,-7.471684541408929
-3.1841919185217717,0.6010720581856898,-0.9856840862367404,6.156310504139236,0.1880294377368158,-3.2041477294575325,4.768302343770306,-0.6490939335571924,-4.296944355217469,2.3483385321029253,-0.5839204024988022,-1.0900956641260138,-3.470260892896412,-0.14832068209136207,6.700613177459506,-2.3867051906077443,-2.4366496093391223,-0.2115890489471185,-0.12643298744458842,-2.9255761166499195
0.7497946370745556,-0.11411958975741288,1.5889695718680645,-2.4800593503784243,-0.25974086811389496,0.3761102097775192,-0.8735498336289222,0.5293949940972194,1.2307771032161536,-2.5319319048153037,-1.24991730259424,-1.0745530515844928,1.80320628150869,0.478933345165232,1.2161425697513881,0.524209060182793,-0.22649344444513364,0.21581520539543886,-0.9294304143048489,2.459107099101835
-1.676473574460471,1.8837927377705437,-1.4412642010114542,-9.672421555145377,2.151805432076826,-1.0843731259525593,-2.713641663835447,1.3987629637531005,3.6283653945200047,-5.158383209844571,-0.9707940749403609,-0.07865157355205694,3.0022503472039466,0.36398553646848536,-7.390565585288582,0.8134363546438798,0.695144206093776,0.37874025000362255,0.712744704974948,-0.01864381198824422
1.2896811235819738,-0.5837729657210605,2.6708441946633767,-2.6320282894751346,-2.4595244360035124,0.660098758766059,-3.3625049539038523,1.5619438587299344,3.1583465958472425,0.2129290788977367,0.6437363751471226,0.498152601571645,-0.9223178968340794,1.1983275065175338,0.060437233074543295,-0.477692556023245,-0.9589785594705071,0.7323817429032009,3.1156014594305814,1.3676553103002762
0.781759288290467,2.8132446370481796,0.26820335993488986,-16.316734790842045,3.3921026634056055,3.1787761859905865,-4.903871457090642,-0.27059920422283534,5.381368022084823,-11.165663554058614,-5.237853725161658,-0.5244538778064093,2.666061421963203,0.4184577669092166,-8.365046785060917,2.3411170843987024,2.024706993682797,1.470018630965968,-0.6210670675663313,4.104247620627701
-5.294217715866164,0.42651881633879185,-4.0622623034906855,11.82791059528652,2.521736457022294,-5.678496804875331,9.823679402192544,-3.5578387940814107,-11.80248753867927,6.199521419202112,0.531732107856139,-1.6074361507126704,-2.370239850646423,-2.875505336617903,10.605055952922417,-1.4178287346811094,-2.136583838785962,-2.523627916241451,-2.5767180088746784,-7.061994400100164
-0.1686089867414511,1.6069779187884592,0.44041669570868547,9.356959470036454,-1.0529205407593447,-0.4185655754904196,0.46000234196197143,-1.4558627590037507,-9.19947601076445,1.738345312401976,0.5696241780209803,-1.3951743190437693,1.8069497901702989,-1.2645949513655892,8.563066949682815,-0.31375035859089184,-0.8333760474552445,-1.9797702966308104,-2.9773178541763654,1.701292023834776
0.1542776997647537,-0.40172196394934345,-2.7186599966909513,-7.198225981557393,1.305086592667627,3.749118611989901,0.4574858174862235,-2.6711394578811696,1.3231802730653726,2.2814737775207368,-0.8811798953046328,-1.5557499115066389,-0.4103569536348306,0.2817892182438242,-5.607501847826153,-3.204205140623147,1.1164209301383077,1.2695783918466692,0.43102572991688115,-2.4442427197501972
-4.145013702041284,1.1031118517431655,-3.5462425896271936,0.7192876805407495,3.9122282809867865,-4.897227552436882,4.470447005999407,-3.4477028141030965,-3.8647519550974194,-2.566674997889457,-5.619205833297125,-0.45713887178106444,-2.106830948228967,-3.145671614692775,2.1126524513865403,-0.15256123462675464,-1.7164012864447862,-1.7241972494955937,1.6330678484325187,-5.346065969519989
-0.7123665254633749,-1.4523044300638146,-0.27405411795767387,11.526913886204687,-1.4708107266469925,-4.358068971845158,1.6580651382340104,-0.5631406485830153,-8.672747703731664,3.8589473194873802,0.13483418049746954,0.5028014162095157,-2.7667213357150797,-1.5574638845592768,12.09281049811716,-0.955482489792031,-0.143060157325923,-3.831259095743854,-0.8705071253802156,1.509032580897878
3.111777199114362,-2.8660633016626864,1.3996033945671602,7.20754975103729,-4.036634722796447,2.015066572505349,-2.2213470075385646,4.2177821490623835,-0.4288122352911239,6.57869457766749,7.543500347621933,1.3212918339224808,-1.064044022667252,0.9956462847666503,-1.0673875522505352,-1.0633583620922429,1.4700001071492494,0.13695487425753294,-0.25178082724746087,1.5806309130863185
-1.3542690312435754,1.2349553869537075,-1.3994934157080425,-9.278051033967015,3.476979931649643,2.975289571090472,2.4980004587533053,-1.1513223990185038,7.279672673245823,-2.105191378605994,0.7052288064792971,-0.40100316993389445,0.2753078584295692,-0.16576669168822053,-12.441051252133704,-0.7749320889491398,-0.2218323184221882,2.6165434084716157,0.73132952222088,-4.440252895433064
-4.129973138856625,-0.9470211142045792,-1.675125425789234,18.461645600190415,-2.3517549924293633,-4.298360546416068,8.284101269750034,0.6855883434762078,-5.752915721115417,7.938643301607158,0.22744766794231852,-0.26110372810598,-3.2806861630750515,-0.44822073393722595,19.577409450910327,-1.2921620570627095,-5.358992625475375,-2.0948067326184026,0.651255368763109,-4.1593864091772135
-0.9205859728208174,-1.556656717790542,-1.7242809076832302,12.30695929163813,-0.8673427173237876,-3.026726811125939,2.6361875143711173,1.692712354097136,-3.5924338469351684,3.535206252921762,1.8153793788136956,2.355235707880026,-5.320015882875,-0.43607086166599474,8.68749659351515,0.26674951929041124,-0.4716270147893381,-1.4294885957273955,2.280264238685735,-0.9414301200801161
-1.3290963737581671,4.181660242932245,-0.6735835375914734,-15.980613910538958,4.410196860306027,-0.45481975460075486,-3.612074879141047,-2.640931936520553,3.1101103436482602,-11.033001061627632,-4.751502686989005,1.2971244951223506,5.925403845530798,-0.5809945722652193,-10.110657743189014,-0.03919542617492566,1.1280831925000374,1.1403998742155008,0.5062415705156639,1.085058487789532
4.301121849685967,0.038096509085639885,3.370129385910415,-12.394879702524745,-1.2656247895199753,3.1240191448900547,-8.461852886303474,4.233546183146835,7.167704280173825,-5.964288913963833,-0.7078127648345098,1.3194630497370843,1.5325231612881043,0.8041585040772251,-12.451150802549927,0.6172655272527157,3.936880144877482,3.2805663645229735,1.6816963549510868,6.209276247620764
-0.07815575610983155,-1.0592162308148079,-0.32125619134110495,-0.19567811494761556,0.7593733527962654,1.4139028001827247,0.045891831085285606,-0.5159528005524152,1.014539544112421,0.8579897800206239,0.8338280745309079,-0.6310065358098319,0.6289834661877555,-0.5351865840136703,-4.061912202664957,0.08217599251281762,0.8478136064886743,1.8376695023699063,-1.2146724099282706,-1.2777936062595572
1.5590539298454151,-2.0343059007573343,0.6283011950371673,3.7887818276833656,-2.649733604498634,0.0007608264003403087,-1.6382579282407537,0.9379697678547048,0.1297188257207691,3.8451383259567273,3.3633045284392624,0.24204673587906833,-2.159978849153431,0.16582343714923736,-0.508363248108738,0.09958654606253312,1.9027634461129224,-0.7758890461245261,-0.09838280960523563,3.1793296334490226
-1.2200834211247908,5.03401401676718,-2.3558858214462934,-11.457575954211357,4.390156032478641,-0.9715099657500559,-0.5954684259975165,-3.43676817108644,-0.8981202365978342,-5.000955686710934,-6.393834002061314,0.8214358845490601,6.879687298405537,-2.3551506296318707,-4.099224185842914,-0.565811397766374,-1.0192368548252695,0.29939230719100873,-2.9236944034690104,-3.614956031211231
-1.10402488796176,0.6691096840677121,0.3114346507109593,-4.864706014679123,0.45110328236555597,-0.7891816570507442,0.5263769446161969,0.8168822137831744,1.8151892748177993,-5.642850245191866,-1.590216388344615,1.3569078976605,-1.8532732612205578,1.8255226226291028,-1.258629897945977,2.2285794187518735,0.342053539613723,-0.363408049432171,0.21585587528858952,1.852406506144653
1.6637232570498948,-3.972326518706325,1.975061736400367,11.652809971787995,-3.907752154422115,-1.8064570377727087,-1.32006243220025,2.873846940684394,-2.6887711084989303,4.568347676563199,4.130917174565777,0.913249796193214,-5.267282235757535,0.34667747449548647,5.745705551138959,0.6879545496987742,1.6579261863568506,-1.6464659301383728,2.056213204205181,5.783251424695818
-0.6145542179589837,4.775492161566993,-0.5680862005307631,-15.484232406234991,5.154858844487901,0.8094565941183369,-2.1245638024003286,-2.9673687129624353,2.9009050492228616,-11.06510130431233,-8.001646620457107,1.3405799069752262,5.093924504222285,-0.48649597664638367,-7.420627115755382,-0.8762735243936033,0.34732728857786715,1.1672870806817477,-1.2725837902028059,-1.3715434448572121
-2.604120547906294,-1.1506254913729077,-0.8603981166698432,7.66215999868777,0.6774095782163634,-5.6883154873169985,2.1342184116763363,-1.6521708928385628,-9.525643522600552,-0.4883836338539158,-1.4224653086644796,-0.7956912635932402,0.45621725356896436,-1.8423352458087519,7.3230289102561015,-1.0324332084043653,0.6431487071589219,-2.926872146873203,-1.8664442113682498,1.439031616969441
0.75801090557155,-1.1000308660729459,-0.9540962983239327,-2.37304604125556,2.144305618708228,-0.5539438246662239,0.4346217602237621,-0.6610271643757714,-1.2394345076431394,-0.8110569856744005,-0.2961039443661895,-3.3550298548256885,2.1788737026375715,-1.1495469863936296,-4.607696597471944,-1.1707604925115,1.9714231787977297,-1.681640620156863,-1.4057451826322942,3.4374996443203836
0.7893078380346479,-3.434799423068612,3.511230065064199,7.523043384935745,-5.594594227034146,-0.16110017973163004,-1.2818933030867814,2.1309648238559835,-3.1968793104470326,3.321804462206965,5.361111243891814,-2.1848146364256684,-2.5131808016846504,2.308491598366197,2.1816062483683716,1.3628032604660263,0.8399713362573102,-0.26967494350440546,0.03494749909712924,5.415109876755274
0.6206882643040674,0.864768102143538,0.7010929250665126,0.1679289173515559,1.7621376808394933,0.24503947500654308,0.11882938979614754,2.3456052688534865,2.965050838656065,0.5113711382159551,-2.554705297177244,1.47841797829956,-1.3510314370873195,-0.7935418763959895,2.3191823354376533,-0.32011892437170153,-1.6183903185896251,0.39612064955376713,1.2437805623941092,0.30551689843931995
-3.544471414375606,-0.15307626002160207,-0.05099866277782722,6.3470492693754545,0.05915830329910407,-3.1368863210076072,6.158989949231204,0.46715077199436345,-0.7004229264662574,0.8767256427493018,-0.4262282826950105,0.3619346281861461,-5.074511262475734,0.15305986435472493,6.296598640068713,0.16126338558302444,-2.343356557508498,-0.1423441315920106,1.1629217758439463,-1.3640864987968535
-1.0044612922601357,0.22858106835131076,-0.44961427476035287,0.356210550406182,-0.7108843764205428,0.2483448900837948,1.7354871812695216,1.7872474503044145,3.819537917293633,0.7477951089187065,-1.1862435521196413,-0.9577533491524798,-1.4051291638279946,-0.6475546877739535,-0.012715974323962043,0.17873970898415925,-0.9869528071817842,1.0232115333069582,0.4855850026891549,-1.1840748863483452
5.511724137512551,-1.5100028086935249,4.229299780462981,-10.43507039579573,-3.666354524791917,4.02785456493249,-7.554133384669539,4.822937639724178,7.312724624331757,-2.893989603293183,4.538531845098619,0.8314422158270074,0.5453731942680575,3.1514540255190697,-11.533403134256602,1.6019729089939254,1.4482278304676144,2.877691999274277,0.9131696129738124,6.313660822276189
