X1,X2,X3,X4,X5,X6,X7,X8,X9,X10,X11,X12,X13,X14,X15,X16,X17,X18,X19,X20
24.057237660527456,-0.05643155547075619,25.186661700625407,-5.175036223844742,-52.751209871251106,-42.43893329742076,-7.186928339925397,63.50032918204946,8.78980569770468,-1.1297872367883373,-57.1894554907164,63.42085946240943,1.9280781575499035,25.27655931740692,-15.156798713779441,-3.0175789084472364,2.3169085975464787,-49.904582418166456,-2.1134882520196077,1.4239612529580083
6.392733884107469,1.0244444050872303,20.75141750132184,7.291378843616835,40.03281518214105,8.048238306151454,3.1629996013280435,10.993862917278244,-59.479156802808205,0.31397271946531,61.22219538004666,5.080799189260559,0.3331759603957746,5.236903507095472,-2.2980503515530657,2.9056086624543775,-1.3505200050195685,-2.9551649317298865,0.7829037809418677,-0.5154392977409551
34.51427919561533,1.6353845624994228,65.07995689921822,17.46689892326769,85.85461923446475,8.091043175561998,5.00230329031969,38.95330771217116,-161.4500136413123,-1.2154063132327029,174.26683072006807,65.3250678778141,3.586299315973905,29.53009078005764,-18.745413607862286,10.087999015116328,-3.538392429169813,-41.239444206177744,-0.15083454665919024,3.092823417287853
34.36591831427136,-0.3363920053224034,55.0771624300695,6.059919134045821,4.716344483848374,-31.44309987955153,-4.5307791796052,76.89472709342327,-74.8018497865681,-0.8529699482465102,29.8995867251841,69.81768289177367,3.249494920085014,35.28966771485072,-18.648656407154064,1.076048434991452,-0.21777659229925472,-54.481716339134316,-0.9074278339475703,1.7490136360208224
-15.927856164696518,-0.8304466540276589,-29.319538365669143,-3.180114590268944,-13.853748599335415,9.5781148929223,-0.021151178652804026,-32.562001324067154,46.58933609868229,-0.17053443451449946,-28.951904675597635,-28.986424689307075,-2.1616685786120895,-16.71430398783553,7.6022634521824,-0.9041347846143243,0.010640869001251385,23.000298960360553,-0.02088002042386099,-1.144129477559249
55.96067186885509,0.8406599693267723,105.60404585035701,25.19050250486683,117.66692692054268,-1.0696804849064314,5.290301485790407,84.36440913522932,-240.7778588701517,-1.8136799646671489,226.05770812371955,98.10617908005257,5.868027488477753,51.227221214814456,-29.341209152692144,13.222909151476133,-4.98544974500813,-68.78309582020303,0.03100616222612106,3.146152100680825
22.639807656613463,1.1867317088083282,40.45452458487708,11.221726819900658,41.20723216105664,-0.9324817993625767,3.1012184408485024,36.97413013902219,-90.00495431547492,-0.13170593361452432,84.24174810543845,42.00996460339011,2.497425698559579,18.429852649231094,-11.658730211318554,6.135867335951,-2.5780150924076164,-29.008780035142653,-0.6655214506781035,1.5408677271381153
50.33753517814319,1.419427681585685,99.39004106825904,26.203021494093875,119.47992536006574,5.963367460100229,8.385247567404345,76.6641439816702,-227.17735071821704,-1.17699209327633,219.40805655020293,88.69049981850547,7.009529900827046,46.10195392710008,-24.671330151408753,13.006032001519223,-5.9069480384466395,-59.23183391305864,0.9424492155915039,4.578236866602419
-77.60062790493188,-1.4961846120906566,-136.99584574044144,-31.89762920151568,-133.9069970542393,10.648477631827507,-5.6889681507795204,-118.64150618064957,301.13693550182325,2.347912375898895,-276.1989317568626,-145.80590192706887,-8.946118347873115,-70.87039467174696,41.45043043779777,-16.821094152210716,6.446985344650893,101.11226101567067,0.3286079311746927,-6.393257534328131
14.310469690986166,-0.557633402923525,18.900098660483522,1.7306167607372178,-26.48208619763067,-24.885391334840246,-2.284902774580382,47.49086906167433,2.8298497258156243,0.3830715374838595,-37.787675677160834,35.165523038595985,2.871221020515452,14.73041323033045,-6.4571146310748935,-2.0896203447294317,0.6040023170453326,-26.86835877840277,-0.46566198251438673,0.26560156905707943
-17.825136321287836,-1.0621457148714923,-33.25908794797936,-7.12898991274361,-42.74054288352708,-3.0159111767571662,-1.562673137825521,-19.82807230009215,82.5712713125294,0.06845905679426756,-86.34754488080036,-30.600113376789608,-1.1914029057010804,-15.301990455265537,9.378159589813363,-5.122646028545231,1.5739180127781167,21.06003212477853,0.2768076637616927,-1.8731880568674204
-30.910124491326293,-1.4927087021587473,-59.075887976765785,-18.95279310169409,-89.40574331158822,-12.855007927122385,-7.049778055597992,-34.47447490824211,155.87369679420615,0.7161519008515009,-171.73574366025343,-51.1270383135896,-3.4632960388620337,-23.86692880967183,15.63616044128012,-10.58091746394216,4.1175303329710555,32.30197259379396,-0.5919101480449481,-2.2899422225485284
-6.5366028528696605,0.3795122152750612,-7.681633860094819,3.6702830840577674,39.725705734344416,26.798528640978333,2.8125522369419422,-36.51086791330878,-28.67321913812014,-0.06014292803425772,69.61252753311511,-19.72591503868802,-1.918320378292559,-9.338297965163488,2.1066331854889393,4.421827671963214,-1.6879195543467749,18.36748540700279,0.7236332243633872,0.28645553346785935
12.615849766469218,0.5134871943097975,29.70736803826683,12.798938806576517,77.55435378840187,23.934289912446648,5.520130924380434,-0.6976339184573915,-103.41530083002382,-0.3630444045576181,131.32614980967566,12.424521069624411,1.312863363838326,9.645153695206453,-5.907585746618103,7.527826192681562,-3.4228947021158325,-4.5196623591529175,1.5889041402197568,1.649873603548186
46.942964532595866,-0.6854426669416426,83.77567768587274,11.093835109303024,52.65757332191679,-21.32944886061081,-0.46068507549315385,83.43087492229695,-141.14376983257097,-1.898304367361463,104.41022355167146,80.35302388421299,6.53170093963098,51.96653588131071,-23.18143100233118,4.109041472687055,-1.398811650142768,-63.44992800591109,0.23320035050709165,4.493373543552755
-85.68613637519545,-1.0691619588546248,-151.3796345095561,-35.82545145268881,-151.30197591013797,8.753327919942352,-5.542200643605416,-129.70655174540727,329.2416600489384,3.5409908060439585,-311.72907876395413,-165.8094320652736,-10.271266413810693,-76.34925205237954,45.938577169969264,-18.67544335973073,7.117471096465235,110.12162460332604,-0.848189143833595,-6.3541773871562075
29.04007430356352,0.21991360833883328,57.40653370939528,25.706661180372546,122.81941658589365,28.92891258489417,8.835679653603387,19.907839014409966,-193.98363110421806,-1.710923441371318,227.44886196557525,49.79516578102448,2.7544744730416535,19.298654354893095,-17.370632308388,14.304604744186165,-6.5834858652111015,-23.331515058376308,1.4543576981681838,2.1580011330247104
-5.26078224810408,0.45520756738331675,-6.231293157559596,7.981178176093026,35.25337454201605,21.603966705419978,4.846451128987611,-22.468940952168285,-32.4061232514137,-0.1503135510969597,60.67612654364016,-6.445915527800602,-0.480333505068738,-11.470824005309485,1.7518049955984445,4.891129354170909,-2.664186404016375,13.235262044066257,1.0560448600960395,-0.4132390789935234
-2.9352255250196544,-0.47925754563089723,-8.492428402392779,-3.180458654441,-22.300820396020818,-5.187955954733127,-1.5789663355237562,0.36264204770739283,31.807106862722737,-0.6724579155479009,-37.44464853467739,1.0046428473957598,-0.018920808020167934,-1.936025342057464,1.3154838590405806,-2.1602377326736724,0.3908460148570826,-0.8719803633915791,-0.9997606532503904,-0.2729688366755858
4.930796230030696,-0.47586685833567866,15.137560859333101,5.24012092199583,36.45750517158458,8.933778424953339,1.341375328674903,0.7035193640563663,-50.42179153843757,-0.45269928598026293,56.18842154069748,-0.8437084183985855,0.06412935809831932,6.148567188840335,-1.7503136324642459,2.183072643510464,-1.1994147758227516,-2.108112972272604,0.5096260754454651,0.9523931952517631
87.34712877893072,1.4867704208304928,165.4002530625854,40.25907890706134,183.19503848915596,-2.794724581879242,7.606476739825155,132.248060364235,-375.81599298326273,-2.457552938278556,358.340495908291,155.75589603749674,9.054546242704228,79.99680686766096,-46.252987584444725,20.47780775202294,-6.951030312006013,-107.06601770789018,1.1088602917987371,5.946862067823383
-19.722262421551708,-0.057376840416179214,-12.482713310418786,16.428322799359332,115.30865023237745,65.83020978342384,12.531551635141208,-76.06420824837056,-83.10482214403775,0.9043902688756036,166.40349742147507,-60.419802819402975,-2.6551317773013894,-27.275024308022523,12.439282544787687,9.670197017725812,-5.57065739673517,53.96865493389349,3.1281920708093414,-0.7952340986406369
48.5831766794095,0.7969768678014405,91.71797616856831,21.013276316495972,93.99920755781648,-3.202814443962372,5.662053266336319,77.8597423420244,-194.8215318428401,-1.6072000584142976,181.17238745557393,87.35365708180242,6.281422086133292,45.59840044436689,-25.07526981979094,10.7251483505277,-4.7495046116613455,-60.30908891623455,-0.19424946680912492,3.728041940785353
9.194197897665468,-0.08390674631205038,19.296647222270835,0.5587467731274712,15.626521522794384,-1.3809908698018742,-0.4042619038746831,12.352576558652656,-30.923955079008444,-0.2617310710684865,28.038856618589957,9.559257472488998,1.1447672823198936,12.006061788781578,-4.057191399596149,0.4261002057144615,-0.025967528965081588,-11.040771645152635,-0.4860506433337125,1.469545810637932
-11.055083469108421,-0.7084801100934219,-18.386587783421025,-0.5719998752471733,5.40519083095728,13.318103938326265,1.4705941700230218,-28.271839284448557,19.34839895347435,-0.5395866419855052,0.7805904762354472,-22.256931474105443,-0.6818001458510066,-11.218668883847299,5.910218943806425,0.3103429134031226,-0.5195897459936549,19.04948867339966,0.8645946994127984,-0.06071447593655965
6.136556232036211,1.7963077113273285,22.646085313502866,12.575687634681175,72.67462388072866,21.272959831802883,4.5406887027757925,-7.1128114897843755,-102.00017602002593,0.9947373578091441,128.22039896758284,3.0665008482396225,-1.2305129585410162,-0.6920285979990118,-3.1105606436777093,7.630968235275547,-2.706221241512749,2.430893868029119,0.9015755971937732,-0.03749891344031956
17.567927618082333,0.32769344911711956,35.51937859095579,10.339607169790236,53.79453362817342,7.239755990010911,3.9226738552657037,20.665251772843913,-94.2367612150177,-0.8749063925623035,102.31245532110675,28.20758381460938,0.8408698948082476,14.073807837282809,-9.604569016509412,6.108011503062451,-2.1603904547297437,-18.8786800601702,-0.14258959620870648,0.9619589596572098
-27.756088160533857,-0.20755787527920633,-55.0447417733325,-12.281758109139034,-73.47362491536099,-7.019225398893356,-2.2474871878566165,-32.462324307117896,134.62787271110764,1.2346552141221434,-140.64576961133602,-41.878959580145235,-1.6722559994837753,-26.61450036818064,15.66350724079686,-7.266799624988654,1.9315870048808947,31.756332947663214,0.3925376226186048,-2.0285445785923812
16.346675123736468,1.0140129530717108,28.213591002823563,12.451334385289465,67.96008928943253,20.572880122969636,4.14224877600782,1.0885667784563007,-106.13412060385076,-1.1464835535377331,137.73641563416913,29.597650544168474,1.1093216297116253,8.926680666117564,-10.644285074637711,9.437524953520152,-3.418627647570036,-14.295099654558708,-0.09974177187929346,1.4774978626030488
0.0017793411683337812,-0.31589356814873387,-2.5562507717635037,1.280824146236498,5.401479530699446,4.9204890241979,1.2275951874189093,-3.6158733584599467,-3.4180815312328834,-0.39296795908770255,11.306817658725768,0.12411508052436893,-0.24953257586141442,-3.1846672826719313,-0.6422469298711337,1.281673808026527,-1.0532368059706947,1.618713694493046,-0.22604918018837475,-0.5878687679200285
-37.877912738530114,0.021246110528557908,-75.76684097071251,-21.03636016526964,-94.17337328158733,-4.542574711178864,-7.040811877914431,-59.50657642569423,174.78188060166465,1.4576978853126592,-171.71178668336785,-64.50463330527079,-4.589191094710725,-34.067332644095394,19.007362254830674,-9.327247532922712,3.8669158313699126,43.059011291662095,-1.3337185383415266,-1.6764661393498168
-88.94865216151253,-1.2441076431043772,-151.19484114069095,-31.119173110650614,-119.7583449328516,24.923436014907207,-4.192189352202698,-144.71212444401826,305.82359999880975,3.157687302946599,-267.5590364790928,-176.04668103994712,-10.224514998131939,-82.02914358279743,48.342322137509804,-16.372697638102753,6.169671609282649,120.93289203726307,0.8259012772380018,-6.583857295388355
-48.546045572630035,-1.7132863183199127,-88.45100614819059,-25.487314224687506,-116.30854889968717,-7.733186914101867,-7.029706753611867,-60.14234694836933,226.3887143402951,0.9940751927455914,-231.26352944317597,-87.75719016322539,-5.239530211224434,-40.19233659821921,25.903927508663095,-14.392397688266641,4.922571682619957,57.10487817878389,-0.6535215147415956,-4.122963930532581
-48.103756940355794,-1.30406879781715,-85.6647007664451,-26.6595871238684,-103.34985495336855,-2.4521406635488554,-8.589438309459945,-70.17854056125212,208.98297839849752,1.366659548036134,-208.0109117138292,-98.80985656937713,-6.2956369354578445,-37.64079497051464,26.155761169173555,-13.927876042938625,5.2998846607681065,58.37608517583131,-1.5333038678444824,-3.0916952259169532
-26.621032058239894,-0.10060745254006813,-44.89169629468573,-5.846824298309702,-21.53456987199043,14.896329723301301,1.2838261510618885,-45.208981402222115,80.4369518586043,1.4517322460458115,-56.99902814582757,-56.50681847035263,-3.5242941745256955,-27.881179194719387,15.175126257701926,-3.6824807158734476,0.5440100495204594,40.98842835965277,0.7215512259108289,-2.865439695753158
9.570731241199022,0.8353819770426104,21.793678087451784,10.406207589699283,61.74404835025365,19.96412863003834,2.576315983497395,-3.7062453543620144,-88.99082023477754,-0.6689321632150135,111.82719512522759,12.15696829747688,0.3172861152317943,4.910916691079787,-6.211046306036196,7.726459709058004,-3.0557130714060876,-4.299967357151412,0.0314295175092996,1.2434473445573064
-13.195376223759492,-1.2047215587914666,-11.276630082336371,-0.9838832938225301,16.00873399594631,14.966391362367641,2.2759116656466136,-25.815586967369974,18.10460908032793,-0.3924353156594902,-5.884833599160092,-37.14004530185742,0.04036067967371626,-7.567727472955033,9.96446439775348,-1.959807143686194,-0.07685792185988283,25.32151459431249,1.5996131944224923,0.2730048819219568
16.935307539534165,-0.05409034781924333,29.747030088136107,2.827243670141762,12.941809145878697,-11.330988962289915,-1.028051921409326,29.312267762292844,-44.20417767918386,-0.801764253465176,27.124711792806313,30.37734561927421,3.1268161805064305,20.768818285132316,-7.725998829375918,0.8389883744410379,-0.25911656033183295,-25.23639130009119,-0.058307197896961926,2.8991982237983334
-17.916526047921053,0.48141058983074847,-35.77691945522741,-12.668498094821313,-62.234941606606384,-10.10434236885006,-3.666471786066219,-18.949223694281052,100.72697432060774,1.5170967235906259,-111.4912167501213,-32.03748848640868,-2.296159597493296,-15.516092015540584,9.87261510665597,-6.3322585226346595,3.0799899892800453,17.481633043634172,-1.86111491280003,-1.8130476331048213
-40.00229597063851,-0.7683353148188726,-82.88448943207624,-23.143085629315394,-101.9354293033682,-3.223831176040408,-7.655126172214351,-67.72395033848801,188.50212236215222,0.48409855554082126,-172.40297015344726,-67.83259768795989,-5.7494432070939405,-37.50939406924168,18.24743873636115,-10.296990183969816,5.057817451427343,45.080187450441045,-1.6174074154010494,-2.2557972361176906
-9.870538836888398,-0.12697920915387034,-22.65345140478997,-8.161766733577362,-34.862732894585854,-3.218496055386379,-3.91469168205353,-13.596457801873491,58.156169327435265,-0.506421742108131,-58.82868319484381,-15.341187690603725,-2.2110994030974105,-10.018775233313614,3.896024772958901,-3.1101108135957665,1.0580953371076725,10.259437574574319,-1.36226706620593,-0.6672604490011165
-5.304037230399007,-0.9189457297688879,-6.315260382906629,-3.2889481724260126,-23.068638773055813,-9.845424146333372,-1.7507115525958583,9.086818031680167,33.74383335498959,0.1698262467335982,-52.05096263372606,-8.823263524299264,-0.5495751913396592,-1.884771343022852,3.2159274663687145,-3.832257504535104,1.89316859001541,3.5094506246475707,0.5829343083113969,-1.7711456482722898
41.91116665104417,1.1841684534053312,74.64733121994148,21.4157513991062,86.1225627947152,1.6413234639729013,3.313290233857803,61.755211116353564,-182.73368537101564,-2.371141675472476,178.03700250350042,85.07967122978322,4.132548501064109,33.971824613654945,-24.702179528014597,12.655531463683495,-4.682054039334023,-53.03082462030525,0.0397571523456795,2.155646385103698
50.86947439763068,0.7537652603279832,91.98804987032175,15.922182306413951,56.83390706433545,-25.29260845922767,2.2225503274743366,97.02761936625208,-162.15353995344688,-0.9185264847289064,116.79948701597178,96.23171520854511,6.812360072081411,52.140716924270116,-25.23978233369228,6.098910723552519,-2.268630684928741,-72.49276188009932,-0.45262367006275767,3.734289098077072
7.536892594893169,1.0859554872255301,15.114392483309903,2.78714615199385,20.945600106890236,2.98318808041242,0.16450559105537055,8.463854992566484,-36.05409545864309,0.33606668329362965,37.22997446536076,10.566222210179182,0.6954694439661728,7.391548928230019,-3.38826746281471,1.7489168782722833,-0.3738264522073118,-8.857859042012048,0.12921622833176796,0.947223229188782
-30.327161602509236,-1.4276036593415915,-57.58826787993642,-15.095418789678396,-65.54229614175983,-0.2951134313633339,-4.212847576357979,-48.94139931499373,131.88998424387532,0.2715224251903813,-124.47993309891585,-56.795639459334275,-3.8536806523511418,-26.197547261587996,15.643427096423247,-7.691217772615674,3.610582034420219,37.451498753521236,-0.03235986723553169,-1.7521565718116932
27.41803857926719,-0.13300416276866076,42.50048999549735,8.827304175966034,14.216647281659537,-18.765212035780007,-1.2951548543349134,54.57745890875873,-71.05345295320375,-0.8161752766164168,47.3458210015276,61.8497800164064,3.137067060901421,24.65694761694987,-14.980852065405768,2.8448311986312818,-1.381174478532603,-42.431596851391014,-0.4819623503355191,1.536133811665958
-74.86838385247817,-1.8544203866186555,-132.36438398123175,-30.134320453137832,-131.32070694172432,9.268003423825194,-4.441446290193061,-112.57658096738488,294.3629974475119,1.4973386738910153,-276.3742366119669,-137.67603048252272,-7.306147540969968,-66.88071295065771,40.751168516132005,-16.672271473178416,5.6893498469516945,96.67666947068027,0.4675491276750244,-5.302705658483451
-6.779184391480071,-0.9041453098815126,-3.586106633761183,6.13634501535949,30.021097329729656,17.386046174361393,5.589811497063481,-17.634935492784305,-16.18156688384481,-0.10273026539129193,32.48793910205839,-18.53711832666045,0.5732000157294406,-7.374456317741512,5.344159079020994,2.408704869602352,-2.226002625765772,16.878692556007003,0.9476280011150683,-0.18792148753657406
72.62161775825949,0.739696457085537,136.2197086499687,38.819996503541,177.00269580589134,13.23639623732139,11.902965494257206,94.82690387856742,-333.93386468182297,-3.127738897971712,342.5991724071471,131.58124278198517,8.896905062697224,63.36301339355581,-38.64031567832393,20.86681604921066,-8.81641010173786,-84.6062169791356,1.2986591320582412,6.133972360378722
53.824270866184634,1.5936849862714038,90.38735624106731,16.288914146258275,66.19488510892789,-16.465373916733892,-0.10541092818104925,86.29568144298689,-179.87757496129808,-1.4843526770011342,155.49530256923546,103.99444919321785,5.824444087185406,51.3850876698692,-30.043057944459765,9.1477729937916,-2.86242220358423,-75.26275502819173,-1.3581703697392848,4.5215298805164945
38.748470629204476,1.2535590999622177,63.19328122185767,14.40912495556995,55.82621714777054,-6.033929800401582,2.9805140847574356,55.15885304047225,-137.74662140980018,-1.5741334394895263,131.54097678568553,82.26066579923187,4.666324173981416,33.303059115814825,-22.3123202608265,9.214406033582618,-3.383414641778037,-53.17032645635651,-0.8713634147402661,3.3403221849229827
31.71021141738783,1.3838479551796226,51.75059925592334,8.068583597499591,36.07800988911205,-9.058475324824363,-0.6103788056285709,47.50474775941708,-101.49464612525142,-1.2645312549236776,89.79825351132958,64.2762741152369,2.9941198210632334,29.740275023893584,-18.25413357520552,5.719628430302487,-1.582720231805322,-46.344949209355555,-1.005104675777387,3.0618622688047035
-18.643480861027257,-0.6990485153946705,-30.543779187143908,-6.152076689704937,-24.260653239982165,4.206720632849152,0.4103221656899213,-29.957835791467264,60.90599194393669,0.6212714680888594,-56.50901203056039,-34.284575999895445,-1.479267222350014,-16.59291153266816,10.748044805947588,-3.349196040259555,1.2131850547413177,24.565773105157263,0.3959721217269645,-0.8518266883465027
13.408034226861668,0.31949147113470827,24.966433937823822,7.857665934478489,33.343153928389064,2.47224611828968,3.227461209013882,17.559831169278407,-60.067573647582904,0.18424415955908124,64.26903333591711,22.42453984383431,1.3475006553981483,10.308956618225643,-6.028393866840532,3.5381196253480036,-1.4394428713157634,-14.26954205516953,-0.0709315946499411,0.6333414031908495
33.34045915584705,0.6779248404293321,55.62178855584388,15.662642555273933,72.75426456453631,5.2307163754331505,1.9085348232355805,37.98593095958955,-146.0530150087309,-1.4492350554065163,153.49161779561922,65.34087153057735,2.8289544908240396,26.874276693360365,-19.20888292496955,10.129333073570816,-4.449015927294997,-41.3855850457249,0.009005408310188673,3.4938398340589814
17.775552700257066,0.18292495795855324,23.211233433198444,2.769808506048947,-1.1139856696233634,-14.161236461477733,-3.4210154688240486,34.76666998698815,-35.5530382356551,-0.6830243364383363,24.933070803224226,39.73983818856503,0.41451371413502963,14.00092364508917,-11.551443798237822,1.408168056613183,0.31599506333675315,-28.68736077770524,-1.3808350127793911,0.024672966278674657
85.08748937815521,1.5556936718007017,146.43411073573748,33.17361093537515,123.11895543275241,-20.51504923773209,5.094195229633544,144.36956722126237,-298.69156410276264,-2.614274662640183,260.4539544588893,168.35104564340685,11.129471874153072,76.36872276486497,-45.458526105805085,17.242463631898,-7.311905900521086,-113.81712486405476,0.25722226279298255,6.152264787891673
-39.7653575333594,-0.3782230518176571,-72.0372499277156,-20.429603732239194,-95.27189385388998,-7.962858375048596,-4.307583409742824,-51.45892992309147,180.27274519952803,2.1545595339816153,-188.50034726318566,-73.01853691384522,-3.6032497899523417,-32.16296905000279,21.704465425313604,-11.268373822780921,4.637219282423754,45.920355612364325,-0.4420832543168973,-2.4252848099375734
-18.742235311101556,-0.44752429921917075,-30.352187624809602,-4.037935792636788,-4.070168343671155,15.308416776931661,-0.1901348515522625,-40.01192725004353,42.79491532971506,-0.06521940594470504,-14.172989250866229,-37.86514872332697,-3.298350725754843,-20.1548733174973,9.41633714967146,-1.275439828972839,0.1339742010092445,29.251468699061615,0.631201781503741,-1.5160701938745489
39.74249044196116,0.3524870974749756,68.78139738791906,14.773322889851967,59.34574394186962,-8.361244282924233,2.636516349542519,63.2216775659386,-138.92950426037666,-2.151379963562856,124.85078231942826,82.52467880998802,5.9165292173100354,37.99743655117997,-21.886488988639325,7.662485132267093,-3.0446319114523197,-54.394849481340515,0.6012591157205808,3.9492446711843257
-10.034353764875426,-0.9472434839138189,-16.683982681128718,-3.2725150839950388,-11.41058676833521,3.493902886415346,-0.6894186579884547,-18.590406407933198,36.092935176346614,-0.1327562088393308,-30.07297212386665,-20.831114582212066,-0.5170134507411714,-7.735196217697335,6.41301895362369,-2.4543585215054273,0.005444131936758856,14.217782652617618,0.27463741349845916,0.2591644375795472
-4.0508385176549275,-0.29276039204563076,-4.8630058084245364,4.1228614970564905,22.01820579310011,14.993596613926764,3.367942608052764,-16.81426361046633,-14.932373368329692,-0.411803090642479,34.58583780163509,-6.988480677747148,0.14152341715934233,-6.260790535384337,2.1093333345247918,3.4380984233789804,-1.5817633278580117,11.010707565985008,1.1182733794632638,0.06894203674307109
-38.836337415389785,-1.2506196962361205,-67.82559838823619,-10.360027047575322,-42.387813881513736,18.526990178527686,0.8702836835644875,-71.36827430065846,127.70443147074752,0.06174494336257352,-100.26729462165045,-72.44655730889505,-2.950790750058522,-36.93708367113392,21.338328000478054,-4.89295805652866,1.2726155027865842,55.25646304123418,1.2474190200037911,-2.5142414515781795
36.29949410341158,1.604113957832092,65.70372293970183,14.780228107038813,73.68484018185691,1.0567463200557115,2.7046128427696203,49.09120839456203,-150.85215901812776,-0.7219424408071446,146.39349680081884,65.12043568261858,4.201211081588947,33.96006669118222,-18.87377332754518,8.750053063292473,-2.766013206136212,-45.75689228035825,0.2907419548962024,3.3281710084692535
8.436555880510474,-0.4575293085275807,13.655427580616024,4.767976166494001,21.293912264422254,4.772751764218254,1.7028274736804756,7.564795956675151,-37.094269092919625,-1.1735972297501331,42.09775639980489,15.623975870451476,1.2868870134632777,7.3186782628283815,-5.355148712739145,3.2015618561386168,-1.7257317653009245,-9.063087093022833,-0.13443137517180515,0.9845215663520613
-2.59122283973964,0.7911710412988838,3.1491133061658116,6.168801092787623,53.97783650614371,26.866041720778586,3.675456124848547,-26.647407690648357,-54.54556304972197,-0.231079667464061,90.24603248684348,-16.545357028883743,-1.535238324510422,-5.598287587731308,1.1709806925445787,5.427119979369705,-1.9198289022440058,14.369203042875231,0.2976766076534477,-0.18252798229239287
7.419418534697797,1.3343973372284847,31.18011326591238,16.477229719081887,108.73961147947995,35.82498660760562,6.278475394894807,-10.95627639804079,-141.76374101257142,0.737418248523205,177.2602762078989,-8.166709385399288,-2.1608327978030886,0.1403861801170252,-3.8500308670900663,10.007880730219407,-3.512856662086359,8.519209575332125,1.25196038518615,-1.2018667120467148
40.82013844756133,1.337813599781092,79.51073193205826,26.378156818758395,120.45130867432637,15.385217428697027,7.486776354068054,50.130521369084406,-214.18443476349768,-0.786477280217329,228.77026539458006,74.05633612693056,3.9723680479285526,31.383579827988704,-21.686332409917537,14.23309678540851,-6.088538313741364,-44.455293851931145,0.7941453062760971,2.5738251360034923
-29.523260119826432,-1.1792757455983174,-54.26313930719261,-10.055364212874958,-40.20418384699985,13.102479437099824,-0.8256806817962737,-52.828634605850766,107.31314332407828,-0.25184764037188057,-83.70738962673643,-53.9018256960597,-3.0832934091197988,-28.614069974557637,14.373499543591562,-4.212936862244003,1.0534720368286101,41.87614071577214,0.4131551680403058,-1.8417079395513503
44.67965946440466,2.158733704934285,90.11347689032053,27.10519330793431,132.50451652625026,14.424060210451536,8.080668021291203,57.251962529117215,-236.32750128970505,-0.4641683206157684,244.39527478724085,71.82659295608472,4.4697127198235895,37.16153932552733,-23.032630272286212,14.934867559096046,-5.373542137855462,-47.89507566710229,1.0070020873016103,2.686255964417422
15.290418052082199,0.8892658160403435,30.481975953170956,5.729196024430565,33.20319729435459,-1.3339232187507406,1.4833691911629294,22.749321464790956,-68.94041220079512,0.30263066740786604,63.449050868366555,24.569597474559256,1.5232205702194004,15.14804457978859,-7.390015436750063,3.2212047206163783,-0.15974172562757394,-17.928755524238884,0.36359306842746975,0.8124726645115011
-9.709139416194603,0.3448746945912878,-28.839319556691194,-10.62964915303458,-62.23620928213544,-15.506959930028906,-6.5839026846338236,-4.814534317556437,85.94251573827329,0.7770413208060525,-94.13700563481743,-8.66909346014816,-2.816049689242092,-11.99321672481004,3.203574779329614,-4.968802757489331,2.6924105029295426,4.461786041277522,-1.2366482110056052,-1.9722986113813834
36.89080140119988,0.673067146385774,67.32793981177583,20.666142276091477,104.41036600832483,15.531407089581313,6.789210641763318,38.127379335289916,-180.87022514922413,-1.4249372227663348,199.18728726883555,60.56816603745248,3.9947167635264744,30.407264595165955,-20.4217707947959,12.390416664646544,-5.249667821658382,-37.21400057421442,1.0399726202293291,3.1051465077409497
18.447827557464525,0.47590068300520055,39.81062507370113,15.026722297571558,73.7439929905153,15.137084969435142,6.104919118222267,20.209403468128077,-116.21432777440602,-0.7973589801193204,127.44880798004425,30.167192772552482,2.23932101790292,13.829852111128465,-9.69498125009445,7.765417025190768,-3.204562231683141,-15.188416599633044,1.3113587683530974,0.6319933775828244
-7.543782584930732,1.434134819436064,-2.032482692192711,7.113436917460634,57.33962327330255,30.65677602535052,6.791796501035087,-33.12585985231839,-50.58954014124224,0.636964416412121,86.47710505886685,-23.106929713127116,-1.2019870542461855,-12.22125701130835,4.270117257926869,5.495649931978798,-2.173122082030164,22.763263773832826,1.1832665878073774,-1.2324672141714708
-57.36527075461047,-1.4685669069662914,-97.44308462026599,-21.61571407326733,-98.06516988613777,3.914173726879758,-2.7087306477947184,-80.4123444508234,219.68097069437027,1.3834379757948427,-210.6556534532869,-105.52108081754469,-5.2409760416762055,-50.889542982614685,32.23266582645255,-13.36232325259369,4.698560849646263,74.63462907898366,1.7977361549682982,-4.42788613782155
-4.082194304950759,0.5891849343650551,-10.477348693790525,-1.4974395634220552,-6.937342376146161,4.204175638493767,0.41558787416367127,-9.083843210488709,19.105624647299624,-0.4105383957497182,-14.789327889405037,-1.5714737359892343,0.5960379390534555,-6.088651155628273,1.9281857427745928,0.3687338705269134,-0.40102712134494034,5.4695799075646905,0.5503191176385734,-0.10450771323525965
28.28160226211925,2.5088162874281723,50.79104592780671,17.631631868715733,74.7687600395431,9.765726450237654,6.105497505112215,32.985149494313184,-141.6671536543698,0.3136850460067615,150.87275246055174,56.084919015387364,2.970911428257558,19.209027552374764,-15.372560617402941,11.026877326130116,-4.4267019650790855,-32.55658477624045,0.24189395423333138,1.9913325680766312
-18.169435645246057,-0.8389917575415569,-27.975356319204774,-10.373915863653739,-22.121784840688914,6.2425440855277765,-1.1798627488901787,-34.37086677157464,67.78724925175302,0.051574927184843966,-64.38262629276416,-42.61108008622685,-0.8289880687714828,-10.328132309021335,11.391244052892842,-5.014230178523138,1.7063128276490231,26.49149211613262,0.9687080944170936,0.8623126341024909
22.946351552711565,1.0300972295015804,32.374495653262485,-1.2940972509056796,-16.4961919272461,-26.707505393056383,-4.4166017350741,47.97204972673386,-27.451071125535623,-0.5248688119563322,-5.6976158049028225,50.25686932509602,3.127461451434082,24.741562102429775,-13.159253662838534,-0.4184405836964894,1.2720564391200018,-39.95692592960284,-1.291492884885538,2.036473257757884
-76.15674708687256,-0.9992695368310255,-144.2936342880104,-30.75173936308293,-141.05713573520663,12.30078311139042,-4.44992938394936,-127.2402378827319,303.25381743506665,2.211683003115409,-267.5076039856398,-133.24378327204337,-8.22174258045301,-72.99432984236157,38.72638131917606,-14.307994582851448,5.606911961092464,96.73204593628056,-0.053169492488539,-5.056935175091146
-35.26412038036764,-1.293146719488453,-65.56432684826112,-19.472209378247765,-90.64031935167307,-9.015014554326674,-5.390580676874606,-44.6736786499338,172.0269215488184,0.5267300708488951,-177.55832453492314,-63.10878344639799,-3.112641264784326,-28.071439330818173,18.771731287990214,-11.25840108954974,3.831304281153003,40.42251987977868,-0.43740855445158644,-2.736564956903575
-49.42409725768762,-0.03843855834469741,-76.92277138068464,-7.146049689440762,-5.715809370915972,41.967105958299726,3.2923679098841436,-105.7879955514655,100.33229065312248,1.022878341076646,-38.90424795326893,-99.37292864054751,-5.6500124770894455,-50.29003241122378,26.14538427226961,-1.9790745178775837,0.40430499068633774,77.39839917004666,1.2633076021592786,-2.910713264832415
6.372769752711928,0.010203385372495339,19.852862203694478,5.993580719161706,44.00614336344028,11.88415062442447,3.5325683551981846,0.07239340218382262,-56.51151115992712,-0.4894635541622628,68.08632329655202,2.00160669403191,1.4006622867500766,8.163508030974716,-2.4220022879777607,3.159827759066647,-1.644117709368162,-1.1418021474136881,1.0090463713536486,1.4867146615918383
82.86026527783172,1.2779957748041124,157.16925439520946,35.514087383837136,175.9306970824664,-0.585702491301312,8.108606294862769,122.1231252926015,-350.48506868273535,-2.7063567192462203,328.99904916394024,143.52718203939398,10.517397202025531,80.74305053863898,-42.36333833082367,18.13518312869389,-6.7434419432960935,-100.03095920575056,2.189184385490423,7.3840623171669995
34.55176572891238,0.054173749430775436,59.401559459715976,17.80759476385228,72.25927879444288,2.9880623661991756,5.862376602361899,47.794191435929775,-142.45063139766268,-1.049637736985124,138.92142978822562,65.42298325618829,4.965913269370496,29.944878250230044,-17.78099959748145,9.563228495099283,-4.517198769040151,-42.393680758690195,1.0772789802639942,3.4866328557184163
16.199353820078926,0.022629227446736556,17.092698423823965,-2.7232971165370166,-30.026057783846532,-23.155236021328754,-4.215472367011345,36.20761982868823,4.597759198898122,-1.0373112039667014,-29.66133633297695,45.616342664139616,2.8653224876707264,17.835387780951685,-10.215026652876562,-1.7864086799083536,1.3315147008411876,-31.749345381717692,-0.7397081048028593,1.9537484208282427
76.15862066383852,1.8646377084084267,137.8965770741888,28.282788910370606,124.38153011897636,-14.948514116353703,4.900822605282779,121.1676868567801,-284.31017985160275,-2.4293048267188846,252.24413496691471,143.23756756151795,9.7826822867799,72.89032511239648,-39.673646856452,14.569230393597184,-6.1255101957620655,-100.335719482517,-0.4315897645250424,6.796644938407717
-30.47050435324745,-0.13611913877716858,-50.79972309743357,-7.708027096386148,-28.716641102355055,14.582234295540403,1.7015295077816597,-52.000295508796164,95.0576383099712,0.4808176436862302,-80.4724373742152,-55.110000545812454,-1.7435356511318176,-27.684460475694443,17.37354033341196,-3.7799372250023513,0.2823980363533123,43.13753366308173,1.7539634435455833,-1.3676089981734363
-23.322623839744896,0.38679265446307565,-41.68060423268747,-14.290746726354277,-60.31612697821165,-5.726569723318741,-3.72204698504301,-24.80565393331208,118.25293466082996,1.7806753317866628,-125.99980354971512,-49.41221232729869,-2.2456678471795586,-17.922580904217572,14.723742304905226,-8.371381621970656,3.0482315691955653,29.052830718946606,-0.3310085356923672,-2.434771685946475
-43.25551493707186,-0.14826506671041018,-71.33524905226652,1.4185734113470345,39.385103853647834,60.961547143388586,5.026774326074234,-118.3133781341239,36.088452578353426,0.3842998117107012,57.81361413530477,-89.14761189967311,-7.988211233804111,-54.65949929357646,19.71890207598706,5.972943800059783,-3.1776903502111065,76.16473365308256,1.2073874543167797,-2.832735731829225
13.409275451593611,0.12999142987033502,26.67959034609154,9.495007460980732,45.884082856397214,8.003806264154981,4.205553881532259,14.38658634345338,-73.91212425774187,-0.3666652727786178,82.06355084513407,22.5132927679451,2.2573905585270797,11.004500212402506,-6.95430373617641,4.818281254193896,-2.642101183606994,-12.557797731805389,0.9960615087363398,1.3372336444688622
-57.145063755845584,-1.5991055227166195,-96.45840000839341,-16.252473253791532,-67.9247389315152,19.230940537845083,0.54176214422981,-93.10069127621134,186.58673091483556,1.3190024214475349,-156.29988513858447,-107.43545372398475,-6.123352934026722,-54.63352569831669,31.36520273873653,-9.216851244617333,3.161609992700247,79.12051624217266,1.113974390908475,-4.262964268870013
-10.852393861382831,-1.143417040546918,-13.29887533364029,-5.264018923397644,-23.696071797021165,-4.98581745277346,-0.43847209021426586,-3.3960536746974825,50.825042792278154,0.8858967184621309,-63.529702964670314,-29.350275391346653,-0.815512055982959,-5.568914410152299,8.251307186832424,-4.901875432931062,1.4374199420828215,14.992531102423605,0.47485119719865815,-1.2620883613859248
-9.513985172289642,0.21498685525674485,-2.1214560946006373,-3.082044967477214,24.024070894800712,14.04630564237131,1.4579565881269045,-22.021249132878385,-0.0505581052163282,0.2709297813066526,13.378210644409045,-40.676742201416985,-1.422793067815272,-3.3200018105467874,8.138694397061176,-2.2747190162396635,0.24236405470030675,21.956909861492154,0.05386438292798912,-0.5907869620593911
-43.19984602915255,-1.010690029876158,-59.63271131348325,-3.146557938486555,11.913840686831186,39.587047148833065,6.49921787529248,-84.78445855490035,73.7671466854096,0.699445969459945,-23.616012890146486,-95.82566143735734,-5.228933882359506,-43.395312845431675,24.614429407879097,-1.9825848195125755,-0.6211361084792224,72.71290527000177,2.2778672602847094,-3.5783329550884435
-7.624453408094068,0.9660019440002647,-8.284800161579867,5.044867724712253,47.38251236256087,28.853952442064106,3.523419760249188,-38.16041319453748,-37.13771609031681,0.47950904390594806,79.45432724318545,-24.245615463717822,-2.0995036486819405,-12.898023845931542,3.498737025233331,4.449217438752742,-1.9685211921592431,22.23877161764747,0.7074407374664098,-1.160233923560111
-27.461631180681128,-1.1014493947392114,-51.721930514372026,-8.949007835427844,-51.94534038210735,2.491826715742691,-0.5871700683594897,-42.65170692666604,109.1221503861055,-0.0062052721642179565,-98.38290150014977,-43.881003637182964,-2.3540366209452337,-27.09810029132018,13.866473102467632,-4.879803805591315,1.86415689773907,34.614087320822165,0.7084197739694503,-1.8346018669617328
-13.108538057021812,-0.11328780001937,-18.375091010867507,2.766349803401524,28.61039492027311,25.49605756272592,3.798597769559202,-41.6534743972374,-4.875534017844724,-0.10136936518646636,39.52619328428405,-30.827780924491705,-1.472677745188413,-15.521183715087865,6.738909088630503,3.080818503857869,-1.8618861766083872,26.680491913092553,1.0803800891856203,-0.2719638906063794
20.982199991376653,0.08221048023757177,37.55924456286516,4.110005373354944,13.298294023681317,-15.312004546711563,-1.119413127354557,44.065357934578834,-54.46415079089369,-0.6723344101405294,26.33753429735269,39.42837283189002,3.7250800690883574,24.217765737553854,-9.736482318177861,1.221972212462226,-0.0647723991414817,-30.705673107894217,0.7629048047831373,1.8161584005009361
9.254422825639312,0.5837467720713798,16.786827307542783,4.512380359613028,7.18336035986275,-7.803356229408288,1.3936905272573843,23.043408506021446,-28.749755423727525,0.7005132089820101,18.871834373620352,22.909542699759335,1.5290233014817276,7.635826233401271,-4.212344839140943,1.4194336630941915,-0.016122985732532347,-14.393054459866757,0.645828724739126,-0.1494608055843697
-58.94241420924253,-0.9102472260802579,-103.92724900944333,-22.46107010847262,-105.29839508112677,4.061857310143899,-3.897755479881702,-84.88493406171533,222.12795261815637,2.112327576960905,-216.9538207288035,-103.62627474834689,-6.368028490771576,-55.11134506389434,31.313893994770737,-12.360424803046726,4.2244211817123976,74.09684513141318,-0.19578955890707667,-4.642496061111763
-16.321413662940934,-0.6040764820770462,-36.820162792080666,-17.437422032530908,-80.42797843323109,-18.996976590306634,-6.662328505252898,-14.604864147517185,125.32993415030366,0.42643448694455505,-143.53883892173917,-27.98879529391133,-1.8602521106613357,-9.412093701666024,9.472685494057492,-9.237565363597254,3.6616324474891546,12.314015576727957,-1.7370481783662683,-0.4662208098322125
56.21673226215313,0.7979805657152428,101.85009606229394,20.61596770145559,88.66247986719898,-13.588812382173895,3.7335677284956255,96.46488616202133,-201.7196742323399,-0.7785539507005919,167.6394353008629,98.64930514404335,7.279570966791025,54.93911198969061,-27.597707211671743,8.89237723910163,-4.1352858763601485,-71.77022949639598,0.6498374581122998,4.6811508044299215
-6.368928372137739,0.8507726093466578,-8.015575946637142,-13.263242266670753,-47.66003118491856,-17.9632909610732,-5.254365676342671,7.529375921264581,70.20284004940457,1.2193871316754792,-99.44933220458184,-19.755022261685593,-0.11652217706825199,3.7352263620144575,6.513451688169793,-8.125191459881663,3.63414936583277,2.488726636402432,-0.4991413713461154,-0.2320400449090121
-17.671691294988616,-0.10764563935558771,-31.866561342975604,-6.082161385367998,-26.426725801810967,6.307513385467215,-0.5782322899980619,-29.125115171734407,63.34016353486096,0.27282180132945755,-57.28248341207213,-32.60768419070853,-1.596493953976561,-16.406098895675484,9.169918659754952,-2.6040440649538734,0.8700578368962387,23.29579614691337,-0.11920302056339219,-1.2964598474656501
-14.055146067272482,-1.3407403427623195,-23.34745191694448,-4.032073494809497,-27.44079572285388,-1.5577003305413686,-0.13554257608082515,-14.806618683677033,58.97834602519453,0.43491898888775454,-61.0973839249468,-27.014138841280644,-0.7180559526166653,-10.636003336763942,8.452513178663779,-4.2193343124395435,1.0326535136488053,17.903610026185536,0.4024485305952155,-1.1434016530602853
82.85647050355529,2.388635465959705,140.70156578773629,26.594980656106067,107.62428076605951,-27.62192576508461,0.5599132570482097,136.6251139704072,-286.52080688691666,-1.6946947512728734,243.9927498888139,161.87678433326153,8.35258266207851,76.02846778012474,-45.857255398788965,14.361493655061242,-4.196422606343615,-114.68492824638466,-1.1531004158588025,5.646333888835747
-0.7047238610718329,0.38355221159205716,-4.260358065519627,-0.8148874557269163,-11.4966015167026,-4.4853448381490635,-1.669933585083845,1.9774028308584937,9.891687034990762,0.6441042867800082,-11.01692902801431,1.6588174989828737,-0.89421873887223,-3.022614353762693,-0.33002948334944626,-0.7765571752712374,0.3608329086877284,-1.287630660842366,-0.3620584003205927,-0.6794186634990342
-8.928862706828452,-1.6665524011678121,-16.72951666045655,-9.873318359607838,-59.19098011716751,-23.81687604986656,-4.208863913909375,11.002072139619495,78.93436760228956,0.11747718624902792,-113.28915941817367,-14.775791855766876,-0.39665834052485094,-2.215937953197383,5.557830034693079,-7.634904288686756,3.386179259677598,3.814144283704231,0.07344885971290761,-1.2251196724537863
15.280423370789567,0.6700533393932422,27.127418764267773,7.600327562782615,32.01384737317795,0.8204644357548732,4.047806428884599,22.694284519632596,-57.06498210121296,0.008443425266427274,53.53905991254637,27.744966524845378,3.6608627381382344,13.97711644216284,-6.281305061203522,3.361516566304986,-2.144226133425943,-17.113668177589208,1.1701749326331259,1.990830490042632
48.62153311401387,0.42098498930693073,87.93611532040126,22.579052975462,114.64557817653053,9.089572001061113,3.987594272839762,59.58244164776685,-216.06136230843114,-1.731685827482172,224.54965879297825,85.01987866209505,5.043001184149019,42.340722595030286,-26.670515027894584,13.142561844769949,-5.375065135120449,-55.9773533310443,0.4305784262480952,4.254297532679778
-31.4553324072696,0.2179712488117063,-56.784068497208175,-13.817217013623258,-51.74479812236385,7.095098333667177,-2.7757266826138625,-53.92068320920418,115.38242737963701,1.5592548999670952,-101.75588371900066,-61.6358942993323,-4.543876961484653,-29.053802708405602,16.324442096652227,-5.813804977627676,3.0236031075538103,40.87609461116344,-0.8769482447098661,-2.3527154021930863
-79.94904366874668,-1.1178958188877113,-141.65161146439956,-30.715561840381916,-122.90636610754811,18.82265482115155,-5.221100837111742,-131.20051937829612,292.4950476099928,2.976210148035117,-256.99864322924657,-152.53255208147414,-9.2715413211737,-74.7922593886879,42.80099973862333,-15.721846848591927,5.821044627174377,106.99641759547075,0.4305615947095904,-6.377202566783546
38.7265002839206,1.507342093018592,68.15728112953515,16.79504440552337,88.27529113110484,7.7154366882543854,2.1430671338666634,43.72109460025599,-170.9311922640376,-0.875061763456074,181.40046322722128,68.54987736924589,3.403245293815477,32.39479936853609,-21.65480120720347,10.877301608946016,-3.6415414407961926,-46.18133394460175,-0.16196444802495663,3.0073192741296935
7.3396972886932215,0.32782837148163485,23.78713989846926,13.08755531525738,76.02088533632809,25.094091066350874,6.501655713795772,-6.588293939024396,-95.91950149990743,0.05231967437812457,123.14555534086803,1.3751209678382985,0.6510838601835381,3.217367524149046,-2.258356111420952,6.882843399078457,-3.848768298654551,3.1403545942923516,1.193004355473343,0.49238015769024485
-47.529914243566736,-0.7141905418443714,-101.12938546077888,-34.7733020335839,-186.17515061169664,-37.62019407336241,-14.199655242045262,-42.40700772356896,290.3439635084121,1.422924255135742,-325.72409922017147,-67.1370392564309,-5.346116097742848,-39.79901437282841,23.14898985426675,-19.58486663821157,8.699661531257247,40.73921551141456,-2.5929434036407324,-4.8120260112818505
-33.05746200123271,-0.983943509361312,-53.65167154121645,-11.811466018315745,-30.312272220024916,15.93602368190283,0.0024109477235810806,-61.86249451283775,101.87637322905086,0.4669754477127904,-78.46153096722657,-71.63394934910711,-3.8755374834990963,-29.4256121687393,18.405673036768874,-5.385480543948665,1.469419706544538,49.16485863429504,0.411964350356263,-1.833193931365784
8.926725619866172,0.5730551457120452,21.84436080346131,9.150488993978707,44.58322930934179,10.118603724089082,4.047988011969656,11.272646825991036,-66.50839150641669,0.3012075273669906,73.53717741890073,13.723820688150681,1.121881329751953,5.772659941098019,-3.6422153590155366,4.905985651647889,-2.241777894900542,-6.631902024671051,1.2708440803125076,0.10766978856305544
52.928257055350485,2.157693885906679,90.64033365329458,22.188068095045725,96.18414650129088,-2.666712733178445,3.120730173808597,71.28164555152271,-214.28954550121455,-1.178802161524029,212.33298198615344,103.13315757070963,5.699080331631312,44.80076076443926,-30.660316758012552,13.474795292231075,-4.028278849869974,-67.73345200880405,-0.07931570119083588,4.228906031142667
15.578151166802108,1.31038834883842,30.71764831587494,8.304270067628782,40.0787396957875,2.140423941591329,1.8482673996505865,21.706646544233458,-80.39896698541241,0.7338766983143967,76.67194349349214,24.879362535688443,0.911406248807302,12.471978482713391,-7.804229941555063,4.765478385935851,-1.54913618238205,-18.736081392189188,-0.47826917823940357,0.7446042347626654
16.285853945377927,-0.692806313648033,25.87326951153045,-6.246209173518685,-39.39792468817643,-35.23958861434449,-4.487296459771578,54.25183206446064,16.162173109790043,-0.8205635208043267,-69.99413438989323,30.98128278219814,3.469264704691394,26.247258532992873,-7.321409534290009,-5.970446978132786,2.913069587016229,-32.054366241330314,-0.5492330623391216,1.3701071790147354
31.93352560471116,0.5966368627939431,59.96574552973138,16.748876662860248,77.71181947905393,4.896161518452997,4.70168732176683,41.58787775295413,-148.9031454313832,-1.378372442338974,149.81272306873237,57.88436524777873,3.975406104732471,29.055252754753397,-17.573386248291662,9.292159495291772,-3.388327772059517,-37.80516455332516,0.8155991916231474,2.595801357256196
-19.76331621200127,-0.24499666443771034,-33.593991937722244,-4.4966921277566145,-19.889781005374104,7.852121817221615,0.2798647098055651,-36.99068452128331,53.57135404102028,0.1904259503571629,-34.72661399942483,-33.27627297118781,-3.011371015085001,-21.001005947099397,8.978613439052582,-1.708340780991287,1.0111288370015787,26.59478946871261,-0.14720595292071628,-1.8644701290410262
69.37108527433864,1.913422602589937,131.20508869406984,24.76092423559818,119.29283425892064,-11.90495784362406,6.603934937695477,114.19607421934145,-258.4327642180214,-1.5079187452468634,223.0282887138614,121.21732250895964,10.143831832751584,70.97104299828807,-33.794480540024864,12.19484489347867,-4.982214157728736,-88.48104342179043,0.33526087208758837,6.168671183580966
-25.600099834224284,-0.4509620965268464,-55.319222939979554,-19.76221787600784,-90.73865750884497,-13.561039602458225,-8.433185249421742,-31.77110054043431,149.56731042574415,0.9698516069983107,-155.5608881672683,-43.68664536169138,-4.458680930716144,-22.566646140547324,12.01092954311996,-9.527393403537943,5.119526673007286,25.402495446873726,-1.400421537673123,-2.635866344519472
-26.19669406857569,-0.26848208788124917,-48.66941829230217,-16.99467955753141,-70.3274483611999,-6.29659770365343,-5.787092084303889,-30.911113158795843,131.32447781044254,0.7810187899940587,-137.78712930371918,-51.37562517542485,-3.7438238697277266,-20.80742334825106,14.001360774221212,-8.721062429803283,3.8836890062731975,30.055486102012264,-1.2337975373239667,-2.618140334188804
6.742463838521879,1.3736737513627248,6.630342805737164,-6.012132757771536,-18.690530340976288,-11.066134336894548,-3.255282956214636,10.513774375366252,8.832823685687224,0.06320101328050942,-18.692186513464325,14.175481379619466,0.06376632220592993,8.769283351165562,-3.7628329799162956,-1.3465668079031021,1.2338963986940037,-14.875660684875008,-2.062188275265363,1.2441159844309269
-21.860904057058946,-0.6696186235284615,-37.443031557572446,-3.882448062902825,-4.022952001044832,21.15364366677065,1.4282294758087881,-51.292766127708724,50.22076314951918,-0.187869690038737,-14.148559812149097,-43.17436025286281,-3.4198672539763004,-24.256828404044,10.771663120974754,-0.915153977040659,0.04310051163056061,35.151493054625945,0.1035242018977693,-1.5997059260427104
19.343620252871485,-0.1317903277917579,42.733657989580486,16.368157485938717,85.19429917395291,17.71667113376545,5.909607381587718,18.91168538095178,-133.17379624541746,-0.49778207344733955,149.30468231941578,28.94298703665316,1.0124511781432193,13.644736540855769,-10.303297525268432,8.58943255753146,-4.057945517508898,-15.318879459027638,0.8790504993431089,0.8910079374369535
-9.233231684892269,0.03535552020139068,-17.7482539122302,-1.8097985011844302,-18.216286497043285,2.3220936546730684,0.2428053281631577,-11.650063873085566,33.970632025603095,0.5038916097960354,-31.092061932213678,-13.634714922387179,-1.9664541249490042,-11.623586651052458,3.848566234024341,-0.7054142937985286,0.7113809491767422,10.364796078485499,-0.9733019381902811,-1.8290534015916464
26.00331516360349,0.522341817888596,50.064415055727714,20.67617900975208,84.07355787115287,13.707969804148867,8.713519670329354,34.143422129657154,-144.2665572185181,-0.6210278683902851,156.18287403367788,49.61451998127214,3.31296800554336,16.82170185864451,-14.291633267757694,10.550752322235585,-5.1634368995287,-26.817328704725405,1.1235498506193773,1.30138045654347
24.38760151238587,0.6635873025737548,25.41431429064197,-1.7395606070932028,-30.13545705086834,-28.956174547707764,-5.713723580918333,48.70677619631357,-14.336764624301598,-0.8316122080746203,-16.83017011224384,61.18348440922245,2.329350265925199,22.762108041958097,-15.469392035098378,0.027846267873053,0.3817601394178277,-44.9656921494667,-2.0474490598030775,1.9051412392639777
-57.514577832454975,-0.6838595928825693,-112.30943556519077,-28.664500067555515,-132.92945713631846,-2.317282567536601,-7.146174471268612,-84.32751850877132,259.59806982840246,2.167253935486897,-257.42594168235956,-99.09521242824523,-5.754462916190073,-51.68882089912167,30.050833176512594,-14.442002657797316,5.831485540551012,68.2226572124321,-0.04877020565487368,-3.9763285308509433
24.35394976322784,1.0376058900147842,54.52730002789546,19.295065185388772,89.21033905458874,14.61608368839946,8.050860127625963,33.8028868166958,-144.06010548997963,-0.6764591853297184,152.04633217053916,42.31045959054435,4.124117618690345,20.033919696060785,-11.604756950258928,9.472256772383265,-4.412303610678401,-23.42295368504165,1.6056264901475152,1.2650124878912308
1.490147523244885,0.30101086262159776,17.374881629757013,5.003513974657058,50.15407414194705,16.65895236820948,2.823248726265209,-5.536321462681746,-51.40119572257788,0.3079751844685329,65.35041480340902,-16.102841338544778,-0.00028903607950503396,3.9070197240621694,2.2671453428145156,1.8136329118162973,-0.9615146956929321,8.6917242883309,0.5820739002773285,-0.08407861207020442
25.992922294921822,-0.42470771073472496,33.35622144097503,0.7764565980958791,-15.898250240778317,-28.331755018169666,-5.260617323553556,57.5866747849171,-35.44934418717523,-1.603009033577599,1.7722657250945675,59.45599254313661,1.36126549508455,23.862025687424314,-16.663024226647256,0.1005103736997719,1.1552167816235857,-44.69231161199451,-1.7098072255118182,0.6108597933951811
24.651940356297416,-0.06099166514190099,45.5327051818304,20.709475823957025,85.96967264538287,16.618810758171062,6.570799424284427,26.00745570077191,-144.2691244457343,-1.175720249304924,163.39578646954502,50.836282286900996,2.328906566344052,14.186602712454873,-14.919333383510043,11.50146939449732,-5.442432655305268,-24.139298603570037,1.2356943878950577,1.2945759653361044
-74.05500833640835,-1.648489990422195,-124.20421784110351,-27.1768155745626,-97.63081552659712,21.476699805010096,-2.5930036662336584,-122.41591460179299,253.05319805764015,1.5320811602717375,-222.13455271319884,-145.57339062609663,-8.359404780331383,-65.35390857814141,40.16858191732804,-13.984650213513223,4.85289744645716,100.7603941339852,0.7849148951218476,-4.766615781548402
46.870629958580764,0.5064943200573145,74.67928232096713,10.336140319343755,26.509920037504987,-28.41206385566899,-1.794835606147676,88.53108072439976,-117.02453593666426,-1.2193502461617223,77.1345459462383,97.30650421716243,5.4021204151591276,45.333374782214555,-24.919033480045407,4.164245013191565,-1.1318461313559218,-70.54540579913066,-0.9596119289872588,3.206110523534323
-14.44590672187423,0.05717293149994704,-23.79109330081111,-6.500036722278551,-19.179909433510055,4.027329398150432,-2.315168507116294,-23.7628212506126,50.16892989979021,0.24107241060206536,-42.18881758682433,-28.904516425307776,-2.1036779139281707,-13.055101065096649,7.5793742939600675,-3.7748263203463015,1.3372684357674949,20.02531318322036,0.1818629166113953,-1.596836814219368
-49.75457737913985,-1.4604221286296832,-90.35727623400545,-30.769972723885953,-139.89262822351245,-19.00326173160568,-8.351218353906988,-56.83492004587824,255.16128043158474,1.432278647165757,-276.39067945819835,-92.30704901069997,-4.161247889484322,-36.7880546158225,28.544154959844924,-17.962542076015264,6.838051616409673,55.50645161125523,-0.5739299471379351,-3.4611380894186086
70.98697267460244,1.6994999518156464,131.45369785942935,35.04745427368677,159.54343409367317,7.096340431669855,6.667602406365191,101.64379861449453,-314.24107587168334,-2.997929839855039,314.4745075029319,133.55834536202872,7.165661583638721,59.890514880740646,-39.132682460361515,19.73659971200945,-7.890829206951669,-86.58618244461454,0.5805306483526694,4.757457169851296
46.15405999378825,0.8830784680154385,85.47901719369487,25.25732993997124,108.64125019881676,4.589693084359076,7.318508838489147,65.96572003913904,-211.22817968673297,-1.4603187097126424,211.23373933637524,86.82198990542673,4.721043980737466,38.159830647926924,-24.620319193243592,13.375756725092986,-5.36227492322336,-54.62116309247913,0.8486131610590653,3.6923025397831917
-30.907825089646508,-1.7542779806833084,-56.22976687936895,-18.380293023239613,-77.9107294170058,-6.975889520932884,-6.55048010184505,-37.9355429035203,146.94766211683077,0.49110965996788936,-150.4891365292466,-59.84383201027075,-4.277446991393965,-24.81579537632112,16.547613749027413,-10.314344377747027,4.33270259735358,35.791203785029225,-0.5966409285692833,-2.6567169340763774
-19.460236957785703,0.8848089858623487,-39.973438216111695,5.403205654583348,25.397845049552433,36.70882868637499,3.969339722047823,-63.17096649183619,8.056558708585493,0.8038348346697235,57.3668477073875,-30.79846793252812,-4.303593608361979,-33.44945404609865,7.123283004790422,6.525162050394059,-2.9938414445762747,35.169626732228835,0.6205410082450682,-2.2245398518645354
68.12874364147976,1.5230578262696957,115.7481994617704,22.106863530489846,88.2344125931123,-18.696282843312407,1.7271039361690785,109.55755451757867,-222.34270287122936,-1.93047552940072,191.03022659146652,132.10972670100966,9.215658256960753,65.14051741984005,-35.36221347504701,11.513972836945047,-4.63748304439414,-93.27669058809944,-0.7052019356322347,5.842285887242273
-23.30385038542661,-1.0457337948593133,-41.01559565662634,-10.1243815293446,-49.14529450849516,-1.156736589411027,-1.3596384138165938,-29.74321874133292,99.1730510760284,0.31916170307321173,-99.8985239942316,-41.48123474698932,-1.9367759594585743,-19.600670106577173,12.345454480413585,-5.750721068308103,2.4811222821869747,27.934203817394696,0.3311972850775687,-2.0054986075782777
34.129386371744395,-0.49702079070688615,47.65909117187467,-5.107769207134532,-54.01310298747719,-57.762170571129616,-10.412387363968442,95.04357292079779,-12.463496527333618,-0.6197101762085729,-63.70780669688073,73.42725003600793,2.7655605534121332,39.175281392929925,-19.007254215541625,-5.679549323161984,3.6931206000734527,-63.93210375638168,-1.8991459900973795,0.5653432173418286
13.812439574345989,0.7035148697601717,23.55435094447703,3.8061915870172838,17.39721640897183,-2.5893461325596325,-0.05589116620368714,19.41643590953456,-45.37174538341844,-0.5253155731093854,41.893375185469935,27.252116522363217,1.9344643982650604,13.593479638123755,-7.9331711756004815,2.5141921204676176,-0.9650505549722502,-18.593136326376122,-0.49288000597852505,1.619694645811237
-51.25483969796677,-1.6216762719884645,-87.33096530469057,-12.455226237382577,-46.8356303694241,25.77170364847684,-0.8226769623763643,-90.10992966466628,148.9519818628484,0.4363008561440931,-109.2109043243282,-95.53940069356247,-6.823181273314596,-53.00292988448905,25.741508850930792,-5.5512176333645264,1.4672855610031776,73.6192870604064,0.6581139623264058,-5.0375786529947675
11.095276342521304,0.3081202997464304,24.04961725127681,1.956775252584164,10.749563573327912,-9.375678772266333,-1.1293189308526077,26.21178624883346,-33.23281493025183,-0.6388423377874034,13.876677842467185,21.488165922884576,2.29723149890483,14.49921502893878,-4.517836348289897,-0.0109353091089337,-0.1843631919107951,-16.600288066625854,0.28907650529273354,1.284388308827433
-44.07992625070286,-0.3930408725922823,-71.08625634092203,-16.34198275975626,-72.0805875367809,2.9454853860510113,-1.9374712472470588,-56.695550953005984,166.6924036001106,2.23997053367553,-165.9783341904619,-87.48931748221148,-3.7506176473015977,-37.224510749452065,25.71020699950249,-10.742710925474574,3.4463671201560873,59.04075643483377,0.8917148563951995,-4.537149034578691
54.87810902111565,0.8806429124984957,99.84321981518754,28.068873003741647,118.94829069315173,4.316487950617066,7.54244544304076,76.19630308967031,-237.31574249353218,-1.6496407225012937,234.90607719278754,102.77772218426679,6.979531432467042,47.00833475326698,-29.114232351596268,15.050187989572255,-6.714791495845166,-67.68254495122713,-0.05052477322383253,5.015373807842498
-1.6896396065077783,-0.20418609700678803,3.043425640559166,8.383801847109522,44.36716484208503,20.385539316367172,5.699351609127896,-15.453760641481443,-46.033928201658085,-0.16635432073934422,69.0821550179868,-6.521276998683289,-0.09669074293459734,-5.20622944280959,1.1424081269779938,4.77945265015312,-2.832915603747862,10.015249157266302,1.1730314122851129,0.5281500674768173
52.7660592247903,0.5235945913340885,78.98017651667094,3.684725138149641,-7.726139637110517,-49.00497802662255,-7.628742560219652,108.79857230426967,-98.65236366647936,-1.7309363389824002,33.66968839316716,110.38994508041955,4.929463358160629,54.94677777768564,-30.232309621262925,1.0343862808905624,1.4822931397658676,-87.27719647069715,-3.014001606430574,3.577110956659844
-21.50226287334214,-0.42064463525118456,-34.10472853583185,-2.7067430938012156,-7.280538824778706,14.875018498545476,0.8947600375100566,-38.20501137443881,48.71146442815222,0.43089655507628133,-30.3333046498894,-40.01277991651166,-2.5227295288453377,-23.29596454016636,11.453175535385892,-0.8033041732887586,-0.5124528260500749,33.47901474522228,1.1444726046047276,-2.0771104185737803
-44.70739851919463,-0.9274121763001693,-69.64776569564025,-8.693943143016702,-21.649166686595947,28.99289251976167,2.163355333670152,-81.4588831710931,113.90267606215342,1.4898877423046493,-76.63543611258837,-93.94366350048927,-4.69063305528339,-43.33730757501011,25.225412239813256,-5.11834226290889,1.5855757596384494,69.15962998668626,1.919208275932495,-3.8168127150263063
-11.972138023940815,-0.33027832310409017,-18.355817871054093,-8.730069644306264,-30.930607224007122,-6.356205893069298,-4.1647839991395275,-11.704647232135956,57.374522734843964,0.9377899015792674,-65.73251828476218,-30.234228996613677,-2.258727748914664,-7.321559474082349,7.655310887903882,-6.069261005046263,2.4657129692302457,14.131337777562393,-0.3548351306873657,-1.3027490087267073
21.848304159752388,0.02187619307308844,39.50590942218136,6.689271401094498,21.688998606794037,-13.237500057465004,0.2193451038652281,46.20941419971002,-67.4041947808276,-0.8046018786089462,46.46297514676409,44.08121137398856,2.5075581923817953,21.1462048644756,-11.504102226921196,2.373611638099686,-0.6749240155379952,-31.378317827464976,0.6005476528654772,0.6108895802636046
6.560240667842086,-0.5757647083835907,4.04387372313898,-10.596051362991249,-54.200962523719,-29.3030079433752,-6.022871362437845,28.01134005507946,46.56095862198011,-0.49434831460756035,-88.47253293753279,16.65860834738213,1.6580903501097952,15.11371593704386,-4.011925464228105,-5.830477264324431,3.669668611730552,-21.023020472889776,-0.9556063633442398,1.7451559901376201
-44.14274014472611,-0.4093048313511343,-65.16548213134789,-5.098041456736154,-5.047551125940122,33.88141648513407,3.11861431983812,-84.89521316787729,86.47543599902814,1.6200727995195037,-38.235737450768745,-94.40525926143052,-6.1823688576664715,-45.59975627710342,23.82995511309555,-1.7065501301331576,0.387424218447046,70.05041331624774,1.1085994940381216,-3.933272900444304
-91.83688585814872,-1.735556917292729,-153.80778456658646,-35.33723747256367,-132.4029677107713,19.473483881865754,-6.537752532052307,-145.69474985470953,324.71815387557274,2.77330581128955,-292.17312773276683,-181.17016678234867,-11.095897929707599,-82.41093023258168,50.589741741600186,-18.893694454193998,6.907037760281813,124.00360268075836,0.1513120987946991,-7.060147239223189
-42.33615020475501,-1.694650554856276,-75.1416322593005,-19.470996690759872,-89.03308856322565,-2.2486850719262366,-2.8782971594561237,-58.198537743714056,183.2883702235435,0.6883317606082975,-182.43481755216428,-77.85840336346277,-3.043620837918895,-34.25844331236392,23.55224431718605,-11.75575034819296,4.492379732609095,52.26318673704569,0.6162402456921032,-2.6320653019280376
32.2018830922035,1.0736886150894327,60.205805408156515,19.658070254014074,95.73542788646152,13.762222354365601,6.077722193554712,33.045148344440236,-168.71960939833653,-0.15598565063670988,186.41867098434562,51.76907988657654,2.5838608624223047,24.64890914771599,-17.426876582138938,11.442823549738733,-3.797396575469759,-33.28511533997262,0.7615440953377975,2.4345323345652767
78.68633375302329,1.4790941295093405,146.12399733766037,36.15428421090591,171.72252672239858,3.410521459767037,7.523129435890506,110.56478661386421,-342.3007878655753,-2.38311934223929,335.0264856582206,139.7494465881211,8.586743371261106,70.14696511375975,-42.29925679019057,19.11252431033991,-7.6631187221358905,-93.59794576354722,0.630931096610766,6.0431404641802
18.35463679937094,0.8460102033577698,27.961203668954923,15.165439696252237,53.25412221870791,9.964596087228244,4.844732427009949,15.146159926465009,-99.86524218507309,-0.09294224429029446,121.70661388981046,42.714792554488845,1.4766997129561246,6.465221328881127,-11.797300987828347,9.047579926880701,-3.9275043679201085,-20.334307749331156,0.30682152907872623,1.1075033173860551
-75.2825229758324,-0.7659037463587248,-131.8957120893264,-28.92960720933867,-108.86381452855015,20.0386545788731,-5.905871275951606,-126.42792671757752,261.90858629962173,2.256799682352952,-222.80081840590933,-145.01117960508478,-11.016078203454548,-72.51945508366326,38.9702146371137,-13.46595511857767,5.8359822344597445,100.31915225325781,-0.6533318849018087,-6.566649192219547
-71.63632092735618,-1.4283199530773363,-132.16366403681843,-24.79239101132669,-106.0218345986805,22.432710517185708,-3.3026944867060584,-123.53501731464225,256.11660578867645,1.2323963352737373,-213.82050743825545,-127.61483256867145,-8.308081137894884,-70.0996849243808,35.61233328772751,-11.057183408406352,4.625756318392172,95.69231244449875,0.73572245140938,-5.623846555980176
-5.818075133970321,-0.5791300214589302,7.280818524424417,11.468163213888772,62.44355974928029,24.404414647666027,8.428347353125288,-17.01716951170023,-60.40380165466826,0.176690261747524,80.57236831926888,-23.08599445853247,-0.24929279457975873,-7.089171654301337,5.685973642264971,3.9453547252039773,-2.5173181150085586,20.35658827514551,2.341768059252964,-0.9749371992492584
-8.17560107035211,-0.5462448476692642,-8.190294112584409,3.8041330631032206,31.348548157286313,21.681253797640434,3.9481799669109385,-26.721921350417336,-12.562891647860624,-0.12994348943183115,39.63241731327072,-22.057089617570195,-0.41274792253339143,-9.182944977265182,5.419063039490904,2.201498807466183,-1.785978923223237,20.195348510019503,1.125376519006386,-0.020552864228563394
1.959018105447657,-0.484225013086375,1.568211639385456,1.078457563001899,-1.2516534572615907,-1.135904961483877,-0.7121976707443202,4.525528574965321,0.048679686787790555,-0.44860745423362147,0.49146490320186,7.619987177462566,0.3978394593167689,1.438470820664806,-1.0992798648476336,-0.08001309484708319,-0.3981929902121528,-3.9697348061637103,-0.09715648020137234,0.49410974642998984
-60.61958191031222,-0.5614160288304294,-114.83598851284282,-23.306777744427436,-98.66418288711695,17.139655769874853,-5.0929117298535616,-109.33004820752922,228.7768164130415,1.8938486832463874,-191.26535819546163,-109.73028406676805,-6.808300766021542,-59.504441823821146,30.74152850043396,-9.662828974271168,3.668606320609009,80.14041525255327,0.09381073745902911,-3.7640774730062843
-67.52157386430297,-1.741709173217123,-115.73994138705173,-24.085140356672603,-78.714034842187,27.284531972190653,-2.7522646455465765,-125.4800093063077,224.46569205965687,0.7280458193463413,-178.21236611289498,-134.8874804477135,-7.3881308715074745,-59.93816424416614,36.034074142631304,-11.382772166707108,3.906519164208826,94.4530033889286,0.6812125594935726,-3.3112064880209746
11.02983236074147,0.6837973011030818,16.87784049338826,0.8605174600386226,13.164869175084911,-2.832499935862631,-1.6745684738933146,10.677839696616978,-36.30196448316216,-0.2787764199216371,36.63907896096817,19.23890481663354,0.11672031987758968,11.280857224273186,-6.779449813277993,1.6743962440567663,0.09884770468010234,-15.778279394993957,-0.999572410031403,1.1496984116561328
27.80564197871573,0.8225051329073761,37.17708720492715,0.5530095427163708,-11.32251642069475,-25.936308439197184,-3.8160662627609505,56.020507110465786,-43.45095715936112,-0.7536687246315878,11.135449939037382,63.7074396777828,2.6228297789097192,27.71502674535736,-16.884923706101812,1.584435322483253,1.007096169070024,-47.54942124937815,-1.0675786914946073,1.9123275770202148
10.251210564492167,0.04942893093529768,20.55936622743909,8.910610189150804,46.025905729044446,7.8856765010177226,0.03144471455570974,8.771065070748463,-82.92941809639116,-0.6118599310355075,95.27713404659536,15.941448172221532,-2.067132414044227,3.482463235425054,-9.057795336973069,6.086547252716411,-0.9444884347885552,-8.547064709877045,0.41011310318215044,-1.627295257145373
24.220661711378416,0.9317072545925764,45.40284186570706,4.637688561823491,33.631415433796164,-7.61447196168291,-0.8814761557812114,35.98193824183082,-80.06023050186697,-0.488821705967627,65.82638985977385,39.26089182930477,3.4725632821444954,27.846169437072767,-11.550777320621929,2.3939387066609044,-0.8574402812011503,-32.1089469982671,-0.5094089877309638,2.652267828928818
-9.985968468772604,0.5026964411664927,-13.245107831163166,4.338187446575496,39.01315694519178,26.936470661650496,3.5859407157048198,-38.32134764552176,-29.979686566225972,-0.37788757022748776,70.66045177722738,-23.66068574747878,-3.31531529218534,-17.140482160691366,3.3677908753629096,4.997906223025107,-2.123384742475053,22.918675167787278,-0.15026876673173192,-1.38645943814435
40.95346429457026,0.70723728943265,72.50439204646148,21.454363551833485,73.60173011900983,-6.56982902814546,4.211364710482772,68.44662914748972,-172.98726850569443,-0.5374023109494955,158.68365418746328,83.86794744614292,3.84310734891873,32.40565437968494,-23.81260524524384,11.091314577683148,-3.982230972246649,-53.78185819563545,-0.008938598396373591,1.8897091710988132
-58.618123412204206,-2.7789041504235614,-118.03196659299618,-34.57833806424153,-172.5700581327071,-20.61475103782007,-9.957746482143992,-74.67355450545791,308.2376735749807,0.7210410858428398,-318.9898660051926,-95.87490498308763,-5.8312670367696136,-48.841467023181764,30.648038208838766,-18.963111540444054,6.780864874896343,62.56404243028716,-1.5610340960387405,-3.219705586802732
-32.85425349599206,-0.5818547959579683,-51.753557081354614,-14.630796692085006,-58.15957768558432,-1.5970405268735952,-2.4914858555294743,-39.36389004642497,126.43110069052399,1.7768664101819978,-131.7645691050176,-70.1242982663245,-3.7202985274481155,-26.475448763245414,19.391675603348805,-9.60317414773813,3.505801763013835,43.06642128823934,0.4022400865006905,-3.2129035500804624
-25.13543123326606,-0.6066200181166745,-42.97929910944113,-5.728936287008272,-11.91452352855498,19.24534833257718,1.2695945524075805,-56.354980208365326,64.63854785079624,0.6369357756242733,-35.83053938091494,-53.91417608769891,-2.3326201214326794,-23.253815696477478,13.231536454010888,-2.042824264332803,1.369987102493221,38.85262495653184,0.9506139106796725,-0.7835116918103664
55.20326466336992,1.6988524084898655,106.03080219893,22.057512476904673,104.63399840328809,-7.1159760435253,4.820133813640415,88.533035269585,-223.1610181253145,-1.1493262918371232,201.77704008637585,94.33303806502701,6.1053715343234,53.40740979254942,-27.53196413547137,10.904880002693929,-3.9472768302266945,-69.28116051824983,-0.4428619804277617,3.645286883353024
60.3045792793261,1.2141259132145767,108.91117692288404,20.963824199242115,89.69600249561739,-16.682304911046312,2.6492947087353573,102.9527170819684,-215.51026520688694,-1.3177203065205574,180.73308345589214,108.46458163346682,6.794531302123214,59.285234519017315,-31.350167102251735,9.882265709254836,-3.1285452591119887,-79.93270902892355,-0.25092039572260283,3.7051846477898347
77.7521401823211,2.1468261206226376,132.93507141555486,28.503463026384466,115.86234953151848,-15.39894561034593,5.447935248785336,116.75285029619398,-278.06647086411397,-2.4287460860848653,255.50831280704406,156.09215536071994,9.780026179704356,71.31760102257142,-42.495178845274935,16.041503812907305,-5.776230001317215,-105.71403385704615,-1.2785604533425925,6.884325043617398
-10.803739686075179,-0.16819095573588044,-21.236088243650375,-14.568802225553304,-54.97534352504144,-13.071581210313758,-6.50641919831908,-9.28940655505276,86.47087341249659,-0.4646838409958843,-105.02941818425126,-20.715804802603206,-0.7424778022694023,-1.4356790259156968,6.051172220477925,-7.316932258072234,3.6154251012097856,6.685649469629375,-1.2297808592691748,0.47786269993968766
6.100057584669705,-0.7404330906878999,16.03546088691746,6.234018547345384,32.214377841336955,6.0244263874783615,3.8983617598517206,9.734716778385168,-41.48585580448227,-0.6095769316826845,39.62191203059541,5.93642047509603,2.432686796975513,8.235365599153857,-1.3450696304439318,1.747023087867462,-1.8307610996665415,-2.5694547378106067,2.0060593141237133,0.89059200502222
-42.125339635529684,-1.2140246632617187,-75.64483713975723,-16.88058699439233,-82.19325990226083,0.6879891988319458,-3.322234628272243,-58.439281549489465,171.20157616905783,1.5146445539692408,-165.34865709534358,-76.86305382086516,-4.46696622714653,-38.168596928589984,22.464513440200342,-9.827034466027815,3.9896227044417767,52.430713285882725,-0.1783394175828884,-3.2134516136382594
63.17236971758961,1.594842212754793,110.12901336320597,21.539886145250918,79.44640049772478,-23.311966601353216,1.64219718110703,111.05066620539353,-216.06281584541588,-0.877605831579728,181.71039852369097,120.03657133197481,6.325551991055189,58.23996218531121,-34.05251476257936,10.446810188137775,-3.224644192799735,-88.18300522740245,-1.336845854665957,3.5510242846810343
-23.57520319904376,0.08239469279642998,-40.10480337599108,-7.829428017445048,-22.32214667908063,10.788269833323868,-1.2877847522075485,-42.279986283360714,72.89205016242889,0.8964110835169243,-59.23519251166849,-50.48364009393084,-3.322071206530105,-22.6356273891937,13.622305080694172,-4.045755900653303,1.003518853891174,35.14616770122447,0.1379605316478871,-1.9420760952226324
-11.911401568691478,1.2040318937026626,-2.7965846451541165,9.134870987431821,75.88840395531874,40.253653720162944,8.50220659317587,-45.245047960014794,-63.76171344725903,1.1588848564756833,107.66845948706587,-40.805440611066146,-2.1099872817484115,-15.114952090686613,8.272789870564868,6.320610973803236,-2.703491283992453,33.19114344514846,1.730526377035619,-0.9298181380712306
84.56911813806809,0.9008855040778473,150.80639138515158,39.38738899390592,165.44946163287412,-1.6339379284750981,9.862479529869175,122.11185504005869,-343.6228520715764,-3.253145103982561,334.365367420189,160.88999751043875,10.880970662501861,75.04619357485917,-45.61670595651125,20.51386005432095,-8.099454618096251,-105.89562842427662,1.2289341288262503,7.142002186668065
63.21681176724967,0.8746418613037916,112.81489877921082,24.60177076599724,108.74685693874628,-10.563269445379866,3.1012557124114792,95.19752523105888,-244.0631186252102,-2.23844524924447,228.6723333555086,112.6562008600184,6.479524951500434,59.38560537529907,-34.10869922087177,12.38592949453037,-4.026939211223066,-81.00664219205153,-0.038075778508681705,4.5469136874263985
-8.205516995414701,0.6109168312941257,-16.911099160069263,-4.028745928175675,-18.828099219243345,0.3992501799783926,-2.0726338960329223,-14.67316060673608,33.24832840846982,0.6356132052126425,-32.30342573437353,-12.744130531749416,-1.6649291688759547,-8.416092335870283,3.315699643152921,-1.5309304857145332,0.8553256041529399,9.380938212014186,-0.524708713183175,-1.1338400189510294
-21.41692065334155,0.539148323662503,-30.539240701050062,0.6335439439426547,22.91749664659064,28.669073632257426,3.764482985145141,-52.35170744212268,15.658754575974408,0.8276188932575625,18.514637540150936,-49.40060702973207,-3.0884673967233836,-24.581946045907383,11.273039663990923,1.7168045805960794,-1.102086323671116,39.459950130637694,0.9837609107607297,-2.0153188426222686
8.153937827923942,0.21108534342832902,14.485430864087377,0.7719870265999611,-5.510106791402521,-9.824546784835379,1.025485333642539,24.55216398613797,-7.633264824436969,-0.1255939337166407,-9.07220003411323,19.119202156442597,1.9869620491753683,9.692999412236535,-3.4433338712432993,-1.1696429976682396,0.13587596447034578,-14.572388863741885,-0.37976848120394185,0.5329324413573491
5.989616659686968,-0.8133402233277526,6.8746123458851445,-5.920103784504943,-33.935737228095725,-20.533706891841216,-4.627707305760316,24.50419285551102,32.707454252502465,-0.6136475646531935,-60.40798286215309,12.750670433231209,1.87188356540808,13.233184973104423,-1.7788226547500898,-4.613340670373,2.503313879715837,-14.754567515906906,0.2123482179231914,1.038829173575877
-20.785335388326278,-0.34953040715240585,-33.22426490310775,-7.363647456020007,-18.7313446062392,9.538863420410735,-0.5597370213656327,-39.111836580041384,63.44505395950079,0.2075907167987217,-47.71176499506239,-45.14809054926111,-2.9878444536011646,-18.851063455083235,12.057715488781984,-3.442658801779094,1.4643238647938448,30.16899774854949,0.181313954159043,-1.045356202453099
