X1,X2,X3,X4,X5,X6,X7,X8,X9,X10,X11,X12,X13,X14,X15,X16,X17,X18,X19,X20
-1.8887202105030267,-50.400035065653064,0.9932351265535981,-3.0426582911585367,-0.498509200219977,-8.731916770124533,18.666628743846083,4.7280579870980315,12.909706186020182,1.8115179258833403,19.626557748789985,-6.244900200630766,-75.29105490825377,-2.4097275614473133,0.011376677328413914,-228.13028090600463,-1.360025202459973,-3.876357497608186,-2.6058985415415425,8.054529496652469
1.7388759668196458,64.53836441009054,7.434249446567555,4.064533487829508,-2.3389645563925594,-1.0361070768368648,-34.82116191212541,-8.94662543951769,-12.714490196328844,-5.956416959603492,-23.811717290686953,11.632479476482235,78.96183528854554,-0.5623900722627595,1.380564259734388,288.4735817689238,-0.15534363229957512,1.677692062015815,1.7653866640497404,-17.238641474920314
1.9007799763088453,90.47937853665061,11.384054742837144,5.957143402383552,-2.29308583732995,-3.016132222770407,-67.41982878661918,-8.497590540251236,-17.64452643527163,-6.372544471673746,-46.725798061140644,27.86389404968,104.85183219294902,0.29446457803597226,1.057356203656652,407.175745224996,-0.8992610335718398,1.172895713149689,2.3223898133863736,-15.765233502386414
0.7641954693562087,-24.31335629998289,-6.284356903902398,-0.6072822160043553,0.26710584597618175,9.522288015164719,6.948445533040027,9.045778805759918,0.4928917221937,6.446300366253889,-2.8176659533614647,4.384825356323038,-14.195080986520255,0.7653706341644907,-0.9656798610185412,-95.30372183042057,-0.15671756539234946,2.2387273160932972,0.38968187600674176,23.78073654067052
-0.6035138802663129,-45.503801961498695,-8.415593215367066,-3.7340840636816783,1.703313130098116,0.659783544732138,17.588292501206343,9.967390070141757,7.549034405849788,5.026294381258459,22.00036701613595,-2.830965525796233,-72.08981995461663,2.7028361503608895,-1.4165590212417545,-227.99595885745455,0.2937466447517371,-2.675298163690615,-1.5106475285201784,14.966339903712655
-2.7601280763192424,-44.38626688421048,-4.5297198600165824,-0.3643572202342549,-0.45127562856019343,10.078637496652933,42.62599969949943,1.0241121255455865,9.10086499099229,4.045707970187389,15.493273734658583,-20.884249094120378,-16.839580384592164,-1.6100656484950262,-0.9829171342861267,-150.25508098107574,-0.04966921405754427,0.8235954887192044,-2.5822675638731267,7.870199126915883
3.1407465243069304,113.98884012880224,20.39273923970299,6.086042371395848,-1.2729051736527768,-15.66968832173912,-72.46410082540854,-16.72758201524466,-17.598921944435272,-12.257212849684455,-42.29632680502647,23.729407816103414,115.72338575344659,-2.9359543318545738,1.8753244329363832,494.7958462414482,-0.7731749961209758,2.106395597638873,2.9506264088690117,-30.636606275200805
1.3854852863192302,25.984724344713516,0.36069576804043346,0.10221255191876452,1.2531352741026975,2.4245280219151337,-5.477091836095217,-3.199244092170925,-6.271447549036483,-1.077499897408805,-7.501962871562181,1.2894338207719591,33.13307970425516,1.6185260194349738,0.1954285547448097,102.54604381300106,0.3907386676447831,3.3516768113437223,1.9436411963947036,-4.4352908501690615
2.2646626406997195,-3.637086753247806,-1.3225001898521955,-2.207034623696104,0.49759596075790374,-7.704030225936131,-13.735822159529741,5.859830154696237,-0.8450056543175266,2.1685039799586505,2.511504356480353,12.914676513991978,-36.112374261266005,0.8594478801066991,-0.237880817861033,-63.5587904828286,-0.6206334791224221,-1.3647245726258868,0.8823834707758837,13.065049180862959
2.020402780696746,93.91332759514394,8.549757057048579,6.468364476417153,-1.9150025129652426,2.9265926250218848,-44.879058953406,-15.366760159706962,-18.467524658418004,-8.234899598546424,-38.70473587163043,11.826331492828901,132.92847100856295,0.27848396834740774,1.315619987372925,444.1598817356934,0.49805301268300173,2.9732899476500907,1.6715084547091132,-29.529802534726915
0.8548757960990869,94.37035562474483,14.969202182317566,6.426971619506897,-2.1342909124499805,-1.2354449915906982,-57.325475137097705,-12.821110817984197,-17.892209864798946,-7.808393328321739,-47.44191412535661,20.637315977090992,120.80767310707036,-2.188724454739032,1.9212667400401076,439.45213374481943,-1.260923339988923,3.877949888392565,3.0171759948208043,-21.89907254688239
-1.5603912603250194,-21.729496528999082,-1.0079434069672182,-0.4246478262495492,-0.3018154793932653,5.113975997925113,15.154995145215231,2.725991064755709,2.907796277333286,2.786097475471048,0.7020360843399038,-4.830996446891018,-11.351667772154306,-1.3095720427889053,0.3514638075333077,-76.66393299540093,-0.7216023113780586,2.3094465639601207,0.07109867799458425,8.60554210837204
0.9886574440940807,-14.448215912121043,3.157422354056741,-3.69773165595794,2.3330390405767565,-18.45038619445547,4.2392569725710985,-0.5246860179456525,7.082697835928852,-2.8853888718690834,26.13807701410712,-4.201444828433202,-66.31979161858256,-0.6659692435079556,0.019266747909392958,-126.86133973462395,0.8183471506720056,-4.309230368328037,-0.3068049083118788,-5.4328964861825675
0.7895812508040108,53.31950915386058,3.1268070815130002,3.3068296925961618,-0.5933583956486864,4.760726083687346,-25.93023251143324,-6.339208444623188,-11.228968350497357,-2.5768228166686145,-24.557266483694935,8.487982787307743,75.00601963438855,1.258721874344913,0.7289119018006025,245.21821903055798,0.06841003151444372,3.58295100376898,1.6258125350786865,-11.654996256539993
-0.2585002939045345,-14.9251003033302,-1.3159030811551118,-2.8788868034469477,1.7165290385596037,-5.90868532979989,3.268636538331559,3.971592096938501,4.481963528133819,-0.10402262026565001,15.555841321601129,-0.7365008822721295,-45.23831274819446,1.668235261203706,0.23058675959014185,-102.12662800924711,-0.3039189017396121,-1.351034373996384,0.06615904572287035,0.6880318327765609
0.8565101216344149,46.27696114255159,6.640846678103251,4.379099303804912,-1.8130061665553119,4.325690811635045,-26.272243310822812,-6.898753226381023,-9.853627864477522,-2.670592510990792,-27.76035828843266,9.184550371613556,76.351323680217,-1.5130141385367222,0.36032159854147283,235.20565720483802,-0.36874488893488383,2.922716898182835,1.3416446326138536,-7.123868303357673
-4.271624737096048,-105.92013255024433,-19.9372906071993,-4.003030087768432,0.7188852203574789,22.259032501373273,72.80845475115399,15.185692126834809,16.018299180668652,11.118001242973158,33.346761576391515,-27.04924351480589,-82.22970069089175,2.135571922536196,-1.8181619319980937,-417.6034861716428,1.902009167293307,0.6039693245248489,-3.3716198237488912,23.183288318831135
3.0343110990204116,37.05089560363242,0.9584894824445925,1.0216044717417994,-0.05444512496786602,-5.309868364829045,-28.44358811339166,-2.098142669054846,-6.853252517431472,-3.940641347289424,-10.70679571216874,11.737965302550196,27.112220124316714,2.476380837172893,0.7364325779777983,139.1272684979324,-0.0037157995472890965,-2.1792001539410863,1.279991235296657,-10.608611582240949
0.6350893405799461,5.240667525838888,-2.479140923570646,-0.7413773330372702,1.1947607508029034,-7.124136238474172,-18.14030020646217,3.242781279032839,-1.2553887751547907,-0.05291870534002552,4.578912911716844,11.368778593632532,-29.911890950765734,2.2175452620858573,-0.05256616272811592,-21.959670900404625,0.5317436227815188,-3.9355216433939595,-0.6238816973910604,0.4297489869504457
1.5254659354904943,50.81356874856225,2.2918906490376125,3.325436118231094,-0.5603642188084554,-0.8421200329012433,-35.00305453156951,-5.802471007285875,-9.333138563106477,-5.234431805496711,-21.52907777687424,12.807744126421095,60.286229981965846,1.7480119076042082,0.3826267575147472,231.85303562648937,0.9895473284148288,-1.646719136237992,0.04972177871490524,-18.78914815651257
2.679273267955032,71.80978096320804,10.17544169474797,3.409479030549723,-1.449817877846077,-15.388673010527317,-48.01169722211794,-11.25559446552485,-11.399048733075066,-9.349369484231763,-18.41631929925541,16.527102865458566,53.8345651314793,-1.016396707463934,1.382216671974871,283.28282715822957,0.6629603378719352,-3.3996534321712764,1.1795960473255953,-25.46965529436532
-0.6893426839943607,-15.739823336033343,-5.370981580087051,-1.3680770397416178,0.7970105929376624,2.1419104294252946,2.3492298221691135,5.576435541449429,2.401790659599192,2.052333528774551,8.760453048853627,1.7733374497633847,-29.323487514892808,1.2644837428663984,-0.1219962169216885,-82.93842587215241,-0.12910943065782798,-1.3208599449027072,-0.9302570877066426,6.639767397047119
0.39388648784666613,13.158987545369046,-0.9544738320229942,0.3774220942928975,-0.02120587854854941,0.2526329785112489,-10.842022187003037,-0.6280776220544644,-2.257934876547771,-1.566998040658541,-5.890510666297446,5.542585231876362,13.565458490437276,0.475314640280881,0.2494918833829752,57.18298708973894,-0.6056734278646376,-1.4481933748161153,0.015449259359567591,-0.546483347422277
-0.44354850320316686,-41.318118323707054,-3.524537171143221,-3.710488866872503,2.4741850322376604,-5.412784964452064,27.260709795210055,5.296895372007446,8.294115904237144,2.7218983993294836,31.771595139814107,-11.15930500639497,-74.69426666849083,0.2644626450796969,-0.47929646022560163,-224.8567872728298,0.5102848776715777,-0.9284224193960258,-0.5354170404287928,6.73256399652546
2.591206462622215,105.7619580196713,9.782547898200791,6.738700126534032,-2.163264110819171,0.46058244473661875,-52.70095128509483,-16.922898059589087,-20.142916833981662,-10.002946523872724,-42.4092894814482,14.899934558855449,138.95176117300966,0.9066060098249581,1.4249162399548028,487.4313725733119,0.5974717527646803,1.9853250505911593,2.3787464453664784,-34.61503880969781
-5.331398876147226,-182.08437913892558,-18.964600542787792,-10.815750494777747,3.285350893282244,2.8395744202940056,112.06527231646052,22.662756466377434,35.94513085687278,14.30943644947408,81.85213686136805,-42.12740746644325,-217.54248585610753,-1.2400448563488817,-2.134903850240685,-810.5309558239596,0.19390155905594653,-3.215580593671696,-5.4583680025140024,44.78221303347403
-2.722842638572395,-91.59544855251953,-10.506371210655905,-3.888255448774424,0.06090698722296772,6.736251463021832,53.50373704724977,12.30493858220637,17.634705235096515,8.684168873589163,34.03863102874523,-18.71340489857083,-92.6778265707842,-1.6878160637132111,-1.8247508374121137,-382.5391780932791,-0.27133806201111876,-1.2726057720041741,-3.389052079794794,29.16733506133084
0.5838233194220945,0.8639262348359174,0.15115915864531515,-2.2608189861064583,1.8431650727597715,-3.212594344370052,1.621695300147013,1.7675191508236803,-0.9312260315366145,0.5124785352629015,4.685209631488765,0.9772666703002245,-17.172744174285913,1.5945025825690415,0.10172475128859383,-30.980465742740055,0.4390675137015666,1.3630359690670741,2.240727151791379,3.4865035876203088
-2.8507251568035303,-77.59351158460915,-16.530709528944698,-2.6312120761743385,0.07098129788573326,17.009443197129386,48.62356696081839,12.920701968948014,11.488936460062131,8.947323933115431,26.425041094803593,-16.89701039969746,-65.03187285718974,3.3616779329643087,-1.5440334152036834,-313.8468203715137,0.8071058583983295,0.2271371839856219,-2.668883704225415,18.073828671968105
-3.7021778017241775,-119.4679919789111,-12.62095225590527,-5.840211946642707,0.8655589187503141,4.174355546464927,67.55785051876329,16.255384094242242,23.026995793690254,10.382886025172168,45.24208379118051,-22.184928830550383,-135.68051010307238,-2.4071616652721484,-0.8349345880216077,-518.5849772762352,-0.5283924570020336,-2.192887559855773,-3.8607924924600185,34.72296008921758
-0.7943634992394037,-29.00890775371746,-4.572042260883597,-2.036437339448324,-0.4716404208578019,1.2509992155833838,9.954357005682045,7.479095000551994,3.1827782871744654,4.144983026769299,8.08380046558243,1.7408082113470125,-42.67493216049943,1.3430496493418629,-0.4697385999557684,-144.02210113249896,-0.5690973432955241,0.10528058320059563,-0.04529033311711084,13.318524787055429
-0.5922802235584173,-48.38680333798938,-0.9411979128492118,-3.2790757054709583,0.022848797549159916,-8.058197274024664,13.982104989594742,6.890845107586089,10.515293145293414,3.0196281159580707,20.200405167198255,-1.346052110409706,-80.09360118197579,-1.3264801702671747,-0.4822490222748935,-235.45032746982585,-1.3050284901706792,-3.8166111946042776,-1.9279194438521814,14.648350226970761
-0.40117226215857754,-30.153593596138663,3.562215588254742,-2.5084987382104735,-0.6153035504213762,-9.348945527772091,-6.969791712768504,7.505579041820307,7.0921176106245944,2.233030965641918,1.471642897311337,9.834135172935284,-59.71367332952678,-2.5393130723225013,-0.42040892798957985,-147.90446584778334,-2.514082756218183,-2.676598436660994,-0.6549128130106932,17.685143460800358
2.800390020234647,47.896919574212156,10.198582077945794,-0.14740345183026715,-0.4547668228029059,-18.977327518175898,-42.05140281777872,-4.873627009771765,-6.58821176221438,-6.7381152327056295,-10.016854083517941,18.334449244084563,6.603115812431781,-1.2670599500052182,0.769437761857695,152.0650723743902,-0.5464447151123345,-3.0995369435362203,2.0433592049835942,-11.177442713723874
1.8621664291210285,73.84287040272419,6.725772704054439,3.853904322952987,-0.7612031225832905,0.9344060068117529,-36.42463220792781,-10.886370950421822,-15.666732978249907,-4.244262712135888,-31.01513378964537,12.858302179516503,92.8548691673626,0.3841760280497097,0.6419132734459952,324.7806527716177,0.39277851519944795,3.3868229379035144,2.0751897385954448,-18.109532528552187
1.0656120398506916,45.85061129365404,10.090650900250486,2.6584137034095034,-0.6131236400744893,-9.54874179354642,-37.26454387743009,-6.315351633177018,-5.607701380016743,-6.43198795143418,-18.756092312893436,13.120196646080833,39.42126788244756,-2.612107215709866,0.7320989725410758,200.08576437838906,-0.33249590217588954,-1.3626690767531215,0.5719220385614265,-13.812842972769175
0.4096029408722096,36.4459086501007,4.557848855373962,2.133742588026541,0.293428980079871,1.7339836171235568,-10.161408286535481,-7.986982985958934,-6.913987716009433,-3.4113622891724655,-14.106116913045286,-0.3302982314450968,54.71120198289625,0.5702220375379086,0.0971005673215554,173.52017736367017,0.2627437374062027,1.895055783813656,1.5059946766988919,-13.5270707712585
0.7566699000493526,59.99639937644374,13.610680130465086,3.185186692900179,-0.7639391107189355,-8.346251619131545,-34.372653682923726,-9.790326094455784,-8.22223204220167,-6.031909044161269,-23.586225195828394,9.125645281840708,65.28972683289261,-2.3101201200470984,1.1160122375131283,266.29274489871443,-0.715111429059171,2.1752794067358585,2.3909394974246614,-14.819964737354775
-0.5472256382577322,-37.33357495153542,-11.590799624771448,-1.1440263750073356,0.5306160084399129,14.15402300487002,30.34899267462876,5.722759184279069,3.6386991643651747,5.958439900722767,8.554205029769495,-9.974174157592264,-13.535926403245323,2.281793252746137,-1.3484548524650932,-136.38838527894896,1.163395980568044,0.7730461306595452,-1.459473493067616,13.459741364889867
-2.7802446291750953,-99.16972826540339,-11.77779185484176,-5.566452195440959,1.0523209609448712,-1.0270693469298955,58.3211085866531,9.948910748641655,20.73562670617007,5.676965875636329,48.49699060037856,-22.89643044905819,-126.65054745216055,-0.11864301734560573,-1.7002377253136445,-448.1061406087208,0.4532117683099153,-6.191292834904734,-4.294542209005652,13.190625760121268
1.6991935505702775,26.62552800353026,4.340829160354268,-0.18367994832978674,1.5005125993617658,-9.018858812114928,-15.466015267261362,-4.773293102242381,-3.8370299166039654,-4.502546888063371,-2.0959639361563016,3.9873060962692763,8.11564878999058,0.5952570212857661,0.47953811144029423,84.78748750588294,0.31065625343927505,-1.225545550802916,1.4331427079756747,-12.612839259712906
-0.6163950935415233,-39.17981076283101,-2.7708965076464653,-1.711184616890931,0.2509097087399055,3.8910838198563344,23.62310969131637,6.3075395757083355,6.097704493839984,4.8712354546996925,7.611433701907947,-6.0423974384424595,-33.92763222066927,-1.00849810177007,-0.13154765432117618,-161.208961986135,-0.5020142163910362,2.3110494808319104,-0.05614380307242137,16.80423210310522
-0.8442963202727085,-39.678493776250164,-6.106020584415025,-2.4681623927290204,0.3392891781162538,6.083564538525686,23.195298393691903,7.4107711278397215,5.904657857590516,5.637483711878033,9.200360045664803,-5.203782893725082,-36.670711298227715,1.14463301433446,-0.5867528375368729,-170.55666078825558,-0.5816407517440906,1.7366851704608688,-0.41385698639430635,17.234994056810077
-3.0227960033765964,-83.33551902801996,-9.846422447732099,-4.6864195323867355,1.4830286812356672,4.994291715112415,58.943906775498,8.523192644362187,17.130660640964386,5.691407835479782,40.567404482377874,-26.933298692379367,-86.0334278612307,-0.37958993491369464,-1.6281393460303122,-352.0510771094313,0.9360981227620142,-1.9506807621664384,-3.1015093298028367,13.464890766335625
0.48982899457919593,15.966452119096678,-0.9809003012488003,0.473313022981934,0.7851203776713354,-1.3623973628851074,-4.119077240560301,-2.4217743398846108,-4.150275472963052,-3.0134041836071948,3.9592766003304893,-0.3416602711897905,7.291584787935706,1.5909674414112942,0.8499563881163341,50.99609144674609,1.562335092368369,-1.0790826204391173,0.6809271527148227,-12.205940563152406
-1.5242783539693183,-90.01920098079795,-7.699244774694423,-6.61976968901409,1.5714359706789471,-4.732843483778289,39.30444560259377,15.733357668753934,18.19278310022824,8.393043898977233,35.35958297072454,-8.063773386092956,-131.3461069606303,-0.7766763654131161,-1.2106411783064916,-430.10700070572705,-0.23623862064854612,-2.9283292698201353,-1.9537980073507697,32.59498415057745
-0.34079222445026613,-27.32534038031041,-11.97962438107281,-0.174186376917299,0.4345634074670265,18.283481003690913,16.098570558660402,9.615088731019604,-0.09409188519090061,6.943400055378481,-0.6159674838182307,-0.6994263211212921,-1.1722402152146618,3.525676734401704,-1.1551046072506077,-93.95811264012681,0.17032815167781584,2.9624118732972997,0.057755485302946497,21.120762644400394
-2.241174473248602,-97.99642189373411,-12.81234723707187,-5.527983125415744,0.9179482179260328,1.5441165305157738,57.12315136267639,11.086338880124945,19.87728381122238,6.080748668640398,41.58727387906559,-21.354920930104928,-114.6954438143795,0.11064898363531916,-1.1779311968673085,-430.57366817033636,0.43047620779089585,-6.056180523596734,-4.1003379464903045,15.493035903167604
-1.3335711929968936,-36.65364372237959,-8.46132649466056,0.0031331475529035036,-1.0462611532440376,13.54544758899118,21.60601373329522,6.382092730499053,3.8697092117760556,4.711560453481317,1.6695190063389145,-5.40937947277526,-11.15414164099109,0.2597004858908781,-0.5183847501106709,-119.7042147035828,0.6790451554480991,0.3086906372412819,-1.896966315126075,10.482926082060093
-2.692556003643917,-65.66356650082636,-7.00558179261561,-5.031335128343022,1.970177276192238,-2.6364743124222954,51.06284369588196,5.904391680878057,13.818893825082743,2.930601877341527,45.311122538192635,-24.721491949678704,-93.41494090492414,1.0515666452830446,-0.13015364958683254,-318.66282173778757,0.8994012807365662,-2.4595338403403875,-0.6839035636529136,3.48934609932201
-0.8835440047131271,1.1382366337618446,0.7788508389739078,0.8221037918007785,-0.2833275640335348,3.338665052410815,-3.127178675541834,2.6133484694261058,-1.6916854153238363,1.0798650195861526,-4.861755464737966,2.3616919480667766,5.167118146773417,-0.17113975493217598,0.360640563734095,9.767582481557557,0.011025112821231859,1.949723250666381,1.472622722778693,4.182548663543954
1.0408330644657902,39.15405481463212,2.752137776552314,2.2653921029379864,-0.6401459097238096,1.5087636438735355,-11.328200643384532,-7.658490148014975,-8.227670458489806,-2.9794244919859616,-9.645083574019905,-0.07057562875496126,53.16685350555405,1.3286691155282657,0.4363490401709771,174.5564835571391,0.6228906449786658,1.1220121860878884,1.5749025357562605,-15.433619242266152
-0.7855049953583086,-65.74514067955486,-4.035952091102867,-4.252644065201928,0.21146099193823842,-1.938525786724182,36.362751984705305,8.32859086567884,11.797433253018475,6.47212206847191,24.152189224911695,-9.44859068326862,-82.94117585597922,-2.0351975112088247,-0.8668467700266156,-301.5740611078299,-1.170648091749762,-0.8622086627194943,-1.6982475836973263,24.353166537289596
0.7120769839956272,9.221906604914652,0.02598898113732062,0.6706030520874855,-0.6124350045764514,-1.6850812234815409,-19.224458715141452,1.2472351678115559,-2.930960597121513,0.16070612021673458,-11.718100615385913,12.787284593115226,4.094695194803989,0.34940865092534745,0.05970674465134979,36.7071552338253,-0.13862944410064465,-1.3779503358150833,-0.41149999579675645,1.5731656512010748
0.9744139099159063,50.396457536905864,6.3116091136601735,0.855774622928301,1.0652459043980826,-11.647926156621175,-21.95749194670349,-10.371671059842198,-7.623254042969054,-7.917677647653834,2.0152858837204097,1.8195672245182801,25.70181698546531,1.6099723950821825,1.460846994182427,175.92308694609315,1.077864468026794,-1.3046550874951208,1.4111673760792227,-30.341847471472732
-0.6557554730652058,23.588446759567233,3.079531707607648,2.8269155202951013,-1.334706763633831,3.0563884356024715,3.21707228209059,-9.503948865038074,-2.570640650703659,-3.006545730030919,-4.836417590058582,-9.277587651941358,50.602394384755264,-1.3119463301726144,-0.3248008483100701,134.85149951912342,0.14391510968201676,1.2434313734969544,-0.6733141788548965,-15.956206527686808
-1.5642855013462007,-67.04288209449537,-1.1155517048317147,-3.9582645700850003,0.20068418647963454,-8.952649902153166,22.625966038859826,9.716659486113992,16.14702823801541,4.179805488571236,23.451163604685497,-4.861001445478292,-96.22090118055542,-2.802768042707533,-0.6134669424418189,-302.8500953751704,-1.6491306157666314,-4.704874191063063,-2.483456009249553,23.66762733802832
0.09527138155777415,-47.329232987069716,2.5458779503793654,-4.860426700138402,0.8216006724486802,-13.335318057409554,13.201306160484984,6.855799853491153,13.298646457056472,2.4790292735008825,18.241731899960193,-1.390278325581176,-83.69138855898603,-2.729363686848374,-0.4219430057222024,-237.77770188835322,-2.0297449382004915,-3.0260447488550315,-1.0205315346633743,22.0367267637982
3.0223220854065396,64.65428605663203,7.884251094282332,3.171385862464912,-0.6512875659390444,-1.4369222531647836,-42.57729816912012,-5.959874213766474,-14.432781745461362,-3.0745791119904387,-32.56125778782106,19.06256746445414,73.91422076335715,0.6382986821707215,1.1270015780581766,277.61356597530875,-0.04829932262694609,3.376645529268421,3.632214000637389,-6.5297476167136725
2.1950742209360206,54.28381889024852,4.017459108118524,3.3995948670856464,-1.1542736242093663,-0.39998594060813264,-37.47351217998541,-5.3068953853370315,-11.99091350738587,-3.3326958466143175,-26.683051037441572,16.331220150449266,62.51001289838052,1.3311013446019202,0.8556968812453359,236.5908392658464,-0.047266683830559444,0.6640283224111468,1.8289590704964707,-11.125529308143525
-3.790589206971156,-161.32804714827063,-21.87057959574307,-9.872224614941366,2.183872269029668,2.8969036465170452,80.26643228360517,26.19115532981491,29.27073786925427,15.057074964851711,65.52777664040462,-20.612628183055293,-209.7977495914263,-0.20868568229867196,-2.230909492891963,-741.3894901743365,-0.5174269083403344,-5.960737309332718,-4.9339076788115985,49.271961027833434
2.7309178791519657,39.693605873551206,7.701990092341712,-0.6721502311882852,1.6113063352722685,-11.288763230825893,-28.167868549998055,-3.2015602802597387,-4.964756177195171,-3.8877663739962034,-11.790675844802905,11.658082427310141,22.919936941751075,0.6278141616345234,0.6540256179324727,141.14633916667543,-0.13563661469494664,0.227617453490219,2.87151559071623,-3.341514640567132
-0.9820666331529606,-48.62438708901235,0.4437205373947459,-5.2573843181287545,2.147061306070512,-15.072327519206924,27.54754979446064,4.112603493654328,12.925436274985438,0.45639470464704024,39.61610482847334,-12.755532978133672,-103.21717542474192,-1.7505714121726628,-0.31563950204157953,-273.811710305966,0.7560174030278353,-4.13056158877284,-0.8460750723029944,4.011064740004879
-1.0868670536778258,-36.474311190240684,-7.037710298075433,-2.2695128154446262,0.823663187652849,4.795773014813034,10.246693868534285,10.414860049167892,5.164555654934093,4.650881912130015,4.955454120407773,2.022416419937347,-42.10784229308549,2.7837250926576695,-0.35395784680384423,-160.2252234202602,0.0324631165957756,-0.45067895221498255,-0.19218995761407148,15.94658448545962
-3.9420987211733767,-181.56075569412357,-19.756972809013554,-11.845073754173601,2.533585510872294,1.2780464292090277,75.96568438275334,33.544812568305076,32.68682307626523,18.46982666280446,58.79402402539785,-12.5299222657067,-239.6426891528108,0.11839047568125416,-1.8510040419255442,-832.9952144134073,-2.479477599689002,-4.784442316668863,-3.5973268393681384,68.82595885178353
0.4365377094321779,0.9438926924792838,-1.5579970895300246,0.44298541797502883,0.21218366290538931,5.435396856787459,7.476326180915824,-0.3798618763459791,-0.6398336342447446,0.9650128475323781,0.48814380974750005,-4.93210554735061,15.543469129893836,-0.09302935222735265,-0.09476297443969377,18.07670738346279,0.7261289365924646,1.8498111313050185,-0.07223291713933971,1.1292431353961871
1.0811486893565314,29.870381617433555,8.193636895138916,0.4871010624353611,-0.21837038800577335,-10.06895150646358,-31.740481170301464,-1.7554497221407606,-3.9392034068619033,-2.034319819951885,-13.238239475982532,15.102920262325377,8.567962934255089,-1.3112360704198394,0.960416470075142,101.23510073192206,-1.5124386755674626,0.31942253331691517,1.4139607983187328,1.2103804936802662
-0.7741664739794347,-66.2775992605626,-8.163046552852483,-4.43846536691451,1.0364599575819895,-3.1065067589239974,16.58669700302782,15.740139017004527,12.279769746768933,7.0550442214818325,23.870984212250352,2.1161061396518663,-105.60731377592906,0.8279533855670127,-1.1018996450688017,-323.98276164453773,-1.3214821357719344,-3.772129416111098,-1.5786932191760288,28.85526168971433
1.1374758203914486,3.377147398661571,-0.6318218573479464,-0.7453854635573294,0.3364978464043996,-5.872870027826192,-10.11912559444035,1.3255535781140109,-0.3454868352059719,-0.015084369520188753,2.1027848537056806,6.623703959717019,-17.95396732500178,1.2669076048184125,0.04973506621172826,-15.816136098684376,-0.35241685564258823,-1.984367165008063,-0.11112018163484941,1.7647161537848906
1.0268258188624708,46.45455953983893,2.674463121900584,3.334177850876985,-0.14106467295961567,3.5782005686825773,-9.151209418544909,-10.957361941743235,-8.519816688326838,-6.240148664269768,-9.234874024130995,-4.89853442483489,72.03150578756564,0.9255023346525778,0.5274123189424834,226.43753277881228,2.3153390977690327,1.16665918632185,0.6318270777402384,-27.839897853518067
0.5722951330272736,6.844829437186566,4.980512748502514,-0.8458778253615752,0.22801024462878006,-4.568117195443414,-21.093445572528843,4.490422641930391,-1.531319853016583,0.35727278288044656,-12.87469216441398,14.912835915015371,-8.074539004727272,-0.4122533258819514,1.0375264675790656,15.651013252359904,-1.1346163959313906,1.4709030187596297,1.5635233542022515,8.770144588646701
3.1015039190154177,84.7304644134577,9.223928977646622,5.163707763788523,-1.5869513515489697,-2.598994294018902,-64.66397740501826,-6.916695633707787,-18.42006678501888,-6.088462663274111,-44.18975664553084,29.40433591862846,94.71054956565776,-0.4009600062406329,0.9676715356696848,373.85634005176496,0.08483531650413531,0.9067315120999566,2.4419616926796097,-14.731131217215022
0.010645832846820191,0.5722002456330413,1.9783400930284145,0.41487644159534137,-0.607912903316883,-4.355193059631729,-14.868204917775614,3.194269119887235,1.8045892336805869,-0.23922307533689485,-2.8390298384617387,7.9891666175261555,-7.871292903187224,-1.0156941482035875,-0.29141605074478194,4.025490114314417,-1.3124270484283491,-1.8488031207433493,-0.43099986362787285,8.093604475793
-0.5528996016407373,-7.393293083531077,-4.796001702954079,-1.3481540001829684,1.5661024440162714,-4.522417540160675,18.462703438841885,-3.3573392005257707,3.5094158471130044,-3.996975830046289,26.514296285520615,-15.45463702834504,-27.504827107709875,2.6073235123059844,0.1916465652950698,-62.997366725128856,2.770145886142269,-3.308979340890752,-0.9573256431961166,-24.40562087898775
0.5222154968427584,18.985583695471604,3.6825063325525154,1.3325384739566313,-1.0849327823666886,-9.600347035020002,-15.315994388168615,-5.146612806148465,-0.4019341661224898,-4.433538504087325,0.47566028849248754,2.5533780168755733,4.637855735413085,0.653174321819727,-0.2630338013822208,68.6687188020032,0.33566588548078347,-3.6233286808430094,-0.4619696146392454,-13.592767410138432
0.8009948502891282,43.50519060685824,3.877248662701027,3.4975240443743183,-0.3513735772392633,5.563387887322907,-14.347455533446823,-7.779222592020318,-8.374160139917802,-2.598892872647336,-18.098371561245703,1.2072343360972884,73.76531528508657,1.0357333817993557,-0.28478477011526304,217.91934407330032,-0.44543950733369375,3.146762866475029,1.3115962935261907,-8.806700378318713
1.6577411631223278,-15.958876169692852,-3.2424454811165253,-4.19531933162969,2.7647738579120618,-6.843549134056175,11.270645335478042,4.0932080477363115,1.4099535753662191,1.8304366675507158,21.522352252474185,-2.2141049693238033,-52.72796015270159,1.3149615310179128,0.0456835477760816,-130.69352408108008,0.3647398773619351,0.036317959391506394,1.81904873930795,9.351401633131227
-0.9344273954416349,-102.86195007676642,-9.447628895710775,-7.345233085218098,2.5323857960313294,-1.9857421868393412,50.525385715020654,16.692323713259626,20.58380440301518,10.329901447393766,38.142121679052714,-12.37938697439807,-134.37563796911414,-1.5272571753315136,-1.9570556660313625,-475.6971242961763,-1.0303061947899281,-2.5282578734690224,-2.4015298540776007,41.56815704372727
0.7762670557897151,-36.95735850101653,-4.084056636020191,-4.718007527349462,2.108348258816138,-9.341467483538604,9.650806904617028,7.910667883853942,6.974883897600863,3.433270535882804,21.958149437907743,1.7850212210497156,-81.75605821048289,0.9912192413390121,-1.1948613999594753,-219.01501788484947,-0.10155540621749663,-3.255248474149459,-0.4731350371373213,14.944689353855729
0.9876754050576916,33.71416134240196,3.860148981840956,2.5869019956111483,-0.773821565587276,-1.4725667217673495,-31.10911126060959,-2.1510277248631366,-5.7362759648843795,-2.517035629680071,-21.03643199189123,13.761121063818543,40.95252461693066,0.28839500365123416,0.21599016236327387,158.9488334477761,-0.544971661421755,-0.537527863972006,0.5809119773464547,-3.981420352343306
-2.1007356718052,-54.353735489195905,-6.615810617362507,-2.9723763694020557,0.7691876299066804,6.722233740349502,42.243598617408985,5.038274949858677,10.211845322124104,5.173276775112695,22.130615376433546,-17.87377081023408,-46.708781142636646,-0.5200992578856604,-1.4583495113081253,-224.04606374203257,-0.031742635377009755,1.1148715079442515,-1.7657521231823672,14.893265050382238
-2.640469175814679,-84.04406797943386,-5.498093542090539,-4.770386626495209,-0.5614057459240577,-5.1765664108230025,40.92015474609693,9.553595326631964,18.497008809091,4.719218327692492,35.10920668931926,-14.186929366334379,-111.32194676128182,-2.5633456909712677,-0.8188675295425494,-373.56214218704145,-0.7376043351533526,-5.293291437535659,-3.28329641223753,16.758416639809493
0.5632685173995414,1.9901460786063898,2.676005031701103,-1.3772112101992326,1.1738739037309651,-6.778478328743676,-6.517068635425832,1.497409819329918,0.8509534560435827,0.2772745985843462,0.5414901614433544,5.134461593605517,-19.922071868359943,-0.0020924299450403305,-0.07464792690885633,-22.585590252967553,-0.3291650799055773,0.4458717084527441,1.0156301692600531,5.017111625705807
0.8305464846709831,64.8654265740529,7.576123174646664,5.657188083936277,-1.891330035062957,10.088103618242084,-26.55456689036966,-9.654725302359664,-14.948646327023702,-3.775806597981902,-37.372405909734375,7.244730653664871,115.80586830429408,-0.13275447303823928,0.9119930893373834,335.08956666950263,0.8017288017078044,6.57576476537775,2.6887739301595683,-14.851538387489919
-3.4962982429334124,-83.90655816036207,-10.782907644610038,-3.142561785528447,0.40691515731536954,7.829783041143967,57.74823980889813,7.999921904507369,15.635116991533062,5.916582414027572,35.032365201934944,-24.65863289808342,-80.43107578161259,-0.3131568333152019,-0.9187929538063484,-343.9445724674356,0.6090332350872313,-1.9252421537945463,-3.421351545178904,10.378641833155966
2.5534483905611634,46.43846130929878,9.915912421012328,2.478898502746021,-1.2375704861973,-9.719584371090608,-44.315581186463206,-3.3879342884158343,-7.349006220159985,-4.056799727472426,-27.54496622127468,20.838519815533285,40.45099894959176,-1.583449570481576,0.8702678290807063,196.65136248005774,-0.89801512644567,-0.40082344815600063,1.6470838901882483,-3.7531670764202847
-3.101148558232203,-121.74884341566361,-11.830629714966593,-6.867145769756762,0.5978647703299891,-0.7027513336649905,55.066372390963984,18.499298782084697,23.612582434609134,10.434670832352896,41.95004175066269,-13.298290352502061,-155.34264348682746,-1.7379853576680215,-1.2812632204426584,-543.7980498995688,-1.5576816077454771,-4.580005396668245,-3.9827972486743457,37.9148061942232
-0.1472024752600167,12.907313493173245,3.721047709522197,0.9760685252013364,-0.4005000612570207,-4.812296163929892,-18.21231248473088,-0.3299595453905513,-2.291310235031346,-1.5861997347113328,-5.696195313934403,9.487897106112003,2.6203185254663834,-1.098212785212756,0.6660025737688755,50.21872947733557,-1.629719768536373,-1.1301952048854205,0.2372844508942915,2.048358139490069
-1.9638245504005003,-68.05301090428279,-12.533334437210403,-2.8340169259028185,0.6359649494709855,8.738823070843479,36.86081510722267,11.957899671657781,9.173622500737322,7.394680688081127,24.545948608432365,-9.373483454195226,-76.49824577830546,2.0326825362661967,-1.0837774812172694,-302.7411976341961,0.6492102219066147,-1.4044032410509772,-2.0585151388476244,15.987040418892823
2.538767555624518,61.47058753346199,11.561021676297441,2.8612411791387737,-0.5021713249123387,-8.989357104525155,-62.58304848116792,-1.680054621077542,-11.089974025940844,-2.9094761119005335,-39.828468089052556,32.25523525299278,49.96556500455279,-1.1168112598784412,0.3488901127938251,252.35683222153546,-1.6488778988259318,1.0677173744986117,2.685280056963439,3.141744312116775
-1.5506394248283644,-39.018222243135874,-4.652283251530279,-1.7649157750357434,0.8255365966795027,0.9209746367261159,27.027659557069306,3.4052770157267767,6.7676445461807315,2.348305325760581,21.914449112781707,-12.032330506533869,-46.94093638503206,0.40608857145134414,-0.4197307625891468,-173.80813202787732,0.0966909130086025,-1.4582299647631136,-1.4010926793192429,4.532556667243492
-2.1510695613360395,-39.59831028009672,-0.19163815613116464,-0.2499929764898113,-1.722493297964798,2.261876378070006,7.638332830562053,5.989973227317735,8.760737265637681,3.5017425481103164,0.9673025194577002,0.558109004969967,-34.86647568635403,-2.476963998621212,0.057518436675638475,-142.08360305625837,-0.8526803800932494,-1.5078073387659197,-2.9253208549638754,12.198684240855705
0.787924396493424,57.95734129931041,7.44281017747831,2.2599370355267205,0.8721024745273347,-5.060724510926845,-24.88211151373207,-10.022292736354709,-10.353929093079984,-6.793477187354856,-8.587989505641122,3.128795836850774,52.44465231645603,0.9875498355048367,1.6534591306956077,233.18158813313056,1.1102104915615163,2.155539127001659,2.026680331785734,-27.445852559596712
-0.7977816231186186,-64.8937740979104,-4.319781781083334,-4.011965597321738,0.12418436387216802,-9.155460856411796,25.435907844048135,9.820530994390046,13.452291178888684,4.0558663256518175,31.599203963437176,-5.738894994038212,-102.04559503857008,-2.5824134247396224,-0.7328788433607003,-312.04307580364735,-0.31062516894368775,-4.512190381738699,-2.3886614176172594,21.328088199394536
1.1247936220591574,58.581767653103114,13.750275823252075,2.6693082003245827,-0.5023000567332684,-5.894695975168519,-29.816025461547948,-10.108668148002714,-9.086997864187088,-5.836931014332121,-22.94102734040166,7.149915556557077,65.84416965299705,-1.1829093605768914,1.5690164829395052,255.94748067002038,-0.3697454145117648,4.247768041731609,2.8963222840049654,-16.37202180414994
-1.4562376427837387,-34.04173650094454,-5.793179500725734,-1.6849232604849633,0.6946540864176762,8.643779511323864,29.95624093672044,4.725680155992289,3.97797145506891,5.528865621975013,14.091670357487018,-11.536122150196277,-26.601325988413073,0.545353899038138,-0.5251886435852247,-144.40131163130886,0.38635598901292023,2.870383133346424,-0.4846676264133266,12.135913440279134
-2.733406662477678,-121.86050944590224,-11.181227913396416,-7.976772766630746,2.3253178682688382,-2.4776592949574567,75.90757206253978,13.473796976077377,25.81471366995223,8.625554657119173,57.799128557381174,-29.69891909598389,-155.72913303722007,-1.3925850108664657,-1.196959803234065,-556.3846675041763,-0.5967152207095957,-3.42521985757344,-3.0794478743552927,27.881442950562743
3.3327333996075814,100.23466650798329,9.031485806886034,4.53501638006111,-0.20449345188420553,-2.683210728442419,-60.94077209021562,-9.707716134924642,-20.153197852419733,-7.526712110185473,-40.962064849559674,23.856989142738904,109.95092832466763,1.3860871983462295,1.1203797648413727,427.6917857494908,0.8378402228068305,3.122860538009069,3.5989555518954335,-20.84640509852032
-1.1482887566010258,-51.83819753076868,-9.430061739337877,-3.1351312657967982,1.6761019172701985,2.2922243969899925,34.90965139822215,4.7307859647143555,9.905153809974147,4.136552965306619,25.27538027188235,-13.925364661491665,-61.965359220566754,1.6007865061849005,-1.6970287937273822,-235.56843622284583,-0.5261111005591275,-3.096187852233448,-2.240665234352021,8.23359368669183
0.2629941886537803,55.78397610569167,7.2633447081242,4.907841358509809,-2.27822160931476,3.560164519585768,-31.778017654680895,-7.998320529517698,-12.204057838265154,-4.011103011552863,-32.497056930990325,12.04576776769435,82.92844687490151,-0.6884975155293493,1.385572862715153,271.4435250269703,-0.021876450461950355,2.8286852614706417,1.1518462710461959,-16.0026079427112
1.4968487280096683,21.051208169003445,-1.7768751889371834,1.6757227113463387,-0.7707638976416386,0.7242312097480749,-24.935222821917726,0.5509340480463476,-5.589495766736471,-0.6922178783716315,-14.112883779061551,13.620555381518928,19.793178130109446,1.7265959840678171,-0.46943325728485547,90.10627641586504,0.12377523648345345,-1.8637311679765136,-0.026733862244944784,-0.7826033306371749
1.3698570642039027,28.544099672678076,-1.9415017748812153,1.8585899469463856,0.2420443833318538,9.327769265265765,-0.33502978552623675,-3.967666425523718,-7.79374069266191,-0.5533651664357034,-11.103508136186877,-2.6616729319739267,57.660401143389905,2.168496476453182,-0.24624298798583164,142.73092683278435,1.4616643613361084,3.707111073664896,1.8369676900504177,-7.047523179535534
-1.9918130794782423,-63.109503368037494,-14.346676252655318,-2.9855470300129685,1.013854733248723,12.665184766617937,41.65710623252766,10.174713207319728,9.304215534737027,7.596799328762492,27.19071443901279,-15.142379301034477,-59.264227301056,3.294504456388249,-1.7156192680772655,-266.8361424922671,0.5538429860501469,-0.38354257503459566,-2.3086050284675785,17.653703121610256
-3.243764645581376,-155.87755369387622,-23.22101169093809,-8.773485342689092,2.46339019913818,10.00461369974411,101.66613609849585,19.276910880557946,28.190258088345875,13.296549791163661,70.93910304647906,-38.05531211793851,-174.72323514689782,1.57648460598016,-2.632405771967575,-689.6176105228162,1.6833280958411727,-4.057435394520935,-5.261083321073252,33.69862196363797
-0.21497472070268356,29.92875561332398,-2.449244652351294,3.1593613307817727,-0.22448710836682215,11.699121627469967,3.3818295095535085,-7.599742206535241,-7.5658990695514525,-3.2032918606612184,-10.111580403259728,-8.678956539867375,70.67975181538999,1.8030268767013489,0.1507435204926082,171.49287818019255,2.8446454119299944,2.339753335832592,0.17319357103087848,-22.31372293724359
-0.16684334992143357,-20.507112668545616,1.276759403105736,-1.4665497975392299,-0.10273910558407655,-6.3249061240562305,-1.482219678784484,3.878548267416189,5.630075166723019,0.2842718052410932,3.5973346861399453,4.316075012955573,-37.187800935015595,-2.1288425857654776,0.07583373411113994,-95.41328481820625,-0.6714225311690584,-2.4014041500388057,-1.3750230916931738,7.9741731672846745
-0.24150469310990674,-73.0870142233475,-3.2181717730814277,-4.522610588316447,0.3599311770511139,-13.41555643269894,32.26041030241701,6.530121664573798,18.60300928746339,2.9325634438790122,35.38613194935954,-11.065437096320483,-109.73612797387142,-2.4434009753534096,-1.3107928924767962,-342.36202011341794,-0.7060442102329082,-7.060578016346288,-3.997055151412779,13.903757219505076
-2.2859164962608585,-85.54320681753362,-8.244315569825833,-6.200659260302801,0.5308398822486555,-3.7583648403425376,29.80416314669556,16.56421179142684,15.709190589095417,6.859334461498751,30.804121560976544,-2.0454389146020246,-128.23435455055198,-0.36525629057178377,-0.22043277000286943,-407.69626510854596,-1.3812521040069419,-4.230829686282371,-1.9307495302726485,29.44324225279096
-1.7769654673914765,-134.9538126367116,-19.29598823141276,-7.8138998595369085,2.6134671779920278,4.174128724158521,61.20900779701998,24.983846810621536,22.42358471826209,15.211788655609666,49.72662726800667,-11.345211187855803,-175.15267037857473,1.2374919265202962,-2.8580823681315457,-624.9304072408092,-0.5693114056330316,-4.176784482833087,-3.8915895454318052,52.3058534530253
2.373118305503087,1.0182011420923236,6.675705440688761,-4.1686200294892135,2.5561335540348558,-20.142823622802098,-24.025289427424887,6.41790439937086,1.172295379911042,-0.5619040319315035,6.428331403758645,17.666964151652014,-65.9244562983485,-0.4653564394894413,0.5699113155370705,-83.35573591956597,-1.3813205548719192,-1.6341173965316282,2.510659796116247,14.702608547115577
1.2437411805951541,68.90072044089682,9.315195186605951,4.3313162141966695,-1.0989609670927496,-2.5603096923006694,-39.558062748739495,-10.862171692211328,-11.663577356384797,-6.16079951686282,-30.820944600370577,11.624249251794465,86.4988946369278,-0.6872023093091209,1.1171535606186715,318.5673134933117,-0.7707145414766179,1.4594040049082029,1.7266626175020148,-19.754029922612435
-1.8569309589621836,-41.19767954072705,-1.6204090621933798,-0.6771349082011289,-0.5382117744339782,6.950822720059097,24.960486439281024,5.965538217272602,6.935156928111367,5.954626336245725,6.2647453402244375,-7.297361349968269,-28.300867584109213,-1.7685024613874247,-0.18320127413496368,-154.61873185490055,-1.7521670261197035,3.8053315679814155,-0.4704475105974259,21.391878419910864
-0.1737097698030179,-12.6216651598799,-5.576007720018358,-1.0854823825798867,0.5815262610278141,1.9244090303994712,5.3624368921205505,4.305466275295252,0.36811570623680767,1.4295565010800402,9.67350567245591,-0.26436682753676544,-23.474775853369046,1.298110571901457,-0.2271623986255245,-68.77810245505285,1.2217329209219943,-1.3856659943303784,-0.7951900503086465,1.8764309723384742
3.9856879440873754,129.48567076165955,15.381886681712961,5.726316239109407,-0.05264378202356945,-5.748822526775432,-67.96836786709471,-16.350093662894793,-25.97097582233416,-9.304472670315322,-43.94055432154856,23.405191849722595,140.46157899206204,1.382503829771125,1.8420443352587408,543.6178285791059,0.02449997463687311,6.059493499096297,5.531498169929325,-27.836286160145985
0.016674125332107742,-12.483864961511568,-1.256442256483676,-0.23615972712607092,-0.3960099994719978,3.998926038444841,-3.038608913008302,5.3570016938488845,0.3510627790651786,3.4782059054819148,-6.7131182744294895,6.522147938652004,-10.398975597802231,-0.017520730440056087,0.28317073475142013,-47.36889912696285,-0.7985807687635005,1.396345549147745,0.27077670809708904,13.498529503457124
0.3030977027425994,14.279759697792317,2.6097839834759857,-0.1832263061721524,1.235691291931469,-6.005490942760556,-5.50253144051835,-3.647901028988068,-0.6033987447729252,-2.114350903433874,2.647689400965909,-0.6971009075021499,3.6284747400346222,-0.7821182844685406,-0.14511203979818282,47.013140659716115,-0.11594506594838884,-0.36413955673745585,0.20132356362304094,-3.752606475359111
0.17085880331511555,16.650534326534476,3.711385543383987,1.639267672126433,-0.19756833849745764,1.2327862929669076,-9.751809490858788,-3.0297545192225175,-3.6724974884376245,-1.1159740373145772,-11.867198199506843,2.7366399213825296,27.777841066147698,0.1770274831318223,0.4023150117052043,87.10906584436702,0.39870935050932144,1.3802556763953855,0.3544677855963112,-5.327548662352598
0.03295832186190262,-28.771450391510218,-8.362258959271648,-1.7158582758338508,0.9435593414369706,2.9258830313259523,17.45739549123106,5.390823905625394,3.695554720372313,2.1858191657695083,16.240487689316236,-5.408661386573251,-39.46573189384268,2.9839493006063256,-0.6924379212335784,-141.52450175935184,1.5500024390658926,-1.8619354026671366,-0.9023618485558773,2.533403524166772
-1.241913680989368,-43.647204217126976,-9.734134223070319,-1.3415552498182421,-0.7755452344883816,4.230085430506529,20.16691563394385,7.254685125387539,7.776667856279609,3.8954452840573794,20.208376336822155,-6.4982072968820646,-50.534778192882634,1.8788587537934636,-0.9378669587519495,-189.4492627910696,0.39174337113413943,-4.045494990018147,-2.9034493382511135,7.514335574364695
2.2854806997870503,112.59791702075628,10.989699173696332,7.092405020953232,-1.7075647062443484,3.537257168249307,-45.919838404689195,-19.675565361043276,-21.12188789687612,-10.088284595481248,-43.07583639596238,8.173988977433549,158.15993945995749,1.1306330890474776,1.07312659085661,526.4785028508287,1.5786299171031437,4.359363587136298,2.945417074368924,-39.885044337776236
0.9696148140088419,33.848979773470184,-0.11313327534030959,0.22148210142841496,0.775922325254998,2.966934421476466,-16.343925635338255,-0.7470530568038563,-7.545658111121351,-1.4976619132261249,-11.943054956790748,6.61349371518194,37.442150904709116,2.2457181471235175,0.7970115699941586,135.0260143258323,0.8478728536882754,2.521188863709114,2.615781847404004,-4.077452786051159
1.9185955359430158,104.39700769606944,11.58328914605082,6.158269704543698,-0.8815917678403056,2.8879790136078123,-51.37432950343526,-13.905128514515225,-21.11514047035962,-7.315145377691719,-44.01428863595548,15.665682276479695,135.8778599384658,1.5081612198884082,1.4918113475573394,473.69546113983256,0.18635701336548227,6.580634338106814,4.488674761539943,-25.394968196217434
1.507788831555974,9.09304691382814,6.3859736626285875,-1.450467319026841,0.0023754470614331114,-14.90904977298959,-33.5047044618699,5.3031400673595925,-0.5931733134925538,-0.32075893594949023,-9.504541671824832,21.640252650044868,-31.157335563140293,-1.9782097561785374,0.3387053483232375,-2.725305280235396,-1.7764170419615697,-1.739012383679602,1.225765392146636,12.540294215381902
-1.0287028811020538,-89.80108611558421,-5.129442716484009,-6.040221531416788,0.9629874488616077,-9.855262164642525,25.939643713183873,15.66418631023815,18.64734495906669,7.573614506347027,32.11750485659037,-1.3957049119529252,-140.59943888382415,-2.197124454451355,-0.8636591477362119,-428.46304678833025,-2.024201587069088,-5.160869552251833,-3.0638701693512607,31.0600142096731
-0.35132516856152585,-60.87418735471734,-8.19482151552498,-4.821622944296353,1.2814183810964135,-1.6222249969642442,23.063802206727544,12.257389120969911,9.995232050820041,5.765597833304051,24.73683312616716,-2.5018733776402478,-91.64355704127104,1.6929490778102352,-0.8218224327984703,-299.07753955669784,-0.5067183244350353,-1.932703864061538,-0.5743910796916825,21.75399879991822
-1.5178905852996873,-37.09190794876958,-12.239206296633988,-1.008627773300121,-0.0048811640206470885,7.875796425154332,26.371693587887805,4.4432864957889695,5.470490221860322,3.2660005490190667,21.051970253716345,-11.584934420267153,-36.18254414989091,3.2310311328259345,-1.244375198207274,-157.4637051602159,1.3651627318497677,-3.782226710721088,-2.6834774251463194,1.5153910973273652
-0.3277363882053823,48.26559900257725,14.657600948750801,2.177570971151019,-1.1367713283470433,-10.909020487438685,-36.01168607552545,-7.109586990369069,-5.641752796430591,-5.174926693623282,-22.67886522162953,13.154017761920235,41.60968571965606,-4.228821920932487,1.1902879372679915,207.65933727296917,-1.4520607760121524,1.70247613541351,1.7686817638139298,-7.887758342560504
2.2408551280354807,58.38281630328582,6.917460670837764,4.731961870565836,-1.3365685738664452,4.989495348277458,-44.55835128719466,-4.270472636111134,-12.529876938888568,-1.4801891495499555,-44.02195576172071,21.447763973560455,92.16741485455132,-1.4974116867428884,-0.10085969671929677,294.80380140869215,-0.9887327224943411,3.7608985431688016,1.8004523858478723,2.1171426230675836
-2.4102327963787404,-120.04760194206696,-15.40932995625245,-7.083310564315686,1.5574351186404247,2.719360239503974,62.0915068848933,17.849347423788338,22.804232353262137,10.341037828867448,49.603449644653814,-18.818632589172033,-150.3964306109791,-0.32795039765968786,-1.6344399349780905,-539.7013536664599,0.3590392651293349,-4.864203099568154,-4.051098959650704,32.87995170313863
-1.9569999130912847,-23.841631804908612,-8.92144982472627,2.062119458514252,-1.5798278614737222,20.705240690686033,21.455354219348134,3.579415736096205,0.6836519555503362,4.246120441973875,-5.893631764463034,-7.5070045698196335,25.374058563843512,0.5905262688184991,-0.29165307818274494,-38.66292403125859,0.6496197917718052,2.458450354179522,-2.0368738297517233,6.357842722511972
4.241106301439057,135.46558159946534,21.137091513209846,5.472863905575693,-1.172384150384502,-20.78175446161313,-88.82169250977475,-18.86007268664371,-22.664352202567574,-14.084812703896,-47.0383336744931,32.64423686544016,118.9602243760492,-0.7344478001045396,1.9486578243113233,551.6763224193683,-0.4544443027641083,-0.5965703250184529,4.280025905859613,-37.02503291349711
-0.02933244260281398,18.142583211925228,1.3153715311681617,0.5798876110561598,0.9254601290044251,-0.5209925090809346,-0.24604329227045535,-4.3814530235052445,-3.3850070496049067,-2.047080846759112,1.3869009197785083,-3.91812046327043,19.11544338928175,0.3877526695334542,0.3716433616862258,72.38058464904074,0.9872749850345094,1.1234278059372564,1.0205125557129386,-8.531016816517946
-0.44963736999255577,1.784802984160466,-0.8043588349099401,2.3123499937772225,-1.0698004756244142,2.8975359978184265,4.974747363526044,-4.534741514945745,0.5510558368294604,-1.651354050404574,3.435027191582485,-7.200513689396048,17.865067005973717,-0.7008498808387289,-0.5762798280362402,35.58839454745836,1.224410371326706,-1.6421001742637404,-1.9943183021270778,-10.73250209744235
1.1559814165544262,28.63326520122036,3.7332044969574154,2.1022857822979217,-1.8632229611966449,-3.585218571795563,-19.797518254977287,-5.583082303761972,-4.856275510640591,-4.809465094121936,-13.025073096304672,6.177341933103023,35.17153449338697,0.638084739504788,0.5363647734001286,134.65400813835942,0.0008832304150563005,-2.3858662807018307,-0.02060246529876264,-15.07455902525141
-0.966794813348393,-47.4499774170245,-7.574497720098731,-1.8541390382928153,-0.7633252826549495,5.320642165383725,13.076102397269494,11.465942389815034,6.243190734673201,6.174644548698353,7.711204234072323,2.5339142013587956,-55.84881977711345,0.7857832850730436,-0.4443714398215994,-208.68188636279902,0.26162191925285627,-1.3021887126425067,-1.163353923114185,19.72749061950134
-0.662802633210701,19.528538588814943,2.477774043020951,3.6759571917483904,-2.0372644527874075,11.116161156569515,-7.580160835086536,-2.9142769883591897,-4.4626612023384915,0.4685082073897324,-24.60498260930263,2.877650704318479,64.64044585151775,-1.8871770523474376,0.7061421819302939,143.75833687718898,-0.6274334246232826,3.9140211685886275,-0.16938283035130364,2.282571037407813
0.5718072063484623,8.972188504684505,0.22187073326226137,-0.0942824191538365,-0.02343532701306103,-2.403443664933249,-11.196674052261155,1.4179381998501033,-0.9852331872435736,-0.3816483696740762,-1.583439920006817,5.968694926466682,-2.451964869852028,-0.4935715033220882,0.3320573418240056,24.78562141175585,0.028757760385110794,-0.2491683226265906,0.24534288301076362,1.4329873429162432
-2.501360276256248,-66.95964223021582,-3.2665112595948567,-4.324937532299295,1.0681666496448843,-5.219575330120591,32.82713199439871,6.782855972659837,15.050583462657901,2.524925719728098,28.476443783514426,-12.543611967666076,-93.81354832972306,-0.7978489858746131,-0.4495723477403447,-304.42140923490655,0.0869511327676461,-4.06199110510914,-2.592576686157356,6.580144215930768
-1.1495589959956338,-35.60502601108182,-0.5686598657498761,-2.4914568237499504,0.616877180686225,2.0528023285291805,28.487270965978684,2.6995343597330956,8.535893075866761,2.8682844746856784,10.863464022022722,-11.753212282911308,-26.239952676404805,-1.8843383302662526,-0.16370453572488133,-140.01176688018765,-0.9381544987055311,1.2687356439344222,-0.36368706555545743,13.031538370933733
-1.5642456128382993,-94.89163473827452,-5.595782675024976,-7.474831625869344,2.2096416546618363,-9.606088806068326,40.59905109081929,14.404247553953953,20.76105136211379,6.780225733484135,40.03513502109237,-9.580070952412607,-143.7238998451284,-2.4989486517531097,-0.8469766393057601,-454.1352969252323,-0.8467008443597753,-4.067773097729951,-2.5177424615021837,28.500687068935946
1.121817489616154,60.50740016073048,5.89993180924028,4.272603694894865,-0.10148493825443833,8.091916531386273,-7.8554188574084325,-13.323323217721798,-13.408819311702093,-4.214030066828924,-20.707415871484812,-4.8509095272167,102.90540959387472,0.6808523698907885,0.41611458082516317,294.2484270192242,1.4180515997189251,6.825094768104313,2.5308473910284595,-22.840852189843574
1.0814374534622944,18.332119026903403,1.6379305116934408,-0.6769507570110493,0.7516846415122097,-8.697337597910662,-17.69372184793057,0.801034207824506,-3.470590716559629,-2.2403898895686907,4.124889788425643,8.413590330667148,-13.999327068488698,0.9966696428302142,0.8069641763150688,31.148179396874145,0.4163786792435961,-1.3444434117487971,1.5325586814757353,-3.132206899420226
0.07933220743529679,45.13304096386524,7.116652517114872,3.2078208053712647,0.003153436137077553,4.727788124295785,-13.456610107535198,-9.82203423408144,-7.666117772296921,-3.556399931311318,-22.515188610176963,-0.3983962655179917,79.48334076610853,-0.09608680288507665,-0.0029888320813547553,232.62754609752156,0.3213685072752294,3.642165170670373,0.9829992239017691,-15.455283423506033
-2.243062837830351,-47.92850549686266,-7.196266372788906,-2.302091644282741,0.06276198002962297,6.249796768882471,34.91112832976437,5.252478672276015,8.549188935935339,4.604117917085411,20.29900352761106,-13.738224164960563,-44.49627596377956,-0.5479753367085708,-0.49416604237715367,-197.69286055299122,-0.17048903380925873,-0.091538811776115,-1.4173042174774433,12.065302702102711
0.010849147472140601,3.8105014151021934,0.970898623492807,0.3899955760813612,0.4139500997834784,-1.58224707960087,7.823647273737102,-4.550833699915918,-0.5433923929042974,-1.5520446510584893,5.828785218930104,-7.300514899314498,5.160279321682215,0.8036241989545193,-0.3689155988359936,12.659500699166097,0.5664880082900733,-0.04847470000066689,-0.00696994670749429,-9.978436469115312
-1.1742299588955352,-30.04339075470285,-3.828184402325934,-0.8026760901178822,0.11705208155762631,2.0110018048079197,24.831224197684463,0.696945536237375,7.91398777068759,1.2987334351659092,16.36741897669508,-12.314022319074647,-26.250159367820736,-0.9134534144063103,-0.4417793352050704,-119.99853272647829,-0.32284805190038474,-1.4892310861074696,-2.3485154886465534,1.8908204464002842
3.1679252280495227,85.98923242074156,10.583377938397136,2.6688718446490136,0.21137578035967503,-13.383227876521351,-57.54679529996545,-10.03016668723447,-14.53676085723942,-8.314802209178955,-25.430985378598724,22.319012224994346,64.67283790925705,1.0472676279883864,0.6267407911066042,332.22694578258483,-0.5082720295742643,-0.8146563998392944,2.6950710446133073,-20.22117590654203
-0.23822321756598064,4.1062502972683035,-0.939269054614073,1.8307681305896346,-1.636875993259449,9.13788750992745,-10.611941731508406,4.027772851976122,-3.952360885096889,2.6485722418691244,-15.630253593275695,9.21053705662085,21.165440555656808,0.4924402492604628,0.31404441165078606,40.26084113083704,-0.895659391090511,2.7538423006163426,0.6776425612849102,10.369041803854744
0.5682730247157701,49.909778270266415,8.18576930609433,3.4615476399329834,-0.7443671228387,0.19577775945359077,-15.917813714540177,-10.15023901258271,-8.795915324943177,-4.5582132340434836,-15.92826441054509,0.02080522705455895,72.29457623545743,-1.5902702483827196,1.1853268886387025,237.23975837300858,-0.2878145522619728,4.7410978518109115,1.7822024737471363,-15.35996639846626
2.2120956738278625,29.38055247482455,9.701274384890517,-0.6081209999801576,0.6432810157927789,-12.145706501233622,-22.162078037314835,-3.2792677985726915,-3.4118366617120897,-4.361082136176479,-7.935896381774182,9.021587480564254,9.306179196934915,-1.3953847296160111,1.1969794176518689,96.70867093727307,-0.7855353349773673,1.2629342549957985,2.5619124502718673,-4.174004279964267
0.29823990944241335,-3.127278472789612,0.229147014322713,-0.4458956886681974,-0.355417918993552,-1.9248069307637812,-15.491610435003881,5.1242865889068785,-0.7681596889060419,1.9466640186090953,-9.229761619300735,14.280657981975947,-18.5654957830528,-0.6075674278076494,0.17161702731565526,-32.96935953693336,-1.889578402378711,-0.2632605031151384,0.585873370149613,13.643532053455884
-0.14589905993389596,36.922177362128586,-1.6843351915056248,4.719646396493532,-1.915826428619389,19.95570253099013,-3.0133904756162027,-6.47601431801151,-10.888227873488333,0.13235641079643923,-27.37908133299643,-2.8466677652133474,100.64994683013227,2.1400844835450012,0.07672198076405047,228.2047079032705,1.4760797263262986,5.753333448737484,0.8780467162958505,-12.701148726451091
-0.8069446131524362,-49.899696165987564,-8.728911056228242,-2.351407045114809,0.03303689553447975,2.3918850781375713,36.27847714915254,3.9586596552688156,10.54776330964687,4.090203740442741,25.50184381296293,-16.120376217698148,-48.946463010317714,0.7112051232069676,-0.8987929153777655,-212.68334913938114,-0.141881598475102,-2.296059219007581,-2.2234800967437307,10.44812725210145
1.2072267297055874,65.7938302597821,12.755064801778405,2.6996625222637025,-0.8523351673181121,-10.385647586782811,-38.98362790319157,-10.334984932587473,-10.103013760426657,-7.634268834806471,-20.284112634304492,11.04936607999789,59.40850219171703,-1.320982335251306,2.0557032678731786,273.8587208169259,-0.6126819040131757,1.573434785485085,2.4184354588168206,-21.86061593623726
-0.323565632767028,11.25780184435772,3.3106654536139324,1.4633593874386075,-1.096406059698177,-2.2861185931995167,-18.37989310662623,0.1819905067943942,-2.120293282546649,-0.8549571094222779,-12.813880655391264,9.291898036964591,12.232453209478418,-1.4799137130001894,0.6813898355269754,59.7171674939926,-0.8330036061116872,-0.07660674579658744,0.2780845467926307,0.8110793986553777
-0.6313339091015635,-84.02623450448598,-11.113862922132116,-6.465174533155072,1.6975392065469666,-2.9105399873888675,30.415177345898194,17.377716798816166,15.195651215430631,8.158249494527853,34.202790876410916,-2.455282335986601,-127.18284728678398,1.2520603878232435,-1.2909093730951082,-410.6513671378563,-0.31458181828017096,-4.207869194706135,-2.0242493269308888,32.48718897542901
1.1245523056052917,-22.35178364898881,-4.881376469626257,-3.848408301800793,2.126191453480109,-4.985910472560852,6.9455090016070855,5.718033646205888,4.791981618737093,2.4436454307648305,12.18385985047524,1.2393845475044376,-48.897240322908196,0.4718082100905081,-0.6978810048912096,-132.34951756187039,-0.3097530517482223,-2.571248433197124,-0.11477870588595396,13.137004360460294
2.765620313090229,87.57136417065104,11.856093677634485,3.5318331644645005,-0.3886193461541432,-12.223958376566962,-46.24828377036043,-13.307208859290869,-14.657677651687434,-10.59360657085027,-18.712736879095868,11.348509593556393,77.3128591124564,1.069055218263671,1.63561242152019,351.8046340960324,0.6719610870416879,1.3774186472573633,3.342209827318759,-33.60538199386377
-2.103565082391114,-63.25322923070606,-7.202009034911143,-3.1050670509987572,0.02774314638671105,4.8898852717092245,38.89199015456988,7.239830272735051,10.932045095707032,5.311811805284563,24.23078895119162,-14.20900520037291,-67.69646626572711,0.15973787157650282,-0.7923182261840771,-272.96919907916515,-0.07939309260249545,-0.8585048010203314,-2.028737608997535,13.933989170507541
-1.327014410776544,-45.361706578148855,-2.3384012495469886,-2.594064665960269,1.0766106786455172,1.160452416267782,21.711157464888093,6.230403448680246,9.408832762468986,3.7562223085831405,11.706785251243069,-6.457932790341403,-50.26208593830481,-1.2174519807443982,-0.3844413629387964,-190.2874719330685,-1.1912386847980108,-0.11037509055216443,-0.9827175096091203,14.031254429695256
-0.4889866650613154,13.913725622603534,1.747620487108174,3.4720416338818114,-2.3902246896582344,6.745070788150821,-17.023166246293584,-0.12407398711263773,-3.4957115394271563,1.3189762425895988,-24.211343770919296,10.20100849419338,44.6786077261998,-1.8116001649264528,0.10114113976602226,108.64749628891596,-1.6383113071629536,1.5421688957639352,-0.24793612651530486,8.315995787842544
1.883566021608906,7.521038851603263,-1.2223281575769005,-1.3768582546909258,0.9305395480418616,-5.922386660140215,-8.680675655793335,0.2809527336510126,-1.0499087682148782,-1.2216905428918248,4.831793889922956,4.8362187367555265,-11.961720514432722,1.0283384767827128,-0.39271422996885785,1.8760151634074353,-0.052030638909809496,-2.7856192467611955,0.4327518680714124,1.332046090999956
-0.9113718523488803,-45.979160812762856,-3.617556619598637,-4.3734244293414815,1.1511891382961037,-9.17406346376825,4.73425619251718,11.503613865185436,8.116887484440127,3.289610420108348,21.027237274105012,6.749531299978759,-98.47073530829233,0.5576308277703175,0.14851925842320363,-258.0870635849861,-1.1030941258310483,-4.08387338651875,-0.9607594158780245,17.052037132701848
-0.3341195876446856,12.503173831240531,0.8183606344536964,1.1514050362034025,-0.224857378470954,1.5670913529061106,-11.038051380954093,-0.05038318722856705,-4.042261321460074,0.13606038243374852,-6.837406919302798,5.117749945156307,11.5812442104416,0.5163861127134644,0.6193102698771121,51.08299254581576,0.2520087685572117,1.2934021342351816,0.6564214968274078,-3.6018301396773347
-1.6411119286630818,-38.473916630228196,-5.417166575759961,-1.9303645713054423,-0.02656288727987985,4.854209184818443,20.698891933530394,5.934238862922403,6.815143854589088,4.5062946749981965,11.299182370412703,-6.0466684128634,-37.08280243052971,0.3464336172212523,-0.28040128046034146,-157.924343337414,-0.46402072872580746,-0.636081815894892,-1.8564527794775236,12.933615324626986
0.666980220430598,16.7219782867546,4.592588985477995,0.8336254015695335,0.2030730646873859,-7.714092268668876,-13.8969874769429,-3.8956151040909734,-1.3361870645054545,-2.7449114166389705,-2.537242859019685,4.223543717750504,4.932284530579758,-0.6945895468556946,0.19654885719281306,60.08315225229504,-1.0303060383719227,-1.6234245906586255,0.1091640252745551,-4.9790247192987405
-2.098058216135586,-108.03307782426911,-7.029050529717827,-7.882219650984867,1.8213734849813394,-17.10949370973658,39.367331552765435,14.278722234292893,24.977515658964673,5.698073455034712,53.84782278062545,-10.343058477828983,-182.71900533931526,-1.9430506724126624,-1.827054505551226,-531.1505547330366,-1.020225458455867,-9.694544058821272,-5.2093007703457,22.584951095027424
2.0214691172874866,46.26320621799761,8.775401599600661,1.398744995630657,-0.23220235809504997,-12.71380192770181,-26.679866764752642,-9.156614924452818,-5.369757809605814,-7.576795675009909,-9.75046371433133,6.513309597347365,34.43621544883696,0.03215058511792225,0.6124619589862138,182.77784765704732,-0.013069785985989938,-1.8935330615064294,1.5041623581660197,-19.982627525070487
0.533149009969301,2.6341208643028002,-3.5772479038599263,0.11457145209158637,-0.2530199684387443,2.545650881960475,-8.271725521441892,3.668147341466252,-3.3848777082550288,0.13027082269481027,-1.038984168353195,6.794759410694893,-3.1078370177109162,1.95312138110976,0.6602212864547229,-0.6663059047777797,-0.12050379390921441,0.7087150016438306,0.6716942595794027,0.595681636912212
0.5973008307471382,35.254181815798056,1.8962810855265628,3.283469581723619,-1.8207720740131677,9.515087362770565,-24.25326379975255,-1.0776765676665476,-8.547328950144376,0.5674184089713865,-29.67943064655603,12.12948944875108,67.81937718041793,0.24263104920850764,0.3041083046149523,189.54622701295963,-1.118572921922659,4.0860671814074685,1.6849468687763887,2.741147260890198
-1.891550288282106,-5.829233418072152,-2.896097645924953,0.6915209914417175,1.3405861014741345,12.813879791488063,30.817453934614672,-3.905252410976742,0.6747453362458409,1.2261033170132383,6.459648430701226,-20.946160256446664,29.419894771658498,1.4625776642892556,-0.43483080326186313,11.658782904705781,1.2364880291634246,4.145573242223497,0.30654017649433396,-7.6164351094618565
0.6890493091424813,65.7500533917447,6.039887294803567,4.722899068660045,-1.1198294802303304,6.176590270056604,-38.55778715535481,-7.688566417949433,-14.448943376917436,-3.7416579556467173,-38.40639586103719,15.105152453550307,99.05990990626454,0.32615928328177163,0.25819773582869476,319.45089812613753,-0.10852255701795131,2.782637845794676,2.168045276787766,-11.947392375042726
0.5078511305043937,46.622272384971716,6.974158438447353,2.8774330059081037,-0.42416314947223493,-4.584318735744461,-12.999808853519443,-13.788148307053627,-5.9789570453516285,-9.0683550679831,-7.383679713244341,-4.990839749875603,55.70437960163828,0.35033533998082567,0.6489456308573011,212.50610955090477,1.7360341065359952,-1.4419479029299258,0.6073187315079281,-36.485755423947715
0.1492719744839677,43.597272252639485,8.116830679462728,3.9358460733873577,-2.5413603189638607,-0.38624226115159394,-33.8485636792828,-4.775464195057187,-7.169989137064486,-3.078669878779042,-28.82372978942995,13.989718824323038,61.310713765034976,-2.3243582233377214,0.981863846773188,217.49858711489793,-1.1138455062781056,1.1313906175247748,0.45407406466305456,-6.348492006484433
-1.8966273728124659,-64.85778725455656,-5.3130402245893,-2.1423756530046965,-0.535283260578583,2.669493569465381,38.23147103862947,5.824541412212682,13.573351106579354,4.888169631326863,22.4942229591826,-14.411891543556186,-63.167841706133274,-1.504579268700923,-0.8485275580128001,-263.3467600349524,-1.2677237519048747,-2.3488278291635005,-2.979925475336024,15.56729797042399
1.4754395139892926,49.54995112449414,3.6465498346401004,2.3515904663954905,0.08583875337880775,-1.0446837627175483,-19.05067730287879,-8.470465516827998,-8.519620753218616,-5.275147781918601,-11.583709098470203,2.130039348921298,60.9725524810802,0.7834942349556862,0.8020694492000675,220.17371664024583,1.3327670189828216,0.8185543098630503,1.0633013639350661,-20.645189969319155
2.2492126993875274,3.401844056520507,3.812873144340452,-2.680205539980278,0.7718749435683336,-17.652202999348155,-30.18426404203175,5.790043836132107,0.4604592074035452,-1.0117781049220296,0.761439412778496,21.007164237707318,-53.0256712242413,-0.6674391910334343,0.48743231207120874,-54.03748337642267,-0.7391055117968813,-4.778597367838802,0.7388130539877897,9.747200056465855
0.435107123208482,15.581736046800213,1.1511888525363168,1.0110542486702758,-0.474482999392615,-0.6253775842020649,-16.644077535775235,-0.10419105171975465,-3.9777059882094363,-0.7556020318993419,-13.2917184331745,9.66721183307987,18.128376668064334,-0.04498609297140033,0.537996391418555,70.79789459499055,-0.29624747555408015,-0.119681165221562,0.3348514662291965,-1.1959539578825753
0.9846167520915331,78.19279608925793,11.179974741237485,3.8580842500781873,-1.0473285814470525,-4.903097475062863,-32.8794340862397,-15.409535209645135,-13.940631085413393,-8.864253531259507,-22.52176504181507,5.714360844374203,90.55452709722732,-0.27687373401332604,1.414627433469393,342.3483151131734,-0.2059070886102918,1.8035166406007233,2.3525184074629517,-31.293453589024836
1.1174144651650613,2.2068916931879947,4.913071207275991,-0.934007975681927,-0.9222862222638625,-9.15080791197856,-12.680205642386706,1.4857860731470953,1.5664508579842362,-0.22497717986803667,-3.2477768401912366,9.323044377452828,-16.263946747358165,-2.595936763190565,0.02814819173657496,-11.436772183471717,-1.8799867783889466,-1.084208003578441,0.5290354833657654,10.877283601518151
-0.4573536594679329,29.20741010052747,-2.9015950527889256,4.056638885118344,-1.2845070582686582,14.910561328669893,5.218441894833522,-8.10955854193895,-7.858929061731832,-1.3061012421480633,-12.71244149959266,-8.940611945972728,79.40930885336013,2.4921761906372732,-0.016221259684075454,177.21279814063965,1.254634403077983,2.9985249873199677,0.402742607671966,-16.79223307167327
3.930789233780482,87.15309030456896,14.418810021447392,1.0753103196019345,0.45818616596695905,-22.874231432781205,-79.74779552481247,-3.9694117875642796,-14.835234379037457,-8.208197165124735,-29.090068620915073,36.784979840048486,31.556288588985954,1.7312749483065528,1.8973680108876778,296.2612448445708,-0.9077041942045733,-1.5458634903871968,4.546607695216726,-14.533333483779431
-0.16832450349329298,-30.082988287470222,-4.358328125613677,-1.9606139275642331,1.0425524843668967,-0.674053971310006,12.294472083339452,6.097517797986594,3.84642492582518,2.9459196400300045,13.018942905084053,-0.5978860955291776,-48.91257830953578,0.8170054288889155,-0.14922318275600913,-154.03717442827704,0.31144899437034407,-1.1385075786574828,-0.6079737124937696,9.734718563999483
0.3289549790182018,-28.776492747406795,-1.3500479664441336,-2.6771905734170405,1.295707515703984,-7.859398576854737,29.92027847993262,-1.9617293795103985,9.145074506663882,-0.3655039969476839,31.66812894979693,-18.610120925959805,-46.92383538609873,-0.1443728994820337,-1.090335014241108,-148.72509119162993,0.8313288304405704,-2.6537158245725694,-1.3642873933346027,-2.580266488118492
3.198654945758682,108.00412101775416,13.213282761063152,5.1204222994973225,-0.30805146211882034,-8.873690180823143,-46.88741919702427,-21.561441791546898,-17.70628171242413,-12.242545505597999,-29.529671629555814,8.00800437014235,124.85424583125906,-0.3631390193264702,1.0858218873190577,472.54152210973615,0.6026118154034191,1.241313157576806,2.0210276218535532,-41.81475848611642
-2.241400170429536,-85.04188039416964,-14.886364626722772,-3.354065798455486,1.0249445983491683,12.727922560608542,64.07534026749948,8.184090128064222,15.932695707258407,6.282849701395526,35.29841172167602,-28.29627117383688,-68.51272309583463,1.4830529753925141,-1.3458415514202622,-341.615274258368,1.4830051106399968,-1.349238724576996,-3.354603934908066,10.986194654073412
0.4825903866452408,27.785067740614696,3.3587938143061242,2.5200965048650974,-0.4237690246109046,2.8040417780342457,-13.861876263253345,-3.426271872244633,-6.49823824980269,-1.0414843958135473,-15.768012307220998,5.278098306322647,43.926700322062274,-0.5479697893735939,0.95710892990713,135.1222990399479,-0.18314578873506648,2.5155730739527495,1.024228781309245,-4.149028906488875
1.861249369003667,77.59205132790414,16.017837084407667,4.898118360021019,-1.6465579098426084,-13.17485762608403,-53.71757972514269,-13.028768172446881,-11.790276371198768,-8.327256676959719,-32.9456204770529,19.33963581124882,76.51341918374332,-4.135154309990939,1.3241169246374473,337.63732844981985,-0.6953632515050759,-1.145157470728105,1.0523358832169187,-19.988071257078445
-1.0542186920547727,22.105917217194417,3.5707507120057507,3.271002841603659,-1.0701693949005726,8.813305067000408,8.535401817313856,-8.369405722470134,-4.753225818280278,-1.2184726320568018,-12.74498556553769,-9.54629947854103,66.90056022712878,-1.6557722377470492,-0.18182255074779205,147.2701975452551,0.6758483402306997,4.514188475134889,0.2167579218711203,-9.574218315665453
-1.5975946991829815,-49.11205625191475,-6.157986024441041,-2.5115012174836595,0.3483919436315894,2.4795518974084376,33.01737597055202,5.411757779862557,9.08736487271927,3.8401683846547217,23.837125597439293,-13.1440537694954,-54.82591430209599,-0.3536697662910168,-0.20435187586437709,-215.98587799060167,0.5298748409735892,-1.0725585860320186,-1.8228448997642615,10.066614947572356
1.682529069915305,73.75624697283244,7.89860439058536,4.9200289748740484,-1.4274118149872739,3.2949095174049914,-32.349022215054816,-11.498266508823862,-15.57199266488566,-5.527574016891019,-30.957213924894283,8.929455439629896,103.90990236104999,-0.06334486359333052,1.1857209349764168,343.1903957631654,0.43347882575257685,4.847365426688535,2.183444693293237,-21.28378923369037
1.551072407482146,105.62240033818946,14.800481199341235,6.438634184155932,-2.2868054128657973,-2.983710009265597,-51.326146367607734,-17.99733499841865,-18.556186520848478,-11.09126942520631,-39.295407459502385,11.604585814933897,134.58956922941059,-1.4308573605346964,1.9759199573494093,485.1547452862542,0.7720572972199676,3.8117884210625976,3.1572052513665376,-36.17503292019961
0.32844896063415874,63.313815970459096,6.1985775884272964,5.79704249100052,-0.8832403914473468,12.237778285742674,-31.18616758612089,-5.992625793968682,-15.244525072979151,-2.133311884985268,-40.63158054511968,11.668598747175878,112.76625662582745,0.5071148963594283,0.9849830275055274,326.18913706483966,-0.38866726298237275,7.049009542357181,3.0347106546037645,-5.542454118198123
1.3434570929305298,97.019727877764,5.228178811912159,7.642189489945615,-2.4443901507839483,17.908555163084664,-47.27521347340867,-9.873135083394049,-23.392971413544203,-4.0842995822826085,-56.10644731386412,17.29286420404361,162.6859326015422,2.4086038035873396,1.553357812160821,483.5884638654286,0.3773111059690025,8.107021172230363,3.804318354877946,-18.614486744435368
2.687072164072397,124.08374599818497,8.285419473033262,8.138654393749077,-1.9505046252667486,7.608884958019232,-63.33832060175145,-15.188539366200768,-27.82571184021271,-8.565803198826593,-52.13214494904118,22.00105445950314,166.49537707167121,2.701294762776745,1.900816880338447,565.874454220582,0.9206596662417906,5.773243072760726,4.213667377601351,-33.088855444795286
-2.2872253150651516,-60.639883266791635,-9.970439295144152,-1.502558766204905,-0.6019999228966499,14.533621964359499,19.79579039573382,15.567202782961624,6.984322845380194,10.140693628557804,0.3152875658590055,2.505523330681589,-48.37469149422015,0.3563830346088994,-0.583555716550573,-235.3510484603422,-1.2559442925172455,1.7188634857532725,-1.1020250474884596,34.650035957751555
-0.9937093959484387,-39.723520415577276,-5.238823986725885,-2.1937358703340903,0.2617175043185187,0.02856417132955691,10.977117025830248,7.638895345917824,7.929098599222684,5.203336275457156,7.451083019798612,1.024077348156557,-49.57653145085375,-0.9392684880370374,-1.1260369783496638,-174.41882363320573,-1.7485816554379499,-2.6247146965539763,-2.0217543530530584,20.995453683419772
0.1550974106663512,41.846271409167784,3.5718528184847824,3.022783867601567,-0.4818287459680952,6.516923034444642,-18.6103873027342,-4.6904612303855835,-10.2587048088748,-2.0703458772097667,-22.850354411681582,5.847126192461495,67.21740345183669,1.5180371131298427,0.7585571471334005,203.42124199827305,-0.16134536002173172,4.154799033593486,2.5961422564168934,-9.679942013344325
-0.42909579427619454,-12.967290275833289,2.125855380823798,-0.7398007287208684,-0.663687453520444,-0.9216362065277195,1.5072934360213035,2.053734949192121,2.941453230927435,2.3872007946481375,-2.51845912174516,2.9319666080519178,-15.27805658699115,-1.5051980276738757,-0.4160191856387864,-55.05427569118413,-2.3042055989116697,0.9620434774421196,-0.1253905315744942,12.954718679624861
1.1758246704339501,84.4033685929632,5.932475849545155,5.486238418519743,-1.28483785044566,3.1279155900739446,-25.416014487791717,-18.028836118040854,-15.936853787149909,-9.214356866786758,-21.428593509833412,-1.695916606147994,117.97853513657537,1.547856224760594,1.0421372687451556,392.6124149474231,1.9333715534843572,2.618182426535402,1.07648423065689,-43.1969596900482
