X1,X2,X3,X4,X5,X6,X7,X8,X9,X10,X11,X12,X13,X14,X15,X16,X17,X18,X19,X20
-61.798975203673045,-47.15101442400462,2.541007968106338,-0.5490574712149228,-0.9495965892199566,-149.32460448703142,-57.069725733670566,-447.08488661187744,5.517562203646777,-208.36475243458244,65.52841884727916,-54.468410592787244,14.48422889754471,-21.859083673098915,34.068751158492596,2.29984432213784,0.7752262278808839,6.156132090282737,-185.04437483963542,-1.0137263306272455
-40.64569500896144,-26.236641805426544,-0.09599769693439153,-0.561840481304578,-1.0406768169958196,57.90882474458742,-65.47414938234056,-167.65102092482064,0.5101202419213475,-78.43329309410586,20.479039915355408,-18.850300598408,3.1858595785008426,-10.720431797843714,11.278507273872805,-3.0743470633438807,1.1034115046216941,2.4961344963518797,-65.81514532807685,0.488655903310473
53.117580657397795,45.819280646465266,-3.788903659853062,-1.5825773436460464,0.41933780263430853,286.4622404780925,31.522112512850747,535.5572750438187,-6.636345601191809,251.26920283917283,-75.15982028822863,62.72033870143169,-18.614130888132202,19.746179222694145,-39.994518620610066,-1.850181969937983,-1.5381172243919576,-4.073076096824452,237.51827237472963,0.8280883607688814
-10.881826028464294,-20.326229319893343,6.955417314339278,1.9462859673147732,-0.40730172334848347,-452.66322843365543,48.598773313167804,-468.0391971699742,7.418078070490818,-217.69956349597982,71.94861678751961,-55.45623036157058,20.59931548521365,-10.559332827677204,34.115296205335675,5.78740671890661,-1.255686041764478,2.2728604329797264,-218.63792022952964,-1.14941128197447
-87.7921929555325,-72.79998338847408,5.156462000518857,0.2647393268704695,-0.8604129210131191,-433.12620243222386,-49.104803218257544,-832.8611575120883,11.336893533372923,-390.17249781644017,122.18831653647312,-100.51056327847225,29.551367684245427,-33.5226061325059,64.22565267650621,6.323770918349627,0.8889621174839899,10.071035133486488,-358.4840276373168,-1.1233798334127114
110.50656726765072,71.60425341008829,-0.8580261214195926,0.4743285452794739,1.3033689571776481,22.45177161269697,141.5851778412672,591.345122574328,-4.182704482513002,274.2787492062055,-77.25538964145996,68.34038403739298,-11.357484660689215,29.04352480945593,-40.294246346839756,4.25246143351024,-3.103490303889071,-8.894498143984436,237.92594633296704,-0.4481360387475682
-94.65719328307783,-68.88161430099478,4.28311231161793,0.05636556815849836,-1.0302027247198713,-187.87122514810642,-97.79151082500341,-655.210397921035,8.076534502169768,-305.8685314612412,94.43716413206542,-77.8231247831737,20.37390154606,-31.10073104170628,48.509337229064926,3.2237833618757383,1.448251608418427,9.336786807285705,-270.32183665704923,-1.0491075452586218
-3.8826214563718735,-4.625153498502375,0.30056303027549014,1.3724615701719465,0.0400427236520583,-160.7998409762366,19.154901272436863,-158.62618041772677,2.0428827751788923,-74.9077237317975,19.298601855221616,-17.7754454841223,4.464056386406562,-0.33531736428966413,10.45547889959897,0.0896062335154521,1.325291228787462,-0.1344187637992057,-77.09154885228006,0.9802073922959382
62.29142656640922,54.9671705996373,-6.324766559010971,-1.3729286516628338,1.0639792824373098,428.10973307533294,20.376414025850433,701.784542953179,-9.876435113974951,329.72286807633134,-103.37765504205797,83.88465489035735,-27.173492568922864,25.70557301433208,-53.61171671366721,-5.590175558417948,-0.2983252935272718,-6.913429061686285,312.8364569101034,0.6483321445416185
72.62808228812948,56.259410173390265,-2.4079344970432377,0.05353075254880038,1.3099509481867915,271.8690912702532,53.37089495398845,607.2016742207893,-8.15104031770975,284.6550160070197,-84.55368303579499,72.95582075846032,-17.739933343285227,24.69132184249689,-46.01296325628997,-3.5752562589933348,-2.274467756098953,-7.26314338763724,256.29247942548784,0.5980237640375209
-113.71900241224127,-83.03374341053774,3.3220387991954397,-0.804372824536272,-2.224676927017946,-166.80377533262185,-126.54317268953346,-734.5427986654229,8.268654525439583,-345.1622163201458,102.8805978574059,-87.09848628728287,21.693846676564654,-36.85260998738472,54.68683722396928,1.0069502029474096,2.0853255327320355,8.964706646632528,-309.5916187280482,-1.0408092675602683
88.00699748055231,62.09482215666287,-0.7600147605624643,-0.16943178758963026,0.5570951201046915,193.3989571984604,81.57027781610674,607.2220278453076,-7.697149058757715,284.0353065745932,-83.66450115105533,72.65581804223613,-15.405850584994326,27.34924009386189,-45.824796334064914,-2.3527407191246357,-2.8446049333751087,-8.565975119615299,246.46428017118058,0.04309914953466243
-226.10769540542125,-163.26914164916985,7.237412187176882,-1.436764527202103,-2.427239575411822,-420.5624764042557,-231.6222437987644,-1528.9612871261077,18.654796044499093,-713.971873593867,216.12664698425428,-182.02786385104804,43.851861593573545,-72.25677512843671,114.19263690507555,5.5253490508271454,4.677407421636821,22.26886162126925,-628.7768643856692,-2.1012551915286335
189.4679862998179,139.6785254320339,-4.866719453365715,0.7057582326502313,2.3273755759069354,505.57733805569916,167.8756999462763,1406.2999713730792,-17.328596956893687,657.2207311839366,-197.44583946123015,168.24725075450104,-40.82169129671696,61.888758751075606,-106.10176693629192,-6.242313334324017,-4.51811853563855,-18.684614059991375,582.2718684877303,0.5942453901774104
51.42511651371898,38.26880590088271,-3.2148462590549647,0.07250991765724857,0.5066178688948049,86.71457079138816,55.33544384408493,342.2017848599329,-4.724855558031664,159.53385469476464,-52.14767386907586,40.619088931656144,-12.647368029459427,17.94564296094197,-26.557527728225878,-3.040899492769162,0.36113136325092143,-6.0053067418212684,141.13138600728402,1.0499125894134254
68.59825385974722,47.99325540442818,-0.6165940259330954,0.18384441580740332,0.48045200686097744,112.05546419922482,70.84773669669144,451.12163889828815,-4.513920613660897,210.8565094649831,-62.18262167474965,53.35063253191194,-10.495530111553075,21.1675557465779,-32.26170179689113,0.6940564648681028,-1.8045274798859694,-6.408268784065365,182.89289378406522,-0.40311039611470867
-22.22979721972548,-20.90319255278203,4.150025038323267,1.0702869581753212,-0.0665909912260867,-252.56297459664466,5.916035078083238,-346.9803488855343,4.712012036571743,-158.80528755661703,53.34582938767453,-40.72532289710321,12.298211991078556,-10.364906269161862,23.576650042827012,3.2738878182633027,0.04284904508422539,3.437472235794043,-148.87250348257206,-1.7023718615244599
8.761585062788775,6.435900221392917,1.1098342296873165,-0.2744942050941865,0.08875814324890946,120.4877970885681,-12.259834611148307,138.73869147653576,-2.171451554942789,64.09476399684915,-17.397730847648237,16.23076485497488,-2.947982384975625,2.021111070198222,-9.933926211621442,-1.3216371857745575,-1.356162916476953,-1.7308603130406877,57.03469489100691,-0.570544473961793
126.14157731904099,99.880689946901,-7.888123097170788,-0.7723424310963378,1.3770277728711042,525.7016710635003,88.93018335127879,1112.331036448358,-14.653939825103091,520.8342598460181,-160.0380314867264,133.52316014224053,-38.37962277304414,44.60812835003641,-84.44659564198825,-8.259685126442951,-1.3883809507020934,-13.428612314405886,476.99730538602216,1.7769102260487324
95.91592001265133,71.12196406695396,-3.8574797515441013,0.47427120064586553,0.71847150821017,266.5156750658349,86.19645253503404,726.7164791805965,-8.926798103641934,337.50637098587384,-104.09276481358222,85.56221243229818,-21.95385547377689,31.557412583261545,-54.45966627541948,-3.292616222885351,-2.1722960140494556,-10.5848254644113,300.5533552901562,0.6582179904421415
28.32226286061342,17.819289006798613,-0.09132582872741168,0.7174938739648488,-0.6281395287329014,-35.75841071786438,42.41679471031588,119.14955009514661,-0.5107965409740655,52.32460042666357,-19.791355965909382,12.995671877826005,-0.8614793814547437,9.483002966081497,-8.293985620969332,0.7865141523057605,-0.25044147201768063,-3.988628035317017,34.60127845900059,0.23460930206466263
-112.1782729266584,-84.98454574758995,3.913563854380703,-0.39296583768857335,-1.9993401203574694,-244.1616747186941,-113.4216292449614,-800.3995131347048,8.637803927155172,-376.1406345975644,110.47852057599312,-95.57526806964619,23.48979752490331,-37.267445852753255,58.80795393947985,0.9517511083365333,2.7562686428430285,8.345448721509221,-340.90517345702307,-1.0100617604659181
2.271570588725211,9.847857968023495,-4.3936880172510255,-1.7529424276758532,0.4284863367913344,296.82997480302646,-38.2865131720744,283.8295737494834,-3.6123976150021164,132.2747437125452,-43.41330590401194,33.18696874984448,-12.651462659828205,5.859513401881894,-20.033228603213555,-2.0700614689208483,0.7375284346785875,-0.5660956793892378,135.80738041451428,0.48469974383516895
-119.24084099604742,-92.32122885099837,6.69563137392139,1.5921444375904077,-1.3540073501600145,-437.06736022489133,-96.11571941629563,-1013.2961319960314,12.265647357167378,-472.94223344842953,146.0252001350304,-119.6063155029584,31.750361689693335,-41.903259817626584,73.73773148775996,3.6683515538849396,1.438732385875664,12.203925903005906,-428.97477021959804,-0.42220204107350207
77.35803696630853,47.70387511020848,-0.4166438809812977,1.0493228727733686,-0.012365094917581254,-39.21795144634877,107.33062218716775,363.7205751583765,-3.103951718374379,165.1263857562317,-50.77066671611527,39.71922783376666,-5.527015162320724,20.744621684852937,-25.174627962435643,2.147494297588544,-1.795003052043769,-8.163278698358406,134.71480617305272,0.394506883871219
110.45124742223096,81.3968242723031,-4.550734272138538,-0.43944754628042026,1.1616411276206107,296.69521612113385,102.1512713574329,835.8436189737582,-10.148082996680904,390.09397447176616,-117.44246133663292,98.02123654823473,-23.452214958600415,35.55009840229051,-60.667262520045895,-1.7673209116482074,-2.723574696444387,-9.756854207415188,351.42957106379157,1.064823390305431
-3.8415009926385135,2.7443154900639275,-2.185814040634213,-1.1574354363245567,-0.5134481333416283,118.35537559997536,-19.79274328309365,95.00440144016926,-1.4253052695235944,43.554790952979964,-16.108355584346175,11.407462141820297,-4.8767949162014,2.2216726093010797,-7.229682644446704,-1.4474648753937336,-0.23898222743713993,0.23478825467908504,46.75372294037329,0.5222518967297436
60.83875314028976,46.83174672530988,-1.781593336071208,-1.356636543921916,0.9045496224117652,319.7046671494504,30.47627135362953,593.2803726025037,-7.134901571072781,277.28490137930413,-81.41409909776868,71.3241758859545,-16.30650455698527,20.109129252022598,-42.34112390814409,-2.734427402844177,-2.517577149075763,-5.722854148082796,252.56933087183313,-0.12993582727234393
7.295919119154595,11.910528907225387,-3.2669980225693744,-1.922687799577689,-0.5981300588876455,297.9077795866671,-34.10261636914931,301.4383574663432,-4.578049640685789,141.40015528008703,-44.56462519791456,36.271135623975056,-12.082703075138513,5.841080933926071,-22.9641510278985,-3.8315942687596465,-0.38337937159841085,-1.9239484324469736,137.1336897986673,0.5270714627735539
-63.22278048610052,-45.87524209640717,3.0338489390743657,1.1797648839463433,-0.7965680203761221,-103.77688725047796,-72.92260651108661,-427.54738099574115,4.819132559313168,-200.55993482343803,59.07913570694242,-49.280357683558485,12.943325593167586,-19.438561008292417,30.973768455562666,-0.28644896440701806,1.2605316700314186,5.107212353803191,-183.01411933043167,-0.5655331202302184
-0.767631646936239,-2.8197798222604864,1.1059545038226037,0.5444670588188979,0.7009083159780026,-66.38850050159812,9.35857565874844,-64.88048935235342,1.3330723632819819,-29.40782373354421,11.179821170503686,-8.488929882911666,2.6626727097884335,-1.730703774202929,4.9588211879473,1.4699315324026994,-0.434913972633163,1.2012814243028025,-25.939560200005896,-0.17736524870876375
-6.814548073858801,-13.57708977144233,5.6369177230982634,1.0286368008912599,0.016091726526551442,-225.98517365099144,20.684767149269785,-243.7908448734766,4.3302603926474825,-113.96417249985656,42.628026365578094,-31.004045412798966,13.90360343832647,-8.525370227387974,20.36530677289125,5.909921994510028,-1.7127869510763762,2.6031923591655355,-112.13931523231352,-1.6699921539445368
-4.412003412675978,-3.2193793797445025,-0.0985717160218984,0.71017520015858,-0.062243507148814214,-53.10282842922105,2.0440705717316603,-73.0259650814927,0.5623818889217379,-32.43170885138921,11.399600072314255,-8.3796480651197,1.0442166118056564,-2.1931915213182704,3.332575611168902,-0.5800488344472984,0.03758096117089769,1.091180611525047,-26.418443097205465,1.0293004051298646
-38.726433697817214,-21.9941673777368,-1.6147193424704684,-0.27451020383438096,-0.49161303021904734,132.5296245582413,-68.79728453694487,-78.09249335033168,0.4900786048289254,-36.78454311212067,8.099082286088619,-9.014596593584262,-1.4930154810980838,-8.392744132751927,5.155476741101082,-2.309485870482093,1.4216363620454988,2.234743015727327,-22.101106994353565,0.2648372203193832
-3.0615286191505797,-13.277657209748702,4.376665251135166,1.6591879919587196,0.05059383145581564,-403.95718982446726,56.38574890181053,-371.10700285723124,6.246755714090882,-174.06460981271888,55.60050987523579,-45.05361132208007,16.848448594612172,-7.030547385843838,29.25818216797757,6.4191168239932646,-0.5388469568753382,1.984403911130293,-172.75657705754313,-0.9140171310326293
67.54881168430687,57.27578510695115,-5.210128698021623,-1.2709493827979483,0.7062607139275253,393.38877881421763,31.145405297760153,695.964230560635,-10.116711335666341,325.0479829689163,-102.68755706620628,83.40933606382336,-24.864671008177176,26.340943517210004,-52.52406214358143,-6.259836092365496,-0.6374716313243329,-8.220345433853856,296.0891089536791,1.5004385413768013
30.233824096883136,18.244257494133063,0.9658874433230487,0.7649104613965599,0.1927938967718078,-29.279143646758712,41.4927791604524,125.923479018825,-0.862211987946695,58.95560131558265,-15.151843965184673,14.431619278796248,-0.7792670785911151,6.769452727161687,-7.9740180282466415,0.8793728168904158,-0.5287572575671151,-2.5075430970313373,45.341888828642354,-0.8107770697901573
162.19833821493106,124.23890252899605,-5.981633316143852,-1.634219768070988,2.212724016839185,621.2638088910251,116.55950264797758,1374.2061191623095,-16.14841660059871,644.8595950296491,-191.76553067744493,163.79042695425375,-41.840958754109785,53.97988068605425,-102.21086321855701,-5.023140072000296,-3.3547235620719476,-15.369364914201485,587.7708136121048,-0.7210048543763442
-17.505896299001982,-13.998155254700963,1.7519330460773643,0.22134403620365337,0.2374793845919504,-86.36874028592285,-10.719761103946325,-166.50658233155227,2.1835896149784366,-77.29396593134992,25.496353308387484,-20.35900618642465,6.281411768329948,-7.037310340705023,13.177529654352597,2.31166341505173,0.6147793890444726,2.340567620340983,-69.18237172870089,-0.8923655593076906
101.12100525058068,69.56814636830595,-2.0245410745105055,1.3775982206530948,1.671555843545237,77.62550980991979,124.8407169527557,596.3870515487835,-5.833904074259162,277.55402037424716,-79.3171239595229,68.7198620919125,-13.425959737792038,28.308994839403816,-41.50420661663795,1.964213030939287,-1.9311437555673039,-7.74659839250757,244.7502846049423,0.060106407920352746
-19.064016960523237,-18.2971237101978,2.3090651019611492,-0.04080433131167176,-0.3618775413388131,-188.31541464096154,4.051895365584243,-258.98470921741404,4.301441400759032,-120.28784859120557,40.235372418096986,-30.770361606761345,10.896998548137892,-9.45696143579695,20.77562950580566,3.328899330078634,-0.30253925894453526,3.247426660296596,-113.04245717802439,-0.729649282427781
47.57045000748085,34.89409414384423,-1.470165683730635,-0.404452664644215,0.686697220989146,143.94890542920038,41.36761939169126,371.7627267924843,-4.702828572155225,173.9663258693261,-50.64524258825074,43.98328289829371,-10.253351088300768,14.77574023553583,-26.889152015715297,-0.7145336182627562,-1.3692289481445006,-3.9931184921556504,156.423469197948,0.5891279440279443
41.7583829053285,26.769258083605607,-0.8501386634866609,0.017053844567237873,0.1373776694360222,-10.344131675587526,59.03770960831751,211.91601968959654,-2.7418480456163876,97.42843661589883,-30.92840870172703,23.144593655234623,-4.01895067729503,11.982293125040105,-14.478555964899156,0.621464224852182,-0.8465799358900497,-3.9772321584289254,79.36799201465988,0.6560907077660438
-28.783076449009812,-18.27652499768602,1.3979453745147932,-1.047668520548753,0.5913930719371994,95.69558082459744,-55.1340149271399,-73.69903557656238,1.031882214885911,-31.843092374567117,14.868769901946223,-7.918933684281439,1.4587430418499734,-9.926387019295719,4.800620345592668,-0.32845744209296046,0.23483953390271317,3.695840513606169,-19.010625078791282,-1.81251454102923
70.19529743703366,39.45143381156136,1.6663781089954541,2.143450942586432,1.2389021392555004,-275.3047578541458,134.2964998916713,126.22927376188899,1.208040933153602,56.74117466428384,-13.329354757545586,13.513233290113266,2.35316536665545,15.56862531426238,-6.048492099029298,6.5632064342557825,-1.600987300297776,-4.707657876094642,34.56144678342822,-1.3743203455755317
68.52513783027432,60.17979740242749,-6.027957143334982,-1.6129626821633716,0.46283541467319467,518.8891047624287,9.364812319947504,801.9130609272631,-11.532344934464641,375.3079558629228,-119.40025051050297,96.7623448956837,-29.494343665380303,29.13452344762323,-62.54610745657797,-8.078378541910402,-0.7586304248117338,-10.019747909293521,346.03823835011184,1.157812026151562
-112.22042227320428,-70.30033450488928,0.36461774166394434,-2.2646652743793823,-0.7655778119533804,107.18111578720062,-160.78664572647352,-480.50903925268386,3.809345056600164,-220.09597451709078,67.21567834276163,-56.112466266021045,7.928497064693454,-30.28587561738952,33.11013410924415,-1.3777151757234243,2.591206972050836,10.533793373308052,-175.9062301880416,-1.0344588468576186
-62.65587118784028,-40.00788200495146,0.5225959317350806,-0.6537799543197182,-1.5560992943032959,50.871341627246714,-92.07486431907208,-284.72957999427433,1.5157005086491342,-133.83369589422787,36.973715869806796,-32.71684095462508,5.524697250696792,-15.72616081354725,18.13267549289141,-3.501402604013819,0.5641216963315117,3.1107710685871544,-120.01938618619873,0.3918330545786496
78.76568524153757,58.49432904986742,-2.7028876111163096,0.2954781700937848,1.1664247667758083,189.87240827741695,75.52270696440661,573.8787674131302,-6.9075959382868355,267.4764730828134,-80.6978545478214,67.7210942390494,-16.344015806164126,25.820666214627554,-42.41457065759508,-2.003669589104206,-1.3477159527267135,-7.432607308548495,236.92678963233598,0.6091591123234844
-96.13169731486293,-62.19069741136984,0.6457501794926181,0.002426735390488251,-1.1929169894465503,-15.045669679483584,-123.25021763677702,-505.7481433224983,4.5486007877314,-236.08110642275082,67.97697276697313,-58.37443909528007,11.03616756785167,-25.821576273917696,35.677578551097206,-2.077804410033923,2.4221702696770344,8.125728605962474,-203.88151982083755,0.5387823949200728
-118.17479319122413,-97.88282998297778,7.435897555393301,1.8196138469187377,-1.80926790870687,-756.9127154631038,-40.42954729004995,-1267.2940106719252,17.120631122957104,-593.5415811631273,177.76393195825435,-150.13387994055907,41.4758938880609,-42.082790566693824,95.0961745852578,8.724419158387581,3.561178118430088,12.40139227931215,-548.1022123337829,-0.9753716669264013
77.67104061342418,55.392206715941825,-1.55515974015204,0.3243064733967775,1.1782041603756834,137.9256381812981,80.16993463331161,519.8177353158542,-5.061233452479919,242.24736875631228,-71.0677098512958,62.04285276610798,-13.21427836558214,23.80389095597516,-37.51791766819293,0.017136603540245154,-1.686750179780111,-6.656359402005381,213.8683421958507,0.861728934953126
41.235784406691806,33.94673117987836,-3.1409694331278377,-1.216580064833598,0.9185654609644324,200.5871479070457,27.767644038037343,395.96203845821367,-5.30114609245836,186.14044234867484,-57.32567671202841,46.69749633927666,-13.409361794545733,15.576267972551621,-29.389537355077053,-1.269390377187237,-0.9432462300483568,-3.4470724439761424,173.5944078850672,0.08735887081806841
-149.2116672062069,-109.39295982558738,4.588180251712679,0.7565626560156883,-1.5836405170144972,-418.61620083492846,-133.76568886465748,-1139.4483213133226,12.407944152514093,-532.8214415959652,157.07006447685927,-133.0375792369245,31.776129693304988,-46.82701226463317,82.66947330196565,0.02839660338218364,3.3440869267935573,13.273737422237893,-481.47162363844086,0.4503853292284374
83.43232600101634,66.16721025816699,-3.9591296283805057,-0.5851707730979806,0.7581155165264618,350.9934343468284,56.3172038927573,738.8033881639044,-9.81977122105078,345.019603372867,-105.38655705268779,87.76846146226568,-23.654934344314356,30.044068804963636,-55.44868983364002,-4.074024260337541,-1.8917482901541363,-8.742064066069766,314.8353138461174,0.4139703429664305
147.31806261381695,108.23051455485125,-5.399923135979514,0.43015374969459175,1.7497436469017793,328.0317817366781,145.16340508446197,1053.0778044051378,-12.592958855186723,490.5582942660527,-150.61758471018337,124.91539592052416,-30.290971919810907,48.701535559138456,-77.39065347502653,-3.576894547036938,-2.75140673243969,-14.298700290848567,435.35830970201766,1.5379029759084193
-36.002100492262734,-14.771724760399193,-3.1809721401287656,-2.0314421966336154,-0.6716288057869163,297.6772077299273,-88.09513415328153,86.93582458441277,-2.487641722336255,40.327622417960015,-15.434608942842734,10.41792545442927,-8.046016374974062,-5.821042888579763,-6.925033653717111,-3.901596061172275,0.9809046745655109,2.3105434453726086,54.685199806131926,0.986701154913805
-17.074217390537672,1.228055550491107,-4.963173735064817,-1.6019770682732282,1.0519284631251935,363.8005357682932,-72.17550953448608,244.9004063735728,-3.9360731025078577,117.57307541338963,-37.244078503212826,29.822671420064488,-15.277829901051508,1.859041298615666,-19.924887175234748,-3.9150300461454757,1.356656331290302,1.5443280172629619,133.28098938958985,0.2943617419191118
78.52714575055852,54.08585019777109,-1.3833441601593641,0.5833805000880333,1.1209037240709414,128.36362377566422,81.72123384936368,512.8519738578227,-5.860729988689645,239.54411204515102,-70.10760640732178,60.25605757082743,-12.124845304122525,23.125053852456393,-36.386369431889875,0.04705786896086661,-1.8471748327179043,-7.1013909150888095,210.3799005346477,-0.4711987908025372
-54.88947979215852,-46.04189177545205,4.4378672773450685,0.4349846385459733,-0.9410005700561447,-274.76707005638605,-34.29026935782255,-534.3074464234393,6.463364389745284,-249.6859240104946,77.96857081581047,-63.882617792801945,19.11317758668499,-20.58307423796877,39.9520990542054,2.968887662562972,-0.26447291033962816,5.71707405627934,-233.9311513773321,-0.35430184003661913
-37.25977826583622,-30.67914659027977,2.6546343056468524,1.264204032129958,-0.4565054358903211,-173.13634403437916,-28.362571622894457,-355.9913372262495,4.340163350839393,-166.17693444089127,50.06205644902207,-40.760156624806996,12.200499634455356,-13.313120813975575,25.45426017066826,0.7132544516184465,0.6401826016691577,2.9136847507817896,-157.4860277783789,-0.35494578058015913
63.10495289316861,48.75511905648781,-2.48720236281076,0.5038838210516815,0.5049493836932473,243.68759782241634,45.82440773282709,538.0549897784105,-6.731450780327076,249.9189679141972,-76.05561318583743,62.99673482013696,-15.446224968440804,21.91770674011476,-40.1910686387866,-1.937871578522574,-0.9895963210687181,-6.8330877072757294,223.8428915002876,0.5688130426014715
60.21098811393805,44.557328747004114,-1.247808437112219,-0.46705690012302975,0.5865165191849993,181.7406567690705,48.825374756174526,463.46864747967425,-6.650578775961366,216.58787298658342,-66.35497981663767,56.05308356174322,-13.254508347962453,19.835756525152096,-34.56259800453806,-3.3680585952070166,-1.6685255435771598,-6.747916271711271,189.24396855108802,0.3967221758248237
-97.18653090960956,-69.2951017074074,4.083520362424653,0.20419154601938286,-1.2156508365356793,-184.66324477605616,-102.93514780067633,-672.5800439822597,7.013726029475199,-314.183197982777,91.96083289045225,-78.84492250265484,18.7145975474831,-29.292590574753305,47.45861710073526,-0.08815645000824315,1.4559016382557992,8.443840459072636,-283.1555954864854,-0.07329736750606045
-37.27032587910294,-34.338724000943124,3.744171081415291,0.6423702387579592,-0.8805133760249787,-302.8922756841927,-4.294690030162408,-459.73130184139245,6.326475740370118,-217.22308420238434,65.98643049794379,-56.191635182981024,17.58124595236187,-16.209769961825664,35.992455395680665,4.359076893580878,0.7250410209176029,2.8753977002394455,-207.02981733799456,-0.6947455029490588
150.51532962101655,112.5696211899176,-6.739955602631566,0.12540108742257697,1.3218443423532473,424.50626914762717,136.06908460374987,1151.2317178456856,-14.643668555358502,536.7330651767663,-164.55844784028278,136.36232965312126,-35.10065984199244,50.4496816483484,-85.46304932853646,-5.4977391621007285,-2.9974009063811202,-15.582770324700654,478.0621987506269,2.5506651287544515
-83.04816873591729,-70.66237284496728,6.868438410480432,2.059141279660947,-1.3326134015878577,-547.095652889941,-29.973061103925634,-914.7274121937699,12.273268309351902,-428.1413156002032,130.27763912465602,-108.1326794483192,31.43398188801945,-31.492994181088417,68.79830579042726,5.469508863929855,2.3948833208601084,8.188084934839772,-402.1326631376838,-1.23506512403476
-42.910936728341966,-21.616006133699667,-3.047639256291216,-1.7650921332523528,-0.019329762055415978,182.31418988863024,-77.45180778966201,-45.96600081716099,-0.17975063642981537,-18.376250122417645,5.015668730104686,-5.7111391446927895,-4.2885280979824785,-9.710450488342019,2.8353086301456347,-0.9939382708139943,1.5673314605861903,4.866069177612729,6.538183587463108,0.2730670341439737
10.32456379642501,-5.136848116315975,4.08378443108387,1.5564924495879668,-0.16393567069568604,-323.6328802320606,60.389358464690375,-235.2768741040864,5.593026236583906,-111.9323474197006,39.16194809970692,-29.69676431219434,15.13774723308975,-4.40703587710305,20.30340227326853,6.6224893559412665,-0.7392265088984675,0.015583772737985835,-117.15033230493192,-1.514775054362066
-97.72124764518169,-70.3242283753352,4.419747594573465,0.3243992515608189,-1.692150766756011,-170.84244282384643,-106.40059883618899,-660.1766019833216,7.168593396431537,-308.2217973682327,93.2177408010382,-77.71387185759173,19.738518595622942,-30.830890563380954,48.39147476456808,0.9478783728219033,0.9082189805051226,8.979927361985437,-274.3988855796065,-0.6881661779798732
-108.46536772328845,-75.33017124769172,2.931129681534875,-2.2497097611918053,-1.4115640443932143,35.81924242888803,-149.24990517684068,-528.5380085721604,5.929632535354093,-245.53356192529708,78.44037050877051,-63.79130932550472,14.604905362463814,-34.521317243899766,40.46389410199847,1.9288760029016103,0.5544585574316414,10.846987303783239,-202.06052303768587,-2.1272117810045494
292.99618593610927,212.13373897250028,-9.312319991391607,0.6570224316616705,2.876442171288569,564.6888702262182,300.9864758610629,2007.4820632064634,-23.410994089534736,934.5861113995595,-285.13981725747936,236.91240548468,-56.80999430237909,94.32484153952807,-148.18461457720954,-4.715814760565982,-5.648862495072736,-28.228910894947962,824.7883072780885,2.045210997739397
-70.4207061960388,-46.50342451058773,1.3940864198122938,-0.5677132377478579,-1.1836820211182655,92.56825555566074,-108.90287639666944,-284.2304748012888,2.689343555324105,-133.79619430320574,39.93883036703122,-33.02996387597697,7.302669979958768,-20.082480827428473,20.139975481407085,-2.226383409598431,1.2162720195651882,5.484037646472826,-113.79091641955495,-0.0030248491809359056
85.91933578242926,63.99906320447649,-4.737745156522347,0.5089780873334119,1.535956849218445,124.67107434220621,99.49819734151,568.8912460537845,-7.042336599184273,265.9979181998049,-84.82484681064032,67.63748226449744,-18.264574623837106,30.23884783038601,-41.95111676128078,-1.8642648000545332,-0.40088763388441273,-7.978756571150556,235.49218103563842,1.4065460506249654
-3.1514341460412183,0.780777305457441,-3.708908753724242,-1.3016007355156987,-0.47603661017290133,97.33589105835951,-13.134826834404812,84.99012569737145,-2.295948677221758,36.28658618567257,-18.117324842580896,9.49699671730426,-4.337542664582848,1.2597291107923951,-4.19120412543756,-2.718978321356526,0.874572863458447,-1.1250432165285436,35.17673097065395,1.103018319288241
-101.22065587390959,-72.37910787431113,2.4975132494542365,0.3700861653079202,-1.120035184777989,-210.3191635243957,-99.33244933347744,-698.344103296625,8.049196697582733,-328.2506276848877,96.13698581626134,-82.7349327747491,19.524903240997165,-31.382411894415217,52.098529416114374,1.3360778554670727,1.7246593205400536,9.034268716008686,-291.4388199127342,-0.12692028415945825
-72.07590902781943,-52.2817320062362,1.7488076047037298,-0.05205029007038954,-0.6845031913116904,-189.1594048905394,-61.791324728644554,-526.1336444284132,6.286824469317181,-246.79111418769426,74.6782957201197,-63.61955057102651,15.279132359393367,-24.125441632818205,40.982022685745555,2.6887046513898443,1.955443305451599,8.247691358014201,-214.94563262807483,-0.43832326300870206
-146.27516846590876,-100.77000667463504,2.676370625588734,-1.3757363531636029,-1.1523654232453784,-55.9435435643836,-184.22657055719233,-802.0104107256283,9.385520506677105,-373.09871321900124,114.52310701995857,-93.8715446407081,20.57178330859289,-44.92098988662872,59.9033104958891,0.31686878873357305,2.6046392047334055,14.20474014380133,-317.42774492035335,-0.933559599637554
149.7270517099472,111.82957817832077,-4.826953702839838,-0.44551798786504315,1.8655905709921896,386.7732868085793,138.29440537625985,1113.5398850855888,-12.525895466687846,520.8520087546054,-156.7131776743809,131.78409657783303,-32.644008519287354,49.83964413983086,-82.08104830045431,-1.86472059544223,-2.693907883038209,-14.03270538457295,466.68556077656694,0.774516392615218
-121.75899278255235,-96.36860606914358,7.199771061375694,0.35921550754627907,-1.5937222127983106,-472.9625101895431,-92.57340647967264,-1050.1835681005757,13.77774979160097,-491.1845354358238,150.75131102911558,-125.3939268070661,34.664348197477786,-43.12621919212492,78.46854738975486,6.387793820341665,1.4741152814352319,11.981998691422579,-447.94573905652277,-1.590191009020754
-84.80201532092867,-60.749739586775576,1.5234174099814477,-0.5846184684512086,-1.2294308578359472,-202.24127431029063,-78.14450359303768,-609.3833529499049,6.402866198935793,-284.43173003265696,83.45141902573356,-71.8493603463425,15.99578323444728,-26.725060620663513,45.00930177358078,0.6658956224603729,2.711314660872177,7.6903347700428935,-253.84751914820666,-0.5769127372558348
48.53945182367165,45.21181658613583,-5.474620038541575,-2.2472825211445904,0.8925550608015387,467.3766901861901,-4.283507396865555,667.6678434809686,-9.544936494534738,311.2499799138334,-99.71024330960338,79.96939778349234,-24.15913679270414,21.45835999103608,-49.66218214867457,-6.140964758431022,-0.9807343230754371,-6.551658606932413,290.2179432181806,0.5437330703405617
-175.4920403373059,-132.35489892974954,7.656053303073637,-0.007863435510748194,-3.1891650113552243,-465.2897621967987,-164.52750641805318,-1320.8050166463906,15.932011072589138,-620.0851955736267,185.39797383407625,-157.00776691027653,41.19018279216392,-58.13013552382532,97.62651659255498,3.2583678078373253,3.6120258557939255,14.57793385481948,-564.1566355717323,-1.087630743109732
-84.48621125534925,-64.75997811082122,2.9962429337544445,0.8866531547334903,-0.6933956723877348,-406.11912725861487,-44.998035218600286,-782.065708987005,9.845973426796721,-365.260501606664,110.11779440714504,-93.14067360938965,23.277445986451625,-29.10453758024625,58.537075577673576,4.838964868785737,2.1489964403820787,9.618671375245633,-329.00620695733426,-0.3815869802780821
-82.22745264475985,-64.04014196900289,4.52995725732208,0.572363013945539,-1.2119795385383185,-304.8478796651132,-63.31810002104156,-690.6076450057881,10.096126710813218,-323.1854620622447,98.93130643370219,-82.80280787539219,23.011076512914276,-28.68591202821885,52.32257243900859,5.446361001399172,1.3422282965996473,8.864598639330213,-291.7081605918712,-1.1118525990004353
22.432342077590757,29.628178870206888,-4.529118602128293,-1.1147678201663693,0.5908375106784742,457.4519209213715,-42.14605971205066,509.3567325238114,-8.106108493932831,240.2089259078421,-76.52365476650824,63.14855293975776,-22.112621768851618,14.811906978346133,-41.930246929679505,-8.142638074247706,-0.42363668913217684,-4.37181016394237,228.60281340331977,1.3939441433731563
-46.75904146190847,-39.41243515341092,2.52776798837344,-0.23738675776691387,-0.3532542349554889,-261.34251050096753,-21.89623906111836,-469.75719680269805,5.841589230121832,-219.30191469263394,66.19096255687754,-55.85138612810237,15.239178112356177,-17.022228493640704,35.87388997585502,2.6632662848272464,0.7032140128107998,5.534615887068868,-201.05847684437552,-0.3453136846334682
-59.412416003501065,-42.23630188374302,2.502007162646593,1.4366654321093135,-0.30859406327149475,-149.93983771375855,-56.568511040344475,-442.30670047283775,4.753078590844049,-207.60743957799926,61.32390749947129,-51.44100235094705,12.433591841883182,-17.774533789301348,31.82512533827767,-0.552876253809985,0.6645715796216068,6.0114119297975055,-187.93739252710552,0.8314466663509615
-13.29498597986025,-8.134499378239433,-1.3677844541074118,0.1535601746423722,0.5377691890482307,2.9037492822628135,-16.64281841813384,-67.14855451024677,0.6046497714126943,-29.500582529523957,10.123970918748217,-7.303468242607973,-0.5202153727706036,-4.961192321797759,4.080088045722579,-0.9981159289084717,0.8652235056748617,1.9074485191058914,-17.895876356692682,0.7892681375108204
-66.51087255557779,-48.66996161048127,2.2335325907595323,-0.3590840468251571,-0.8854800616147254,-186.28604247543083,-58.65344956072339,-507.27896578061825,5.831643368615,-236.25609622413882,71.07576111664899,-60.69572888156601,13.763773592817323,-21.39151948723422,36.72541024210058,1.6612173186697003,1.5931870644786086,6.131763571668552,-210.4079561398706,-0.7569410136573997
86.16857718136667,57.54090620340607,-1.928042533588772,-0.68063135727902,0.8800829228948838,52.72694324406003,108.64974242778354,502.53930869098497,-4.4221793074591345,232.82994602751222,-67.99869961017556,56.506209411460176,-10.566695654665274,23.67823634117161,-33.38897392143921,3.3831595172066438,-2.206381206843326,-6.830618982812709,205.17505205315388,-0.8076082470553486
119.90918026092872,87.31729574921538,-4.2198987990162715,-0.3624871555986245,0.5207468610167523,328.33123561932297,105.89513458457094,901.9108149160535,-10.780469199972625,419.73770377420163,-128.7844796731925,106.96010887961283,-26.072317643332763,39.061038375399384,-66.75260816909157,-4.388602098573718,-2.088029263973553,-12.875678560561383,370.9705119605198,1.251988523107472
-56.48153861733441,-40.73074625524629,1.7699186774545137,0.11374509430947263,0.05441968695208374,-145.41559047674676,-52.71039479681096,-420.72556554166266,4.454844245913423,-195.0220017228511,58.028791194389406,-47.908736446682106,10.186902688715362,-17.32666039771979,30.635843362173965,-0.8282130129608292,1.2310297490945867,6.08814268054419,-174.00786166467415,0.2889003452724234
22.990164979819074,20.07630846537564,-2.1824735889822424,-0.4292898821919968,1.2157770375186319,115.80176025084614,14.97975649763253,222.485039505737,-2.0930305195015233,107.406009802183,-28.9356314642082,26.291726457951057,-9.986202117300792,6.984749443354543,-17.532201116164444,-0.2777342236363112,0.08555472352418847,-0.9326273334830435,110.39526233091227,-0.6576594574398513
192.0766596926288,144.16781985642407,-6.595166947251013,1.4556275040609834,2.088194004106651,475.80348190414895,179.39112615880157,1405.7186808545018,-16.288582684329217,656.0075786769642,-198.00881154313137,168.42656776037614,-41.49320993176186,64.405339537655,-105.06979092839329,-4.7939724460197155,-3.7969674140860263,-18.581921248557336,581.4474464518662,2.3612036975838304
-102.87607046144358,-75.75633588966166,6.124636764456015,-0.5547353177409245,-0.6240261782416319,-168.45802156895667,-113.64803131654075,-686.6341631763397,8.933287428282647,-317.60127605279445,104.46095311486685,-80.98875024593747,22.422274569540605,-35.262257589386,50.832232419989815,3.7941241843754843,0.11095863385891247,11.46907275820297,-277.87655816573647,-2.128109035847505
42.37724544706974,32.190996726491704,-2.1375086130877934,-0.35072336810559457,0.07037757923911184,219.98595456926668,22.18635301757665,410.1103570944601,-4.863906446425112,191.79417336592684,-56.07474230306032,47.6862379811018,-12.26116001708126,13.34012941171384,-30.221281395079767,-1.4086346360455835,-0.8201984144062104,-4.5196005820229175,176.34684054056896,0.11926945593290385
-102.22573634778591,-83.34258626404055,4.848710909443622,0.9656528067366968,-1.283189374097411,-459.40271495600604,-65.38921305183747,-927.7383583432786,12.294669900843093,-435.66223410203446,133.17233797285226,-111.61646236603958,31.22103671025755,-37.44839705143478,71.61310308950452,6.032212459287322,2.906275464186552,10.724013383129366,-397.28684867087986,-0.5764376424248254
-66.04081396813385,-43.63367318384944,-1.1606328399685153,-1.6479111757957488,-0.8462314378875151,9.953140132218605,-83.08650467167895,-320.4718228912365,2.734916718008089,-149.67107790213205,43.227443306419744,-38.799174033150095,6.127130007564589,-18.93749925072201,24.133296260348235,-0.7679445003404023,1.2180798652270628,6.39595987073936,-121.31709717608356,0.5004874314710068
0.7331475736817243,1.7436260808539195,0.059441797506662786,0.5151516748138263,-0.28276700306090885,33.760403426515225,-4.482036423596345,33.70964023592165,-0.19187412455609865,14.489042399792497,-7.505808577292299,4.285281968566269,-1.8915672891618875,1.463917081569919,-2.852489291728547,-0.9243541940376185,0.6981470613665424,-0.9214222486413073,12.087974642380546,-0.21111954017056092
78.47035036408673,54.48270042499579,-1.4875142089331248,0.45523625175581217,0.9300415658480918,131.23057488771298,79.1888024027066,507.509653608654,-6.202490322713565,236.24065668251652,-69.95339680911638,60.34763544572959,-13.761487671934633,23.83062747843203,-37.686411243953124,-1.668052289043206,-1.3255487122311531,-7.6314785041497695,206.72399695414043,0.4906886383899134
-27.22440221781059,-22.575550205302463,1.212077148366808,1.2702726621899185,0.6722425159349059,-235.14813095914437,2.189457017847358,-345.8118813544406,5.374875647664934,-160.33056605058823,51.189537788117114,-40.354114442045116,10.57368032098828,-11.439290192885533,24.95811808124354,2.336272275983327,1.610631333668612,4.1895865259699905,-144.45699481384156,0.08577344960730326
144.5928621384147,110.81058588177463,-6.281552734427754,-1.8485414328429184,1.39552416070452,612.9420930880698,95.85406810524897,1281.4245391300178,-15.849882534266031,599.1654942908957,-179.42138920480744,152.23730185375305,-38.6132735874684,47.470254609351606,-94.3770904782015,-5.618379914654427,-3.6942700901336396,-14.699338178478168,546.6491769325863,0.38726430091230546
-64.65260916704844,-44.13607312462717,1.9990595193564658,-0.9486658811952967,-0.9511293451433126,-63.771769779502506,-72.47952809954542,-385.2865917267202,3.74521193641279,-177.36544904043313,55.955455083659274,-46.546971054195886,10.558577054076991,-20.28209708871279,28.20942866501933,0.941716936403843,0.4614232565683042,6.8776026909209635,-150.99016937558105,-0.595554655204217
-42.912135325701136,-26.11707311372761,-1.4094226440127595,-0.40454131335894605,-0.26732310464596776,43.52168942603389,-61.60173200201285,-177.92926267064126,1.2553188132211557,-83.44955995379824,21.67943075563374,-20.344525270533595,1.6704804185728435,-10.023076003540845,12.895869726341498,-0.8538450713507192,2.322332479307563,3.5598019779273606,-65.1966492223602,-0.2288535463642257
-54.157117122783006,-47.2766355710274,5.347051880598977,1.6333184608378226,-0.6983027473796053,-382.9872966900408,-16.09404448141847,-625.3819614644365,8.292489945782382,-292.0332865038296,91.43752525249985,-75.03919848671346,21.573204047325678,-22.296018923091715,45.90106503724562,4.356579915014612,0.9797079737406761,5.932239507072057,-271.893945508973,-1.152449733750358
-93.47703216958448,-76.42047878286382,7.2593283910437405,0.6449341562354433,-1.4638761655347114,-422.56820187969043,-63.10551814023655,-859.986856205521,11.815981672514216,-401.0177160121904,127.27610429820528,-102.16568646002544,30.270378695585396,-36.12674910841313,64.86246227790649,6.454241744326607,1.7318054906924776,9.883495257889681,-369.2376005310611,-2.5332984741354587
120.05388589281739,89.98098538590263,-4.8873280185419645,-0.7575427935505743,1.1181600019510802,460.6678477601611,88.42242086831354,1025.3085670761252,-11.898411162080095,477.74911502153225,-142.36246477115992,120.01237540632596,-28.459162829097487,39.5712191232362,-74.32737622284779,-2.0183712266877905,-2.823117084559784,-11.865707722470258,433.9421382847057,0.8818351624022146
-152.71672595877294,-113.51983224101102,7.194841580343173,-0.0836070842888601,-1.0849884474026519,-375.70127004233467,-145.6065967497949,-1116.1329132989506,14.049953698299738,-519.3270621556893,160.0357928818737,-132.45613216791784,33.608352789705776,-50.86015416633172,83.8110996316107,5.521195006817622,3.281082217853168,15.586137944775965,-461.9562409535143,-2.840218750473817
-102.69065505997312,-72.15896376832792,1.7436757787315686,-1.0874154612276685,-1.4106701447465877,-142.63798376714834,-111.12155302286467,-647.1912378659782,7.265249893029422,-302.55936440154693,89.99359123214256,-77.3075728641738,17.371588535734443,-30.60358023017016,48.38893112592829,2.05327896152294,2.113769485379807,9.977284650633147,-265.220807693236,0.008553218905772614
128.1064453242826,92.83553255210633,-4.668543614868636,0.7911242525065463,1.4402727873015182,234.62640475711203,132.7477163396687,868.3882797409698,-10.012535455341656,403.8443122842166,-124.05640604633984,102.684470483645,-25.166683020617477,41.43429075505072,-64.305969976212,-2.4700563096548307,-1.6772555987085913,-13.009303740187404,355.9907067104067,1.099093803057434
48.91222065517874,39.84371526328525,-3.117044148483798,-0.5374509405327875,0.7653082977756871,220.0800502096805,30.40362564009557,446.6222401325427,-5.2718615410929335,208.84196823803862,-66.20736955999888,53.670761091084906,-15.723629091850622,19.311078741054782,-33.86715377203577,-2.376593341813495,-0.36064925056354324,-5.984629207282381,190.08853970756846,0.3319922196829414
47.172792813512054,30.469668473217553,-0.4348172794523413,1.3876780343260122,-0.008589942576086973,-90.83635988552592,74.66638244872861,161.6360975958272,-1.0473840434235648,74.91332304167061,-22.827732234239548,19.371074083835783,-3.205481813196367,12.763960228577718,-12.527567139046248,0.8796206009431957,-0.7743944327423062,-4.404293294888508,56.71494646561772,0.5830911245477953
64.49367411730506,46.40457261742635,-3.439232906057097,-0.02618025850811094,1.4628084581484773,88.96877416080791,75.23291287382445,420.75178976552905,-4.772687726207202,195.63376343041304,-61.201794475792035,48.88289348957365,-12.914833152057671,20.371717594185224,-29.05154284348985,0.037288583204575065,-0.3514110289028425,-5.291475249044558,177.8435803345741,0.23123123896680392
-19.85622248011346,-15.862444533400993,1.515468998780023,0.3850654698210404,-0.004332765507322811,-27.07048214564835,-22.73291468180905,-129.7689113236983,1.7317374144025997,-61.37865419016255,21.267137451322462,-16.842021627148604,5.19598829011749,-8.105680079183708,10.3850407753495,1.2128472868003528,-0.06052528093713737,1.8608699013253203,-55.247874163804504,-0.4978378171634305
186.85343610394156,140.46533762138768,-7.376454579091149,0.03219292236320733,2.9210115416911804,559.9616442491908,161.75394307980292,1458.7990821643793,-17.51031851571835,681.3470972330447,-205.7544503516943,172.89613479038124,-43.23926099069933,62.73450897632645,-107.18466762146927,-4.864443360809796,-3.528348347473366,-17.384472418924616,611.7750452872352,1.9603238126084237
-257.567078968272,-194.4873749688742,12.358154416725284,0.13559349835248538,-3.158095469328407,-658.5793042342449,-244.97287581055002,-1922.8706950440885,22.783308410849,-897.7582721278056,276.7271912397652,-228.55973410850092,60.293094172949054,-87.86138660598183,143.1064577717201,6.7091702208753485,3.6029578721639224,24.651368123673702,-809.635528182229,-3.3646978179572113
-4.542868207333757,3.3021966239363465,-1.6321630267002742,-0.6057640268394228,0.22695206887799668,224.08289779334874,-39.77593984727924,169.20107422597974,-3.7079230504125964,81.37284579918371,-23.69663647211068,20.788211310806375,-8.515799291403988,1.354081728511321,-13.707719108020157,-4.252435539991924,-0.3568995698351241,0.2527257517463666,84.32163089162701,0.655576109956189
16.94564290449944,7.400688299149751,2.6991567220568555,0.886093259229588,0.5153311844314981,-124.15867369130902,37.552286754939594,-27.169658739291563,1.326347635040432,-14.281890066785003,5.884863014082185,-2.4089351316329637,4.771087422082044,3.367203072206692,3.1528714961358517,1.891582175819064,-1.6709785574927967,-1.1286547230458632,-22.63880994706504,0.019972355654120505
119.44581150518314,86.91961898895143,-4.440538066417818,1.468627501029895,1.8234102764252818,123.48422637091898,142.36043678215327,733.3430810889449,-8.48708842292442,341.529470686675,-106.56099486654512,86.857765274677,-21.7950850111109,39.27581060703687,-54.445857726449866,-0.9361253662962563,-1.1631251144559955,-10.94208264884366,301.2225387420195,1.2104805593346244
75.16969795465334,55.393395653693105,-1.3208043226138904,-0.2190552916042354,0.9331281410982342,249.10192482796515,58.584837650255764,604.1368919353808,-6.544932745512085,281.37313749348635,-84.28314366893812,71.85493488989617,-16.425740780239234,24.146000259707968,-44.374360075625034,-0.8735865690536919,-1.9230493050581563,-8.044802789277119,251.89345148452767,-0.5585646255840921
70.29789613043236,51.312029193888655,-1.6599353050360492,0.29820344086595035,0.5333737251707147,162.5945953032263,67.5454395989529,506.7225372077411,-5.124447266629567,236.45692821035757,-70.30657853847853,59.310230587129865,-13.82180765266855,22.7902219231062,-37.76136928909349,0.5435010854802222,-2.0390793829740117,-6.675316253622236,213.07213732587962,-0.21201433569033504
-61.12112885693984,-36.09764861954694,0.20079656098321474,-1.9474783685683856,-0.48581514533472614,289.7796647995423,-127.89038437464609,-68.13345084975074,-0.5251877913763985,-30.863731653857208,11.94646772086547,-6.668202502965,0.10821164085121904,-16.045296044934485,4.554542162342683,-3.4491342520064534,-0.3267028008432631,5.37460618144188,-11.364719879475691,-0.07459503200398165
57.45784038507438,43.3990792598106,-2.9722034215598425,0.3282737193451157,0.784745200578506,152.73553558135455,52.69655414674122,432.2637744091215,-5.533626776767608,201.00389191640846,-63.32335013979946,52.223439895484006,-12.821847670957803,20.504463244151015,-32.51077858698804,-2.289269677480377,-0.6664913728228554,-6.26368125261926,178.33848961542577,1.6098997678158327
-64.60102374246455,-41.88679285360415,-1.2783383869536817,-0.678778627442341,-1.1646522851340206,8.337003493520829,-81.50645962959094,-308.45872631875346,3.227766810618708,-146.80261465502983,38.721261105998,-37.876933437927015,6.758976625655823,-15.981283382337912,23.422109022610428,0.3222570891777702,1.7105032532019808,4.834264251738468,-123.13722550731798,0.44196457319567256
-94.145571736315,-67.74493365714137,3.3180015076025264,0.5998806245317619,-0.882439690814767,-255.5443960404039,-86.78031617805829,-713.7341276224807,7.865682662724865,-332.7605063567132,98.6101481881398,-83.46656611731267,19.335757880119395,-28.8251766411249,50.24420152979952,0.7748072564988042,2.2572459509853102,8.416107722655916,-299.88568210807614,-0.18206365364815935
42.36074133809697,24.904214283004805,1.4560869279518667,1.6626190962217917,0.015780084066139705,-104.87741825505267,63.533869569654,102.86256936287523,-1.570749227119702,48.5157163640532,-13.969684287985991,13.597975990720983,-1.447918748405622,11.220080106318111,-10.316587217441175,-1.406314239070304,-0.8871294384273292,-5.314351282514409,27.523738221841075,0.28140306202971355
50.341766664686496,36.88512778633027,-1.4470959089252626,0.3264566365996567,1.038840458469725,151.9972265730775,42.22951947917835,389.1419208771844,-4.276752173603983,182.50230641516882,-53.39140547594553,45.58946214017341,-11.662718911105308,15.470747427425902,-28.580885796093668,-1.059705720842983,-0.9242652397617401,-4.66481056469808,164.38594070448542,0.31215947967446894
-9.036423896096625,-3.7567679202304727,-0.6537911954470375,-0.025324752209678156,0.2657017601197437,-66.8175109786588,4.874532714797661,-91.26199421630298,1.7410995651526568,-42.468492703057066,11.33422877142304,-11.658485237574984,1.0588876695480727,-1.2185830856046556,6.411062026060884,1.7769734693353707,0.8806706618077743,1.6242952585292132,-33.41298183670531,-0.25260463693946955
145.9566950145912,100.70580139007252,-3.4031995822285914,0.9625505210326698,1.6166512173355667,123.9546587036245,173.32030990749942,862.3804042394279,-8.849547181663992,400.5816906146467,-121.38420565073503,101.03668489618072,-21.74822570780071,44.43721756567898,-62.614116520729745,0.37480522998741117,-2.4917517763700974,-13.679146190011448,347.16093731533306,1.022894497441032
-14.2236396079775,-19.728098600918834,4.254722800800276,0.8968179439346207,-0.7999094848129864,-318.06433462647857,27.201015183685612,-349.4576485058735,6.577171604749419,-167.36541270398976,51.969615337531714,-42.658409433949636,17.696157052440846,-9.711665594509663,29.105762380083902,6.338554676102134,-0.5983808868736302,1.8100238641201383,-164.24424092398075,-0.8300679332808258
-82.62180149138023,-47.50502485065472,-2.7938716347746397,-0.9501056003989223,0.1908821985841061,267.10215783310537,-147.41192804384153,-188.29232289791835,-0.2669181738932265,-86.67666475100468,22.621754229095735,-20.7988382392813,-2.4605477798267823,-19.802505186951613,11.616905649415882,-5.861833736700129,2.638815692863813,6.7021082249213375,-52.92705949105829,0.9796740169227413
18.733596436974317,13.951064512326306,0.5193307585888371,0.8306512023078522,0.5729215087477374,-11.07871214719859,26.435051521864516,86.06420790794297,-0.9616815228288839,41.01354073852556,-11.245067588743227,10.448826562063898,-2.727811932390591,5.6481892497357045,-6.739644995567786,0.23304985105875275,-0.40598937227679244,-0.867404631730829,36.82988226331969,-0.40583380767658284
-3.6988193228360284,-12.919798571381598,2.7308415403530892,1.8414552061503038,-0.27811510036812515,-375.4004912050063,51.7691771152614,-344.19514864963486,5.945049686420912,-162.96418720386887,49.44843493255497,-41.71244142921525,15.058020144991993,-6.673030248105718,27.491589735317678,5.066258854502617,1.6713181330299358,0.6233698034546142,-164.822395113117,-0.6812926115105571
-84.02812572168173,-60.823702858733796,3.3041052888038047,-0.13604646758985717,-0.9663642834341284,-174.86815988046962,-86.20609271921995,-590.0957347866407,6.679787790471176,-276.70622811179504,81.0081549049794,-69.03736970408202,16.926656083386003,-26.15800322520367,42.95958031415158,0.8325408788029522,1.7747506939305002,6.168567500996648,-251.29118252366322,-0.5713440551039991
93.6875346063613,68.04295827800598,-4.67279471598298,-0.19277290915120565,0.7413493523196416,177.13242665923323,100.57510105351912,653.37716535939,-6.863392792044814,302.5499841654974,-93.97946621599931,75.62859041915117,-18.0021652881158,30.676438357563917,-46.321502289696454,0.5068657427043544,-1.3452055345793636,-8.611894744548367,269.87940393378835,0.9240799621561903
-85.73594863624992,-55.80268042474016,0.3471935208657982,-1.2533470447691264,-0.8745549653753519,8.964808222570463,-110.85776474791227,-426.92380224309255,3.9641430652191367,-198.3891231455773,59.03516357679908,-50.55200510346309,9.024199408567977,-24.568779186238412,30.749081456448188,-0.02458242978083073,1.239597675936656,8.23446693498298,-164.31363577348372,-0.08396050642532368
23.731263241125063,13.595151040577813,0.8236518138650502,0.4540665315728999,-0.3376071288587715,-84.87324260596951,44.78960702086094,54.05590999674184,0.1213135977843619,24.958785406235872,-7.134580229630062,6.2102944381118945,1.1471775421109325,5.343004314310891,-2.8306751590104424,1.8682811321264494,-0.08913960264188081,-1.5780740823244175,17.162332336344292,-0.04742971288343332
-152.02631354625007,-109.58116144990954,4.727304044097028,0.2168684291601119,-1.599426452217011,-364.72517871503,-141.27512677905193,-1097.4591909648516,12.742175057617814,-509.9252197075048,155.55929335096783,-130.17129278181127,31.255189622988965,-49.98804632096267,80.84285804984789,3.340687074328087,4.022428384418869,15.297830513030311,-450.4624842238743,-1.501790857734794
-129.0366513373751,-97.91865690134064,6.80315196406228,-0.41733684627044676,-0.9292146739049348,-303.384957902024,-128.9508668012146,-940.1601920008827,11.752467721287806,-437.83943930941024,136.49647077587858,-110.65563393312245,30.875387194539538,-43.76344653916324,71.16063683217655,4.024229136130372,1.754112395101791,13.537628267214453,-393.4850493883494,-2.201439974027902
-168.4190532656765,-126.15687389569828,6.313657966598454,1.0107679635171865,-2.3104886624382885,-609.2057703226972,-127.8141846598235,-1402.7093753385705,15.903954325886215,-656.2716349252217,195.00676424164578,-165.90738105225228,41.50240183833428,-54.88743832197606,103.4322254004424,3.309054751637816,3.897057784590257,16.120022937914573,-597.6776374891715,0.3934565148238489
31.9837758552236,25.03707573675967,-2.17191990307417,-0.12195514706272283,0.03173484691642403,41.911541688053404,39.8263859844637,211.47358745902474,-3.0551296294686647,98.24361980264663,-32.01930724954995,25.109750327313865,-7.555575850959749,11.338374666453488,-15.790972279243451,-1.321371953966679,-0.46424216185786715,-3.010369661802309,88.36205216658627,1.0129409607378463
-121.55494175907883,-81.20182407646757,1.351158016316953,-1.7596627522297152,-1.4940130120093462,6.199296441656199,-160.0715415030766,-620.5350141973042,5.161693388548021,-289.1189564863585,85.1672689314644,-72.63491279669647,14.344901477726825,-34.90836092493069,45.24583953705224,-2.118815338084147,2.14514618406219,10.19805316468682,-246.47189567142,-0.4642770110491019
-267.5336900428176,-202.37147193055677,11.834248495308808,1.1449459119394192,-3.667466256791588,-822.0353519148508,-232.29843832940088,-2108.2707854157325,26.233462397850616,-984.9943120110278,297.8503366816426,-248.79482292561386,65.04263798690143,-88.54613132899722,156.56949914791446,7.575706277693991,5.13186078193103,25.663451659577973,-891.1956758429714,-1.7653317031161668
-19.717264541228182,-17.762232779919568,0.5719801934981901,0.3046691387905278,0.1357246608594322,-221.27453083128162,9.276233388208551,-288.6258992904495,4.2440981695587965,-136.21528742050273,38.160709824797856,-33.47942719959848,9.448833907786343,-6.973813730825217,22.128622067376483,2.0652284716562592,1.1527932670150651,1.5294621776041337,-129.67894551972023,0.16131462177239436
29.1604950670924,26.31511786554547,-2.255822285535584,-0.6359428621150551,0.7724525191699194,215.77362883730063,6.92488558360754,338.21606920479906,-5.654642869949801,158.38131228582446,-49.77381761579629,40.4482468876364,-12.094942361499724,12.509018899030139,-26.365508372483202,-3.497517365290931,-1.1156967247467184,-3.5277701751582646,145.95975262412009,-0.15095968812339441
11.910274163070834,5.805598320835689,0.3994254933726118,-0.25458585636279857,-0.4763587468594103,-17.227145498636766,16.27769121611144,40.536113798256004,-0.32534865169922156,18.421043856349467,-5.161761041340496,4.0087781299104135,0.1523265380266146,2.0945020358655277,-2.573786571668304,-0.011651163914717794,-0.02118284798118719,-1.948925236657567,11.527861507160925,-0.6093422753896833
-60.30870744233706,-45.994795156491385,3.434949663420446,-0.8136735145052465,-1.2734242989428024,-138.71131718837776,-60.04613490164146,-440.9408645911057,4.217212960250285,-204.55820909075078,64.38512485854653,-52.30562789912129,14.170715359522603,-20.94590090379393,32.128890205821925,0.6632802678394646,-0.17875997401187105,5.85600834176698,-184.9190800433683,-0.2845904509819121
16.215161782396883,19.478279987352437,-3.7281573152360887,-0.07922075009110262,0.2865939937739269,219.4115667083794,-7.181125251625758,288.42689725911384,-4.0683080126959865,134.59844120585217,-44.53593298747043,34.06517377953205,-13.126390901128273,9.560766180791967,-22.330071792062373,-2.6320334223160433,0.4152361833972653,-1.8728357925141281,133.18047646548573,1.14169939463593
-44.28337319691423,-34.984427371375276,2.410263663807878,0.22376146475242317,-1.3938103411745,-129.82892938174987,-40.89568140751877,-343.7472171098541,4.437290535571231,-164.70039281667218,48.05715908565036,-41.56911117702309,13.350549952867585,-15.444185344582543,27.47708560485775,0.9145244655303105,1.0126072629939473,2.418601280951594,-157.538405918117,0.049080650930240874
-0.4952891574267446,3.844811140361385,-1.5164575411086716,-1.3900349829479954,0.36323358744240075,191.22143390942938,-29.621676194250707,164.50397117394212,-2.176431467817136,77.07557738290602,-22.475473265062565,19.44228678513182,-6.678764535026171,1.821031746091863,-11.9588988072993,-1.210725057151063,-1.0826162066935936,0.13283833467906297,77.74644758690931,0.5705456174277058
67.33267360479954,47.79837192315977,-1.8929382280089613,-0.4508383125358653,0.7582642016757766,152.91627704359348,65.91646238430211,483.8942905570233,-5.0516505853753975,226.8570030177474,-66.37330443805305,55.88750004699484,-13.389319165155442,20.415222823243873,-35.02886362073672,0.8772723565829175,-1.1781892028065426,-5.799036208885084,204.85848758809072,-0.9028298076521956
2.241999121273929,5.355579258475554,0.009063063611060351,-0.9749489057648336,0.4947925737843776,176.95772686836088,-23.98260655096554,164.90134427349275,-2.2935348576361436,78.04947531375223,-20.195721413326435,19.350881533921516,-5.819006650685777,1.0539425420219204,-12.362431357899016,-0.7675497273559457,-0.7272863676968642,-0.024512204148371408,78.27396103784316,-1.3897357087886124
-44.18313391625165,-26.838374294943623,-1.1219742868051188,-0.7480121195149483,0.8586316797533172,62.7035462390092,-63.29164806413035,-161.64458335624013,1.92416502293072,-74.13391844731541,23.61061076244237,-18.406804758665686,2.391975991354098,-11.981978929054332,12.66909161236061,0.1413402707025022,0.9760400082402958,5.5168963368012625,-51.020508701635265,-0.07007168761758653
-40.221764425522856,-25.820306637355042,1.4789119700761444,-1.0158967562644678,-0.8293433621541149,115.71485870976511,-74.74140551116056,-115.78731521518749,0.31777662043891364,-52.79851084427482,16.301058421751144,-12.68800069311578,1.582914162081295,-11.337757906427191,6.586254811212166,-2.2126345121714177,-0.009401435153326032,2.2122627884116497,-42.268977791547805,-0.9841723793816616
87.74194175016582,60.27337369009864,-1.1187596035834393,0.5936693218591089,2.0438917624071204,70.80321720475736,104.58151549745486,518.4387153997902,-4.49784877813147,241.5765144797486,-69.61332717910634,60.90543594412913,-11.535326958623878,25.72093998891506,-36.06038457207009,1.9808671956593926,-2.713357879166956,-6.5047122799781265,212.74849888003322,-0.14372606464484186
-68.64788858776487,-46.8928262242099,1.011709546994735,-0.14839575409437508,-0.6498605792215828,-77.12015318570785,-76.57251147466314,-419.7219963584697,4.294228864303798,-195.27851365928217,56.5990497644729,-49.76745306906091,10.205726902129205,-20.037265558196328,30.601621367905796,-0.23829859725728353,1.9581659311856552,6.516432122326073,-169.03678879354894,-0.04731239765428539
99.56801676348233,86.5957663975501,-7.527569516809951,-1.810303062427915,1.6980408227457722,696.0851731928344,27.9142310732172,1129.6749607801569,-14.753953925797287,529.8966967335869,-160.9629347203007,134.91713092729674,-39.196398370172915,39.82800582690774,-85.21163418850774,-7.144200204411563,-2.648497758964718,-9.845671726336,499.2020465262328,1.2358080367293895
-134.1891469314529,-97.82079702695286,6.430571171706256,-0.3251486840112906,-1.697113828095888,-301.47189694937845,-131.42283537305306,-957.3948881166925,11.678470497720804,-445.68998629653515,137.23609011865688,-114.12995223072565,29.24264629751216,-43.65964964289842,70.86754752858718,4.255676715585896,1.6205339227153228,13.411909654468106,-396.65332082044074,-1.8396959723769903
22.637552186529888,14.207068496262474,1.2908608031997666,0.7813306398062979,-0.29233499775738725,69.16429071262198,13.056890221556323,165.32683711952822,-1.8195120664014224,75.62091057646329,-20.921066813582154,19.80219262116042,-1.9101925539114781,5.823233181152051,-12.109742889522803,-0.03494262396295747,-1.243632372733603,-3.1006755588094883,61.43021124698205,-0.2673947736034546
22.867738546178032,14.883802673974268,-0.4053347978362376,-1.0939309470497003,0.47075469346949117,59.70985070596098,22.7060280896301,178.76507453688055,-0.38074470272494154,83.79504321250633,-22.02308856400345,20.12708895251496,-3.34975286948073,5.576725630326358,-9.608695183076861,3.295126836457986,-0.17122510799084756,-0.9231863180291183,81.16646524815899,-1.2989365611706911
36.78823345531003,26.21336491364947,-0.3170587562390119,0.6064923909312175,0.025174867586772787,20.075657342995083,41.03183826330163,195.05898254008278,-3.7013023046181353,89.87888579866745,-30.353477716361674,24.47394900639242,-5.736018658976549,12.515629194708179,-15.675158395765497,-3.4655180079398984,-0.676896168329643,-5.116111450842194,69.76501333853776,1.06621243012419
-209.6682036065849,-156.39070414838713,7.737300630191878,1.331841986873872,-2.8269503725948164,-679.5080401190195,-172.79528544788573,-1676.4761310003405,20.007985339350217,-784.9214540789068,231.58961064774914,-197.67994993900035,48.99160723403775,-66.85714238578846,123.15553980435223,4.238846624337937,4.500054527456613,19.85943389453554,-711.3239317708691,-0.7552009722334551
75.07996425325473,49.85764518508365,-2.2588905072681063,0.8478121770927805,0.2275314004651191,-17.093861007651764,103.02659351160797,376.39735347416627,-3.535381105036948,173.048587038991,-56.001409917597115,43.118925711812494,-9.377375451930593,22.743218683433856,-26.5717096265713,0.5152292840560799,-0.5368437227459915,-7.818150193486742,145.87475648674985,1.2085622654030217
-44.71396633513642,-34.825975757097595,2.7477774487216076,-0.37671038057543005,-0.8048336055551664,-194.1472435624939,-29.425381809138926,-398.9489570282339,5.216072790989546,-185.95388651970057,56.439129399604674,-47.44238035495516,12.736799443234048,-15.486194148681442,30.111976139863604,2.3984699620931904,0.15558701546983134,4.722916778477835,-169.02290024013945,-1.1999297213682665
110.60961332049801,82.53298628021808,-4.720140276357931,-0.11790160535780206,1.4250444139910905,278.2329126567249,104.68227753300553,817.4784561301561,-9.985362487285164,382.8325779895768,-116.7621962650813,97.42174032815502,-25.191619005422133,37.08268815580223,-61.233358303612626,-2.4998423781713246,-1.740212190668411,-10.526864066085825,343.02107292076147,0.8801759441587778
-25.30009325418517,-29.30271379597687,3.1315489092489175,0.1474894988917901,-0.6101021331902254,-349.40583917494956,19.63207730256069,-436.98090528441736,6.165925690750063,-206.05714116743744,63.447031860210636,-53.99758633836022,17.871853362585355,-13.43241829644259,34.77532260609142,4.863005297900789,0.1774075871563645,3.448366467586339,-197.59751303986823,-0.9437844764069311
130.55020678781617,87.85127630667728,-0.6453339436205326,1.634513659482872,1.4081509840073079,23.665364096191524,166.10831598752094,690.1123978266897,-6.341597223360582,320.6019671688457,-93.55071617582418,81.47759137303423,-14.694324250708373,37.77433227614211,-49.85869465684037,1.552258923187963,-3.151651043332266,-11.838764152753944,268.953225377834,-0.042364274805830444
-126.595747403334,-89.54082829433577,4.070534544166015,-0.5159596279895365,-1.0900551608384406,-192.03859320551902,-137.76882076770895,-818.7467582779693,9.790857657955321,-381.3798604732427,115.69646687519771,-97.14733082846833,22.91728445320755,-38.76020636242318,60.11450751104587,3.1646878745285343,1.9020803152769814,12.684758149947047,-332.22095090849047,-1.2944558245795288
-147.79846963477098,-110.57833210404027,5.100224742305311,0.368398594495298,-1.8315348314070525,-440.89628080684656,-124.70650848404632,-1139.8804306949828,13.721575689987551,-533.8362362592547,160.68733202372113,-137.67823229384192,34.388637264326526,-48.92865126158391,86.14519405342892,6.337236587522851,3.2067864162252935,15.112082787917267,-475.5488119994919,-0.9435627493020083
-12.74112080964358,-18.545010424850947,4.51641757342603,0.9192437473601763,-0.457388903807304,-263.4440196832874,17.43230562149226,-306.9798187263429,5.700363391381662,-145.79382873261378,46.01319094729473,-37.42261126394673,14.579828002127467,-8.54927305678542,24.180746171706865,4.474741629348082,-0.44274180493684745,0.9050734158417848,-148.77480529018945,-1.041136448286074
51.00653393907494,37.98595233920206,-3.302285736169407,-0.23679523366222946,0.40763485471598765,187.30981746649934,40.46910521188183,425.27088512100084,-5.843851934903166,198.40707279834254,-59.981804421018275,49.323891835470334,-13.529901641255549,15.737721905358047,-32.0367247148322,-2.716760636566484,-0.19500623863962363,-5.6675625429757455,180.07066966785894,0.9356598207634106
-148.54525765233635,-110.16298840212593,5.639508071888347,1.2243382256833601,-1.9602985849919572,-480.77594592239063,-123.53140118001615,-1188.0599300934045,14.420908091882904,-553.9669032840151,167.24540059510915,-138.77739337729102,34.281318339494824,-47.858162262826646,86.20251031677142,3.2958097116219536,3.078499683640153,14.809490496233924,-499.4304218726268,0.2980193024654426
217.2721809814746,156.2542205630709,-7.0702058095116636,0.5855273749822598,2.4760110239198845,376.62736657726634,229.31472498351002,1452.8307167078608,-16.538488737149613,676.7004997428586,-207.43250316571283,171.756305883923,-41.13224075096769,70.50631431073467,-106.73644344506513,-3.1751149193777515,-3.180190729952053,-21.505086278079485,594.7835577671328,1.6391573103717567
-185.73804242161458,-139.61698922421792,6.326414173579179,-0.05137898861884388,-2.410783326858264,-576.4056246193787,-155.7856772773247,-1458.090297431774,17.168283144855728,-683.2378141495211,202.38703594739147,-173.71362087340154,43.95250733916383,-60.36504064077502,109.32475416630895,5.01844898717621,4.058186740313118,17.561155495453985,-616.855805542872,-0.440955823007197
179.7554577973972,138.13000003978243,-8.53013291026569,-1.0468047053453182,2.5197495119827624,661.7307170877888,136.97648042822664,1506.6327224815482,-19.56821841051937,705.2818841307928,-213.8669727035955,180.20571274790967,-47.84169857108945,61.031613167771035,-112.28461163872399,-8.61547027021341,-3.0184588089662765,-17.499611396870467,639.3212379223622,1.1077668212937373
59.88416894514957,42.14178480209122,0.11896047870048065,0.6741188070867057,0.7362355656210213,78.03211929110839,63.93468744670872,376.7101573688363,-3.3329629146918074,174.05177866521072,-52.39405787827526,44.99140006949788,-8.06233865634309,18.816413601379576,-26.540122583763093,1.5333379892247492,-1.7367113703216936,-5.2001012898825465,150.0971561483279,-0.22019063910666256
62.709902319084335,45.38913083374289,-0.1103953281680835,0.22490352810949812,0.20430167516322784,84.812744374136,67.62640339756355,394.1316842403161,-4.343294713228088,183.71716998849004,-54.64505329097789,47.047902984356355,-9.87116693574094,19.55940460539167,-28.984330876028828,-0.25514911029255627,-1.3351177572767474,-5.9549084321188595,156.7667966651394,0.40400708959339215
-97.62756951008674,-79.67838492695567,6.816882775623421,1.0159502427785645,-1.8852121713133903,-495.94176228294197,-56.12682493453037,-943.751447585333,11.907282206536726,-441.70808933156275,135.0377379877924,-112.67312665469004,31.83574356216358,-36.331641616807175,70.2600660108648,4.921049524280192,1.528328455970347,9.601095415036152,-410.9571595292871,-1.0783030763956014
-8.156757162831193,-2.1668832215503118,0.09813222703965652,-0.7677836560732997,0.64742910810456,36.564708029637075,-12.698517798389439,0.3076422865185914,0.04214721683620681,1.9675063247916478,0.884164429773852,0.34007148930241804,-1.0889202489741838,-1.1477677118736147,0.3607058202249378,1.1564423398833021,-0.4012462054225673,2.023929173824103,8.05911919334044,-0.48175906212940456
-23.451193772630283,-17.346154403339934,-1.4719076850642168,0.24715181984270926,-0.4467247058105336,-124.55697462482362,-5.473913536134621,-212.3210477882775,2.9767944598500105,-101.25135006914445,26.13552237160876,-26.49243086535062,5.909489819449414,-6.730103994756252,16.976480084622022,1.747993458515532,1.8078305615075112,1.8471701157419937,-92.71729517338166,0.2309234767204648
18.34407448316872,10.715619109417649,1.1395145693579285,-0.3493870524382872,-0.18772640767871632,-43.11827736368471,30.463443013393096,58.36305522098946,-0.2317107441983327,27.1441823418241,-6.896030841315406,5.6139865193921095,0.496796791714337,3.75651667364998,-2.9328863022298144,2.0041118867544006,-0.6301414709909974,-0.9545553533170528,20.016121939162264,-0.5653469655341539
-11.221657240403786,0.42172967350346324,-1.86352807171865,-0.9237778659934156,-0.14960305307336974,215.7546007230274,-44.33327717049478,136.91261572941204,-3.5219524345667894,65.38725734226156,-21.836034769538433,16.90556365083074,-8.169519284920254,1.3644763849471186,-12.053095296911494,-3.71677563221583,-0.6419057300406165,0.8050770967093619,71.20117686574007,1.0141066608624179
30.246082185043797,23.990541558424574,-1.0294931228990392,0.48881251248102997,0.7396496713100771,96.01019305980644,24.08176992484124,238.60626315786078,-2.7559339383930155,111.1392809197692,-35.29404299944429,28.66780029060035,-8.117269063894913,11.897877188303367,-18.25501726319807,-1.3087805014570297,-0.9189875488620227,-3.6060038781901316,97.97233259437773,0.452407370706345
95.76931829601287,85.26812097206187,-8.499411667725855,-2.7292951115394803,1.3143453504184999,759.6328094038712,12.962849645762985,1160.3097756839275,-16.43713675227417,544.0424192029036,-167.99776812436514,139.6282470765105,-41.86812450495378,39.587084664866595,-88.31394879574137,-10.347544799673187,-2.4605549669214906,-11.319407505533155,506.57236127679744,1.4823399641945312
130.68251193885962,96.1107493035277,-5.605006526217124,0.2827159344890239,1.707150543982803,231.6680662215875,140.1440083560754,884.5979178440265,-10.704473809093878,412.94270178373495,-127.0317036657377,104.83751396975052,-26.937247869598792,42.72820035764544,-65.6618283146869,-3.0361203585942698,-2.1393179643393285,-12.075085921427513,367.53198852007574,1.74756508763664
0.4165423005538632,5.43527484734906,-1.7386497307392044,-1.2192435076735029,-0.6107748629298121,188.70573549125493,-29.064284518746575,161.0406515030759,-3.786275912740429,74.88965842964518,-28.47076113819717,20.242043385187856,-8.440057453434113,4.2607933923312205,-14.277019534762417,-6.140355392487969,0.4055619406080446,-3.328344777801581,67.44006053058474,0.8605939154840525
-61.3845138164048,-39.36627689225447,-0.8495152741972593,-0.4842041166127004,-0.8178403317875149,15.572049059310869,-81.3906366808857,-295.1942124238291,2.6604237615047115,-138.39195572848973,36.6763133036801,-34.692959903696824,5.0169713866431795,-15.605072478481755,21.00761431827467,-1.2938691228146841,1.8212688279565803,4.544229445938898,-115.11308130946567,0.6278914037824499
-190.750849947641,-139.45245745714004,5.960874326632718,-0.8112856109477614,-2.4211446091965367,-396.16897263785415,-193.59481549000003,-1335.1627527458093,15.22909254716831,-622.4394197448368,187.99045263503757,-157.45638125801736,38.3764741806822,-61.80381638724816,98.30517853875543,2.763590824779107,4.079146687980422,17.678122756307335,-552.0703286849586,-0.9626790681970345
-37.958818913133214,-30.057323229362343,3.0020642040559906,0.4510633537088473,-0.6191278214331384,-220.04258453126172,-16.724838709080245,-390.8678697470344,4.364660144876278,-181.83093844654599,55.29636733670166,-46.770612248254515,12.139543178629353,-13.61139988321402,28.40521006671948,1.6853319894526628,0.05192623472365343,3.803786902536807,-167.6535769338833,-0.00923629554784486
144.66936121089955,105.9046714782564,-5.272814666208347,0.15077218585677427,1.8887503814870366,309.2607175232446,147.5462577017352,1025.008309929964,-11.454070213426444,480.4641368123333,-140.23865904165694,119.99506116827345,-29.80850039905798,44.541772387151155,-74.88364692783988,-0.9218282568830511,-2.809293048425492,-11.331059765187131,436.2620037364075,1.4445283583825743
-8.991340329900577,-8.703661965404304,0.48162188743618084,-0.35921632819313776,-0.7512353432367902,-41.41946100481183,-4.113659367743036,-76.61090990176771,2.204548976931258,-37.449304346728674,13.260851569080211,-11.290460494371814,4.494167912584364,-4.257562296129551,7.058710166091258,3.3226934704771467,0.5099962898803395,1.403551592384019,-31.69862222530076,-0.6106998584770167
-77.60587067562956,-54.73589485773987,1.740592494496605,-0.7764238681557344,-0.7275562060837959,-106.01102231085541,-83.44768321278359,-482.92739200630996,6.20280017725354,-225.32830896874424,66.90990587426955,-57.65856949524991,13.445914004777247,-23.51810944451565,37.55966615148106,2.6798188334575124,1.9417464103918396,8.04527532143599,-193.81704292025356,-0.4910997419647792
-65.83369497601385,-44.99749035659561,0.18359606387539007,-1.6209722806023774,-1.5497383734458101,-5.41819969716686,-84.45413638171257,-340.44443069619916,2.3323403248614616,-159.50498198596063,44.58872308753933,-39.977845040082855,8.217334049407018,-18.96402035421788,25.646324395271915,-2.1542057280680824,0.6798842667831637,5.448792698784545,-137.07885635037752,0.6828118232257792
170.3345389156364,125.29540105837472,-4.5797021593255485,-1.1606916690589635,2.0240592182485178,410.4924342105936,163.51629241414207,1241.3151593016962,-14.488015618785402,582.1079981535814,-169.7052262473227,145.87627253103736,-35.319518783370256,52.80510142911921,-90.5285987708909,-1.0825794491026821,-4.351167572640742,-13.824678793537583,526.7185454781859,-0.07057481266820834
98.73142686836847,64.97481916898549,-2.3696304832226636,0.9551729486315859,0.692666094015477,-26.200758260841734,133.7862818272272,488.9683549862561,-4.829815402964962,227.284989590868,-69.64586277777292,57.538884166240074,-11.279054440770157,28.306300214532822,-34.7694992564699,0.44816723856732077,-0.6953469623596791,-9.483902967586037,189.16170271635124,1.4261660625713501
13.162967895584657,12.03950900159705,-0.49025927595888186,-1.200844275720074,-0.18883801904382896,137.9193192647277,-4.858918437480899,186.12746354178162,-2.4790859775343512,87.03921518109503,-26.85514290699975,22.265413732503944,-5.4957100700315245,5.354636689835266,-13.818533534761091,-1.2602311343062622,-0.8848014562895721,-1.7771905844636096,80.06626405415649,-0.056520794587063765
-112.24492852005203,-80.84275264694938,4.324874268231881,-0.27717003609866897,-1.8793000576113226,-211.38923678970468,-114.42184617003201,-761.1261552956097,9.601767116965044,-355.5617623766202,109.18138048569439,-90.99311408262659,22.58319346863627,-36.540068776889896,56.634612384855195,3.4541429794150984,1.3106049651885785,10.805640402587613,-314.30572617698476,-0.6659118991513457
13.044831403947253,13.393057890393429,-1.4882475202491745,-0.9592718740076486,1.0432332045956558,203.12877680979622,-11.073943447415552,247.91951224859883,-2.51490363371579,117.56342844767839,-31.821795047712815,29.304842787526532,-8.398698515706258,4.812856000347944,-17.62989527557672,-1.1519608413541296,-0.6974193408865293,-0.29204769751365267,117.95170248281464,-0.7866347842144036
-17.768830157269704,-16.65585376734233,2.4215744514529263,-0.3396661935761828,-0.710163465451537,-88.3396052499491,-13.200439214897624,-176.4755975004713,1.6676883692278266,-82.39791922075419,27.45864991760147,-21.457669040712805,8.125446905219786,-8.143267813494578,14.198516376446689,1.1978014386697324,-0.8991673163556961,1.7838112894823377,-79.98923693841411,0.2338777265094537
