X1,X2,X3,X4,X5,X6,X7,X8,X9,X10,X11,X12,X13,X14,X15,X16,X17,X18,X19,X20
58.87914662093465,-54.967296024414615,109.56621455562613,4.533335750916578,1.070486227011166,-6.553383074419002,0.3771843823671613,2.558447604405278,-416.48870397789074,5.327449308661244,140.5664397668943,-17.016400329599925,-2.2079847633450864,4.944427288518975,-56.02042051915338,77.37315082101102,23.047551957993456,-14.057118723655192,62.346032014831366,3.271508631901872
109.00518025909602,-66.57387531511992,137.25578509945868,7.353322608627442,2.114198643075222,-19.07903256411501,0.681834747864077,6.902345422997328,-657.6481464575116,11.75987516230356,222.24655873630726,-18.989103269954335,-7.8896303697805985,22.389360579319817,-58.13966589403044,90.9670581210945,33.33038890173271,-24.00134038078774,77.70182193009427,4.9303957202300825
-19.768335338321148,-31.61565378481716,-37.88463090851508,-0.39960645894930236,0.69772601138991,-9.502769772890233,-0.02468004316284104,8.86953571967704,76.03868597675817,1.2534838754209476,-15.663262962234889,4.306403900699038,-2.5998421674357997,7.699547005008172,55.99713667154929,-38.74064205604461,-16.655222242224244,8.192168732226882,-55.7451138133679,0.7969357078801077
42.69502966604071,-8.087438041060437,102.30731979200417,1.7155330404989662,-0.8044628044408032,8.363022220085607,1.2296065764813464,-9.520719767227835,-274.59206166285725,0.8880556122442699,85.62264531716647,-14.90160600574904,3.2601474954813296,-9.961923009070384,-90.1213167605271,84.06303536756802,28.92948423802945,-14.224579826805057,86.99510695047489,0.18110171193787816
-29.229088387922936,-51.690102747525856,-57.48944903504464,-0.7821534235948184,1.3152762222158088,-13.156595735826807,-0.6871288172898603,13.252850889308842,87.11289564143173,0.28464001253827814,-13.433877668909785,6.386934921237367,-5.434562187426164,10.14080984552622,82.70306806835241,-54.02392095085016,-23.309007697891133,8.231320899806102,-82.77991617298676,1.724913291914959
-17.202063856636883,-11.414502970049503,-14.341165151686301,-1.0761001357570372,0.1327065832854719,2.3346880069918727,1.1150023640689537,-0.3796570092723286,68.57973007566261,-0.3280171198514321,-20.32596243730243,0.30450311868023455,0.44994304346624797,-3.3870030025863453,11.727267728409426,-11.265977244102155,-7.367407400679702,2.860718350470025,-18.662586762534602,-0.7123362186295303
-19.936408104864917,3.4785265715510216,-44.34709894002499,-0.9342845194452924,-0.4834788494060031,-1.9510615622099952,0.0021703463899286866,3.3325019210802416,133.26311551870944,-0.15401378808795307,-41.75993863606385,5.676914216732457,-1.4597848022649846,2.050876781566555,40.19967662140959,-37.10298577841047,-13.01231430778122,6.367505762595327,-43.24623560598578,-0.31112500786502706
80.49486473244941,19.2782585700928,139.7675145797225,4.448753440100324,0.3976754286137549,9.02764907448716,1.3234516498839932,-11.389503858621971,-411.5740899368835,4.060286719403278,120.89113136560078,-18.136482087073468,2.5875024850236414,-4.145395648829946,-125.13295002937112,110.88917919620974,42.62425992343902,-21.724188570194016,132.4543499140939,1.9459010608231728
-72.75758707994616,21.48091089640051,-183.2008857431272,-4.1345964922759135,-0.21422665074089903,-11.836202333420086,2.105818521592711,10.965809600571989,513.0089637545249,-0.007045638883423577,-161.308683860809,25.310812049542793,-2.9212135267673247,15.98982980283189,152.59679242263854,-151.13075865895868,-50.3333823658372,24.6709821850987,-156.5412445546285,-2.8524224705401666
-15.555202217815067,-16.287098016540476,-86.58761216190487,0.5691650240828948,1.6113290869680605,-18.647645192650636,-0.8885084936190211,14.61692651194092,108.04243668546626,2.4958129982195727,-24.328424153248093,13.008461060812259,-6.620506349647935,20.62059329842976,102.85102606232446,-78.6235761623616,-24.57146130272626,9.18777684766856,-94.43125788540839,1.1427383631984704
-80.53696454739212,-0.15212819225060614,-100.1893493145219,-6.539041148076713,-2.157823784838626,7.417259001140558,0.34451361063987623,-2.18539697568644,415.81568316055166,-6.231806140426898,-130.8810738593408,10.049219845325904,2.6547663918281375,-12.209872351580533,59.45624902607029,-69.7778286004432,-29.110830936935198,15.155631563152,-77.02492288802334,-3.907318013264066
64.84190185745533,17.968796182413577,89.98079582156117,3.4753615799757775,-0.07158984119045339,0.1631034215031622,-0.0463523020902539,-5.776352769798055,-308.6884718750968,3.3273112815856125,92.19074261961671,-9.990717709773135,0.9086773156786591,2.548924606220342,-76.88646860860524,69.89739436387218,29.487330371083267,-14.334120380440707,86.99440939756515,0.8481272456265628
54.28840622080967,15.604157098087686,71.49435618789677,2.4136730846567143,-0.354854499964155,1.022207647816983,1.0135523000609594,-6.986133912683021,-252.39664358691658,3.7852274840273035,74.66019103207407,-9.018327698135321,0.9124263145670413,2.525033653532656,-64.4506620690241,55.97543165523372,23.947117635114154,-13.98069256804515,70.56658351009361,0.8004368797464689
-50.20787911289598,25.693140473133194,-71.42611784550536,-3.412563897356075,-1.0848901656730932,6.256929884770868,-0.25953825009216086,-1.4821054022146527,308.7501592372027,-4.9279946622257595,-104.16267461080048,9.090248142297227,2.5074085813249063,-6.8721969834085375,36.52848397781037,-49.93206264837816,-17.812167576766477,12.582565648565303,-41.860106093736775,-2.303551216718979
-105.56670349223182,4.742484464888025,-137.7441339868309,-6.22783346848961,-0.33009423639289137,4.541849894648775,-0.9728457305824924,5.975210536552324,544.210074826312,-8.115399843834862,-169.4670923479909,17.681325543481996,1.3547549903240832,-10.136271217914214,101.56264968594348,-103.16049985787525,-41.27663324185891,24.740080700890953,-116.67962307795945,-1.8716437139388655
-3.5198970773356413,-0.704989281906077,16.317730301314192,-1.0494122968246424,0.217852497916421,4.75096940369129,1.1081261880790263,-2.6824176306494003,2.0049851213727075,-0.12262770591444205,-3.1419364710525035,-3.7231173920786107,1.4177880721066334,-5.68535533880153,-19.639174320203228,13.80233954345952,2.813573263160697,-0.8786668975788583,14.129963205331059,-0.056250504052759664
149.97008034763581,-36.27794607597358,228.81170201369028,9.899644714020644,2.3209780636586825,-5.166650185231966,0.7482380441925585,-4.217544034702752,-866.8224727898497,11.019960205500302,277.9804028338365,-29.850647606904822,-2.7464027291297923,10.196419431639058,-154.08927253938424,170.2112238302683,62.99454652846238,-37.03667082783104,172.24154242057364,6.0965232156059255
3.6031894855324236,3.8788773227374227,10.188206719976005,0.03994899565512289,-0.2685284602479235,3.487536129809407,0.8593443308102088,-1.7164291629794612,-14.747630483801462,0.45702127806453685,1.7538850059184379,-2.5894841899793675,0.8199858661641751,-3.2205888755045624,-11.956660426399184,9.006792253171996,2.944577596121432,-1.064270773942713,9.190838834834304,-0.06403066159420795
-57.12212353185297,-0.20455471910071021,-73.14579658326295,-3.9185037643711422,-0.9382285757303581,4.202022586148725,1.5185545741899455,0.08283269403666452,304.7054598482777,-2.4402849658192802,-96.60550026759802,7.499426214163421,1.598652250687204,-6.7635813356453145,49.60656888626426,-55.717943268596684,-24.01339572150793,13.402312980457355,-63.01200306835364,-2.304981552177697
3.7866688947693383,0.3603071529307121,-2.139803445347092,0.3984546921388248,0.5882150915112444,-1.1875952070033442,1.0296494326762144,0.5794005154432024,-4.336158545362745,1.8383019795694406,1.1067465692469334,0.05699892775268793,-0.042402333923322155,2.6608206202452247,6.0848810627875,-5.85866173617862,-2.327969450747546,0.15412736462403398,-5.437493316065738,0.6149331641640046
33.01534859488245,-23.44341776823813,37.21025364353002,3.068480228148519,1.0494810255325018,-6.790568507098548,-0.16232709197276723,4.231687580091521,-206.66463084248062,3.4699856784868284,70.93906183839057,-4.7683018350168345,-3.452838334349929,8.617739110918206,-7.3863464400098495,23.03259188175352,8.39113260134674,-7.317735544616777,14.108233668277249,1.9218249101712637
72.31985587183866,-57.4014952465412,85.9957546359741,5.737620558345543,1.7255329047797556,-15.823790069887067,0.6988037406157305,7.830894706519241,-446.4319259743263,9.142840289481194,154.79196654612534,-11.558964423684515,-6.376560633219333,18.453717062203204,-22.370091996291993,52.13833091440001,17.190376537448746,-14.719181817843237,34.773928775188104,4.018611906192236
-20.599514489167568,-5.591778397603632,-53.920388608278785,-1.1990896061340093,-0.21829531444161474,-5.035715638378301,0.34588138876032964,3.9957146332757043,132.76304768589182,0.7697303833812398,-41.2233802079203,5.194639127764171,-1.1404760790728927,5.83205817733902,50.11859782763025,-45.51627646137882,-16.3936758299873,7.1961894612062975,-52.134723161371966,-0.9677319924613431
-1.0461975858970893,8.319248119387042,-26.607142263067022,0.5370487643824996,0.5874624973052933,-5.065160141657861,0.030762918051572326,3.2224438609475325,40.20237475166151,1.2786352667279832,-12.24350634527394,4.749125109149828,-1.2573712407173212,6.922426134659706,27.586778465374202,-24.631071606476773,-6.03681810172071,2.2721610220532797,-22.924140706761325,0.4516340825471401
63.52923696398163,-14.498036238533855,89.20163206838087,4.166591044431261,1.1391298053375505,-4.5260580058157895,-0.16737179909585792,0.34513698730535436,-357.4374522942749,4.71939514999387,114.90626142461548,-10.532249088711364,-1.9180481593720438,7.157610406909569,-53.898484539998215,63.52124455401476,24.68044443642577,-13.956811532885995,63.643253356171314,2.979227126331967
2.869746970830297,-36.09962494943108,-10.220077143863204,1.0577700080803392,1.0204352471036924,-10.79697311033586,-0.6130755463079596,8.938378878910143,-58.8949957440024,2.595026340072117,28.98657884473963,1.3184667889148096,-4.906491501174032,9.520852027914744,37.560703279429006,-15.731575787231497,-8.00021580353342,0.5060471069964338,-33.894768237442406,1.6915214366212652
94.16698544317302,18.53645672559921,112.31393095991506,5.634203298859857,0.6327652348470686,-4.12689332379399,-0.8793649735239615,-4.510178838413001,-458.33085597519295,5.408363316240005,140.2105137904873,-11.486840509685548,-1.57337209532667,10.410744465900661,-87.25801564592362,86.7834389589302,39.34682141291342,-21.738604284050748,104.1416412932379,2.32938810919533
-49.09016653379456,-27.644809253213282,-115.9361678922156,-1.6956891183610954,0.7546482833744793,-15.130600790651402,-0.45790348061621394,13.659820086201591,266.21090261007964,0.4924705236245921,-75.35003950925405,14.280352029071413,-4.975634883919389,14.770106036396612,117.69361165483473,-98.00882961726852,-36.67950923640477,17.4828116071794,-117.34414901626,0.013568635768539616
-15.216952069626561,-14.987564908757516,-20.827757726156538,-0.45638778527574075,0.62563377219858,-4.797464705751857,-3.0989016160165694,6.501663675376282,41.919787777576595,-2.5378796677394075,-6.135393440794354,4.561098244637827,-2.756046897644759,1.9464233890194755,31.7638511357194,-17.10655834785693,-7.222340933606733,3.4439071446773157,-29.037803567413405,0.984345234052379
-89.08495689901747,62.98001173372544,-46.445079810842174,-7.618155557403659,-2.6144806714239484,31.998067909879442,0.6448776510631,-17.47779588059537,493.0869254294748,-11.575836248612616,-174.06332346507256,4.113426791782856,12.362628459229533,-38.347219548441124,-32.968349167355754,-15.260572539657316,-10.616066941069075,13.814277085417206,6.884408974026487,-4.6941356137166395
-20.84023777012196,-23.388388791779906,-8.76519087217634,-1.038584185607992,-0.3776544762111653,2.0701790708077867,0.3806019355148517,1.661583248842017,65.09612397127636,-1.187770571004994,-18.04536907377162,-1.8351196039257915,0.17290035274431226,-4.615942286103613,13.62647602258933,-8.136586826689872,-7.518996937799774,3.9616605394052264,-19.905544063875766,-0.3342135833010947
33.759580645775706,-21.11857027837465,93.49994368093772,2.096815269376338,0.5207644439985555,5.430551025393504,0.2472078024869226,-4.311895146650807,-252.60318073605927,1.3916386889275523,80.70855393743362,-13.29931768587427,1.3529148800212707,-7.6819065574046075,-72.58829088449411,73.55633731682953,21.955082702567623,-11.094902277125424,73.76900491522618,1.5507477383853168
85.61326076611685,-7.490889131976485,133.50278503104076,4.713117533404551,-0.11170311941874506,-1.6419494685427143,0.08669095479709726,-5.504894432166293,-473.1531560073763,5.212026604202993,151.59966124544945,-16.111290237941727,0.14048485246182763,2.537282716360319,-96.18122727570814,100.61214541298283,38.74438027682467,-20.701509420364236,106.65036729389598,2.341890814999879
-106.78844460836147,-9.931321390167795,-166.2875626868081,-5.483473251715057,-0.035115542370189996,-3.0208061631853513,-2.828298377448171,10.221830794614569,544.7455773011452,-8.067874566772419,-167.3076724073433,20.42565574886872,-1.907234675146022,-1.8509388633929909,132.80981308274306,-123.9748018535058,-48.383780000313415,25.808530506164907,-139.99421687544177,-2.270311652983743
1.93697579110577,3.0758444924178168,-26.091055695455626,0.2851872375634038,-0.22327838528353666,-5.00119542096561,-0.7421708149405394,3.4434005088216173,13.373741197961117,0.289308214359409,-2.758338443205367,4.268480082716603,-2.6099819642519893,5.928506151642651,26.863531304553725,-20.210825410021037,-4.193980209193581,0.26489676589815736,-23.592236063733083,-0.2750089557727312
-31.18015020663278,44.54434974652364,-42.57089208415193,-2.133169933244363,-0.6020665500691291,8.92204430503716,-1.3743493079182654,-3.5504426171691623,219.1667597056917,-5.810941769880854,-78.92214474313005,7.910673872686848,3.073519160550503,-9.076992608966929,7.648686429088567,-24.062095592558602,-5.696935067491205,6.1871153895200335,-11.487272784296836,-1.787411916951728
-25.058701903208046,38.23975154957283,11.066166495974038,-2.744797380470318,-1.1907415692307664,19.112100137732305,-0.3265933584549364,-11.711171989505948,141.7959169851035,-5.845734955640951,-57.50626935993312,-2.871937993009809,6.818355915104751,-21.682226439392263,-49.27656379021435,21.907843978568913,6.70262428999191,1.6826983938282556,39.13607391934776,-2.1357076263211163
32.46734571540487,-9.866064257159604,37.70044999027141,2.162522608600497,-0.02127520800635989,-2.6993804699249404,1.2227581357185864,-0.8397556764074602,-169.0032967977917,3.1503817910254748,53.30794773702615,-5.49492476808618,-0.9557022404204012,5.346784850915247,-23.691762737567277,26.167428591955076,10.075061924032573,-8.225472887504472,28.099299489551207,0.6254802392981044
-43.365611010497666,27.476645185235938,-26.898039825819232,-3.2004930428030818,-1.1920587641365712,13.595066105335313,-1.1425842430224518,-5.699035192943516,231.89421958781693,-6.658827119134514,-79.91800821351025,3.701820264561657,4.418741530689685,-16.57071922294512,-6.3731234704621,-10.595254206213294,-5.469595783302441,6.889791779326849,-4.675865439201306,-1.4209859751726537
67.38916473619499,-57.73267136410311,75.54130278954415,5.663888956373783,1.3708365600285497,-18.92143081378625,0.10896919181620421,10.696135250203941,-412.4305823976739,8.261797102144781,144.6110645297577,-9.820041990696414,-7.645389527981762,20.435000607775272,-8.528655897698423,41.79358400651168,13.808310448156545,-12.12741973455951,22.27859619560358,3.9149850367725825
51.88133741898072,14.898627617450694,90.99140322668204,2.833798662879585,-0.04789884020091312,4.235059824375225,-0.09046957442397037,-6.942843885193443,-267.57091919555023,1.9066111404929431,78.90308898191914,-11.221952198467454,2.011007979680881,-2.138486176781798,-82.73209722200967,72.97764253867814,28.647093156945044,-13.15173444939875,89.63629585643035,1.0286823887555316
4.968709665055957,-9.667357445569236,9.845547306935647,0.7819029306172097,0.10294481294056979,-1.758347087176771,-0.07228807876624202,1.2441683244009183,-39.72776672511257,1.0959594652387956,13.714071630445908,-2.384810690748432,-0.7877135444814424,1.4587770363149348,-1.6755153290188476,5.29825244939488,0.8896421807448811,-1.485930611035457,2.894368391851965,0.43374925985715984
8.951009751409401,-34.1863516301819,24.48764680390373,0.9739752593061057,0.6516829025747607,-3.979402642917583,1.2690335691316024,3.3664014838400393,-96.28552865107233,2.7520229393821922,35.68560259794461,-5.657734461558828,-2.1845618740436983,2.6287970877853843,-1.9576061852634918,13.01547137005614,-0.6011441829323111,-1.825595322860086,-0.26446135493342154,1.6050800049752936
-62.78622452620434,23.552994225839814,-64.25516131487238,-4.375989435044726,-1.0406196244868908,11.610058766518966,0.5240390912386401,-4.001456953406069,346.3911040105254,-5.451561281662354,-115.31495864789107,7.6687872373865575,4.711939184226197,-14.509009206119389,23.789320119650085,-41.83310413452186,-17.301988938711354,13.215237384141657,-38.27499249581451,-2.6869889361098114
-15.963091727405446,26.64984736315627,-9.545849216589124,-2.3528510469423107,-1.1750160527692015,8.501495756551048,1.3947284936797704,-7.3178160574333875,116.76248847771441,-1.5572673165338702,-42.288981323226416,1.8542534761394835,4.151315061025071,-8.689375078357656,-16.439955833870766,-2.7584689111918426,-0.42337443577798506,2.2543862034009,6.890299307769244,-1.5580278945003503
-4.139592931942765,4.719397120525507,-24.20358276519154,0.08421273820619607,0.2398745022036087,-3.1600248160878803,0.6960402536228814,2.498224452449347,53.85199968747652,1.6474536294680042,-15.37643844483364,4.595525169514063,-1.0881877172736627,4.130930701041145,27.053223670245107,-23.971744245610058,-7.412879862828313,2.6550936434903707,-28.300940056960787,0.3640128427064939
26.294399428178316,-5.432333177027186,71.13432053198768,1.0199721566518059,-0.7129564659205861,5.297182143300981,-0.20284179444737888,-5.777516013830417,-180.62854049496093,1.0123767680621494,58.213982027657366,-9.712431520862513,1.8810804153272707,-7.6443556388344245,-59.828369739254484,56.883700703400855,18.971712372263966,-9.387444797977547,59.491248987863464,0.5833087735874667
-24.16125115794945,4.593523964877658,-63.68805360677005,-0.7252296410610375,0.6983231520217369,-6.5178854929963785,-1.4884111281307224,6.473620634638365,154.8379605249358,-2.656553671537013,-49.90833991018765,9.413471902369322,-2.299157148754262,7.727491037191477,55.510247980016956,-49.280744386865535,-15.67405116762138,8.236503203052846,-50.52246090380774,-0.11974637504175645
24.76677802647745,43.69831457080323,38.6595336840232,0.4100992489545776,-0.5107386359940626,7.366727710850475,0.8709494003206477,-8.451185344211513,-62.985754546519956,0.19074559099041555,9.239010798552398,-3.0998975670216313,3.8604666806139525,-4.099976208278436,-54.36117837443691,33.20501831475969,16.09397950289122,-6.380494035477906,55.69162860542704,-0.63718464706892
58.68241609890911,-6.663086250826395,83.92960812811877,3.503083445970837,0.5113224913045062,-3.0486716861940417,-0.10468989892028142,-1.1126737661170634,-322.8133675448608,4.498718816744035,102.20837040771099,-10.842665642370124,-1.4652161154887078,5.0637190627590565,-55.713081363993986,61.55046352626857,23.107724791364348,-13.722011500000388,63.46418969688665,2.1658019265005453
47.01971248342191,7.089816537530989,36.32154131627167,3.233367899129467,1.0486388231931032,-7.201691480320398,0.06518269725924698,2.10968450768862,-203.4751105448096,4.286638870923187,62.91038008139071,-2.2830888091011055,-2.044735161187796,12.227704687260331,-17.151692327256796,22.306337853526703,12.820955675768701,-7.336713744799349,29.869018820535267,1.156872785560101
-25.593766389134068,-3.8604835965969944,-50.872882299075684,-0.9616320113919282,0.0410665908261212,-3.4622917279396193,-0.46418981977349577,4.434865736598419,146.70818577754125,-0.40450334107098773,-42.54633964767579,7.396614331597123,-1.7973089940340627,2.7121888415567827,48.55310913028693,-42.59897582269241,-15.123707009185388,6.671201737467386,-51.80200939019857,-0.47256720330798446
55.249786850006515,-33.88522659952942,53.759973352375944,4.324690014913174,1.1581837887996873,-14.166159129768639,0.6763364429594446,6.442606816725607,-319.99959830022345,6.950694589892952,111.8291743544763,-5.792062651932869,-4.716841046190573,15.09064785165206,-7.330416375531652,29.64592747569455,12.023847809551711,-10.162209436980591,18.98866751872187,3.119034712601024
-46.98865694241573,-56.572600830043484,-118.30384681789425,-0.828781184937413,1.8741352052567233,-21.392944952170502,0.32697891009814056,19.51968784909097,222.63473096522188,2.7435378330365956,-53.50017595376181,14.332245873154154,-7.79009882157636,21.16750946092588,143.48166970910933,-108.64515911242177,-42.53987069500847,17.202117847197748,-141.93786956383542,0.9201993128238706
26.893449715366106,-12.070520370587788,18.331216717678792,2.4421247565811264,0.4786469261213681,-7.282893705542289,0.3647270551581071,3.0974029458752845,-131.55287056826438,4.328511510965007,43.175994745058425,-3.0534782477108298,-2.778984245624493,10.20336285511171,1.2753472064437141,7.646209547984769,3.2140046060023972,-3.4641741480836927,5.6610967462070425,1.1207905583569797
39.31656124193021,20.458938021846045,62.784980741747894,2.847295115509639,0.9279936611357884,2.5713438801486657,-0.926750089035735,-2.7423288162151502,-186.8475091743663,0.1679048780163983,52.22726232509404,-6.6539595399768885,0.6407429787077491,-0.26454708657142634,-54.532068044181095,49.949145911108054,20.763029957149733,-8.376984411242944,62.59247488730201,1.3549599499462677
-30.704924275141526,37.7640429830992,-14.744778222411316,-2.984647435573141,-0.6831058274829348,14.779485190316839,-0.5281409032142194,-8.44902246339442,186.30776622464296,-5.569522419565274,-69.30211013645203,2.2381679009705833,4.950878867405302,-15.31632753580979,-23.485844240359697,0.1215488911878243,0.15031924372068328,3.6895818769334743,15.037078589806288,-1.9629461857222195
72.04226894838166,-59.325357299252346,82.36572270729535,7.041754209311214,2.3034057932537597,-16.897624475042882,-1.3487836732101322,10.733769278114988,-456.6968462101058,6.941817301741387,155.8226466862181,-11.944752659666904,-7.9008043715692216,18.959218243922855,-16.92532180515227,52.81871172394691,17.814056827157543,-14.347827724879952,36.62671594934317,4.536483602219014
-18.417441534275103,-25.573081010198827,-40.33902811791045,-0.21307472457030868,1.3120618263570953,-7.561640719060621,0.04155076058825245,8.209823846450059,78.0161024951585,1.0596013947653389,-19.216060991182715,4.303627237521404,-3.617646227958273,7.472499213012451,50.598160196587585,-36.746868709843724,-16.041999006192327,6.551235159216483,-49.72790966432031,0.576573991367612
42.064514919781864,4.121144156491732,87.11122884239934,2.2076504852403382,-0.04514265344579689,6.237891922159796,-0.3438484822054138,-7.213009418050735,-245.32397386851034,0.6403437313952014,74.00186553938575,-11.105062822275459,2.3474057523918144,-5.58458326922174,-80.52490892264495,72.59160883899108,26.313509546127662,-12.34839516455416,83.36511826055461,0.9097122197518231
21.5524235650467,26.742230547234996,62.057612378880094,0.07552271996044602,-0.9057195292205328,11.015633800292497,-0.19967202519100902,-10.40133634427697,-101.05657462857839,-1.7874463164019239,24.192988295809783,-7.267559889471019,4.946582524080588,-10.779170578296258,-74.1288878183757,55.847113105764834,21.137963295129996,-7.432256037897667,73.30428776072877,-0.1194245950911792
20.203341121058966,-26.125735430139702,26.793297256165094,1.4892043899453273,0.8018192004011842,-4.03132568738964,1.4095540750970266,1.3963684066561384,-134.73452295449513,4.115096149060937,46.94786971640114,-4.751849182421671,-1.4074102665095662,4.84237216754391,-5.395481637562942,15.215080967513487,3.526284425807091,-3.959165051217135,7.728558993825629,1.8132575457882916
76.72249297733248,5.496717924033886,100.7944479181655,5.031663274753684,1.4303887770594716,-4.185242907199345,-1.8007195176894726,-2.3908403744680675,-402.58574096891414,3.678046720177388,124.73897769266142,-10.982323181528733,-1.4071409918173048,8.099297489692622,-73.86045382983312,77.22978439570605,32.6294835444443,-17.39476845806069,88.91116915611455,2.408745396723986
-83.70000105353635,12.179136558077353,-148.38254747806312,-5.303583154218079,-0.6987424003952969,-3.425141542689932,-0.6370602007260584,5.714773934125294,485.87134309835915,-4.379147647653531,-152.9161534094554,19.345324038836036,-0.3830419716165363,0.6191100400944047,110.92172531794594,-113.42504110368954,-40.96506022019539,22.301081384619696,-119.9360274260292,-2.6887364436986316
-32.695728053219625,12.988263796327164,-103.1607624606634,-1.8767442200014086,0.0878076370635256,-9.355795410484575,-1.6748411191636408,7.560293878942173,224.8982928058579,-1.5423062752350187,-69.09156028953345,15.31452236667671,-3.7024833293364874,11.479583132990832,85.94035472450713,-79.54027255513498,-23.593151447505143,8.904470997967573,-81.24608257757222,-0.9586965501508822
-48.23890655407627,-59.838853815106845,-107.64201708671786,-2.144810923765677,1.1303351534051658,-19.521138112595974,0.9654859006921472,16.572943468448116,210.38467294381127,2.1015145136347737,-48.57224102003455,11.78489359482917,-6.899608948036164,17.858794255974445,127.72665520881795,-97.67784690462504,-39.51681420627547,15.491894596076847,-129.59460694378592,-0.0186292113558455
53.08348103324172,-25.878640051552303,-1.6287254864761913,5.130768117590472,2.099775495783015,-24.992475809194016,-0.4281021905137578,14.475140199797508,-251.44658012671968,8.313801155975202,90.6128389755116,3.8892035750272997,-9.103935704561747,31.25768512948882,50.351275176503805,-17.807435462858898,-0.23434442533643773,-5.560591378997888,-30.058717609322056,3.3193887809501366
3.35316820603678,-13.510486608937136,5.846720213985999,0.016908270061825603,-0.1863364570944412,-0.854438361012848,1.5337988340338502,-0.32638615532790144,-34.2102540786151,1.6473140644820654,13.098528350346125,-2.151880942388231,-0.34598238069110243,0.6823576835157832,-1.045097918373636,3.255411610680235,-0.4497475183657654,-1.152034627017205,-2.662057859241564,0.2663432055914366
-14.948756544579902,-17.422457408297653,-12.371553848731295,-1.0301456964895999,-0.14829067511675847,-0.9146916446022574,0.5775106136345268,0.7296064284081304,43.489777878992456,-0.41480800194918505,-11.654699206603727,-0.43408328059673473,0.12149133088142589,-0.6325242756477496,10.631086403348851,-8.76327904769035,-6.669925906416626,2.6381212465248276,-12.921998518095045,-0.0988744967862682
-13.468827620649407,-19.003387407669354,27.893812324075157,-1.2902563329367855,-1.5048957552828721,8.209762909788736,-0.02023416973128963,-4.872791309117219,8.333167959281365,-2.4555577263397117,-1.2237032997621642,-6.841205148788056,2.7049619513202448,-13.148106526570412,-30.670531056279565,26.93434568663628,4.430097439294082,-0.5900907614389168,22.5589105915496,-1.6231841473194735
65.99219709061165,-5.470722206437535,114.45551309986836,4.564509671558458,1.0522910879240737,1.3256046783188773,-1.7987378135591199,-2.356025180411729,-386.49555405874224,1.8738641794678697,121.57069379860867,-13.942405867856252,-0.5038045965825222,0.23017244094198275,-84.04941308159835,88.61326790564314,33.29149957494407,-16.782145260234806,95.76299465412727,3.1633394152524685
35.67146310534443,-70.34824977642268,67.17470021700133,3.649232159535333,2.1127495675839336,-10.06816112330484,0.8295840105856375,7.688056924598696,-307.8785509583199,5.545039349950198,111.1317625502258,-11.581636143809314,-4.698726687018441,7.872925576516311,-11.705119149326265,40.91852823783572,7.552695973745007,-8.524122166417124,16.932748949657793,3.5139049772846573
2.024625397492033,-15.979301736451147,-22.711878786750148,0.17807276050278864,0.27319507238973384,-6.772032713086252,2.4314952228265554,3.031934373632477,2.7091850191198716,4.430496321620359,2.6866980616507092,1.6033042361476704,-2.051629786618593,8.876754481842827,29.941888491013103,-24.172613350890305,-8.321237680276578,1.219425056380486,-31.086119137240903,-0.14479580312676144
-106.60286754153039,35.46679013199771,-97.76368681383089,-8.18596472019413,-2.0772208643868937,20.14219646113498,-1.6533758634443545,-7.522088368780761,554.1924618816915,-12.471678672790556,-182.5137450269479,11.992018812203792,6.871852704364748,-28.139917254354806,32.11802745306027,-58.64829396633899,-26.216210587535475,19.625103067948373,-54.67434523045026,-4.251805219539426
1.1340241444436103,66.2271495286539,18.596871871265616,-1.1411403401689404,-1.153548036430162,14.36710506806221,-1.1732327475023399,-10.701370130416015,65.01941277201334,-3.9592811531024865,-34.36589729605157,1.161500053138073,5.898744138964958,-14.095711102147453,-52.419788794432144,24.748967160783952,14.096055019599309,-1.2895596075880293,50.3095474186126,-1.2893520979277904
-10.680993717942858,-47.60114357754204,-20.784831263845696,0.2658271155601055,1.2915523125438704,-9.743528329287702,0.9081403906144312,9.435663692794044,-4.1220010862864465,2.6721784169011777,13.54123841072793,1.2411375084385234,-4.07466451640789,7.932902916011446,48.41242929534481,-26.351858326193256,-14.324120704175833,3.742414923560103,-48.9649107973517,1.6126578576462727
52.47394899965243,-18.647547247261947,66.06903237379177,3.4365892703662952,0.9436341464288555,-6.90035161890976,1.8091662160075006,1.8242746968058445,-288.54040644183453,6.35435445274127,93.36768159712265,-9.078867465601405,-1.140033497353618,9.939556791193258,-32.54893105743652,41.690938723879256,15.702610583214307,-9.930612621596941,39.87015543860788,2.6394178832055077
-104.151552957497,59.54317075272996,-112.70756615051926,-8.770877478245652,-3.311888718884898,22.206969641566133,0.9058426581070582,-11.857295330678367,602.8651576795467,-10.105198678127287,-201.05627788194863,14.646240006100932,8.449507869484027,-27.052099818167573,30.565420514056132,-70.53430954971498,-26.153094349175944,17.72628909447125,-55.26682069563933,-5.1630963563838375
-33.03803687945705,38.881702465403386,-64.55508995110549,-2.2522234767142173,-0.29430573598418286,3.6801902376277438,-1.1519051007014187,-1.2691438706017126,239.89587072419272,-4.10732451614823,-83.34287584350864,10.132359653653165,1.3056324664888304,-2.890978866504912,30.010394994003335,-42.97094287358373,-12.043561695045277,8.579552397419729,-31.208081860322313,-2.0834076512235544
37.993239206863244,-24.56616793044634,47.26402840687447,3.39747548601195,0.9206656078689963,-7.902493108913825,-0.4919964908045507,4.14550098330825,-227.04351171500656,3.4291822704023263,76.73054237597374,-6.4137106711723035,-3.0094516880364877,9.255317655808007,-14.835812726937837,30.108553894408377,10.94255482312249,-6.937923100643589,23.40823804338325,2.2882351472460036
-95.60174003147597,-5.943969813325686,-137.72825849775998,-6.55654110414733,-1.0501652610264143,0.41481001732417017,0.3813207605447496,5.928607078595589,497.28377122910865,-5.392767904501527,-151.8716429976814,16.84356212149547,0.4784624389764852,-5.844696017340806,104.6707569130571,-104.59305346280945,-42.06139474502075,23.154140793815557,-122.01470546781343,-2.8919004273817883
-22.224250465183342,1.8347353799962631,-51.46270161144477,-1.638456905827462,-0.316651233962084,-2.1933738635060656,0.6901045931487635,3.5910338701560747,138.69633797721505,0.40748833712264165,-43.08156601315563,6.7537250309891155,-1.1525503844049905,2.6757395014543635,44.71737074982438,-41.607240002823424,-14.399629014463024,6.867836240576118,-48.224776791123475,-0.83122350844474
-36.54226458062229,7.037334958336167,-27.12659868649906,-2.4312120805953397,-1.2695657575973835,7.513559683821782,-0.4904190684678063,-3.5222430640986158,181.28670849370258,-3.719190029972648,-59.461516473578214,2.245909350837087,2.4988605147845195,-11.296851452454153,6.462829081816772,-15.147243416253017,-8.665299136250434,5.7220726331683185,-17.117143988147816,-1.659869505249143
48.40664211477205,-25.788181014215095,67.19773785663072,3.5644183530875506,1.4506470780251353,-8.21278803792188,-1.2219759669522856,3.4176216928441567,-296.3340648617264,3.4924162128014884,98.48406096811317,-8.552646263825583,-3.4205880489451688,9.605014317299416,-31.67569127560305,46.77493932640847,17.186845916590308,-10.40736838520407,41.286281011469605,2.4914015530203453
4.005095400907787,-16.776361925075634,21.173833560078297,0.7827389588364402,0.7862807210256121,0.053713093419906904,-0.5227763577996812,2.5346251973854117,-64.60835581350413,-0.44954252017181173,22.00926555944488,-3.4815809718504283,-1.1157687094472795,-1.5774504502671445,-6.678038656680456,15.310990149527266,1.897524850680651,-1.3771997609359252,7.1450531879222074,1.6971541569267061
55.29996258254107,-22.90429947420136,65.79312242691431,4.041505756260827,1.1118277225797797,-7.763034611836536,-0.6185950504651464,2.526136260301364,-318.30014490221953,4.711301740484927,105.12822891536796,-8.252488300472631,-3.41596817068206,10.233754967094843,-30.41873199703699,46.40062113806117,18.353351897984904,-11.712262722090705,40.922433588995354,2.451790408939269
66.61872737957744,-46.64346446696894,124.89376057034825,4.390169871251368,0.6823184177467693,-2.643450680706799,-1.0506366668060332,0.14623535337952387,-453.6686698527234,3.5054972158764266,150.5791799766544,-18.129839058860483,-2.8249792709004122,1.0018128028684565,-75.69536662916092,94.32150380270464,30.63542093250613,-17.204390001729475,82.9037268460216,3.178728046401729
-37.290197051955644,24.61227615617417,-59.80900676409028,-3.0120263910627374,-0.30634579760132424,3.635011342271982,-1.0876441870431037,0.24625906688139443,227.98352709873095,-4.201497699132485,-75.16684832875232,9.200822215938505,1.2566303609010112,-4.82569458614054,37.22977021873074,-42.31758904058489,-12.950395454918777,8.468310802239348,-42.622623147311124,-0.8204465035881097
0.3813221909180632,-42.749517321254565,-19.554577676170815,0.8714707949863847,0.5740860852722232,-13.241150550023093,0.8114249815811623,9.5880115637653,-32.05447207960436,3.9481150559252103,20.102397658400854,0.9626726289526684,-4.146114800033159,12.842053586903676,46.84230637001014,-26.46399251258204,-12.863738063580552,4.301323841278455,-44.28362696678247,0.8428648141917698
5.120586729058521,-0.9584078154801641,-0.3296222517339944,0.2984297956901103,-0.594395590826556,-0.7914998567189635,0.7203153545811074,-0.14645077166688003,-14.666960728877939,1.178320776301063,3.750352804575132,-0.7364916903918894,-0.24948520125662754,1.8301141195146344,2.1901361081749964,-1.6829473194985043,0.0210166602115609,-1.7751808725680025,-1.7655248412865947,0.3628748716312469
29.893018869256885,14.394173331487938,29.125607571198017,1.6929721617055886,0.045396982029918646,-0.9164511258168804,0.09375584907805912,-2.6892505762319048,-124.44242897947285,1.9000994285766957,36.73429037336612,-2.2368930641594416,0.1930431437644356,4.545232640665919,-27.680883584750795,22.612199456803086,12.65941047535457,-7.450660674429702,33.569038037704225,0.6208402500764418
12.505040705759967,35.02511771867189,25.87540250447792,-0.09863703552000463,-0.8547596913068845,9.638069321132424,0.9894591843803822,-8.504288613169079,-16.354999808249552,-0.48806676465991156,-3.844561983215559,-2.4340148208196335,4.0275662938898025,-7.520785251184974,-45.60043733153403,26.185636382861365,12.716905922258013,-4.789213108465347,43.442974946552106,-0.7200228300172058
-16.83160726293947,17.216557264838052,50.19198320902112,-2.12452704014268,-1.8651052486026203,20.933510655054828,-1.72454839577786,-12.934763971409136,40.503649852332906,-6.9419610232095135,-21.15265615486142,-8.432844268478766,6.7322038934609045,-26.24840259151838,-75.68759636373026,53.82814692458138,14.955532475127006,-3.3498985343464467,66.16641822330214,-2.3042219450602426
-58.01090566491178,16.334650983572235,-117.92972901407813,-3.564580091308878,-0.4721384232073368,-5.152610778334404,-0.6500537641918932,6.425705510341661,363.4670658458665,-3.8264816361030647,-113.81580987885438,17.499747475686593,-1.1239242574325783,4.514955383413881,91.7932394648402,-91.7329024685917,-30.90883780365896,16.530500826473023,-92.02870212501885,-2.533736419982518
-26.84183120851671,-4.17657402974059,-46.2221407705034,-2.245516926956972,-0.45945780778570783,-3.0785261313930277,0.07736815319624128,2.7031086498085886,141.77599303927482,-0.9363953432469261,-43.02984359984467,5.505716349643981,-0.4220425873242273,1.537382331107311,37.614671952031436,-36.19968880059457,-13.531296889648887,7.417081076767692,-41.638705161912796,-1.0723507187811872
-50.87019488991106,43.75646616104945,-85.98997625411411,-4.60631614522425,-1.2217096219889836,6.854116512372116,0.2104791526483063,-4.475761255158844,338.58272992389396,-4.198138124972862,-114.40764906062317,12.366670054201474,3.216381505730891,-6.7264517803162525,38.03485731040507,-58.431962099939184,-17.42051011778499,11.337212143676217,-45.79805582213969,-3.1143601825310854
-106.14047767754428,-8.842675217775714,-199.95656967503635,-5.710500350869219,-0.16024860623221793,-9.1827443586671,0.31320241295633405,13.222711283463058,600.3889520580966,-3.1132986508867666,-182.78183410848112,24.977461275487325,-3.0775432350858387,7.917370627829986,169.86014081720413,-160.13817842495845,-59.74021447744139,28.83831440774497,-181.70218716912225,-2.134284243885219
21.989523367746763,38.04560740659368,83.56586680912321,0.3777916377783529,-0.5476422191969117,18.705981266027646,-0.717133562994948,-13.897822341591528,-127.44014768489023,-3.5117391835757568,28.998664986359714,-10.045122980408975,6.574236270027907,-19.37181895686901,-102.2026078130847,77.76262801522023,28.91959705513733,-11.756808475622503,99.44810839751601,-0.0013926891338580383
-132.06192009808285,10.850399496922876,-192.72588708042636,-7.845715627063241,-0.4367022699948137,3.9189193522181194,-1.7767195185646387,7.614420997747747,704.1545707464725,-9.609561989778562,-218.60190497214853,26.091901241917263,0.9797679848096513,-9.677206614253654,143.3770123610423,-144.3786480806895,-54.89943079055685,30.874075528545784,-158.62406327464092,-3.331212273319313
38.42444094419285,-52.26869153164845,43.63033029020027,3.2416781182008734,1.0593907673235352,-11.027818086223126,1.2653202229889016,6.582529828042208,-258.3329726675689,6.408347083959669,92.40658712177408,-7.8461329385029135,-5.165737709958459,13.097378159033406,-0.7002088855773012,22.881041421446803,5.596551804840876,-7.9647689545999025,7.584262793402858,2.245189633701552
-79.03013006832805,19.718864712008642,-84.78663767068849,-4.885402338567975,-1.2719615180230504,10.379068039270958,-0.11792500225056168,-1.8775132036069695,430.09741701349435,-6.546251114144963,-140.5313742831079,10.247722390777957,3.5346659071732835,-14.30083853968208,43.28114163066069,-60.09735475900852,-25.642857644658914,17.27071280349789,-57.745458970543865,-2.7135765117417487
0.3303718684299515,28.6380270788203,20.82746517683496,-0.30315131491673103,-0.37138021475430116,9.788823293017764,-0.5818382295026636,-6.606124222708033,17.410723661476375,-2.1329679426890285,-12.700975499873435,-1.776331820731184,2.5204376197508043,-9.779277686666166,-37.50207132685571,23.130574763459858,8.768523220473526,-2.380792146917606,33.56862153169195,-0.19762213649528748
-67.07601355661656,-4.474661308606003,-68.66166604299947,-5.028903589064053,-1.598515878324708,8.672877457590378,-0.7194033719262662,-2.1257863489566526,315.921079907737,-6.310075731915157,-97.96875987746587,7.393290128816854,1.8835396748683149,-14.559661463050755,38.276751461619426,-43.58678976695946,-19.742846276449896,11.20425435605576,-54.36000552303058,-3.2195905944153704
-33.540831455867846,-19.074837991507934,-67.03213876886936,-0.8776384005852045,0.25754012098432555,-8.408340595034215,-0.8640673319564205,8.55671802657159,165.1662574588804,-0.10885973816115935,-43.309905671093894,8.907286811340203,-3.3964118783217128,7.796402469581138,71.56339109398462,-58.18935491784949,-22.435968598154687,9.05019051137959,-70.13630899244103,-0.10050168922876568
19.920434784780888,-15.718752203766734,18.672878132888524,1.546464188570456,0.7947163664806862,-5.004822276074103,0.3115312727288865,2.9025921787914104,-114.72141640730032,3.131937839681337,38.46771529644726,-3.2249435396220774,-2.2037599446244327,6.646071713216753,-1.8426071387807104,9.869868324371915,2.9970797543028196,-3.1678129465386986,7.113933370488952,1.420014927604292
40.65895718051212,4.872618802876459,29.68504187528692,2.99320952702101,1.1316600608989702,-8.645275494335829,-1.9304992586473928,3.5482184240166785,-189.53480483609243,2.036702791687279,60.125991212313636,-1.2470103237676384,-3.2670766000109994,11.539641522551934,-11.329155624075055,20.354936891804517,11.653187279188247,-7.101703742412536,25.26487498177091,1.9378116827663068
-60.00955811041406,36.969766569780944,-82.50044242879353,-5.16542153059881,-1.425475798618873,8.88834722222926,1.172704105263676,-4.679751538068809,385.0763909811457,-3.7181457764329755,-128.2329667337055,11.680601004364815,5.059321529831733,-9.95839616140892,38.09260369182167,-59.23769997136337,-21.16930632894565,15.59760745536374,-51.97508435329876,-3.4545133861700967
-18.44184436127471,25.815674441562106,-70.66349418500643,-1.1614321686914828,0.5119963018526295,-6.3781058788267515,-1.0006064145370948,5.56426918752015,167.69958897820987,-0.9002561719244492,-52.73604274984126,13.754119692032752,-1.8265689717324822,8.81124551488932,58.042922670324565,-56.24393871089969,-14.404461534123389,7.92692626781429,-53.80173668441436,0.11518932522973324
-6.198832808440975,55.03900046687526,-12.03001430383224,-1.5696642969271588,-1.1008681227841821,7.7764316380906795,0.7838191018475197,-6.497234401006277,128.19661191039089,-1.8362176687229803,-52.24762603250764,4.097993727247257,4.242097867613498,-5.681273241016746,-18.499022930656707,-5.315809986025483,2.6895871160082185,3.8172630126371394,12.893743046699942,-1.4559025658532119
38.69694294257217,0.9600637290516426,119.31258958266353,2.3328641186851664,0.4492475227942272,12.319725339962092,-1.260663486025233,-9.140484282634059,-269.09049769165017,-1.1218934659547202,81.40984362302692,-15.479226667389472,4.0014381741264184,-15.069963211403627,-107.3146067406777,99.32981175972611,32.725121912774135,-13.796376703010077,108.93140405698213,1.9088186233478934
-26.889238472053247,-31.05482796431323,-30.0182125928247,-0.6916858321572517,1.0621570464489563,-4.048609834210626,-1.8610700608389747,6.9739663392526445,73.94134196015101,-2.4141904922275144,-16.690122736330284,2.2229257441557033,-2.5175941388672434,0.12849192963818856,38.19573524099295,-22.66759061212209,-13.023178994664738,6.117307956753081,-38.30836873546359,0.7556290678236453
-13.70842482741442,21.62267726929733,-4.651844806577558,-0.976593804605281,-0.6777918618424691,7.371236813414705,0.4979004413255634,-4.877759357059373,95.41639276209543,-1.3998984953158609,-36.73189577742608,0.29430137368098896,3.0165209207967845,-8.2805333387469,-14.618134249387943,0.7095652070385808,-0.34107462256162263,2.788294141529736,9.72947749350642,-1.2451096610705716
-37.45359033624786,1.5317522011116487,-74.44053389883449,-1.4104816785333605,1.204259041539896,-4.061774150754774,-0.6105523716005732,6.925369903247024,211.96242621905927,-1.3478600486015595,-64.29228940463219,10.87090418723838,-2.2350898263615138,4.254605453963748,65.35515745867067,-59.6345531464756,-21.366018468500503,10.310217044410765,-67.10413938467045,0.15267304948526128
-68.1170052902054,28.088236045482795,-98.7214976443401,-4.547149398626836,-1.4194008886203315,8.57546322944189,-0.9286690114427023,-1.5364064404324855,391.4406555517331,-7.373083236080735,-129.0328084222816,12.810663485217363,1.644666429338638,-10.38413216089964,51.33197247514541,-64.48776361842663,-22.543563399278653,13.360372128854735,-60.85218483224417,-3.441896089495202
-17.04296892129336,12.292721355926622,-32.649694706666786,-1.0313651997707238,-0.2596912806402632,0.7612229161320394,-0.4114143212302606,0.7168608226661306,111.08762725690409,-1.9533065713349118,-36.482549883484374,4.781392694238333,0.2878318176060636,-1.1988059378530815,21.457107980624603,-23.72059793417644,-6.9867675163123675,3.9078953573530413,-22.248165244246888,-0.7185375088955683
-17.370681030181473,-23.084570700261107,24.490008364762538,-1.2272790375440386,0.008023826864488227,7.591467854168006,-0.2542080991760718,-2.5736943110649726,1.650086955348607,-2.142525204565005,4.2648316605137895,-5.220932779699051,1.329173438171941,-12.615304874887268,-22.6908000330102,23.19261526193171,2.000185931632063,-1.2587232196591103,12.757006602344733,-0.12347482129164669
24.188921061513035,24.136708504659058,38.641017213468515,1.2925068764084355,0.6038826249847014,3.769371000502055,-0.5092926856854123,-3.874053015201466,-109.0728265744339,-0.39736006916512157,29.867842222902354,-2.4759754268314724,1.6486368004335783,-1.8482451468652337,-40.1611108293875,33.22836169088676,15.104007050067738,-6.613753985011196,41.96461853895517,1.1261029401816698
-29.170793616606893,-59.41174336036623,-71.72279893670866,-0.7950435501201638,0.44475598532236943,-16.495197537447428,0.975122331127552,13.42274236189457,105.69084089952754,2.9680181293386125,-17.95800991303691,6.7284734547169744,-6.036829192566053,15.129634629288907,95.57628108899793,-68.02535193689705,-29.253300459711365,10.045855155149821,-96.84662135060877,0.5685609622023985
-35.15718382545007,9.063673813983481,-55.11104783603186,-2.5484938864507685,-0.29677032286446114,1.1456319287989283,0.6806384790057493,0.6260388234509577,211.04562891275944,-1.278875720838533,-66.40478996540503,7.309107071395816,0.9875536277970149,-1.7261120039224678,39.3129470373323,-44.070809008564865,-16.334571742924794,8.547630511732166,-44.102959170581244,-1.2929287910011036
20.49093379490234,-15.397612370992846,57.470257424813184,0.7548674703898226,-0.6732938819959562,4.315539838656118,0.7250944789476682,-5.63105321576143,-147.03539656053155,1.5184931224811646,46.0942154500528,-10.212161756415732,1.9008380284686157,-5.700697458118081,-50.13201044189094,46.051668049432706,13.056638949466453,-7.283508187703355,48.35331575678618,0.20697759317708164
19.81904806047719,-12.605926451269173,20.83719497900012,1.383038030617736,-0.10953213596326353,-3.213644843216249,-0.14676617086626764,1.2273115719922487,-118.5004500505583,1.1342887559165211,38.4202187938837,-4.040146396520627,-1.7173499510316124,4.448038113507257,-10.0867766340167,15.842462860954248,5.740713370663178,-4.71592292417166,14.63783312964255,0.529436306549138
152.79446656258798,-52.646415225514524,216.83590735446654,10.701250213735568,2.4343003525975377,-13.937045172436813,-0.4986321765138051,1.262660476075084,-883.082225567338,11.36605211440411,287.193737326161,-28.03726684969274,-5.685084646720383,18.99994116876133,-127.71897986370516,155.7067492515225,57.54737286948002,-35.26333453894817,153.20753454505146,5.741440854819096
-5.309042977447324,55.79776483555516,33.74305173484082,-1.7905470559804841,-1.2542874769697667,19.98552244154439,-0.8217816614232241,-14.029932495684854,64.87183532397056,-6.281592287268506,-37.348624829716265,-3.6674132715471286,7.479895537306394,-20.581442715566244,-72.7587785682804,42.05612365993223,16.470908175781688,-2.7157635703283636,67.60432573480499,-1.8984169457702844
-5.568199406256551,-25.424859661202284,-70.32346938995894,0.5364007151006238,1.5380825256364126,-20.13539608441346,-0.3987269978080747,13.89919993659994,43.47003388682681,3.0448495320131355,-3.146877328561432,10.925062335165075,-6.855051523979591,22.78078296967253,89.5197179476971,-65.66509952974911,-21.115221726824007,6.479528885201326,-81.05418593191288,1.6969646945013783
6.043031529392281,9.66124988191216,-32.40135221487937,0.5920185914355713,0.028942559469792625,-5.326432817347017,0.5842532447876578,1.4507130081240618,21.22178368151309,1.8878802232264906,-8.225092653752712,4.594860314589665,-1.8061190853402609,9.375410787004736,26.469117589157506,-26.044121773931288,-5.366368866854011,0.04191413058384841,-21.61179411595807,-0.3072439087308102
-36.18330463671902,-33.36897253142708,-19.404937652048556,-2.016719653826505,0.10939339177318601,3.9123744045366116,1.6843332442804289,1.7496043274034196,118.11204876484601,-1.040252402276161,-30.30208446835366,-0.7120755376275607,0.21449617565979584,-8.031530259725548,22.323810267391213,-16.504708937003446,-12.988762469662293,6.073285183829204,-35.0467755571673,-0.10447707035190998
-34.8417977993214,-14.791507484938043,-73.71817360049204,-1.8710335927545794,0.44634828550017736,-6.214059073230779,1.1858674527083288,6.189880489175311,194.56999457983764,0.554550796141847,-58.084474532886674,8.18703638764884,-2.490217413818631,7.006959765632057,67.61408958262808,-60.78931247479617,-23.376949134484985,9.921214655126672,-70.64007807441509,-0.9187422301881999
-9.759645668595219,-1.8533607714365437,-49.83742337991398,0.3537877484838128,1.023040404112032,-8.114596778662545,0.629501822118334,6.776910205795639,80.86749069748176,1.7748357677819844,-23.404062374820814,7.812321570190631,-2.765127884753593,10.225069872289806,50.41614581532672,-43.60930177083758,-13.946417170904459,5.435712724839887,-48.02042828189584,0.6054837958231218
5.163882140152672,35.595547328412906,24.163159154362344,0.0565890229409843,-0.046272029284873825,9.849448608504423,-1.4629076115132462,-7.356054318310217,-5.462093177005041,-3.471903168573234,-5.725529647813642,-0.8685221156242846,3.5710080829742816,-9.729202200988682,-41.69681855149759,27.34919948597051,12.241916907838828,-3.5987686215062658,43.302855847013504,-0.024378781986603044
35.83745885406396,-40.55742675641045,45.32767921145186,3.102154390234381,0.2802149893595102,-8.225671370529868,1.5689311619649,3.3050643065306637,-229.67704144899201,5.033948947266853,77.53380267829934,-9.530368471269764,-2.5748153594013816,9.539033857957044,-12.409220647159193,27.13330850988774,6.995801046023245,-6.640677948079334,17.220833202975523,1.3294593061560305
3.153305530050724,75.066401471058,3.7831226046738866,-1.199023365679678,-0.9405458632909055,12.302597139359968,-0.31943216005727987,-9.952836662646735,95.88752667455293,-3.28061530704618,-46.83043428283604,3.1360030754394463,5.686634488372556,-9.474695664776524,-40.620637860584054,11.039145899879996,10.6381028977945,-0.4768313527169721,38.49382427706428,-1.0390152992556212
59.52674723111497,-36.269376297215196,91.81083816905077,4.105537186086585,0.4222389957002142,-4.6313388292426705,1.2636110145439268,-0.31794341041723373,-364.0754444864075,6.259405101376515,118.97353348191231,-14.083503554061721,-2.436924802023526,6.006594314585199,-55.046284403630075,66.53558846153001,21.72624549634299,-14.156816220099458,60.00500918656338,2.3013035705756772
-10.70388417844702,-52.44866738037076,-36.26564625565446,-0.2700677166657103,0.5202441282817484,-13.26894912820378,2.145817265337051,8.794166036233989,13.288142856267994,3.7513556414511116,9.242478103452122,2.078071801366913,-4.992370225005583,12.352172851134299,58.63444543634157,-38.195559205482276,-17.9791478895443,4.1797497737096085,-62.13857460226279,0.5336603717004859
30.197223107473516,-30.119539585645875,19.285768311698792,2.753006691689341,1.1950322595726124,-12.25456375284929,0.4806809365563131,6.7372405857373865,-182.96328614869503,5.480352021774609,67.531854559902,-2.1544227812934813,-4.674870713482769,13.37925373237424,14.449228084631098,4.640043559794857,1.9218604843063898,-5.395739577418314,-6.847588931375571,2.4813120452534076
38.76230579568978,-11.671099298566409,58.57636223368107,2.318569102237112,0.6539544808749981,-2.7902973945469287,0.7481142307593014,-0.9953486303323245,-216.7931782459947,3.996617478754973,69.81721592532782,-8.228019879167128,-0.876669594098844,3.580497436312127,-38.533103501913935,41.56865725419504,14.448565801378956,-8.747866139558562,41.76023422983165,1.5567193328653113
-12.914215950256692,-30.87422758474376,-18.999590243822315,-0.5912913464812051,0.43775023495350107,-4.95942991389445,1.609971690049404,4.62699432983332,30.247291827290333,3.2870910361146928,-0.7723872324370724,1.2683581210387482,-1.4805211940447451,3.9483127796048993,34.6077579028558,-22.756080230956144,-12.068073353700143,2.9318218264848825,-38.5845233487218,1.1556532196875864
166.11897934423968,-9.153020283476012,148.11070340262748,11.893072991977165,3.345850757454725,-27.78702004904143,-0.2582196922599908,7.352820614951189,-817.4954758131648,15.314268812755017,263.0568825571799,-13.915425019840633,-9.353993611002679,40.38460308571301,-68.64875339282533,97.08077589994306,47.30693579903619,-32.02541511649579,107.2413213071304,6.592937768544208
-5.468160920726474,9.20054113747255,-13.522573171908405,-0.7569513072081986,-0.5590512066845328,0.423933419818878,0.24487832588514996,-1.4198011351219604,51.05880087324148,-0.8522287440451457,-18.037357518023388,1.5453262450080438,1.127696794953418,-0.45622209604295716,4.371105334042279,-9.420043120919214,-2.4357428711651474,1.4880320528257083,-6.507877466145842,-0.9974227278045458
-54.79923280447768,36.06390393433492,-99.32777618398934,-4.3880332238862465,-0.8930719089198744,2.2806153578688093,-0.26545404584355947,-0.8990421635999861,363.5886422236672,-4.390380842683232,-120.59180877542502,14.472886871863258,2.3695093708364245,-2.2398652724987462,57.18467006147766,-72.11563114768241,-22.857871004378623,14.33397854699291,-63.93115754789937,-2.8779978352049778
-26.5976933825474,16.251972278907513,-73.58676905080425,-1.6091524987689971,-0.04888331768603783,-4.0580967814259505,0.30209342434325087,4.4373876740397264,194.29120159074571,-1.0229016291347204,-61.75034043410491,10.688531087915388,-0.23022099708748336,5.675317986204654,59.27122888671201,-58.90937259140443,-17.62207791089085,9.711169997257567,-59.489658909708865,-0.895812115187858
-57.93463335670747,6.400705948019706,-114.32153489571562,-2.422997758464099,0.8537238603961235,-6.893129705706763,-1.7497478977928842,9.977252963880588,339.0573267980895,-3.989662155887064,-105.36450259079507,16.881133291609906,-2.1683811548734537,6.693200418299541,99.81984482873237,-91.31362896583963,-32.27786281256302,17.637581980650022,-98.54419122147976,-0.7161493895227515
84.44690320563328,-2.7429596323261274,122.38869145773009,6.188810569996779,1.1730678723116936,-2.519187529682499,-1.2960360817094863,-1.8026311454648964,-465.1093813854169,4.632363418817475,146.15311982699117,-14.020875891477372,-1.5065797161213637,5.9364258708907505,-85.60209313970194,92.81921008325452,36.56542043755322,-20.16135541007755,100.90447284021576,3.0708262045743475
-83.35021010958816,52.885073015378545,-99.23374740081073,-6.626998306127261,-2.231880545291733,16.25816916118288,0.4446823748635126,-7.95517573923985,503.9646928695968,-8.658732015125647,-169.71457382982294,13.502673716941082,7.436813838709036,-19.89874390201304,34.72318826369337,-65.12141293302878,-23.209570568386273,17.535594696353478,-51.18878596314001,-4.652920283152186
-56.903480536695774,57.10019312182991,-92.73022293525266,-3.7910385417313677,-0.6636716154965215,9.282317151530386,0.19146529690533498,-3.435136317698077,399.2300953987521,-5.095466414900291,-137.54205055440616,13.93144952889976,4.0601011126243955,-7.843309158114949,43.02475475685416,-65.03421679792537,-20.447862554667026,15.29377860802928,-51.1235285740134,-2.2060906207313558
82.73412156861454,1.5086958576085627,93.64346952305645,5.250522682476008,0.7554668615523303,-8.301929723427182,0.11084163320313536,-0.29575338208845375,-413.24107885530236,6.384081499312808,130.5690071673963,-9.178302871913774,-2.4862449471014276,12.89168218187567,-59.10914645812693,66.06490586262768,29.089023866701137,-16.759025077351616,73.28179380942932,2.1576016703792393
-87.78681711111753,45.369342511438504,-153.18914969592694,-6.364503629088838,-1.523444721524142,4.285681886723472,1.4148942383829963,0.7312294819941985,568.6951110575609,-4.69196162165472,-185.16468845410503,21.246974863169008,2.986138046542314,-4.502115691747863,97.70323540362868,-115.9061184100833,-39.06177506108473,23.625576440338257,-110.62319207717414,-3.7687106863562008
-17.721466128991807,-36.34717438474433,-46.711665018002606,-0.040631156132731105,0.8816262014184046,-12.631313486061307,-0.9495576593589601,10.788125142438211,53.10578580943692,1.1202251078906604,-3.7098516353539908,5.867786684370873,-4.697388523956831,10.465532656403363,66.77615979498944,-43.86635004127085,-17.134791790054635,6.720235996453702,-64.56991846220559,0.2815682543019873
56.75809366598632,11.937880074351447,88.6451238508092,3.46167493542489,-0.0807814046040582,2.6865490825666396,0.19727014408358787,-6.010490374843182,-288.51142509268664,3.436967089495317,87.18601818525569,-10.524447535909738,1.002714096122392,0.347127908363099,-75.24792539910258,69.47071079327318,27.43473816626639,-14.547619456800268,82.35949896976855,2.0869093139935835
-18.270462706390926,-26.52627483495625,-42.895839096665696,-0.5535634341425417,0.29517132608751634,-8.237703855429897,-0.35407252425323793,7.21825564335133,77.40698002505364,0.6332058964989241,-17.632187256109837,4.103690865836972,-3.4089404424524528,7.679006578983041,53.97531477534945,-39.3127861733099,-16.198020242735197,5.281656757098527,-52.5932256962724,0.044896130513223165
-11.643097175344936,20.87057441386977,-14.625260182945823,-0.7999200596690472,-0.1746824712118102,4.605054070562577,1.3038202181381149,-2.182808660179791,97.56767414606158,-0.8694576434571254,-34.79427247305231,2.768161733202249,3.162509476296986,-4.6716300922255,3.0944951621803463,-11.968794223969219,-3.535386758701605,3.589951814459392,-8.595709301001527,-0.19383538965859304
-38.62943736979346,20.58820168896058,-38.73200353666658,-3.135293056409536,-1.3437789227431347,8.793903422736873,-0.17914513026405057,-4.822028263475435,219.71347140583427,-5.187140999729127,-75.34819805584524,4.2181697974534735,3.5216437250097155,-11.163737433368203,7.2147814739628915,-21.50835724545693,-8.538981347144963,7.352992969117403,-15.45502428972877,-3.0620244552802576
-66.32223971897442,23.55617113068431,-96.42906771243834,-4.582809502659144,-1.6757691730167918,4.806203162028574,-1.5542700939474206,-0.5710718256768905,382.9721372494712,-7.527222195349919,-125.13213071698812,12.827422401482956,2.292773737302203,-7.6642965168088475,54.05563609604042,-65.64678929910778,-23.36663629874176,14.842761322403584,-60.42550170591804,-3.539136793843559
-51.639006253677614,-42.64564811616089,-65.7669739398602,-2.7290072773696563,0.023246534684916394,-4.107666602506488,0.7066875643482876,7.166202061306831,211.98855666345827,-1.0553325829542546,-58.464139645428745,4.8228385925614425,-1.8933173522341522,-0.09315144098523065,68.57866254796258,-54.55775058010527,-26.713688872193053,12.712175038291319,-76.68469210175333,-0.8642394561045168
-43.06218820456873,8.471734060026488,-27.69096001635818,-3.5624312108769995,-0.6916739725403683,10.65601062884312,-0.2855976226911929,-3.76123070978956,204.69206729248978,-5.136017365569787,-65.33765870685478,3.013457463122058,3.16490556699889,-14.315325317726591,4.154030693488232,-14.599358931136447,-7.782870286693685,6.866825431174458,-14.159276068820171,-2.0973289046197556
47.94917246434538,-36.647338203760214,68.97006769426973,3.764624408686606,0.8131442770184747,-6.807137071889403,0.6970760955184113,2.49084226506229,-304.2793705656897,5.287563726145309,102.23167987006819,-11.210263846061007,-3.80165287276415,7.581332179907023,-31.79307803909169,46.95371276661815,14.868294763287205,-11.162842341268437,37.86446677984861,2.65855345985721
-4.833088506202444,32.69362545918827,-38.045000975274206,-0.7754933889172613,0.05991197265209781,-0.19038729894766115,-0.6019765065702847,-0.42087628144812206,92.97883542654625,-1.8561410342393558,-36.20267144414801,6.3823785369243184,0.3726355656472257,3.220025540946434,18.561832230345754,-26.1315036334342,-3.6675649339342002,2.7708789892490446,-14.857283761028645,-0.831366043345482
-7.3900701084259595,-22.97163203678708,-45.88326038919147,0.201350763364191,1.1795496983237501,-12.517195458545453,0.9107720840285496,10.194308634838615,46.59933206220842,2.880397129680088,-7.9321177453605864,5.600422409811818,-4.489964809388926,14.319748200894248,61.82290977041243,-45.66162681287007,-16.418858937102137,6.596799338200713,-59.17510097439018,1.1510084405776868
47.47926576635186,-0.3052553122793296,61.055305654365384,3.195243536581909,0.1768112586961014,-3.4343969573495334,0.4921052772052559,-1.053573750267042,-238.30490491985424,3.957604212337216,74.37000307695133,-6.848523895785409,-0.10338925925241754,5.545932706724944,-40.832274454566544,43.178145355820234,17.813502696361926,-8.651731525715803,47.95649933274247,1.1134858797516987
71.24435380693448,6.364054831622665,92.63351741633886,4.541099995285638,0.8595533152450521,-5.243571863717925,-0.24697957478679516,-1.3720780740975076,-357.9181535417677,5.557513805378366,111.15911383500146,-9.341185547248493,-1.5635446028602644,8.682618608028534,-65.6654533611521,67.51430506249088,27.991966505776684,-14.663396872564752,77.04269633458146,2.305542610565534
30.83763987043995,5.4412594975776924,15.606284183170903,2.1562520998688584,0.8340048758906344,-6.592187043633467,-0.8855527619706816,3.1659348594118986,-128.8438802767081,1.8779666592959683,40.093671962509376,0.08789004329729633,-2.592878006608984,9.548544885664624,-1.2895532852763651,9.019339770111051,7.431875178515726,-3.420595519753057,9.70436591032356,0.8035459469476417
-16.403620981968906,30.399584253583757,2.074067328912313,-1.6228406234034793,-0.8952602851614267,11.221707924315485,0.20292176760687086,-6.442196513874398,108.42761992636538,-3.0260163237258975,-39.82435634340081,1.4070670929427869,4.1802137099759005,-12.822386460702454,-23.700601784132,7.100040406976546,3.1589855035860475,1.5913706118255877,17.174692473258805,-1.243088607878311
21.2175083303574,54.162511041009815,35.185132460974955,0.22328369799720083,-0.4326880433832693,10.125037994733496,0.6814570541310233,-10.382928085538673,-32.29009875438034,-0.5221005749739555,-1.7113382342668912,-1.4485905194458228,5.4803042912301425,-7.117016049194857,-58.15624761231834,33.02525154644902,18.02323585563879,-5.504278221541719,58.68207308222651,-0.7573587381087765
-84.53796424652492,32.49882198727234,-149.26880988566734,-5.34820615511624,-0.5539886476316405,1.569659072950533,-0.02891120550360238,2.8227905178726447,517.1479732573372,-5.334264583920772,-167.34134798483768,20.478462781265254,1.2435578028003813,-2.3280682386542675,100.46519071285027,-111.36089283689793,-38.37817957332497,20.774972241113772,-110.39439375108978,-2.7956236868138564
33.58303736243095,-36.681089089923354,22.269789923661772,3.078147849841061,1.524252832082367,-12.494581929973782,0.6317770462194208,7.691269068904261,-208.79548949481477,5.372568605181031,74.31675620747417,-3.1947723156096925,-5.10098522007754,14.378378012152883,15.021742382368679,8.085665964563455,2.828418823880903,-4.530840341292449,-6.879598644402477,2.271816647765223
48.08758078495734,37.16891472793995,94.38778262916551,2.4400651416086383,-0.41107152850258055,12.891478532939482,0.4685867094699135,-11.813172378058384,-223.39919391133444,0.02772710557675917,56.692057835927365,-11.505648369149995,5.05807616686219,-9.455175109619297,-100.92315007122606,80.15249102248278,31.745041538440066,-12.957612032035957,103.50662921059231,0.3406984932678514
28.296682354353756,1.1648270546129544,28.762786219484575,2.0209010901273357,0.42585761601543276,-4.25238689402261,-0.4629298149146995,1.3680711112961585,-137.10261424898272,2.0772658073738466,45.34982286364525,-1.8039993217273311,-1.4741997947142775,6.4079927934371606,-14.604061741083768,18.750670467989234,9.883404731333487,-5.169071521797951,22.914591360473217,1.1716465349070688
9.01183547416667,3.934654284923599,25.41441795246909,0.6879588749635844,-0.034219351817460164,2.750088409489048,-1.2171820056561662,-1.5527213400899638,-61.4738750465143,-1.2134294657956246,16.72571616787248,-2.7071482861950855,0.45121752552641964,-2.9169320164632424,-26.1265326488615,24.41683659789806,7.965334245211471,-3.2309089375962357,28.463882645726024,0.7544965801421805
-8.8240764634411,33.36060573141278,7.934476743363005,-1.1466705570240343,-0.649511599004219,10.196420080814526,-0.5964443135067071,-6.639325867272319,75.98981722806198,-3.3707023925387687,-33.345141914264346,-0.29254787358618806,3.8029235417118015,-10.84905742383143,-31.787053809622954,14.32169367908226,5.498356679699983,0.18788405801669636,30.040967067035275,-1.2846932590330258
50.89580430524372,-37.40772753846591,57.72681338763181,4.122401899025888,1.3678401956259922,-12.016643764049128,-0.5558229315427694,6.289075178441312,-321.60811149795586,5.459820166195349,111.59309489281677,-6.766784063402492,-5.263905460519932,13.158415334501164,-13.785903236913612,36.68638725043568,13.645698561584702,-11.372425125181826,24.760363925019906,3.1505741084931653
30.771341760092188,-61.00425566173389,12.892729103451275,2.659998209389169,0.7575922409842527,-17.08562660560513,2.5476232882617333,10.16651460112562,-212.78132868068778,7.822430566139531,81.07898179552686,-4.4286015288919565,-6.517615715859506,18.970683222452656,31.921031086232684,-4.622028759061079,-3.716770250063409,-4.965489934021961,-27.660462382189955,2.24279542227603
82.98503495498612,-16.67674352529454,153.27418657539673,5.02557759399822,0.8105799005522272,2.8717851585543475,-0.004839006899897847,-6.227059640995159,-495.1853618155832,3.5807962002456657,154.25172544564865,-21.236604902478977,0.8584408777232786,-1.3184124867619245,-117.92983984843426,119.23723285389671,41.90507541643785,-21.938242053792873,129.0385732000509,3.060874299959382
-18.29735438978022,11.272250628753563,28.240567985534195,-2.3675277319662698,-1.4840924885519562,16.738562858879156,1.584777236321256,-10.81254006719918,77.97087302696237,-3.1822584589469924,-32.1515089367402,-6.609483156528243,6.2519150751268855,-19.28769552198427,-50.16586933724254,28.716213618581868,5.860788574841356,-0.23570988872175497,36.58096108906892,-1.4364416943962324
45.326454092386676,-30.788041109648677,85.51959091335729,2.812440653239321,0.2511164766951391,-2.3110087162854214,0.2568077157511643,-0.9057303193709364,-302.5518074990829,3.445386997260039,101.25604660967113,-11.925301482587484,-0.6146794392237162,1.1576015562452817,-54.128361854949894,63.63506763057153,20.747361895259917,-11.331981854202308,59.7658487364208,1.936430044909283
50.11945195143061,-58.306085519550436,47.493594241152316,4.176179187543288,1.3745016598811992,-16.050152799281125,0.7589395680507948,8.408596341480056,-327.3291488282819,7.439899961330693,116.43750574990818,-8.092023582173766,-6.574784928561382,18.236392656373905,4.514491895359367,23.74431394153585,7.632006635361302,-10.839873927624234,6.333739602736042,3.00829009192008
-89.94098826119327,43.63251922979946,-125.43896699554219,-6.351421137923683,-1.5294498999466595,9.612723577700038,-1.4858655558684084,-1.0397951868927482,525.6545160568525,-8.802973823543608,-171.7084019223512,18.040865845933833,3.570616541892936,-13.882074896605575,70.36415387153616,-87.55206077631146,-30.64604420683646,20.27571983431738,-84.54280114801985,-3.280575861241381
-1.082282996024714,18.08617711724709,2.4721980426521486,-0.6125159745670993,-0.6657805528340552,4.880814186490618,0.8204592093740132,-4.289560089318206,38.29167868024575,-0.22907022034808985,-16.55410940464057,0.6859219814851913,2.6691139404849675,-4.449696010675742,-14.766946255169032,4.138874259646464,2.298186976707247,0.5521684290915636,11.213260532492308,-1.1052695336542628
-49.275818286875904,-70.85857263464845,-68.7944345615541,-2.111091868706089,0.4846669128354397,-11.773139083015359,1.6589421767830388,12.200472580273253,165.30281666747206,1.9428775414855708,-33.1213845585452,5.60307158098294,-4.746967296842307,6.720908858480056,93.10743059913504,-65.29104256323684,-32.53795512370024,12.208609110331379,-101.38041166352613,0.34980764482779214
-48.73280741762552,13.588095387775116,-70.71783214707959,-3.390165873560066,-1.260611210104071,3.679875884814196,0.8291933773910187,-0.05741122677075672,281.5220937082999,-2.973344578841867,-89.59187660968271,9.251807959371915,1.4950985928169456,-6.6590272449567625,45.0965203231285,-51.780438626364905,-19.9611470793884,11.711486782350548,-54.59995455190901,-2.3069390566245165
63.821974949577886,-17.303642937174207,99.73589764589306,4.994905142855729,1.4689960970837508,-5.320438441590551,-1.8026015574438974,1.7833469954225394,-375.4444432630291,3.682901833013811,120.70386982192706,-11.847316754918426,-2.057559926228496,6.9825320992891315,-59.026623976014726,71.54408867600495,26.1986019731275,-13.522112989705127,75.50124668042409,3.4419546084815655
120.34366910969294,-34.84152928111552,112.7324136743345,9.159296578874502,2.4500895489203036,-23.589499949241056,0.271988619832814,9.424886873341347,-631.0280918181244,12.468241772399356,206.29086462376443,-13.191284597628988,-7.755339491248762,31.66125534295143,-39.30443109323401,69.28731221775905,30.695747654358538,-21.10044697473218,65.84450094158937,5.211785053928624
34.734931948915076,3.481783341737303,104.61252913442644,1.9219084434468152,-0.2629963589996559,12.954466140030954,-0.06460391036416806,-10.33414732186368,-233.43022144084193,-0.35033932205137974,68.38586232874947,-14.681747006128909,4.412977260321746,-14.39676284749735,-99.27320831755623,88.17078266982473,29.21290157171319,-12.235874009875626,100.00339340134633,1.16418160718463
24.25116390666888,29.2897239574861,51.74695992955705,0.7436371679504263,-0.0347764157200477,9.269611837128814,0.4373849679306856,-8.437196632253102,-101.73704433303726,0.19270821185285314,23.26953761572654,-5.939027452083928,3.0111143951470956,-8.36565352031054,-61.280629572138444,45.742958404917765,18.45441647042395,-8.195727351828529,60.81063390833401,0.26894481486341393
28.608193633883868,28.306822526154573,21.756751858006727,1.1319780259637433,0.16553116714474234,-0.10644401975317808,1.300723946540014,-2.075502139858841,-85.77826552837259,2.1382103775207066,20.01193851252897,-0.9665501235754773,0.6729846231491564,3.9802369931169603,-23.25360758311351,15.055030428944061,10.11491390233267,-4.100640347982664,26.831926944131517,0.25732435467497866
35.94514149087095,-21.066138802186305,38.69801892645016,2.635074331851526,0.5888159982126498,-8.60507479827041,-1.4656953425471098,3.787441151193916,-215.5415178238757,2.3627705710408957,73.07208194879416,-4.689658378311268,-3.2245128867974144,10.118212607255165,-11.23258805066829,25.949716453507087,10.691865914419708,-7.269701535972372,22.637141868684164,1.7370732981915742
-38.51308274369653,24.635526036519952,-54.31385667357717,-3.4521063116803172,-0.5936018314643405,3.6776414550210133,0.19508214821597036,-0.7987742620121814,241.50171388531936,-3.3935016574444687,-79.94992400673357,8.252870484269742,2.27735372039447,-5.55598285964609,28.03961661032696,-39.3356150002298,-13.467044762412563,9.711211721780254,-36.73194409444068,-1.67282728705896
23.89270604300596,7.864799109912482,25.594274353046348,1.5118093263647503,0.4445919743288714,-1.6593815610956637,0.8690739316058927,-1.2627632044829644,-97.49301492100892,2.980635818155868,29.314071446029903,-1.8498987195463286,0.35860038645497183,4.381971918334523,-18.515280596155847,15.865419510239697,7.359474242911917,-4.605652369070142,22.267802464020242,0.8523018293536877
57.27260513844883,-20.128293209874332,42.6295525350655,3.4359237922215176,1.051783550456935,-13.85907542961417,0.8584883010248309,4.781102838486177,-297.4235658113036,7.420523364157719,100.9725334685835,-4.0493525089727775,-5.361394308339667,18.610606790473962,-8.211703109918425,23.04100493843663,11.92846139535722,-11.384853948365532,18.862598233485794,2.8673109872764195
-108.70386084415216,-24.784411507152683,-212.98400679235226,-5.853619870283724,-0.18253931265609083,-12.983611211531459,1.54452328252674,15.62931171371432,606.6166311797351,-1.4099932123107615,-180.7911622444897,25.216604294327222,-4.812581678774998,12.145977704512118,189.33818533479513,-173.67648251388587,-65.12231009640878,30.097833085885767,-203.15565590555107,-3.319100535041526
-16.20790818656812,38.023744991548426,-23.596806567432242,-1.8626054151922866,-0.2978072880471692,6.962818915204057,0.561301825264559,-4.801283233760916,142.557234714505,-2.105372249537646,-50.94814600088829,5.24242734785769,4.030144934482816,-5.735626608889694,-0.8531565687667066,-15.306358513314132,-2.6489876711946723,3.892844102518446,-3.4978718167678826,-0.5860169151492886
-39.30775972039278,-4.7897447761409,-68.78206891862406,-1.5931741037290577,-0.003971087020350361,-4.902952377166,-1.4411844347078595,7.396086165746805,208.48093388930766,-2.083966513828857,-60.22283119258393,10.186104551304535,-1.9933182267317333,3.2637461557716523,65.5609091603172,-57.16918853092357,-21.092152308195306,10.652240349207684,-65.63868201669362,0.07931449372991643
25.65225140609509,12.55350858641285,0.15959814566913139,2.1706651447769865,1.0834526197103744,-6.061840216779494,1.4788477171850776,1.9646784044928225,-77.11074411100296,4.703755350541618,22.56086055183361,2.039899033488183,-1.1366673038569102,11.00608030218746,7.7582272390330775,-6.538409016829559,2.074633173422416,-1.9048053625855657,-1.7516669535184295,0.723505152628944
-14.338173869818714,22.914088385119502,-47.08253268218495,-1.0681657996337088,0.0020209068389802857,-2.2211530641669115,0.44339398073470004,1.5299180329497202,137.90797914174044,0.01632582550133682,-44.95784635994304,8.767645367676161,-0.010580054173680908,4.295644757583243,33.946096348429094,-38.67916522620458,-9.901419643042345,5.892211713336594,-34.12246925035382,-0.4645054989330328
8.931939256290566,29.1147733771377,-20.720938715843104,0.12818265812440566,-0.31946945916463887,-2.154225142282878,-0.549181697336157,-1.3756400486874127,21.835122559434396,0.5752049681405405,-10.422986808443055,5.059084991704323,0.1776947091200365,5.273853773485351,10.13406564094828,-15.757563596554398,0.6466966333422117,-0.5386772182092134,-5.524439937088111,-0.8928817219229607
14.230838965568186,-7.215977155128243,21.801403826128134,1.4297949548508677,0.6192136961986098,-1.4303538281632386,0.1396568445574291,1.832431911514867,-89.74763944831467,0.9752483868027795,28.465254219240354,-3.103657467432152,-0.9957511382283812,2.345000964110663,-9.762672132782496,14.521281099770682,4.798571599597445,-3.1188215680608304,13.69316394562961,1.5267410328043896
-60.61298087988951,-8.679994922440736,-86.47730558380685,-4.283774045932358,-0.9948830200407549,-0.22387754049419867,0.7811478013023679,3.2531724170420397,311.4004234034419,-2.556430277355725,-94.14680917179834,9.809948154659805,0.19878384687166337,-2.822684765572184,67.55712177975028,-68.51604194684722,-27.829148430238902,13.377241549860369,-79.1554366800866,-1.8475852737272673
-14.40901757283355,1.644379848058413,-39.14101853969601,0.04786140027293373,1.040006818284993,-4.537784754321098,-0.8652061260518527,6.017040791512554,93.55727135266723,-0.45291171241231143,-28.86295638543476,6.597191441214919,-1.8407432812515239,5.076343577375184,40.18871679142244,-32.96779686464841,-11.29664683894833,6.070267787585718,-38.23553500925404,0.19038911581383222
8.851445835452372,-6.301843736009588,-48.03041205216156,1.3466684644964495,1.2784436994024515,-15.833410541241975,-0.8855468224138469,10.32361690517183,-5.341885322609172,3.012108408974564,6.7267452731776585,7.9526177241004685,-6.451752731117887,19.786817612344265,62.97319629123307,-45.50668476275049,-12.060189259858488,1.9347072386078996,-53.758705692757566,0.871456935720748
51.28116500493144,-81.44145111210624,52.54706407373963,5.045794078928456,2.220238407031362,-19.670883316058536,0.27518197033626274,14.018896467573526,-375.2437295904053,7.477076408070066,137.11218310077754,-9.170055434283272,-9.367583174193559,20.90323423332866,18.152271649383547,25.082644153533973,5.28083895228678,-10.741607895467526,-6.776626138757752,4.140571591048166
-13.174025349221562,13.46814746556312,-22.728082745118197,-0.7326152808440481,-0.39467652641658585,1.3990700622137973,-1.189066567003003,0.1710259462228571,82.33117212487096,-2.393490907675748,-25.8399592973741,4.830075144840958,0.30535368928054873,-2.4669132955386264,13.923287335998635,-14.943237065557302,-2.994852436967327,2.898637826454555,-14.440170269417335,-0.748703463253656
87.66284728163771,-6.111058095206864,192.09817339102315,5.497502758103946,0.796238352025289,11.509983627163221,-1.000519941286192,-10.639341761158205,-539.4890001097251,1.9336598761278223,165.8841772530519,-24.695255258726938,2.8478386001386644,-12.473980547105796,-157.04825636724223,153.38682532942502,52.862556103796756,-25.137282429736818,164.7721277937469,3.1163680007651147
