X1,X2,X3,X4,X5,X6,X7,X8,X9,X10,X11,X12,X13,X14,X15,X16,X17,X18,X19,X20
-20.849396459556072,24.930487458372404,-23.815673892988038,1.223011773006126,18.340889770107673,1.7295481490545916,-1.0699212748193236,1.7583700626489287,-79.53608645469124,2.739688832688785,-14.588109506805054,-2.037060118527676,-15.175684967533979,-13.490166672669506,-19.592733248348562,-20.281196463063722,-0.7660307776758319,-65.44206914668352,7.542226437494045,4.182374193347121
-19.858716759783555,34.17164525208842,7.3580841621908055,0.2893152989214639,-8.169382959985365,1.687804032556786,-2.6202410643440075,0.8915445331410977,-48.18124197872283,-2.1202397252945993,-18.220845417152567,9.418998323992703,11.713765104487427,-19.99979019272516,-20.47531461673852,-36.88018827635343,0.1545451833680087,-32.98809185572544,6.924051922146636,3.1787492438293095
-3.5047566979614664,-3.6476547287109797,-37.33752439714881,0.5380628210979209,45.65349215626583,-0.3194385525711849,2.572613667550014,0.236736688806147,-62.889919147792426,2.5189863598947264,0.480177505672439,-10.92222507685281,-28.5133968965601,0.7276931938975697,-3.7965453189254905,-11.380583069994172,-0.017617578409449275,-69.90131123700323,2.5692663892921663,1.2050157328709505
24.106268295094043,-28.158091725607434,21.737506348846555,-1.1571441738926351,-10.28167007250419,-1.5790415321865747,1.3053737529231608,-1.4827579661026535,99.48536417833319,-3.8597201663426555,11.524324247978116,-5.546741877834963,8.205330656201003,13.519243157641808,20.90688044986222,26.694517728345737,0.9391760751686802,44.8253880468909,-9.17744981786366,-6.195048585736711
0.8157280473709183,-35.98973887359113,-60.55610424828358,0.07010866836504391,53.61069030182659,-1.1441335334906482,2.7407438759979303,-1.405199869666376,-22.28027064193331,3.213064501746804,15.841685752794719,-28.12069336924385,-53.171635445341366,19.35492503806171,14.480341183488587,39.94501610913407,-2.4080772896747966,-74.35117955079161,-7.817654295257492,-1.0898798635567921
-3.044696936163817,-7.528275751899734,-8.657867156565562,-0.939311015342843,1.1603783585058092,-0.503183217973997,-0.9990759544474654,-1.9188927977258767,-11.098450016355036,1.0911811615612523,7.952724440769186,1.2511891835305948,-0.8826207724411128,6.267846368784442,5.779233626832717,9.901688493649829,-2.9172403678108116,1.8585975417371596,-4.194481205317861,-0.33547844300953455
-0.07718727463556094,11.860884891996927,20.54731024032166,-0.12659433448410048,-18.13784280998845,0.5478217465330459,-1.6477388991819786,1.5141205408116927,8.207812594472852,-0.2507592462803734,-5.550205649549362,9.524749290097882,14.957832024819055,-6.6960184045024285,-6.504461214749595,-13.268101293902845,1.5622694152850412,24.77410807910275,3.1946702225027916,0.43614996215593627
-9.20811196025657,27.511221665870863,-5.800106407484746,0.5581325805257944,15.661515001216783,1.213873886532748,-0.7469903226778052,1.9129845430596824,-77.14174990842585,2.5475921978333695,-13.126219615192683,7.481011793412831,-2.9273836319273423,-14.466919414715,-20.593067609841924,-42.57065830490544,1.5640226438273703,-30.461212989284405,11.502850140092852,3.410398082259891
-30.051612103696158,64.95160519191572,3.131615233083244,2.2277877847833727,9.922430746383911,3.4156504821797338,-0.9853996176566706,2.1184353757514653,-122.04783044147354,-2.0940871855806193,-36.49693165970305,16.868618072030667,16.106457553101247,-39.4142618067142,-40.54128550312018,-89.87595892244046,2.718107481290989,-78.70205990017043,17.753781927424505,6.660140638355486
-38.05534321431572,47.73265559070375,-41.75295392188454,1.2989287900128745,41.01244739615315,3.397756940056226,-3.3279222902545222,1.9129626008930771,-175.2748859584887,1.796267123664125,-22.70023220586529,4.385292142068396,-21.986780163141457,-26.315466459318543,-35.85383820043499,-63.91203792426157,-1.5708070775492047,-124.25530331794852,12.416736594726158,7.49739171931292
-1.314005729767185,-6.050478517340688,-25.836839257367362,-0.04510595603627267,29.886753161569505,-0.31518190044305533,1.7221506457654707,-0.2876008086452648,-42.51698964431214,1.3704588049006066,3.662412015141433,-5.639397483114219,-18.010830796736442,3.5265401756644126,0.4452074517926452,-6.783118061893005,-0.5103293739805518,-36.88526106916597,0.6097638056067285,0.21994521696255742
-21.50018880801828,10.080267957153966,-40.935554650023334,0.9831974849300139,36.40380152514628,0.2930645460548935,0.5884270941084095,-1.3748476224551822,-82.29124559586451,1.215067055121032,-7.159832986881999,-9.413921878181279,-22.741005208876377,-6.9488105606640005,-9.87807806288536,-16.070051257935017,-2.626579041164536,-95.58430606739378,1.6248463356520926,3.5811726174693272
19.430832013970168,-22.59811036367997,35.20088512578595,-0.5403561249713018,-37.33316399267116,-1.812037697596401,1.1010023303918337,-1.2584395171028488,114.28265227715863,-4.317787698803372,9.986680120871537,1.9839548148840684,23.637219608415883,13.193157343847778,20.829792057901873,32.358625813741554,1.2172045040669066,82.05272724628989,-8.441834641715255,-5.031480035259044
8.958761708933949,-12.71632367106325,-4.374325750644099,0.44818002261362266,9.873264372313551,-0.13180118340233116,0.7937822871463904,0.0332262906484774,18.136930384316056,1.2368886886160588,4.423452792081304,-5.941066183920075,-6.934297276198257,6.244413820599371,7.678717211689676,13.38388393066538,0.3791528876437815,-0.4658683702614803,-2.735671199797944,-1.0812859949891283
11.62834056857513,-15.580739610664562,10.661596465170007,-1.2173540662620952,-12.028120286658131,-0.2635420990285462,-0.19769419522219778,-1.0452276549923156,43.59456879685053,-1.68922924175228,10.472392708343959,0.43451224179623105,7.035408452982261,9.460165993250211,13.482601936559231,22.883066496239326,-0.6082156104217007,40.1731816735849,-5.949179985317065,-1.9784817096070872
-28.192809588248526,36.968489175447445,-40.031051816221385,1.2195195904498521,45.38521406597774,2.4131968724714055,-0.4872459569500809,1.3985155838061654,-146.63355364749745,1.6285350961686544,-19.47741192765136,-0.7690069468030027,-23.386499871799938,-22.000125432832053,-29.967881268723733,-56.86965169371213,0.2067410297626201,-114.4431635442676,12.019829151788294,6.129094607040634
5.062061824298554,-14.846220813712192,-11.50670721415189,-0.05959028205212308,10.596379452423513,-0.27562683931524873,1.233997081282031,-0.13570260360751804,16.485433208910646,1.309768637596369,6.032123366161461,-10.00750277224556,-14.169313177016141,7.22931817378176,7.8646997686584035,20.954002438015923,0.08438723742037965,-7.554028911117149,-2.769968741109071,-0.4454180301607411
41.943607558030266,-80.84636306811092,13.816706541937503,-2.178652252700641,-28.144718932192877,-5.021495777686013,4.982799137610257,-5.039742375066206,184.93878370536436,1.0623950525974115,43.369305256050744,-15.060290373388476,4.760934335014168,47.356918326879985,56.96436437191442,107.8536048370293,-3.4346932914189905,130.1516347512489,-22.489200639757193,-9.407297156110136
11.891168642619247,-9.993648804374413,16.397915938671115,0.32317568384857126,-11.90413916130292,-1.5171681347917945,3.8077936152479106,-1.4755294843352726,56.01423674841372,-1.5527506970931513,1.5421321078285255,-0.17872982361353884,13.468055215000849,4.674707536082195,8.075434582126821,9.201974132498279,1.280763179212215,36.86044763974299,-1.3034624352716353,-2.3988471183452478
-3.3082490870955743,13.21804528490583,-4.829827918291392,1.0166617192672496,9.956371965979567,-0.08848557358316511,1.5441119596916224,0.941598387162687,-37.02999452103527,0.8428194975730899,-7.679725709631254,1.9792247166867039,-2.364243555341104,-6.478865913268249,-10.749585194427723,-22.31674209212939,1.9817595717530834,-15.975827209226084,6.55242398235539,1.7677087510466218
7.01120228892575,-9.92953882654707,9.758192006515154,-0.2778197571499732,-2.745743225768492,-1.8652451064249358,1.5556765407425162,-1.9620044886958303,44.9357035096802,-4.37193821440129,2.668291787250649,-2.940778496183693,8.668506566683384,3.9148527951171364,9.065594607756402,2.5216965471865973,0.24337215416900526,5.282125495928749,-4.864724862360969,-3.1798292826512333
29.348975199455584,-42.678302974999646,3.169104709191681,-0.6176962468025399,2.139011920940245,-2.159690581805382,2.551249443060858,-0.8039626976168188,90.47491550743581,0.6352833532610769,21.20313325071491,-12.510012106428865,-9.348096039811699,25.255635902322418,26.585816499314348,50.274288898948,0.9876313124278575,54.45177407164935,-8.913099857190554,-5.0997830787665706
-11.524547588353085,0.2400462910862955,-44.908378061768104,0.33725809629993225,43.479671426903984,0.7350565620671162,0.3413883531935096,1.1185336511336053,-90.79748124642613,5.925682949508343,2.3456754826646016,-8.440778508553034,-33.70746318315337,-0.8482845230830907,-7.803100658535119,-8.634988676065925,-1.9885388408411957,-72.47474098417001,3.5820108150418966,3.2436680418114916
-15.660399175126413,22.06889446761561,-16.648174652427727,-0.1727732535071916,17.094736338262024,1.0513740229593753,-1.5889622015021085,1.906002003982717,-79.97575424657873,1.930959639625007,-10.171538452436716,2.7479393887261008,-12.44981210472834,-11.817449837481233,-18.56082030357275,-29.685000840282786,0.5871877288107384,-47.80222755959191,7.4148042309564515,3.556856678407982
-6.612822148003293,19.57375933902798,8.127817731876256,0.05347017764388092,2.770713923175948,0.6185271064245633,-0.8032378960721213,-0.0734572407666213,-30.890862388173122,-3.0890595562513585,-9.943201484851427,8.104338741758376,11.24654416405856,-11.629790555810427,-10.847946609522603,-38.0921030950315,0.8784735235249034,-22.32857532931472,3.0836009652801493,0.6823483638017809
17.067123898081732,-30.119530683982635,-1.3624608711444826,-0.5408308986246574,2.1050186640114763,-2.0896119464508534,3.211608828677983,-1.686738793792387,49.806398348324464,0.7307017405057767,16.806697495607835,-5.653397070475704,-1.4094290198198869,18.197951830375377,19.393754911024256,30.440454816146882,-0.6505564888684632,35.71728904361176,-6.698431938885851,-3.805434509301253
10.938054833115148,-13.73016681170445,6.276483244072031,0.3446450132631884,1.504979117913309,-1.390633851408293,3.3658411328753983,-0.9713997625033769,37.151824071085805,-2.0077642249606202,4.740004492866585,-2.697568894854065,4.60301216634233,5.5273419077153445,8.891525787650627,3.289560258493854,1.966533657576083,13.124609213228187,-2.211128156968084,-2.234120834153881
-21.341013125044633,61.64754491472849,7.157384106987189,1.6424374154852934,13.531328758579349,2.7283205378533872,-0.1947287673763498,3.8236643068171836,-122.01703032829487,-0.9620256536990055,-32.675320580670345,18.808698464913324,13.50696270913534,-35.9590909106843,-41.5654784029503,-96.87054177460479,5.02362919305015,-60.13579412688525,20.2692502407547,5.761194434021025
-4.300173753100468,21.004803796207625,12.532663379318267,0.5377191841753666,-2.6419117261193095,0.9831728742258499,-0.4022161415020822,1.442220697303605,-20.382561606616235,-1.0400660155545722,-13.428413275817588,7.699439076463676,12.070857904889994,-13.078406471224252,-12.424216512370778,-32.72953065402734,2.0514771847429625,-9.981753451543288,6.0400885652118514,1.5756355333905883
-2.2463755509687524,-0.9300420432550837,9.323343056767154,-0.11594761815550578,-19.55371083043181,-0.225387141089859,-2.1940720891536785,-0.33541229523838223,25.135434170642355,0.23002644893033758,0.5756729648172976,1.3945738210216638,6.528548518478495,1.133858816067044,2.5494720501261248,14.075420530039814,-1.75409766829258,19.433308534505073,-2.7715974745488947,-0.17393194903837472
56.542866918167256,-108.66604973812564,-3.0822520924739933,-1.8693276437495125,-8.235858214391294,-6.477574358353459,7.7315653130574145,-4.166748960084633,210.55801308851082,1.90251595164261,56.994432945971646,-28.27129280488926,-19.032008666988208,64.0742971418997,69.18631777367148,135.8071743394245,-1.5624778254531815,130.45566064627292,-26.95428741182757,-12.248721216244896
46.02180980287002,-84.76911345624065,25.13313028783132,-1.8374150682451527,-38.35800916112961,-4.667781303050981,3.862534237680085,-4.389260135654797,217.6585369912924,-1.530719446971492,44.5701956579856,-14.399188855541036,9.7703123094678,49.427686114854424,60.41243980723081,114.07504527745016,-1.9591710664306121,145.3828213048193,-25.03012354877099,-10.87599899180545
18.93320742737485,-36.72996290806806,8.779240203775458,-1.214079147677325,-18.375559061383953,-0.6101084315390279,-1.2417011064590495,-1.2510017618852989,86.61407126254407,0.611244851088878,20.777823044556268,-5.4443740726408585,0.7576184844189824,22.251377466127806,26.29611773896045,56.911767505056716,-2.1000345946869925,65.27324203796275,-11.65722364034058,-3.401199608437596
8.484535914153994,-6.383481874852013,23.078694690986637,-1.2780645724063173,-18.873167906790602,-1.2209929751385096,-0.037850831355324244,-1.6011869181780867,51.00676165115471,-2.904122738019433,3.6924000999886073,4.6299877586454965,18.054359307088173,3.2109998034977822,8.240124641165764,2.6608364807109623,-0.02523072426814732,37.276470600031864,-3.928938417363994,-2.8093701663045456
-16.95643347462636,22.439087162837602,-37.111847496701735,0.9605420061593336,46.243311500443504,1.0269802419624467,0.5682445669269112,2.1570398295673976,-115.88237269061865,2.4065129805543455,-12.203433079839852,-2.93382489840996,-25.624528867527843,-13.64136148778896,-22.579876068190732,-46.74519930114051,0.044729720128724226,-91.52517502790332,9.979600093497876,3.979077475355412
-0.454607911280702,12.205706271526765,7.75752486774305,0.16420633402912133,-2.485001613528667,1.8014719048747416,-2.052714173618996,1.945136874531977,-7.232029495822026,-1.1490741056340679,-8.059904887784104,3.073514702198289,2.6211183987641484,-6.8498538040110715,-7.409930842609977,-12.423985993470541,1.5265652427629932,-5.072277557595902,3.222241256001067,0.7601961298439215
-2.4578861143295296,12.722135375556544,16.919568868862374,0.5067927052853334,-12.557650242385797,0.1745173633459991,0.07268094359290356,-0.7877848928983342,7.920462290895303,-1.529497268189477,-8.472228655080293,7.009742470678645,18.275912345527818,-9.107157085112828,-5.406018604290852,-16.6051838902349,0.4381987598099544,8.223138799810933,2.9305092429432786,0.9317109255096451
-8.105255847724774,23.656195932903078,4.274067163117243,0.8889410325254153,4.54649018263178,0.7696366951808916,-0.5400356884532931,1.743549501754062,-53.88576772859404,-0.6478142326768112,-10.71068863683336,10.686108850384727,6.883400640967165,-13.332053649763745,-16.037853989685384,-42.45226922547451,2.3159139697713145,-18.94941541125318,7.161802282809823,2.247618605454054
-6.3148010956092655,13.701100230251772,-8.581483874559282,0.7855010610139179,9.339047700110537,0.751571699298078,0.7536610996540551,1.3659652681541017,-37.40661180433781,2.7684986276166628,-7.935675212377757,-0.2929480703030234,-7.2009997157079555,-7.737769086937805,-11.512400148799268,-15.018274624490367,0.517409359531557,-21.06629713451078,6.629319399795348,2.3715802275117333
-10.419618039971496,30.76789154461364,4.404206514726305,0.5444831614254076,7.065499051347693,1.081758188705394,-1.5459509957363586,2.4783383916602117,-63.449223742409465,-1.5079657344110176,-14.613355975737264,10.521830170766602,4.5132153091061635,-16.97638526962005,-21.59438648527602,-51.87518388213994,2.7772418144880464,-30.655855529721016,9.396290466368034,2.800363714654883
-5.132367184579747,14.006531525420465,6.729780345700443,0.0022288139452872517,-4.5814559940553155,1.0583734700041831,-1.533893379816337,0.3732132341636407,-21.05345415298868,-1.2145465107526117,-5.563125268278865,7.91411763599285,7.880049930645687,-7.508788257989754,-7.76598289535665,-20.048477608240034,0.17409980102483902,-1.7375893858432432,2.9156675354302037,0.9550467164374753
-7.288356408844114,15.217757455384877,-0.33206745337457,0.7707959359050472,1.659635021230485,0.9634920103710845,-0.07165452943349551,-0.13394334458283197,-27.65243304055769,1.9728664157514313,-9.424501395587958,2.8746772007002295,2.8659014226301402,-9.682161032354486,-10.109168389591634,-15.280299546026095,-0.4102252735283962,-17.07000710300092,5.166689152153016,2.0239281730202467
-5.44808891609914,22.470602866876323,15.6153792739887,0.43865508308350576,-8.703338213187184,0.9380372969625954,-1.5588632725280605,0.9788648150208963,-13.321191160588425,-2.574174750528066,-13.331989110359727,7.546057986448628,13.454124947250127,-13.148744480261335,-12.143705587107922,-27.89228655002613,1.534235994318603,-8.126164602104751,4.5645247638976025,0.9484576003743865
10.99568930441124,-19.637440835971738,-2.6191224079044844,0.024767805076819208,6.524475609548812,-1.940846036276463,1.6575340775978271,-1.2802137659651176,39.80819012753318,-0.562327188796607,8.205859926469993,-7.957951724566734,-3.5798391910192864,10.995564784920314,12.44000252588442,17.248447216683985,-0.12534615650445807,9.644720406689043,-5.224094615396981,-2.41626203155315
14.33929559046887,-45.867061429628016,-30.188849589228195,-1.0230217160396797,18.741905594260768,-1.9289260403443766,1.9775308054954333,-1.6237299748661373,32.96926734213142,3.712388276323995,26.39965705992173,-17.508195926581504,-28.314802452963367,28.16356254848178,26.956255047664396,62.36858858522744,-2.944016494535362,13.563208009316579,-11.692703465770677,-2.267112628945346
-13.876405366977876,22.791454574987483,-6.26175769026387,0.9316658091081829,12.562120585811634,0.6563334147396714,-0.8111728877264883,0.6566026070499394,-59.25392564385288,-1.1228462633658098,-11.887914062471625,5.0657157789754255,2.1120534974151686,-14.041225930231215,-15.340199540048085,-39.3511784704626,0.17771942291504156,-46.89246545397136,5.508496534473914,2.4046048310710852
-25.752109827751468,41.65216645991409,-12.748744523911329,-0.11978181238873867,17.98214593902041,2.226032696454342,-3.640580892522034,2.3042026291575852,-120.87773211005805,-0.04951224480226807,-18.228663345444392,11.218104107362201,-3.194404851382618,-23.016671988269415,-29.70051699251158,-61.423494668835716,0.3511672377838525,-72.47615497613462,10.260840072398109,4.725657961107679
2.6740183136533524,10.122379916520726,7.712245642862835,0.10573694587141028,5.836989817959386,-0.47850676401741343,2.0585563942234035,-0.18155530717758833,-18.0820491313485,0.3790478408218084,-5.830981678327122,5.933707372714706,9.829003458577127,-7.004828979985745,-6.094014044844165,-28.620209287842886,1.4718337674757374,1.7168624753883208,5.371149565822219,0.5742305903184171
-19.04846963928599,28.182224159261807,-8.775945106617725,0.8468327211119654,4.251745080711864,1.6273284308437919,-1.6164480381242732,0.739861234045714,-68.5607041824202,2.6935320838194317,-14.175562227118315,5.43878422995142,-1.5694369057009534,-16.29257174823438,-18.535228950492325,-27.460465097903477,-1.2247227492406063,-37.22869120632697,7.942931016079555,4.42672168302906
-27.58287632165206,40.354950899568585,-15.960025699675612,0.6878777935575804,14.579868143141047,3.191997624772889,-3.545805085543551,1.6839712428942013,-110.70047969601048,-1.6211777886886656,-19.423128765490826,7.359321616712883,-6.200977736499063,-22.201391429025897,-27.44466993692891,-48.93553121625801,-0.15110187451512774,-75.60375156839702,8.299112951983549,5.060282276857748
-18.909580405176403,18.0214060829104,-36.514970488875186,1.1607670863098738,36.98738191781489,0.6713719901803579,0.12995970912676869,0.8028905979623877,-105.02201246705737,1.8739037019926734,-8.294595239395681,-2.6538827281090085,-22.273518805784423,-9.871156146871527,-17.197361857597855,-34.05168125087673,-0.7962261085925451,-84.67937137112935,6.093731365404572,3.4224056231728346
-1.1238822668407256,0.4398101125479104,6.379690018349669,0.056452379882367926,-8.642886285386469,-0.3913166542569919,-0.23938542586570954,-0.24189814850882901,14.447754623499474,-2.0873054349348665,-0.2068472750138517,1.9198405790499908,5.780119305016589,-0.8797919410372156,1.499413109298847,1.798586227647932,0.099339496634742,8.036278644952663,-1.8566359381108604,-0.6591306965721065
0.5063749093906775,-3.474436022551987,-17.25439425664836,0.4735125392121464,19.79711148524352,0.13521713371358857,0.7490639754066037,0.24629274754088273,-26.982760467461663,2.5835708753062527,2.503999825358783,-4.8922531184020315,-13.586986650338481,2.895065669930311,-0.38417459179590596,-0.8570787347774232,-0.6145729724181549,-20.310730546335957,0.7371662316919911,0.9685429233903627
-55.87688867375349,76.88534416227662,-51.41186675514198,2.5010319358566004,53.71320488565128,5.210896260724629,-2.049707569480572,3.291967710360281,-239.21050702900106,2.053938794901865,-40.929720959797464,6.655217004464329,-24.902710618862166,-46.39699404947457,-58.182951847105244,-103.17222736259255,0.39512041922688956,-184.5114055160458,23.013975246752118,11.391418631461377
-5.616939234213113,7.78199796073401,-4.785895985523676,0.3887089510767646,2.5987045548522203,1.3936715067391283,-0.8045321260321879,0.48178138316589547,-29.363292642085206,1.1562172909421307,-3.08728142049653,2.849875182953637,-1.4507541033072608,-5.136608902139672,-5.456140145801849,-8.498456796523056,-0.27274463567010465,-10.834197696419407,2.3975361895707525,2.1604786311131274
14.947361241852228,-26.522712204639767,5.350767683432551,-0.3551661178599945,-8.396037865327665,-1.703092749890192,1.685491821298972,-1.7552088658482279,63.367455696615856,0.18078439067397833,13.891617051668032,-5.423834506422432,1.6376572776971545,15.613117906259856,18.914705490405044,34.362564002772025,-0.501881642567161,42.36722323731786,-7.235360665719458,-3.2507693643598827
-19.53302239580622,3.6515735185282305,-36.68167899625071,-0.2612656252522284,17.56666373039244,1.4064363671184699,-2.405165132832946,0.31705920085553874,-66.24718454657078,3.1237735366418447,0.6220171995153507,-6.903752326125193,-27.741699996184884,0.08314343207575103,-6.594997403699687,12.17877410445342,-3.4124219422047934,-54.010483353228274,-0.026037036894005383,3.1165335539206795
-34.58262989912984,64.18433158871112,-16.93955300696891,1.321610447117827,24.63715711452235,3.807428150204002,-4.024979134071601,3.7211353164542778,-167.7117510943274,1.2636283067333924,-31.774608971126277,13.223596275095458,-6.625751365125147,-36.40759387535761,-45.80056691876151,-83.8501133050776,2.0512871797847727,-99.26686630342499,18.862574881923695,8.426909073273523
-33.85636435760086,60.14364049051761,-20.55519865337009,1.7515845636690013,31.875215165468273,4.063042204795204,-2.008962711083268,1.9453194958661446,-160.80815630596905,1.9415968000730872,-32.9052265469118,10.256465977162943,-5.23746220722611,-35.95603555814727,-41.68215008958295,-83.33718553017383,0.9900140601646279,-109.78830478252584,18.11176895125603,8.115772764954839
7.2144316299727835,-30.18085837551642,-5.324893538164488,-0.604594474582808,-9.906079020660345,-0.8443027853330272,-0.9871940913154127,-2.4160589528752965,57.78397401680132,0.041007474982525105,16.436677329219446,-8.763737840572038,-6.594392102751348,17.860777958789367,21.78984655593377,51.25690015726841,-3.26307491189692,24.900266055024982,-12.109066008701447,-2.388924148544593
-32.45082596372873,80.86137067988466,13.766685967486197,1.6519937512645857,9.349433184854432,4.129401511901923,-3.262537374157336,4.03172041902627,-152.46647100773723,-2.3034343669936277,-42.15059178615901,25.390206115811605,21.592798367647422,-49.143828076900874,-51.49581788937723,-118.97456998579608,4.622359689517624,-84.0026911572443,22.7553691818058,7.630835275771321
-27.97820789775383,23.39262845011588,-43.21693805700794,1.3158644373904533,33.83558738200404,2.456737713532064,-1.9911418112596702,1.179471165844687,-118.87066757277725,4.383590055600088,-11.917461779630013,-5.5334301835901165,-29.427195071953943,-13.541007118158403,-20.82435203117892,-21.15577004073279,-1.6805238584878293,-97.17224298516145,6.991731419412449,6.414159077244378
0.7826746946109902,8.463010511357991,2.4978975504644874,-0.05314370067949638,5.359201738004381,-0.3699228643607229,1.009371030092363,0.7353252735859934,-17.125965132310718,-2.4266674920872306,-3.4681680174010894,3.028493318753271,2.642322601705808,-3.649288003536926,-6.531025971876325,-20.56446913255005,2.39325095220119,-6.757764892123697,2.8520404215772848,-0.2821678330152295
-45.291312462996025,79.81779469545322,-24.594003577846426,2.1552871193283325,38.22741808821594,4.363398860480828,-2.0382972114927944,3.476726874116471,-211.88334153849334,0.052445982446618966,-41.12772895477376,16.36253920501303,-5.698323681714421,-46.6432355596574,-56.93175982417601,-116.83709041246019,2.7040098078533386,-139.6358785255908,23.926718225374028,9.52293066588729
0.28147827171754203,-16.076777561989832,-5.009852116127664,-0.3413528393184128,-6.589392632212807,-0.6970853478041448,-0.060620095113138595,-2.4168438488722925,27.349208420372012,-1.7170518946060156,9.231663582919841,-3.4211300881110653,0.23925369595316492,10.67452094527807,12.525002574119885,27.164838130761446,-2.740819886751246,9.790518729125726,-8.291171452027244,-2.026286448742283
-6.992256940606116,-5.969671094736672,-25.458624342628863,0.23938769178992397,15.158613888969889,0.5811552420422169,0.14950095284110776,-0.27091769439259045,-38.71616008263297,4.629477336365002,4.569065817626371,-4.555495781810943,-15.502677630119718,4.167571682205522,1.261840022615745,13.333366798082954,-2.5308381046113286,-24.61878894277018,-0.472542001168904,2.3365678262168816
25.370552739369725,-44.58038567486547,15.446154158999045,-1.7965027683375883,-18.302690954947295,-2.5664761099146847,2.1260308135719606,-3.034732047580903,115.54914944619557,-3.681674551071163,24.641581648110726,-5.6980826479419875,7.703696150451251,27.312514230839852,32.414887470572765,52.305280187323554,-0.5995205537177617,73.45363594642856,-14.869431737229453,-7.271219540053312
3.004402897249436,-30.379608054599956,-37.930922556924386,-0.7164630723096392,27.546078083662763,-0.3462891325290859,-0.17198735590092862,-1.3727046553279014,-2.02757508003483,1.6825159688169553,16.708489928508275,-17.51863996003145,-34.037950953510524,19.062089845939465,14.998336967306305,43.71199593248199,-3.3575119836637444,-31.22409751376903,-9.725402693634345,-1.480944461267275
0.7948504596864399,-14.518869661065475,-18.96028728408736,-0.8056858768028259,12.030624513162278,0.3503226800506942,-0.18034961547088857,0.10749531175968008,-2.9876545602941498,2.211665739594886,8.38566318029774,-8.425351423517135,-19.36781187496194,9.042937053389302,5.895727020268183,23.110801098730658,-1.3545136668637472,-11.178035157849644,-3.157147906221479,-0.4512613909884272
-26.738495674505607,48.64652637708854,-3.2484790695168884,1.237304239278267,8.910800321893547,1.8026409659650322,-1.3576801342695894,0.9931775508020981,-122.47846839987207,-0.4277407297990583,-20.937122352015063,17.98304736675578,11.835348770986267,-26.429824384924654,-31.03544198242674,-73.33152659985286,0.27985416557475906,-52.395949352674315,12.575162606460484,5.398166243273082
-8.035023043136977,12.940188155750949,-15.759421900375532,1.097300897016733,14.929016195754926,1.3711615349998263,0.5385853301505157,1.2179419608843618,-69.11499460855138,3.532548703168323,-3.4048384991910203,4.840776760948853,-6.896436574251513,-5.56566087881226,-11.798523924532445,-20.913441998666542,-0.09383153220392293,-21.017978149639546,6.7239297008498236,2.8156402429033536
20.85004061988988,-58.11693246992801,-9.558266374065113,-1.996069245178368,-7.168256092807779,-3.258510974748386,0.5295638918242098,-2.9712830806735737,93.44056549790788,-0.1799750818503727,35.36701404809635,-13.332585919261534,-12.102624517421901,35.87199679601938,37.202942161686906,78.16091010148436,-3.9377303214410473,60.36984382986826,-18.264552956823955,-5.701466545067321
-14.95062427582993,17.126875466955294,-13.033573519041413,0.37905295753369317,14.951327489571895,0.3359186280629589,-0.944247582953533,0.4565321977184629,-50.64093007385883,-0.3501097477679033,-10.565608494119289,-1.7316716536739394,-8.786456148275736,-11.326751885132254,-13.924941745181084,-24.832868234684817,0.169371005848865,-55.818373390821264,4.407054047515843,2.396819033747989
29.40114757730829,-56.100685961243435,10.138043954340741,-0.9586050766215567,-14.724847924007406,-4.106575921644722,4.580831370043371,-3.703646307673635,139.42306868175908,-1.8316781322036062,27.458551214089667,-13.770977240358299,3.217535681241403,30.583165437819304,38.3677517609925,67.36135298110706,-1.0771788162900886,72.01485539566971,-15.79707099459237,-7.078571592393515
-19.34259425468873,24.93514364541944,-16.646282273421303,0.48169124835162774,17.471091737958627,0.7310986508798315,0.4615124306487043,0.28910583779244264,-87.26001919687339,-0.5604912050185276,-11.387907992132492,5.672029879295618,-5.023072789428972,-14.349344186215731,-19.01575863349379,-41.651961596190205,1.0416464301815382,-59.73813786582311,7.645967244789412,2.8960236050620143
6.81814469550377,-18.0265648108855,-4.5744681355027526,-0.7016472038937588,-5.041602193848865,-0.4279315199898772,-0.8632002506727595,-1.026803533316169,18.403354973432243,1.4772535267608276,13.744895601949557,-0.7876503426824275,-2.925850431466939,14.373863386738497,12.31039240912364,29.075370662700134,-1.7847526179911162,33.443157305022496,-5.9031516382160545,-1.355547332909559
-30.117465618003074,33.07810165264998,-33.96418878633333,0.7593966620831719,26.825164314538,2.452904875341135,-2.2919263273647568,2.1198247325911326,-117.65334496896027,1.8498675706285634,-16.85336308925306,-1.383465879272511,-23.58329920951495,-17.900134259012695,-27.02633281484021,-36.74197728574255,-0.5570058005454575,-95.47872266236544,9.079946707968933,5.532334846324269
23.940614326727708,-45.66845953451513,7.75167608026549,-0.5625633720786366,-18.665875063668057,-1.9813035897442863,2.951922139215971,-2.90705801758126,103.71610633562102,1.9471337748393642,24.583796180115566,-7.935192304240574,3.573330997539869,27.424916278634758,31.53774841082721,66.71417847812097,-1.449607721099389,80.6885550066499,-11.51980826938611,-4.508247568408275
19.673556844864667,-35.759193958879024,3.7235562439564203,-0.38602460672335837,-8.148386552337618,-1.853881554251969,2.73446733576724,-1.7848132984173248,82.8589619281592,-0.05932545936311845,17.78652810415773,-8.896340675313594,-2.1016554733967183,21.07430866602632,23.441598024950796,45.924608930165554,-0.1239030308497937,51.28762925237958,-8.934165478681377,-4.151165513259712
3.606705508869993,1.4310842182642332,3.894469821116285,0.3441876309243631,-3.491293399972178,0.790949449574639,0.13607968480520483,0.19559178042783537,-2.7759049876846285,1.1829737119238735,0.6661037728872466,3.8834376141998836,4.956172356708818,1.3637444582747358,1.3781407369160417,0.5829721689062476,-0.2876292207656844,20.643994406179043,0.5111237453394398,0.41152133240183586
-16.42248751562317,20.25519440152894,-17.55202723722785,0.44211913541446857,16.193081698751296,1.9752846721532054,-1.5756605743149978,0.522729653582201,-67.33057581286603,0.6825331251242188,-11.086061517290291,-0.2794772490591457,-10.297700893886487,-12.178091742923915,-14.578301391083578,-24.378214429292576,-0.5935204269540221,-57.46035828855609,4.658246040995057,3.083498160892361
-2.8962522446155368,-2.4280150520665744,-18.21898802593912,-0.3311491950789012,11.788467630114557,1.2602498074544526,-0.12154218419491292,0.32738317270578543,-35.70143624264535,4.379297000089172,3.22940966202843,-0.9479299014468845,-11.181795211875937,2.9537924348384643,-0.554134932178691,7.083650688794662,-2.2261172264428697,-7.735357494606937,1.8288322048551333,1.903581334643072
-9.167003418914122,11.5822678137351,-12.481304328598029,0.5426791198115315,13.83443918702327,0.9849990633500428,-0.0779737716181082,0.3269122971225343,-35.15826939289473,0.4930398839789176,-9.30502382834449,-3.736260992535227,-7.605062497218877,-8.263492834059965,-8.75542238934529,-12.366005592584656,-0.5059026333365344,-43.73205168123582,3.6393566940144355,2.0772316304952625
-34.03533808670611,50.6971569874023,-42.75892219774495,1.7974381843638962,54.00073634831234,3.653429549002759,-0.34582999850946017,2.742813247854213,-191.57434949539274,1.5069905990504329,-25.84578051860178,5.864011441303104,-22.117380382966076,-30.236581014555803,-40.171733801736934,-85.70568121359085,1.7214353953414885,-136.57518856960675,16.50317703564134,7.874392147508492
-6.886262131045807,-8.624213230392574,-35.053636744511486,0.42462738569818015,25.8823528729949,0.32212086378244764,0.37062840039096284,0.40424756971948506,-40.30629584288729,3.3482036644763453,5.22182651719425,-11.071534747890198,-27.689473676514364,5.354285470052022,1.0881199369120123,16.151685382641936,-2.6561348388432893,-43.96246940961467,-1.4658340726378278,1.2764743322776064
1.6884913075159642,1.9592763420798756,2.584607452204332,-0.06752668569080227,2.7394687852635564,-0.38193042349195666,-0.2266705116689791,0.625954478541173,-5.715115080543064,-0.6806465646826283,0.6136375709667644,2.067969287626437,1.7385293140123237,-1.216239349115495,-1.2472611214917848,-10.136561275614097,1.2808504321360619,-0.24170838097935138,0.3777508135343055,0.05166844156274808
8.160982051416982,13.327294482368488,28.103707697018315,-0.23664785009353645,-10.412193402264913,-0.9551865241153132,1.6810312638263385,1.2631199504874284,13.533608587158833,-2.10569680503144,-7.5272451025556775,10.887043804533455,22.412124726465237,-8.414293197353913,-6.7764735924048,-34.419481531077395,3.7611233941595494,30.484846669630297,6.168147559455512,-0.7139258273080189
43.472575262804355,-63.37219203666817,30.90078193323627,-1.1161052341890971,-32.64131135133182,-4.144680321467186,4.152744499935788,-2.427791834967331,176.16153488175274,-1.5750596342141447,33.57673712905389,-6.390858549307814,15.535541245941193,36.32850884032328,45.227614292830374,76.76938554705018,0.21481726749319852,132.63717204016655,-16.36336609322999,-8.939306482684298
8.224527277532129,17.82532590690109,30.076282934929885,0.06977697807206797,-14.795036996843141,0.27823458718769334,-0.8090424538742991,2.3215386686288184,10.000385209473263,0.21954274730818213,-9.969789248031763,10.978778882640748,19.77608959223279,-9.694290798224504,-9.725823291329583,-25.367485733247836,3.6866965382062236,35.7413332437301,7.351883436026536,0.11637132782801274
-22.16848041729036,31.807206250618954,-34.70726659451133,1.7854328345848949,40.59921199060422,2.5559591911724424,0.2837175146436062,1.5657683338747865,-133.65949921918815,4.6926604995227335,-16.043446524001002,1.4575292855440678,-19.766544287573165,-18.928308338103594,-26.556708226940785,-49.02736216972384,-0.02630157638028152,-90.33792092419068,12.398236262948267,6.110431445643903
-32.823705251609994,50.88585555406545,-20.145047833458957,1.3202674197266646,23.932870042596647,3.021851314596432,-3.6282998774692277,2.1920632680156253,-133.17934166066817,-1.7136309999582653,-26.40072728644938,6.633824465629835,-8.428582126223288,-28.745146143055415,-35.15332693323876,-67.55774723195658,0.3790824281887806,-103.37215664440369,11.653255358985385,5.832456300100049
8.553078727049535,1.4018912394317373,26.359066675220646,0.09261587122592409,-23.712272971218898,0.264050474155128,0.7688664533497314,-1.032266947527393,47.61910909093336,-1.9441852142572065,-2.9201204776714818,6.048218393759498,22.441809966819967,-0.6724804645090376,4.203994986526041,1.8744352749374835,0.8441072601550663,48.30305864919396,0.05272425825946625,-1.6158457376847954
21.080854892343545,-44.21353876995676,1.7288050945127609,-1.4424587603110441,-10.054771342588598,-1.5426338229000245,0.7331802207700904,-1.5568078355224295,89.5026942255044,0.5591080985776286,24.290241643925086,-10.28418846315401,-6.393725396671817,26.00779955737419,29.560749872609552,63.918258418461406,-1.3204704075610327,59.603483798933844,-12.281748862215812,-4.181859720126813
-19.868157178872025,24.648619778742816,-33.15017513022226,1.0646234242519212,39.42722152104997,0.8730543989403126,0.7953439138266865,0.9695091170314241,-98.87541794756147,0.39692732431680744,-15.765839260023709,-5.765023581069426,-22.824362980026557,-15.884661746088819,-21.987481905038642,-42.553060740056424,0.64574809863081,-99.53224022919409,8.557792874075165,3.531207163151926
10.60257848082005,19.204874252333198,52.13620621606477,-0.03864385080516832,-32.66280787653552,-0.1795403173276621,-1.1479124700951142,1.7603857924376252,51.535546765378875,-5.035354953991967,-12.03796984332241,15.947122993069259,38.33609689956319,-12.205918680824418,-6.390264314107154,-32.758559578138225,4.816959658320286,54.36842512053781,4.432851318300944,-1.7320436710971172
-23.97024057273044,54.62688794855329,13.648900910387301,1.035917104099501,-2.698234226172811,1.9137802893411227,-1.0729337306663496,0.7159042148806797,-90.93472676721352,-5.321726743334995,-27.562218440415823,19.68961151619968,23.59099635999406,-32.290333453388044,-32.42903721648094,-81.7606923694521,2.434942097632392,-49.124343507134355,12.441036293739849,3.71441970228804
-18.283195355712333,34.608367700218295,-0.6462411865820514,0.5856000330033228,4.0486319710766585,1.8977044239522416,-2.2510176413232568,1.8441029790520669,-67.38090907405687,0.36304544724778887,-18.324232314461735,7.815723574431902,2.809045842817084,-20.784784685203583,-22.784456385979325,-42.3805726340781,0.34729890824802,-46.17397025445771,9.17185991073464,3.7608891539281193
31.32113552403261,-48.25871823717468,20.837717952049843,-1.0143403139717928,-21.846783469057417,-3.5227588498851503,4.234278916265279,-2.069199005241165,131.7186402055484,-1.0962278663642164,24.283111016910254,-6.974738865457653,10.214759013258158,28.297460457620172,33.76221081906726,57.802891465418035,0.9760898842950545,94.63283596106805,-11.75820147017002,-6.23062929762901
1.2914454911186652,1.7169422496589615,3.7030659995439312,-0.17067459875012495,-1.271856812452855,0.12319775363427715,-0.82770828905811,0.17920641232519197,-5.357903171576253,0.021765318801854665,1.634536973707481,4.0341186428472815,4.062185790873405,-0.7982130817092439,-0.2316942561794486,-4.1859892703935895,-0.2922961375704345,10.18739843996337,0.466995043712358,-0.007617794995227926
25.16106970387332,-42.511875387859284,21.585689265615468,-1.315169474832831,-30.83020207177514,-1.8516410395038638,-0.6861445345201798,-1.6496930796444713,121.65025405857713,0.49331237283315366,24.79946485408277,-4.2932007431954,9.553047675078611,25.48892064046832,32.23625860421876,67.17878549514148,-2.1437543166560427,93.74530679491018,-14.218769852268672,-5.004765736482117
-23.74102001680198,14.025537598061998,-67.20289566634946,1.5757101236369453,64.16864725773709,2.2326918796806154,0.9427578230752214,1.3671766908740768,-131.27476246252184,5.733254294795911,-11.538261574977302,-19.329444204384092,-52.52019335243209,-9.891104172458789,-20.597534521382407,-15.774009959464372,-1.3960782011905615,-136.97097058165994,8.557436475130746,5.757383603090041
34.11006342019636,-71.66116148473118,2.7890161260909143,-1.4329789441817153,-18.696586378322625,-3.962741796749012,4.102042510604679,-4.798709741482199,152.68459678925836,2.624963849474631,37.56812773809685,-17.405811228476345,-3.900240234551059,41.93439802899107,49.422766958454154,105.0566333379722,-3.663001670410596,100.69483699911002,-19.58895448933944,-6.9688360922194095
31.84142468006107,-30.09470335831888,31.282463237613836,-0.5726986012980023,-23.167539019070034,-0.9921242379363037,2.1184568366737953,0.5705469478813887,112.15651451068403,-1.513087817773075,14.527924964288443,-0.4727052775142241,15.304182627093718,17.729333019087754,23.040018670246898,35.16542077231864,2.2120061185391844,94.56194912433631,-6.678407444403047,-5.297417836980718
-8.0245761005943,14.724565956144922,-14.210247652404126,-0.5087116469900138,17.473683668757662,1.0725472865325831,-1.4575710073269006,1.2858628123980194,-69.25450858533944,3.599772450612105,-4.19827017516273,3.240110608154959,-9.89224027942076,-8.351638910541645,-12.215626066774247,-20.463979670754366,-0.528554663990543,-30.563009682325795,6.077010647775004,3.460056415741364
-12.377398062127963,33.51845624648902,0.37993524955116875,1.0115066117879394,11.997077991204284,1.176084314084518,-0.1867195316009193,2.0859964082923153,-68.74927547075282,-2.320216682253112,-19.308553741818262,7.61446419646784,3.0789135518222643,-19.768682354087332,-23.75698335815362,-52.789512008160834,3.0123875590376894,-45.256508529085075,10.2007675119199,2.7519305745876372
-24.26037630124133,38.872954614088094,-22.553220258101497,1.2371721094231731,32.71188250129262,2.5153413341890176,-0.7452825890309065,1.8091844336823717,-112.66865288029769,-0.03970277707892861,-23.416566212150354,1.5223229520891952,-11.885151973891308,-25.569494198014574,-29.098869099348562,-59.545828629631906,1.4256154647199415,-104.14963640781686,11.493700476133847,5.306530158874368
0.305091308386803,-31.612414499671992,-28.13905357675289,-0.37663225357926106,5.220060484497289,-0.8322620282407707,0.14518918174648698,-2.905460394867786,26.30477677028394,3.518760205192657,16.391143125571656,-16.112416896947174,-23.037791739900694,18.996204005934647,18.656610303873446,59.35853968882813,-4.709137699585089,-2.773345523266684,-10.122206669262555,-0.5289725156850105
45.56111899060043,-70.0343461104308,40.70554251461861,-2.756867670929174,-50.34433825263102,-4.381123748202271,0.1819147081672705,-2.0525510218691005,206.27541347911844,-2.062770527270619,39.38722042008253,-5.799757271895904,17.698985567254304,43.31993006722557,52.22835198923646,100.69517384264832,-1.325926248190015,161.00582655757398,-22.09680242548813,-9.709723477497596
-18.095975079488234,24.62410597170021,-19.675876629270494,0.7274103218381328,20.732477672018288,1.189237007888255,-0.18356504789585187,0.30430927084429993,-79.1573637445221,1.3142690703622084,-14.499087795267481,0.25026972432248645,-9.878086026029566,-14.72780882256808,-18.897781168537115,-31.061914597448865,-0.35393188380923113,-65.08659521048257,7.371311657848837,3.5875433897098987
31.61682300240356,-38.256908154308576,38.61305272832954,-0.8635235678849986,-38.818572155275724,-2.767757717620899,2.801963793801128,-1.8393558942416803,153.00250782715995,-3.10935118371701,17.38141264444831,-2.766214191787518,20.789475365957227,21.818003921142232,29.73059148276813,50.48283500637445,1.8108290208535354,109.6316340231449,-10.704270057347113,-7.060680570891132
11.810077240950102,-42.74747318036583,-11.617113207959692,-1.8071049926506586,-4.530883915670411,-2.828392124196448,0.5514665611375096,-2.1057939286575666,65.18850528713159,0.4592742128734413,26.048742161742176,-12.252141941661716,-14.465018603639132,25.70551066020864,26.22683088694502,61.9540801215846,-3.089092986024291,33.58623851338307,-13.67291137402413,-3.894238371149311
14.557776281223717,-25.972896229108983,10.934798976167006,-0.49725770457911395,-17.67491309730421,-1.532660751174209,2.506589437028637,-2.108736244755381,77.40238835980222,1.025856326972028,12.32865205828109,-4.684926548883052,6.1053319281690115,14.552330677416906,18.36473205638058,40.06306935155282,-0.9134939649388333,55.61903271284987,-6.250110151733169,-3.0123677643765934
-19.336396514980724,24.713978662231472,-10.39473649407429,0.28077180671678426,5.501395641572969,1.9479523806256918,-3.3860053310740383,0.4198604725834103,-65.67565477482212,0.6102631770081529,-11.492704991302839,4.720041015509135,-3.9771155580140625,-13.279711409178002,-16.27181541986411,-23.10676718788911,-1.9127557273612776,-45.168115754674375,4.881257251044143,3.053893310882538
2.5902143692028314,-31.65906945416566,-35.244975333083985,-0.5104227777662809,14.476377620125872,0.08328617538572014,0.004041605771664347,-1.3546027894234225,2.1427453986856073,4.948936313351383,18.470117203388938,-14.26559930693327,-29.172159634321854,20.902494787135875,16.78556393126386,56.77260975205006,-4.480037223265847,-1.9040868944813876,-8.052332248857427,-0.326438140836483
-15.954744010105074,4.026612230895012,-35.15618490143197,1.1916829586856377,21.031455018074425,0.9718013206132126,-0.007617212885594249,-0.8245253149773866,-68.87510802479996,5.804706534667476,-1.5802706044798551,-6.021370189796172,-21.863802335918415,-1.473762161657424,-6.220528044307272,5.910524812249724,-3.634997718319869,-50.49938901562409,2.1945129760295314,3.774694056472243
4.743676377698655,0.41718027643767175,23.614719202968555,-0.26372394907315994,-24.495624260612857,0.3150375359177207,-0.12509612908886525,-0.722700280965403,35.930732880722886,-2.9743303700535217,1.174344123142735,8.191529051968866,19.676588332573047,-0.8768866590691197,4.326257918206847,-0.5695249771801012,1.5565117622834757,40.85335846111832,-2.1117355924200814,-1.056353563196594
-16.777186352461452,28.559929925570753,-22.674354205473904,0.6740856970528921,30.533286561585054,2.3102635900001802,-1.3995965152418695,2.2781451896434883,-106.8442615726306,1.633523954662662,-14.320538552475483,2.663766682554647,-15.01163434160406,-16.853673789139425,-22.8451637907861,-45.23940307503083,0.5555470289342118,-74.26301379832933,9.551715291862937,4.3311883640013695
-48.95100864112636,78.57919829363851,-41.54907395174349,1.9637933963439878,56.55455516656729,4.290342796146674,-2.5969240617180493,4.233168521931269,-237.3990903566873,0.9602578106166539,-40.17470189589776,10.208568769774924,-20.705415947014526,-46.23346172717821,-58.18557817891538,-118.88433529371306,1.9478727142284398,-171.7903120453489,23.771513500638637,10.601099282875827
-9.859039137701812,37.724764862392654,14.647033456235327,0.49697170762860854,2.4683940718328157,2.1539960409030314,-1.7741761763098505,2.2034384492530945,-54.52350370271989,-2.092982955013665,-20.685933066088467,12.585558688471341,14.587343409973652,-22.869743116472172,-22.61380399235989,-56.90867583588225,2.3877676513171733,-27.339092076733042,10.605477193083367,2.6353668925544147
-5.274893101872792,9.927208676780243,-7.916717550554968,0.9967620664409166,13.029643382928395,0.9335750991805839,0.688113668714847,0.8093408017547704,-26.821280084814088,-0.44315100293508425,-7.946084741471115,-2.1383167653256914,-5.679270444888905,-7.872721600865751,-7.515097665030648,-14.247345063744383,1.1432484328558912,-33.69728854023589,3.6865915003378555,1.457387344533361
12.136299311978227,6.6636744190090464,36.42807671720715,-0.12050291879863906,-25.750502049013754,-0.1488496810328132,-0.8247291268847774,0.8548327492887181,47.83781006211414,-3.7929271331124275,-3.5374932269686195,10.191980685138816,24.82195868747416,-3.009032321168279,0.20025201955574934,-11.082044371115902,2.903894728092078,53.03438962470409,0.5608419180137136,-2.4635162709069647
-41.08222125454994,34.16133540384609,-75.8000077134918,1.326027393384638,71.03565775133264,2.3067890684672667,-3.1726251564475247,0.9670536835669997,-194.75758236204712,4.622314764944643,-18.061161248339634,-12.110754909060107,-52.22403512412593,-19.25004435307364,-32.144054243198504,-43.84129437876113,-4.171456931615168,-177.96779793156142,8.74381359223221,7.784431368940915
-26.701507250983322,39.19921090372822,-28.412445121728805,1.648953958929314,31.74413141530522,2.7195810012693427,-0.593498724009628,1.5469042169019545,-132.38115018777552,3.612219920931601,-20.75630888930911,4.367018348720541,-12.794577022418107,-22.63133657216498,-29.999452259206947,-53.90227959681226,-0.24076060426765405,-90.39403208176796,13.313123623508494,6.461709984903329
-0.46632722445617125,18.75861110316507,23.074792580460365,0.37346264659794837,-15.355817090059913,0.641558337085514,-1.4870852387640208,1.013395580357286,2.350059050024129,-1.6538242524927023,-10.581623267817665,9.14321150217511,17.084381833954662,-11.013246844114182,-9.786761995202385,-24.66462988175811,2.3539258649848147,15.464566081076239,5.09924590883395,0.9339364969354662
27.79426040541714,-33.71402352644785,30.351754085031697,-0.5344897889596535,-27.16561338467051,-2.3288016138220873,1.4371755081038182,-1.3484790433075653,115.52001523861803,-2.603138336816317,18.42674157105276,0.23993595363264453,19.076852655941767,20.309298949755146,26.93339277692873,38.02299454525717,1.0656272178508412,89.69972493592914,-10.68298765311536,-5.832718475602283
-39.2466148844278,53.56244249738874,-50.5263310305121,1.0616817051583198,62.068107601367615,3.083899745333265,-1.376629583008056,2.731960249560764,-211.94503690888655,1.5146290103961315,-25.237405607257852,4.578809617234883,-28.719607653010236,-31.241015532885463,-43.70795363695593,-91.45524554814989,0.059629844496093376,-155.918629737144,17.202062833867874,7.422798235852923
58.380253048444416,-92.8829218871469,44.89795101743309,-2.5308995783838193,-56.883913423511665,-5.367603535122858,3.2801500027149855,-3.5802256381526254,267.4504555355917,-1.0600412189147241,48.74051957461378,-12.122243779456614,17.791703873073022,54.623279476668294,66.87346137509657,130.85752317994292,-1.2299930405614934,193.31452542884693,-26.628130631596555,-12.445008534467808
-16.214506255757087,43.142840814912695,19.859859880894327,0.8909636267033739,-14.569494616645043,1.6100941201361783,-1.90379952544819,1.7390848927634335,-49.25639409421995,-1.6484722583292077,-23.12525329888198,14.908308627724747,19.24541284527889,-24.51289260044557,-26.118561409835387,-50.58702067763547,2.1399783169213764,-15.287165623377378,10.899555830778786,3.3777073022874164
8.013115311817346,-24.628966393620594,-20.966120198562862,-0.4852946040360501,15.743119912079786,-1.1710943151196327,0.8392282673754016,-0.9592913756526142,6.235757179967052,1.0530679049978673,15.856377457496372,-9.481689654038968,-18.99726591580066,15.882279597055462,13.450656396702346,30.378046061033054,-1.7212799569634452,0.573426600379051,-6.527551247860603,-1.8832571218232808
-0.8270220085696264,-14.818522159862763,-24.068677660644955,0.1420049104920192,16.587518959205607,0.4212162458756302,0.24204737538500753,-0.20738524536435482,-7.400125460655239,2.159108368113673,8.123855834239125,-9.85607242254181,-20.614277576412118,9.304176858598435,6.358833735477853,22.195834884910568,-2.357876028132467,-21.320559345720717,-3.995655858201753,-0.08009167347169066
-0.3929764795545022,-6.4345600157191525,6.042593389271481,-0.253798720544103,-11.00572020780823,-0.07219686837654271,-0.22576166393723537,-2.0611634410915225,35.66245457919735,-3.6176818941925406,1.9344787843214206,-1.8573286376543883,7.63193810402019,3.7359905149948256,8.261619935751526,13.52850912353115,-0.8660520651458643,5.788513729073188,-6.149803618669351,-1.864220944019341
13.786527434643602,-6.366655445713336,39.50889072889256,-0.7910116401889511,-31.864846097992224,-1.613314033070726,0.7025919303226111,-1.6374484774677884,86.27585172630616,-5.1319411180958605,0.8828561229187829,6.853496250320397,31.068614516503462,2.182509036578367,10.247257906177555,3.9973223075536812,1.8718887734584522,60.40068154250441,-3.5381900635771037,-3.7121048978534037
-29.6735197108847,51.378162991294566,-16.17559888981753,1.9651995045687711,18.62560623996076,3.6980594921476753,-2.178307708910279,3.0119866726745252,-127.00231875330067,2.575478276487625,-27.965996628707163,6.637524249157172,-7.537693141964922,-28.93830776876405,-36.3296842695126,-60.42624758440608,1.1544170692991154,-80.58398377712969,16.053376563313236,7.797725597143639
37.09012072500725,-80.37798920611739,-5.076556866978682,-2.041879306809861,-12.176030112140019,-3.4544180713639117,3.0818473035597975,-3.7593857423929946,157.7555193618307,2.383541053614069,42.776944109703244,-21.40148308085663,-16.096155585281732,47.380446781325944,52.340077310772585,113.14075759625688,-3.746341394797728,96.24178144648668,-22.362151465589616,-8.085020450207976
2.5347719373747832,-9.606735730628806,0.9061684130403678,0.003764577510599666,-2.9840540196243177,0.04663564811779895,0.29493067992124655,-1.3062642219663072,29.88058543940764,-3.294678113982118,3.4366903665438913,-4.139450391060341,0.9656228388086298,5.13530995006999,8.175707042132077,12.821180921927805,-0.06492225329226564,2.0962451648517337,-5.383353561485388,-1.374525576834752
25.867234040680316,-53.258288496802045,12.24409947513321,-0.9526178641924911,-28.937062277535624,-3.0062143282528053,1.64754167264243,-3.169275585474551,135.99831044897488,0.41636151397392296,28.566512131031562,-10.587725795814325,3.0216727418224316,32.483783364815714,37.85033364346262,82.38083679932595,-2.402659670668471,92.5111630773489,-16.421851283333034,-6.416260221960439
20.15299625618113,-38.77814355551805,-21.22976265341437,-0.22095153858006047,25.725100119165596,-1.839800559858136,4.4066867289890705,-1.0884599073954788,32.89167949115473,2.5328360171710447,19.202831928781467,-15.842485859943187,-23.07786018234592,21.490090376760616,20.25047261878915,35.96770805182101,0.6373870523685746,11.642382329092126,-5.616501582094839,-2.792565943695029
-17.348648457392777,-17.843811574915787,-82.14689825202021,0.5057935029124768,64.5762594508998,0.5900659023997117,2.182143526206484,-0.9665552975822536,-104.85389648587973,7.535648313460916,10.566997165271587,-24.222069070260606,-60.30316896563036,10.89578519323729,0.9800025449136469,26.460183273624967,-5.4304093318109405,-109.63511319379164,-2.6968461979714755,3.6666683756024634
-33.2045454549229,55.22425675489241,-20.01012501625461,1.7838347984206717,24.904805029825457,3.713385241286833,-2.0348778779795347,2.64704909402881,-147.15941157305352,0.34800709126742957,-29.733702181513358,9.402617059691538,-5.636962285948796,-32.389840753366606,-38.87256881184088,-73.11678461265987,1.114790765903339,-99.03604733285046,16.102909104382015,7.691249560647893
-20.416679488067146,1.442543917910319,-41.06337372759545,0.452460070566893,29.55161702155689,0.7502765776932016,-2.8917461070725587,-0.0535266085660443,-58.311243119817675,0.8136509271437611,-2.1205360162148663,-13.603702147502037,-32.27702314567861,-1.5693701167206484,-5.710508634508528,7.205487529886048,-3.2312859419167013,-91.13583492838006,-2.744262250419879,2.4063329464491554
9.347760951129874,-27.833516334038436,2.831765077894291,-0.2930027622092993,-13.050224093487644,-1.9218884393989168,1.2332485087486071,-2.6503234652161907,76.5817581288062,-2.0789583443268493,12.758808786845863,-8.602362692710788,0.651487792670812,15.045719928818642,20.011277257894438,44.05552366705583,-1.5440341410072735,27.96869811711304,-10.237933652921772,-3.62801289496243
23.34722236438511,-53.12108154875018,-9.992117968680066,-0.7485135777540626,-1.765585590576671,-2.0642267767519122,2.123230753439696,-1.925528098554607,94.21072892858317,3.0339719164405796,27.832927920684813,-16.667137718286977,-15.391079745817475,31.725052595890762,33.831879016803896,76.00334521396779,-2.7374572082740305,53.461764328376304,-13.790082845376517,-4.952033149634509
-9.175891775892975,26.078719210145234,3.2787553818961688,0.6667742182469288,3.75082526547641,1.8211824811175696,-0.21159470753475018,1.942637340199115,-42.62517791617679,0.7366213929551015,-16.189979063640358,5.891455725554761,3.8163581292777664,-16.902569836048908,-17.12772589789075,-35.95792763038357,1.3780220987082739,-28.69260606470562,8.936196381233767,3.1474384029928273
20.062493215035815,-66.49561493841333,-26.29140740247846,-1.8351797782556725,1.7474912783475256,-2.7952435071866333,1.9175219756816517,-3.472768964643464,82.87247831695679,4.527404972334484,38.925452815431875,-19.89005539599678,-26.354553535798452,41.356136746710206,40.85509930600544,98.4177197474035,-5.477421249347234,52.161017516583314,-18.587434054471224,-5.031191234227237
-15.61888626823368,43.60879814511902,32.5505292441732,0.47371736561562816,-27.363890970852175,1.9071365816136092,-2.3176147544393686,0.40315368876152413,-19.831486742928476,-5.076275362881263,-24.785668048565057,17.810620440781644,32.95258077864153,-26.391157717100004,-22.34079924323783,-51.465460443404965,1.65373738335783,-3.876382126838095,8.607912054363382,2.191037030969274
-19.34274701705839,32.4442354701104,-25.926927198625293,1.5476631562398333,33.4992748677934,1.9300269955451896,-0.9014482109439833,1.8230683849210632,-109.11498667581607,2.6510841013373803,-19.03086600525902,-0.74015710003625,-16.87583576059269,-18.704579625160452,-25.74172479618054,-44.49449323263111,0.95664456107654,-84.99202684928234,11.151148987758166,4.931684514846146
-4.974859211629262,10.870664228917866,12.671390527333012,-0.10680457910900178,-13.016286785096744,0.7113826581564509,-0.8227965712581418,-0.02359966427575788,0.2752878534678387,-1.6497360296607244,-4.752278142493277,7.067000592560108,12.911225163276772,-6.432750793350658,-3.9625800494109793,-12.03941652030105,0.03761226760963943,5.87794482553433,0.47417254728347097,0.17616071385248677
-2.6908639223120736,-8.211611154022231,-36.63250692071933,0.0809526414270621,38.10368987586193,0.3986079548714376,0.45879746315465547,-0.021852463909827424,-48.90386626847993,1.2148739606008876,5.218004774804805,-11.390705045435846,-29.380176194215583,5.296916415262478,0.30698636454881445,1.6407080592054604,-1.2520859577492698,-56.23550285967986,-1.4773827852927321,0.5946225624514276
7.772541382320803,-3.2432887815526894,26.29906590919527,-0.2205774614761996,-26.407215367369652,-0.8926499020125145,-0.1982206342091435,-0.5573101124811815,58.39843904382941,-3.6136170359366933,-0.39084243802734997,4.464475707096526,19.704200607518732,1.0649642781831874,6.6301011559490455,9.284643560641076,1.2346268750077523,42.009741396498505,-3.4258782252426,-2.134258526528742
1.560272667779616,-24.296133169586906,-31.859247833544334,0.28650154963188,21.108367283092893,-0.2956737715846705,2.5902661637148783,-1.9822098902144885,1.8372648632282458,4.006898153829867,10.636106385977927,-15.541676018044042,-23.97677897923067,13.42188961134476,13.068690047252282,36.18272232537972,-3.1451178672870332,-22.13924712528279,-5.097468862252236,-0.028347343672609354
-26.658132801402356,42.12023422030267,-28.320950521185217,1.0529426402826965,32.587002207054944,3.0067445699259774,-2.4556588360501337,3.0861525059036956,-150.53886953450842,3.757111026331347,-17.983135240198646,8.091732037038854,-16.16151784849373,-22.575433937283034,-32.990752073663586,-59.875303748003645,0.6943764867522476,-82.38634827614061,14.297764559986373,7.02957579726744
11.40759405605359,-7.76421273015394,22.955420644120547,-0.771745550310793,-21.30732391436949,-0.26018534657790426,-0.8187487210265413,0.2966769152916697,40.50840856271984,-1.342672617448533,7.517829870346911,8.56342321641194,17.80579899049715,5.2789167458215,8.529233965022415,7.555895228256987,0.3070521066048726,59.06879365737853,-3.063862902844278,-2.0756309902852803
36.83072355518547,-44.20584671481383,54.6466341694436,-1.5821864551586848,-58.86311251531797,-3.3778354867076144,2.8726984871848793,-2.9908001846013192,179.98627832689849,-3.620732203530203,24.40573384331893,5.425715514650171,37.87065542203797,27.176669360084492,37.175239975495806,62.222096168272046,0.5320042801593211,156.61140929167698,-13.610081738133346,-8.722070849515363
-17.052928009988097,54.56139804835067,18.74360328936281,0.9512994676984958,2.9999667189004113,2.1422265659822384,-2.4275431574429414,3.092030585159468,-83.82864058917508,-3.88518350390996,-28.30440414952102,18.320843101011555,19.16820893420973,-33.39666057392789,-34.45634905563896,-86.84019358993442,4.244904211194892,-46.20885435310846,15.378709759096456,3.743389630418631
-4.961037861230591,6.93265063641115,-15.105612925327318,0.05347137507663884,21.68563965406581,0.07638576015002163,0.7014535823490903,-0.4072670365694961,-49.91480700648831,-0.20830831473991696,-2.535140183702473,0.0677581151305996,-8.262042963469296,-4.159959821033895,-6.719833080364156,-21.545442494131976,0.38787410222411367,-39.203762464866855,2.6694909499410198,0.575025541177009
-51.90610289551201,79.87014318353535,-41.14383772927511,2.7604895052604617,50.959838074348276,5.614960972268998,-4.837919866728195,3.782680430028893,-227.44908694705964,1.8464141393479705,-44.58892813828551,6.334309460001713,-20.973512735904503,-48.22679750310773,-56.746355444894,-103.90159728482162,0.6111312517992578,-182.56797296802227,21.524763670157935,11.698505491596416
28.33851760127132,-25.974652821353594,22.55577288805589,-0.31178474541951556,-12.34261404455558,-1.6837354489183562,3.772387563795912,0.0126132478961134,93.81129766834802,-0.7170380691064332,10.261040042972056,-4.276384194699904,8.310625525151917,14.595854129754429,18.134538466554915,27.99354435473205,2.7141618251918698,70.13582914046711,-3.824833798842024,-4.8094633229555015
20.983864059366965,-8.929317160740215,40.40486015445235,-0.2115217814476357,-31.351961579622863,-1.3224924464281749,1.9036062558077114,0.9138239058878281,85.4399976147099,-0.8814292841752881,3.554904510759887,6.912168524051004,25.109972823496925,3.4481920654100096,9.603327373824703,8.870837149337081,3.260252401305783,80.18521497773341,-0.5930423021787421,-2.9245742408543864
-15.612959285791339,23.077711493878102,-7.124035471629286,0.37725832218703464,1.6605803715698935,1.9496402472293746,-0.8054723022909998,0.3595438221343843,-60.70339220265435,3.2912521257102143,-12.1129164521206,5.784061238811406,1.5697950552328952,-13.681515223661428,-15.128134693780156,-18.39181445402606,-1.1781834463485958,-27.670980117577113,6.855315394941784,4.457679323160921
-7.077775747868021,27.278874950664274,30.53883509819832,0.8142580342785913,-30.011899839140042,1.0360882296800307,0.06596858560231561,0.6740856367104373,-1.076998718402919,-1.0487615941892732,-14.444509582822914,15.576963162913664,29.702764947758023,-15.975330186294714,-13.180518101278144,-27.810991186027135,1.6584073508785933,28.87280404751529,7.445947893348139,1.8599512233342148
22.319935544658538,-28.49496779668893,16.919902917390203,-0.9389549019772833,-12.235551898094789,-2.2341653791729947,3.1469350789246144,-1.6999017924096043,84.57892379821276,-1.3971135646614323,13.368832285122718,-3.162431103135755,9.807163783080448,16.43208247986216,20.580389437918598,26.83221978274229,1.3648934504122436,59.02299104704081,-6.777490642710126,-4.831117534017835
35.42375288851966,-47.86177778407826,42.54472617634707,-1.5390649769575548,-44.69382095358323,-3.6821849815481613,1.9383665684588394,-2.3862203365567796,171.53462894697964,-3.0897728154863704,25.20421025497028,-1.9369008549310216,24.519757244640427,28.30999122370811,36.98294048850214,64.81402711618581,0.43277699591313057,127.04195629580744,-15.005944102659427,-8.298817892080871
-16.94804857979004,11.849653302119407,-34.28372092271957,0.505793153736822,32.316649672370005,0.5659975640022112,0.16479735959229916,1.2956289050273815,-86.7543204506537,2.2403442404795246,-5.095107021041326,-5.56353755946626,-25.212411552491336,-7.469097037727852,-13.462331873531049,-19.15680440691341,-1.0597401977789322,-73.19730345765889,4.782587398408594,3.2732112164851563
-26.054345026097742,52.645628434525236,2.980694427084575,1.6642945560188673,5.245597218859588,2.064230105345932,-1.648847865996566,2.1695347556944125,-94.96661995070126,-3.3144506729117973,-29.460269293422225,13.053859750343541,10.711338289634789,-31.13245657172831,-32.895582072759176,-72.93942106959814,2.491876825938475,-68.01179595883518,12.584440977512529,4.774587538402919
19.813834415675345,-9.228270065771348,42.270813714863465,-1.1222826866280755,-34.017179006083296,-1.0208961121052056,-1.7787000906413482,0.532129992710134,95.35759926346272,-3.411111497359113,3.812136153354054,5.240894095045074,23.789137365537478,4.90114483905741,11.24886362340026,14.9395107795095,2.3032867897683924,75.67138273975671,-4.399211234873555,-4.022506552344048
-8.672334027447855,9.387386596676922,-32.12123550041586,0.24987029954020984,36.99353341121244,0.8713549442960034,0.09511816114399341,1.5195630947407612,-75.5197842992374,2.591892930486361,-5.632778931446574,-7.636446667535688,-29.17875584382328,-5.428610114751617,-12.919666328987395,-18.070235704390807,0.44816827062210984,-69.18434807273353,5.837945229544387,2.105153884582918
-12.667922347238157,22.46755519564419,3.1596373379306897,-0.26816239282692744,-2.209851486793077,1.102587592121742,-3.2188132470153974,2.1217357785706805,-49.971888564122395,1.662230740717877,-8.78486045746932,8.5069186275387,2.077881688025547,-13.342524513594062,-15.290136434244532,-26.044745942561686,0.3011191516182446,-18.490308051557225,5.968846612917094,3.407509847023711
-9.825387778835537,11.416795283596603,1.337382703028117,-0.3165170177866335,-5.99187125414647,0.13695994318907057,-2.8073143588083065,0.5813544492471567,-22.06264875333656,-0.8601672179704453,-3.720443078621834,4.332283393454631,2.21390177117951,-5.196862384433595,-6.65807525872841,-9.01193825612521,-0.19273010676402663,-12.970059694928848,0.7369453841107458,1.2195896103613997
3.650968895684247,-3.259143837654961,17.470213681220354,-0.779221652990531,-21.76914336222291,-0.3817190179378056,-1.6651241916049648,0.41708511627823364,35.31979264491582,-0.4231880532384153,3.782722650848152,4.6679608516567885,11.159646984079146,2.0606022062886025,4.2886708362796,10.00244300305293,-0.4139746216507605,37.82965531508307,-2.184963076338339,-0.5273096210121528
-20.541181685303037,23.80915856424755,-19.81292149778085,1.3518445242870596,15.201889290532849,0.8975314747121852,0.15046426994240159,0.08496515524537851,-88.00083924139922,1.5573979708391097,-10.291815278777705,4.731708297787412,-4.6586696175487905,-13.122789160841087,-18.054485261975078,-33.444076497101975,-1.0298483260342828,-51.335198861160386,6.806646523649576,4.455927572350475
-21.07515210187432,38.995363623305394,1.9055388859740974,0.7529026847286613,0.8704713266268227,1.3122199634688196,-2.693926370448732,1.8537979948519006,-83.82822557607041,-0.11273477553272726,-17.800033446898386,14.193421011543931,8.850410204345055,-21.428574251640235,-25.08494801087656,-52.737386789202226,0.46396495477809296,-37.710136076687085,9.854462468619293,4.377701280477259
14.363316507600972,-29.567282965150238,5.148651450124307,-0.34460914366999584,-16.570776816074726,-1.6326392622347963,1.8241931479460094,-1.454809179263814,71.00443827205953,1.5911636974523793,15.959084384590922,-5.7883107374900655,1.035648942797627,18.110565513133725,20.33439770921826,49.682010634700966,-1.525319226199597,57.46637813420853,-7.841950509779449,-2.7940469899202314
-31.978568414699563,62.023558144723204,-19.86281755903529,2.134415152743016,31.79212236596411,3.4334840759101715,-0.05189484922235632,2.960138480120586,-158.48758612215605,1.6315871799752353,-34.46909101948406,8.776745850725503,-6.589499716995228,-37.18393180585532,-44.69401131740973,-86.70396246103161,2.575848910089797,-105.79188885142283,20.324383556195432,8.449604930607569
-18.99570186235696,30.143443403734114,-14.640678185682152,1.159151537252557,14.051545432958955,1.8468425425528754,0.09662716928834048,0.3239154005697302,-92.1331958578326,1.4159143314670155,-14.442436246745881,7.888760544578409,-0.7424054747228108,-16.152619053135723,-21.071578782789906,-41.27235303000822,-0.4148159848399583,-47.1776332609978,9.027099177250482,4.60299247274272
16.39728050868965,-21.545155358001733,18.14836847019878,-0.8583091601120021,-21.254385942662754,-1.1820968193207948,0.8869357728978542,-1.4822093115849788,70.73199517062913,0.47418573202710923,12.426759622223543,0.6700683580024641,11.821846959222938,13.457717723836506,16.734363348823333,30.679003571847847,-0.6772825592116709,65.22154071194188,-5.800337433972064,-3.091350808592559
0.8619062609107476,18.49061628381924,16.05059989701342,0.3851121880216134,-1.452921814856281,0.67893998416662,-0.29139199282841555,2.459132393018598,-19.66981811271192,-1.8492627813127052,-8.923426271123397,9.976798944398276,11.716557753130058,-10.597014611827971,-11.963453716885718,-35.83531606897259,3.245853073813201,3.4045694613831343,6.691195308802913,0.1452164950533239
6.667758878653299,-5.159437117521892,17.812999313578878,-0.8623121590087518,-17.89648491514647,-0.6610595710547816,-1.5300686090722695,0.371148688279872,35.376405919859224,-0.9528378598288509,4.541913777327208,4.500139610362378,10.39352051827316,3.9762404299579757,4.921368446997083,8.19774935818243,0.33758354404463936,39.90277297776968,-2.0732541079582214,-1.6389494541952967
21.451779868599118,-48.05528008810073,0.9697017947304841,-0.8444704308480613,-15.22812368414446,-1.9868558401117187,1.7705862048468002,-2.4497075106454878,101.25258810386059,2.5198715034442087,25.24431152503788,-11.310863830166651,-4.46983540297396,27.5441719860335,32.424358884000675,73.82467702096022,-2.908332679264159,66.7950306390769,-13.105524811346232,-4.187738016652891
-16.278359542269836,35.53914528633002,-2.6697198747043194,1.2186162012091248,11.058310184049587,1.8533848211126172,-0.1605649702692722,1.2588467339888756,-76.43625510691479,-0.4899432789444157,-19.75547145326616,7.55546821881422,4.337150807031003,-21.346873155946444,-23.245435174759592,-51.05474183286956,1.476674428921834,-47.642163862908184,10.495285183001817,4.050124852980996
14.076550895476576,-19.806115833598913,17.2185706174394,-1.0882260625741504,-15.138125173051062,-2.0691723053182813,1.2013487550796484,-2.857770539017439,64.16382826514895,-2.525072451711,11.207148283367188,1.0595128628755086,14.387017315131228,10.797156210657095,16.055147359460715,17.665782635268233,-1.0975930435805181,45.790322989495124,-7.455512117137092,-4.1440290888763345
40.27858280947615,-63.93358561538218,56.66973882306462,-2.7152724270621764,-74.86379637796762,-3.525900267750047,-0.8695669700851196,-4.707562135055659,240.5789822647164,-4.1847042675026715,33.70453502081396,-3.692789297077873,33.740352008813424,38.80554524684607,53.03444560681267,107.42344305389535,-2.729773535987211,176.09759700201104,-24.28764556302221,-10.24244182580047
5.512060811937779,-23.04764905812275,-17.761455759649344,-0.3113425080466758,9.62097098629756,-0.1766565225779052,0.44611715748163017,-0.5347501463512478,9.577596644924313,2.650457354592792,13.656480093945705,-7.767547611172473,-14.417828447767388,14.583234370327068,13.261097497252328,32.004173106814,-2.2000721779076486,7.54169762894702,-5.741281135566421,-0.954968172826819
9.56572141240767,-3.1743734245416815,23.610222107742967,-0.8258816051031934,-20.098532653492548,-0.7443152461651931,0.1501685467285107,0.4850180725542531,39.95844948954129,-0.21776584701673826,2.2699771679901226,6.76690976743407,16.853930907563416,3.087724482937829,4.112330100658979,2.6038596667967524,0.8870605195966808,52.79365562819186,0.22128617774816295,-1.6389108667596544
8.608890227245851,-9.574226195556644,15.1737504040401,-0.10139632848428472,-15.562136384828522,-0.15293214073578923,-0.48705405876782726,-0.21776320045473618,43.81613230853376,-0.8379493537437737,5.319085690729629,3.0937860453402988,10.953562589195746,5.396101962045812,8.991392083697555,13.315112203543716,-0.3328246575369259,35.52203446280087,-4.121737620664967,-1.6838360449443972
-2.224847797269393,16.07860159365679,24.687566936625345,0.06847849990962386,-25.804571164159714,0.7051321753095382,-1.9028683710665553,1.2286585740598266,13.47650795498439,-0.23449798512929593,-7.571716486509385,10.271800122601702,19.3339528987419,-9.109043720524003,-7.3500185113879795,-10.77595401507918,0.7077489901275791,30.159076099794127,3.541440749513539,0.7988623064404066
7.523002929981331,-28.14121945681453,-28.415659976176144,-0.3690601392510546,20.60286532747356,-1.1057208370134464,1.4134963500099238,-0.7560115510823997,0.18626641368846358,5.226486239632375,16.7148144354643,-12.933383393425126,-25.960838719433323,17.69198639713601,13.484365547685476,37.675869926236025,-2.454668644138976,-1.5142776107650948,-5.074267449831721,-0.2514010917697531
9.264820606610764,-29.423130903007223,-23.86485071051089,-0.6854534867536833,19.62497078361342,-1.8739300768064808,2.495367826541731,-0.697574049964726,3.0946436006796922,3.5586262481340456,19.09737020857136,-8.868881782345404,-20.54322418806613,17.820337023392348,14.937194480116242,29.008892219933823,-1.5305203237127927,5.951708823689081,-5.434990015258199,-1.5625317732925321
-23.98278381441539,28.80921571401502,-17.032550472035783,0.20729699148206243,14.181473114904238,1.2991752580464067,-2.4434360180732666,0.8420886644184257,-90.0271475581703,-0.6221370371204423,-12.936051094434285,4.776228315410656,-6.933601688947414,-16.27245886251759,-21.223807646846694,-36.75192112595239,-0.6199072810344669,-68.98435264797055,5.973355007449837,3.576513889979129
14.948168851718998,-32.02312907764739,-2.826793256400717,-1.3457064006195896,-6.211160893187594,-0.9965362671336919,0.29016524506199537,-0.4879524532033854,47.71695128362916,4.809959482176602,19.755651554141508,-5.458219818089111,-7.387678081815635,20.349677447826355,19.724250138429312,48.59482554922788,-2.487256959361553,51.880067798091126,-6.505358873869431,-2.3178012461555113
4.161783300777516,18.496176628129902,38.62518049900284,0.326383902887619,-34.012115871129716,1.8580873295832014,-0.8964549753635016,0.8628090306668618,23.261102636224415,0.24191872633587908,-9.534490074308676,16.64210111969885,31.526732559823767,-11.699823874930955,-6.241046437055841,-15.905698818209842,1.851132995010696,56.11431983933172,5.649731755662451,0.6983753169323017
41.17123200557765,-85.92140168832634,0.04806995680850834,-2.7626749268119197,-18.51213065614041,-4.63000659383271,3.3430187910735367,-3.3179517163235976,162.46031520000668,4.311721486054926,49.055433069236805,-17.58650951623466,-13.343893204364623,51.48503702533186,54.91905311223199,116.80963533682404,-3.6552587685863305,122.47571627634402,-21.590210868505782,-8.619397995913125
34.02214472340725,-52.4927060410332,35.365112743097164,-1.47154815694731,-48.04304417226862,-2.8785539548188654,0.582432489977804,-2.46085523823698,181.5910174401601,-1.9846529911070858,26.438519140429115,-7.0782500123409555,17.919911499080143,32.59217646781685,40.782123122552996,86.80913072948813,-1.604022634271331,129.10729317618163,-17.589011784678103,-7.866864506480419
21.332588174521756,-24.386410444527506,26.8064044861526,-0.8258688929243022,-23.889965971069525,-1.9744867333735234,1.2969738816205194,-1.1443774837360536,91.28472956465654,-2.5858939952077176,13.561563227061422,2.469476823735712,18.228255633356305,14.637882878512304,19.6678375486265,24.76224556815911,0.6280486568107031,75.52158184584324,-7.274437566981672,-4.874463782934907
12.408457725789336,-6.112967803744631,28.54402058222551,-0.14853957708769047,-19.405158111382313,-1.551768642730441,1.528002431341527,-1.2357026386895837,69.81709213983343,-4.48193184599616,-0.18672206642538391,2.4330421712217545,21.762823799868794,1.2604493369129215,8.151737412911277,0.13548006011511715,2.0562472014518134,38.85261548972509,-3.390690987787205,-2.984163589118599
-5.154957100368797,-7.24588485717198,-38.38959072620696,-0.021064312731328548,41.99073225757515,-0.8918800572807869,2.2694460421876794,-1.0984825372228506,-51.2413074752667,-0.23270843944423802,2.195290695130584,-13.033427588008978,-27.26971395779107,2.518336376063962,-0.03905185348833323,-3.700388083837024,-1.3586511381546487,-72.5476160918139,-1.459874333301547,0.6176674806383662
-2.4894415480602277,15.662859501571514,21.320685732036868,-0.46271276979518927,-18.47853899440652,0.9864051145252655,-2.884922647013033,0.36161018675785256,3.0341225795642184,-2.3979193806833132,-7.462316358299929,11.055949781531519,19.133491329244478,-7.8939129543903235,-6.354700959627628,-17.407647550834984,0.1720358411808703,17.526356580100657,1.7337962815273995,0.07146209358796507
-12.814892508089635,50.272282742633074,33.17864970553238,0.1570524946235998,-16.72141661209671,1.565829166402636,-2.9818962674312934,2.1334678789032586,-48.18664709911295,-3.9048875835897734,-26.35597490421393,21.787355550092595,31.277956930401565,-29.62555480381746,-28.99519848037052,-70.75089946728974,2.9904563671200544,-10.192858238342108,12.734251947594778,2.321910005256764
-22.079298591581736,18.015599599371505,-39.19242839618268,0.6854247447489277,37.64809804218206,0.9045169507964135,0.059332034891778435,0.9120888600433815,-106.27215447410275,2.022173875003111,-9.683107932503898,-4.682154407643005,-25.880750712735935,-10.670038342197468,-18.071464702239204,-29.71100883657571,-0.8541258153999474,-91.6698065259778,6.39227529026855,3.8840267459708824
-2.140286855460195,12.713696313853546,13.333634529819946,-0.19415289755124676,-11.157011760786943,0.1615523873106039,-1.6223973311929851,1.209764530180944,1.0710209508621502,-1.2563898933841566,-6.879739891947841,5.12577326096188,7.57471393179379,-6.2461643491845695,-7.360668562633815,-13.630741450112115,1.0404111424555889,8.965449775739689,2.969736454265469,-0.0547017685243312
-23.07336592277054,25.153481545922183,-40.90103296252058,0.8729091416417742,45.6699393151243,1.8633975579052715,-0.7937709914903914,1.4851759454407922,-118.10936349029942,0.6254018201167755,-14.477066565958708,-5.425159873945163,-27.567593569629985,-16.01905881056726,-22.378504303444583,-41.398720015636755,-0.5423202068026198,-113.81892695972243,6.949109510557208,4.755556611717427
