X1,X2,X3,X4,X5,X6,X7,X8,X9,X10,X11,X12,X13,X14,X15,X16,X17,X18,X19,X20
1.2373325215126978,-5.236505029571273,-0.5063579701822263,1.3258662192528874,-9.081017451937852,8.775981877564114,-7.1415068128933825,20.378239554734726,0.2010785430879033,0.6529954044487394,10.213818991375453,1.233420298418426,-7.407062752079843,-2.4197544296374023,-2.3229877946037742,0.5967809918552398,-1.6803358092540153,-5.858903437264834,1.8869198645281886,6.285307175494304
-0.8276315295549566,14.805179115260392,0.003702701092142062,-2.604163945181817,2.170495743971713,7.96735948607041,1.7567267413746004,-13.515959005633976,0.49766458466224645,-0.3463825302035332,-15.718813456231123,-0.24563395497670493,4.132539800014822,-0.28085244896924455,0.7595676168992572,-1.213099033068342,0.4252256889335459,1.469281161210272,-7.518475018646779,-21.836635616610415
1.6912908652172916,-7.052861310173969,-1.0829791189776874,4.7706382849511835,-10.410363412565419,11.703184927386541,-8.145214817744874,32.66874104869787,-1.7059868870042947,0.2780794833430993,17.72267903066841,1.512992007032115,-9.096858495578868,-1.0888098002159186,-4.392227016685565,3.50142400938193,-3.39511717380307,-8.669158710467729,3.0835490282788576,15.102841535407004
-0.39121234801388205,12.596737791055354,-0.23186673807744881,-31.144717750678165,14.261670794408946,23.667166706019763,3.7118340601425484,-86.11866078141625,-2.00326617411736,0.6594617976464043,-58.63419466032727,-0.8962041787687581,-0.11501229592692186,-1.2966603523036049,-5.191101056890699,-0.2652446995371618,3.921016936046345,1.3989309641364496,-3.9069400578113567,-108.8975110911617
-0.3732930919415594,3.072024402507197,-0.1429220754255489,15.073923302948813,-4.539470278358707,-7.612197480686764,-0.1255986306969621,32.40990264373156,1.4300484515157932,-1.131295743914466,20.79384793129465,0.4774061000997538,3.5027801689054514,1.3192267193563205,3.06999305436662,-0.18813375671424626,-2.500246014066553,1.0406612891931382,-2.9304281482847605,45.8454838676965
-0.27739813862933205,-9.180911799748918,0.08475759287637137,2.8189438902095967,-6.37185392522431,3.255559342523335,-3.7980454709064055,21.375677328641242,0.9015119571796588,0.8928530768188074,9.049535684372986,0.2874897468191104,-2.685395452625882,-1.7990860700783982,-1.2661531167524862,-0.0060862821335587736,-2.2970841427978086,-2.5549919426868493,-1.4712564499656422,11.215352441415806
-0.4647519741573521,15.28358505898531,-0.02459417459226869,1.0115327958735734,1.128716995320303,7.655349361743502,1.1840986647149474,-8.656111442692993,0.5353818294081195,-1.5492552448902577,-9.394013101425527,-0.5575115171432836,3.3141913611293647,0.6769096327821269,0.8553314063552984,-0.7976507965606584,0.3271569976250571,-0.30419923163594853,-6.094353369314108,-12.822259902248177
-0.5118919387023636,14.23273725776927,-0.9161733686951257,-4.05506235061028,8.876501054208937,4.538886537852501,8.913545868555687,-32.44469164998356,-2.6532872598563,-1.1930648679771987,-12.254714370619784,-0.3029585921903728,-3.8841443795308077,3.014816953646047,-5.382767869698492,1.1708024518146365,-0.4522032301356842,-0.6107628695079143,1.2363991777737637,-5.9718529527000435
-0.08751409378882158,-3.411145379701799,-0.030886379673792444,-0.9541861165164254,0.3472901833960431,1.8442310076630988,0.0023025813752539648,-1.673187414325867,-1.489889097020572,0.010227610815393594,0.4966669681462742,0.14501356332946116,-3.1468192435001807,0.4466573266189265,-2.453249658222084,1.3999654634031524,-0.5166704670969592,-2.5380030633051,2.1956820471248166,-0.24584632582997057
1.932579546572501,-14.735339530888641,0.9160709810265306,0.5052341558979804,-8.230913610124066,8.69639785146737,-7.20521619247959,23.78463745331587,-3.0017463297441522,0.3173991458876159,14.898120836100498,2.2473033480879523,-7.424594393051411,-0.01236768401190802,-3.2695035409125253,3.6802559659590517,-2.2479423094128625,-8.700564295296411,6.167964719963543,4.856979069195803
1.0049712218219284,11.450802559715687,0.4060797283097239,-6.117952920993254,6.113725435096045,10.89771724321431,3.051877106766603,-36.68001549967465,-1.8965027977279822,-1.022814933755118,-19.080777915054508,-0.3172700682998859,-2.6563346924428037,1.4554792947308142,-2.7464435455633183,1.8142391107539126,1.029228665954852,-1.512174706817827,0.6641447903698902,-31.252876118268315
-2.9107790462626886,32.38565005000517,-1.5070497231973623,6.099328150489303,14.490211212223539,-5.588254588398578,11.741348389486376,-37.693698977739565,2.651232348720807,-2.3391952923206576,-23.31593915177224,-1.2727883814968002,13.21912610510539,3.522822351792829,3.615415772402908,-3.5471607365222235,-0.020323765040233366,11.193547783111637,-11.885701919770163,0.2222032157403322
-0.4858079611714867,0.3878442076676003,0.49434175415380066,5.1307601828620975,-10.12983080488072,11.609808480634785,-3.009047066009498,32.58802738968356,-2.690367594528489,-0.7835746129706205,15.348760943977453,1.3914042059523932,-5.968822215489073,0.8542425270227016,-4.016969171809529,2.193956187137102,-3.09907976596546,-9.69754831343248,-0.22386490178219942,16.624338098258576
-0.48357987093672017,16.166898004088033,-0.258493528838204,17.323098015279346,-0.0335006322974577,-8.723881232217563,5.52240114757267,12.062881000085433,-0.02671141387487988,-1.5647189876337355,17.439799050745975,0.10432825351766069,0.8640150069104274,4.6672177993285775,0.8058237977626175,-0.024155126660771437,-1.4382604685836164,0.7639706910992079,-1.0340626270754107,51.87123287354969
1.9959581599094178,10.605428018764421,-0.3357107341102455,1.8461135297079907,13.875080014591356,-12.797367910506155,6.035268558757608,-43.49350139745343,1.5935749642262298,-0.6479655601237161,-13.364751831195903,-0.45459662263314893,6.854598804639469,2.3035330828050786,4.502094252634506,-0.6354966124043879,2.7318345977643084,11.012144015628522,1.989760932158004,-1.360995129579351
-2.663107038542312,16.23111967748135,0.7538071340092141,0.9996839187900926,4.691911624499067,-1.394806161332137,4.813131787299964,-19.485018400550736,2.151033479390232,0.04713486634458619,-19.928088681809093,-1.0982853141937334,9.095870678791684,1.107306731325676,2.9240554289709255,-3.8400042481115,1.193756578788006,5.616418985493086,-9.404559370954518,-14.452670738271527
0.6146259422187841,8.341557812088968,0.44415656178733925,-18.803935246718552,3.978106598694411,22.966632166553104,-2.2179809618277,-48.777949982792684,-2.1714638616877036,0.49732279754031167,-35.979637834907145,0.40199594226977886,-3.5418986693322263,-0.8517849069989307,-3.6511296102329034,1.3880816547477592,1.7802220107913287,-3.102974771144493,-0.7244536860200721,-73.60977634384128
1.9261049589665655,0.4940332730558898,-0.20608120221843335,-26.675851380500916,5.212213762114997,27.263797043703445,-1.1503198963580483,-51.74231642378139,-4.5276459631970205,1.3298266867876285,-37.28760142380764,1.3265759432247446,-6.195137845793831,-2.821612165660417,-6.104202653046866,3.4465370128845434,2.125590745319299,-5.931273136246067,1.0990918339871616,-84.15941516022602
0.9886649367786153,12.712709494892646,-0.5404117889744792,-11.507990338021367,6.445631061683747,24.140337196245046,1.9944110387431446,-48.389411809258334,-5.156184003538679,-0.9561806658402272,-27.12474851318242,2.0971417089526763,-7.546761664087824,2.843675518178319,-7.538343855323989,4.510167365997359,-0.897164232114891,-6.495946005725417,2.3595114951532756,-47.89699649931003
-0.48190798637560806,-29.890986752610587,-0.9763907019555725,10.568636637285495,-18.02022626186123,-5.566621337126018,-9.346196317660702,78.70549468356245,-0.3141185938971165,0.9120886608325417,44.84617535676443,1.106884072760116,-6.288403381681756,-2.1424619928037627,-1.3676361084582478,1.3645986125968665,-4.296205454868865,-8.835684328723321,3.7637676649771357,53.183904328361706
1.26244483020078,11.825077298519139,-1.5924294574294664,-5.255149102808584,13.370031210415947,-1.800765991087343,7.716253112957985,-47.14431501621334,-1.2298692841404493,-1.246917851255904,-16.764146073279647,0.2917277495144772,-1.8771207661923361,2.980034483819594,-2.217234745694196,0.7363830058544167,1.5238230560292734,3.212528137090098,4.272777511212294,-11.337210125348754
-0.6005190499379925,4.909120003747107,-0.4937362458385634,-9.398514366157308,2.0301516425891353,11.889372654440795,0.7276301240139723,-15.500360206311624,-1.6460450562934172,0.6240035893338537,-17.700461642240146,0.2422068609801946,0.2838890816809154,-1.3563671809791638,-3.030709882053267,0.3027520787409138,0.2262152149968521,-1.949781097360268,-3.794197848483331,-33.10269807368121
-1.0186005252415224,20.677879464026923,-0.26342674489170825,-23.785546800612657,12.258025488201161,26.77147461860018,6.858363243878419,-75.57884281797664,-3.3336654110661845,-0.6005571660304967,-51.284341229639885,-0.26780279542908275,-2.7435836739993613,0.640885644464932,-7.53964712128049,0.48041419796731294,1.8529746065222086,-2.4388259260434038,-5.411615731754664,-85.52089937324986
1.013279010399914,41.96531176895314,-1.2079064682888896,-1.5812171265570985,12.66897059441743,18.456720553231737,6.0867758453848255,-61.33688737706326,-1.8799790436187176,-2.42735723394712,-35.357414037982934,0.4814694125416463,2.944168387640473,3.890278095626061,-2.1313004628307857,1.1714370253730837,0.9231650281044648,2.5239322997363396,-6.0167249941369,-36.73605048136307
-0.7177731095084143,-5.640602960939998,0.7478150203782279,-0.9082572470197986,-1.2375941980639544,-3.7485934680698105,-0.9661093077591199,8.585645555860232,0.44553896298651297,-0.15378800473428667,3.7502302768298614,-0.8162171667372795,2.648294486675542,-0.46455258134621835,2.1086891695012997,-1.4331133189465606,0.10800393987690016,0.14027086474118544,-1.9717077160142629,-0.9135307667099442
1.813262898768326,-2.64406830595895,0.4710627854317507,-3.5429002090595216,3.0535678166152618,2.484937499626239,-0.6264405520833753,-18.20797321570647,-0.8134936762130266,-0.7152282925220379,-3.1854729672645927,0.17033452667395937,-4.408934927767786,0.734199620761478,-1.6129717792264822,1.735644906331434,0.390609235754232,-1.3680461391877898,5.769995922544913,-10.638416965371508
1.3615711555821521,5.532632086334413,1.3441805819580976,-25.40480104681115,9.233944183595169,26.276065078422086,0.07893234539471544,-71.79320136590263,-4.389237613892068,0.19823180949979224,-46.25343983144871,0.8664572894630894,-3.40298807754606,0.14969641339207945,-4.928476596727253,2.8170432662881053,2.8228186749346613,-4.531891455015269,0.6159117053536716,-95.80725899560069
-0.2684056327001143,14.4382168647323,-0.03247467778099112,-19.144366599029397,9.757246939135406,19.759640489567662,1.3180991715197043,-63.60423846357106,-0.4560719710276735,1.3515476503940045,-49.64205589431407,0.13260833790167478,2.7796272934681188,-1.332335607109433,-1.9514127633427512,-0.30150002216761895,2.087274024977036,2.9251397028617103,-5.001890398004163,-83.06842603647951
-0.9689053511471255,5.0599780941979855,-0.6681691347615822,3.3525002153594374,0.4019254582879886,-6.085025043073425,1.7039417398324745,2.434651235475011,2.3954056378199597,0.9968764675798871,-2.121247661420843,-0.5575617773494708,4.899918995947336,-1.298527301254162,3.3201932606303783,-2.1358224141259057,0.7769733662975311,5.124773558000832,-4.170895312354757,7.0931045226035065
0.02936286382640871,8.869310102775444,2.9862822962531053,-30.489392497967643,9.099436812346807,26.41563388367976,0.4810619869448901,-78.62095232004182,-1.968536314939413,1.8313624745457129,-60.88027266721004,-1.4299263182572082,-0.41361959157215566,-1.8769946651119191,-3.839377655442345,-0.2159503948442194,5.231369163328298,-0.8959761130763669,-4.207773912496993,-120.40704736151358
0.19982956712428135,-21.651045889265987,-0.5105606998621575,15.563274148342915,-6.36313311773046,-21.544638501482293,-0.13402441138489768,55.27495654862101,0.17339044791352953,0.00433288889330008,45.085988732284655,0.6763710241784248,-3.5331509071446496,1.0865490939566862,0.7064246521568041,1.2195014610154793,-2.9888483607539036,-1.224125854534652,7.4101026021550815,77.78325181646618
0.7415957476282551,19.280598823190143,-0.547414730536238,3.734304944193115,9.75519567092286,-1.2784247155983928,3.3663151483023577,-35.17649040813703,1.6188954703213099,-1.238735486228168,-14.248038612546686,-0.06266023832581842,2.784953684328141,3.1264376857933156,0.9248262051317593,-0.36004741693812214,0.47879971662006504,6.987488052646197,0.48292072284740106,-5.784024938502958
-0.5186794665398857,-20.586624794850618,-0.24893312303933565,-1.7440152876090327,-2.0195473697213076,-9.409754400560143,-0.5815517072153127,15.654818069252391,0.03945862589813909,1.765388403787255,11.938103957554233,0.11333656627521084,-3.2485310092065105,-1.6350181460619946,-0.7707520066931488,0.20786060740995504,-0.4029174045036006,-0.09008229950220126,5.503062179458681,13.953225964344814
-2.121511552357868,50.638243379517796,-0.2182445456199205,-16.115189974922025,25.38168522249602,14.234089899541491,15.326220416019343,-118.74360583181695,1.2259461032920471,-1.5971071066196387,-77.3783535112635,-2.5098665375919844,12.143929812762368,2.1760484710358026,0.5453581014648713,-2.9260988020454692,5.470887510603481,13.03650576921859,-12.624085956430957,-92.14746081143652
0.6637115605501431,15.752521755324548,-0.46950679321858174,-4.190740571511778,10.18272409319255,5.241764634087115,5.890014003450638,-37.51088532165694,-1.3331148729328093,-1.3869646333097823,-16.145138645081165,-0.6420202683489956,0.8502932022836273,1.7167964961164675,-1.5362473952049145,1.5352482054320853,0.9633911480074836,2.481260423763638,-0.8828024864329169,-16.966543770903243
-0.3384558765588741,15.009886270892258,0.22846695609681372,-16.874550009166416,11.336268832417206,12.718447592733245,3.7725714732156796,-63.68557216948006,-0.7581493687419667,0.28145374617600183,-43.46793341910605,-0.9333107095911565,2.928028755727973,-0.33906574273870693,-1.705191950811806,-0.8516358474336424,2.952489591483369,3.5341357737023444,-3.370938746226449,-69.23090370167746
-0.01113620875459409,-39.78489406561333,1.5099614740950482,10.183532392592475,-21.064023899991355,-11.28054661964553,-9.93749925307811,95.92086171455173,-1.7236125727780072,1.032932507365142,55.40989350889016,1.325092438193093,-4.193567281274382,-1.3935958493380844,1.757880072021106,2.199127341116012,-2.4151705259330454,-10.17414984913247,4.801827275991661,61.32485736272556
-2.4998876669872403,5.19917924501654,-0.6768786482775103,-17.734455930919214,11.260506697937405,0.14622564814366124,6.850507798771758,-51.81073547411428,0.6180456100770558,0.9079708985747625,-34.54218116402588,-1.8889163995534153,2.993998204789593,-0.9647685215541904,-0.8221001621598236,-2.9926485042842437,3.5775662648783166,5.488237428688971,-1.715830498202789,-53.22181376534234
0.8406730303329408,-0.7633417811586203,0.11828493983268816,-1.1093236527497872,1.011776809280824,-0.26051180042771227,-0.163046857225966,-5.1184453860757735,-0.5160615202491107,0.32631878293146455,-3.114131328934162,0.0251905777455216,1.2125935615236252,-0.2915225060504598,0.8225002616696626,0.7603780599348341,1.2219924154876642,0.816168302048629,0.41025302603548724,-6.287311396538959
0.945810069515421,26.437891819760786,0.6825107479496444,-7.5198708590408625,13.513340029143118,11.29442126483524,4.897521576321475,-68.19647229375903,-0.4694909761688436,-0.711436362649496,-37.827850071840885,-0.1155206448768299,1.4806699476220455,2.227769022140075,-1.670348677132039,0.606956419052286,2.373142516068799,4.819921080450307,-0.5090555580829819,-46.408179614295406
-1.3010379090742978,-20.42931851039957,1.4626375051591838,-8.430412075664307,-6.504564449825669,6.177265624712398,-4.913224483345475,18.53288519293174,-1.256381603481422,1.1903934535949678,5.983606834151906,0.21979665414597813,-4.055252815541774,-1.8040778589342574,-1.6130678475274025,0.7005316167005573,-1.319164679898209,-6.199829251671586,0.6127682052991708,-15.901716241425927
-1.1193228900532255,-40.118271128910244,0.4606014614254961,8.071634798375456,-15.807577864262983,-23.481840725447615,-5.698441676141894,90.00719929144688,1.284200743331371,1.0838494278559083,54.92290063438614,-0.8597828372474783,-3.2511096342955046,-3.072976330401639,2.5447387721241377,-1.1280178531586829,-1.4164751150219723,-5.036858592465547,6.32980212958761,68.49519224190519
-1.901215589883189,3.2695383288039466,-0.7063314872659054,5.5242544613904165,-4.908755698782275,0.20042192906546408,2.7710029256634643,26.45465715049169,-1.7853710308463535,-1.0608637913384062,13.538573514909036,0.5874585581629638,-0.07538501175237855,1.199233406554465,-1.136709098786103,0.41318190486859563,-2.027455471178217,-4.421741061929878,-3.1282270587511922,24.688152177836283
0.4758561111808457,30.484870396633312,-0.8125343106087889,-6.538936657446216,17.869079091353754,3.0506229337174045,9.5979848443063,-73.49767374027006,-0.10718482770498494,-1.2948088540593203,-36.61979812136032,-0.6451863354119503,4.0297514817778115,2.9042113579669437,0.356841639990378,-0.7617694205009939,3.0417008422476477,7.897443577179261,-1.5967356038797802,-40.079933135307414
-0.529811843402606,-6.827168962497832,-0.6719586932742792,12.195009381883665,-9.291612380261572,-7.105279240117685,-4.121224903511081,48.880080623956886,2.2492447926837267,-0.23454424242930008,26.12859427802084,0.5723025310864447,1.7711953284257242,-1.473778139692353,3.2951241598971324,-0.4682812882016856,-2.3970325596504,-0.5956292462808559,-1.9352181163479392,44.6466052160521
0.43602558673433833,-5.26206484400263,0.45811412167326443,-15.34388821865748,1.2360501088292641,11.918143335925105,-3.0517965566757534,-28.025686370579702,-0.9234180865728349,1.5364805602558411,-22.734416210675324,-0.07343086904928353,-2.7092609487773007,-2.537218567636608,-1.9011593464450587,0.7465533344025276,2.106411532880184,-1.157751502092597,1.6756800667989187,-51.7865441759359
3.6635111882784788,-4.468301861190785,-0.8310357776522086,42.968634864726035,-12.932419187787374,-29.045018541038814,-1.6052370941643468,95.3309508521324,0.9783728788219044,-2.7743505599636773,81.96663366217503,1.8555048691517777,-6.4408760616663,4.31210586020585,2.6237682531605855,2.8893137563013322,-5.497267902976259,-2.2467823443828143,10.915813998795944,158.75542610266385
-1.2195743431554018,3.12700242964213,0.5093016317462558,5.596076647042889,-6.84434979398887,3.742848905959879,-2.581166088633581,26.06843181801712,-0.29700353001679036,-1.5612730038715639,8.353145728045824,-0.12699832271279965,3.775896405202631,0.3050839101675211,1.9106671437098908,0.10505843513103896,-0.854024506273197,-3.1091858805826975,-4.774094539086375,8.537658378863053
-2.2284204944809884,-25.129332583568303,-0.17476397716196326,-10.132722841277385,-8.641059167925093,1.841780171370401,-7.374216721497515,23.763305426958897,0.8898080495412168,2.8450187224594066,1.410723889961774,-0.3298850056869858,-2.1013551374988833,-4.969495770701605,-1.1751143507757877,-2.26331045190331,-1.0976834274125897,-2.5939925603461225,-0.6696640247399804,-18.749945730621764
-1.6925717895328392,12.119768699409715,-0.28158642634361575,6.80319827654572,0.8348163353754399,-5.785667523788959,3.4099296911518553,3.5519145314167933,1.1918849066953727,0.1417602343507408,-1.4403100749465692,-0.5956292539641455,3.9976621839385986,1.251486490427692,0.8420264819313379,-2.7134854422534684,-0.3233547960009886,3.6949306887002598,-3.7893740167984133,15.365075812234053
2.515942570432975,12.07389910301918,-0.922025564977673,-15.653369776480428,14.46589249812379,14.033875434063452,3.71927680604151,-72.27347072508559,-2.8070959211473916,-0.4686158236677103,-36.762256438176344,0.9450878728356173,-2.311377850724166,1.5697445872756433,-3.7864227519197273,3.273953367876452,2.086189816401765,2.261309856796017,3.714396533676231,-57.37447119458202
1.23329159614394,-0.24140368603839346,1.0774041448034126,24.637122604332944,-11.409363660895325,-11.323506514303254,-4.373829587758198,60.33891418949688,-0.046500634211446346,-1.1226181115923692,41.70379357027378,1.5964651564149548,1.6067723746254015,3.8053232618693844,4.203479129394711,1.6382674525949472,-2.6879907680728903,-1.8379710745240532,1.071471909859882,73.66287431436228
0.5322958523094747,26.49056764886473,-0.22551572712684725,-29.774751239497174,22.91761161461484,23.967786206948453,6.0949699573470335,-118.91675388129602,-1.3715406727744797,-0.1527175557219918,-74.32458354437514,-0.7312639395898065,3.826072348180867,0.48688594573418686,-2.8845147933614284,-0.3317448593638441,4.511140007144353,6.6010224311591195,-4.674416665046892,-120.35953167538365
2.6257176820900776,11.59712724206905,-0.6769337582852286,-30.067601040157022,19.03959047610824,26.36188573456667,2.8680046156855807,-109.35733288508715,-4.123058325380776,0.5989667946852066,-61.19619347432689,0.948599255671723,-6.221979526363928,0.5592473361198097,-6.934313607261591,3.8675431566271268,2.433530716733116,0.30543648132727097,5.021038021296579,-110.6335838988323
-0.4082478259139967,-6.964913870643902,0.050838418612895314,3.1294999674398434,-4.757583388646485,-6.288759807198036,-0.9101906327467177,27.155759449596896,0.3000466813433009,0.00640947022012987,15.276575153632587,-0.9781559586863156,0.3773096284305466,-0.549572837482517,1.7119026618801054,0.2688117685414926,0.7505538283822406,-0.9125780820806451,-0.16505248550137774,17.9559578992632
0.23563542365474438,-14.291827284521416,-0.5267479689780171,26.359525702996937,-11.47948507184747,-26.624084676709384,0.45492305662237587,80.29785194101397,1.365578091526792,-1.0984118518758543,61.363721812869024,0.0953653744147921,-3.872666987618065,1.576599684195819,1.9147207702570548,0.021493596498810247,-3.475051620635984,-2.8361446332230775,6.927571459870456,110.3585839259725
0.5882516990833215,-62.92234032041745,1.61792440090887,0.7972024269200872,-27.62459981274671,-6.014344020286233,-15.89604014547677,114.27333519237281,-1.8538351775094917,2.939039616967594,62.05521417377824,1.8425427471667644,-12.458658845059569,-6.049244531995379,-2.463975119838849,2.7040446855798597,-3.636024885487829,-15.986861798714537,10.75704352121031,51.096070054032964
1.8419908042330455,6.016873139272541,-1.063037138774624,-8.238768077620186,4.933754042065085,17.15162018895925,-1.0005492694969345,-30.985806371237423,-2.068566776204173,-0.3391196141974003,-19.905810916222713,1.8593002444739866,-2.5349177650588426,0.10851036433291278,-3.2894336119730183,3.588783936410104,-1.0884941154574477,-1.9429577687551554,0.41207197541367857,-36.47823335761913
1.5405578732701448,-21.147767739023173,0.4234297662839019,7.961943685420697,-7.015021793348629,-11.428940555935121,-1.0249891989734738,40.330747406086076,-2.651231723454721,-0.6211737318710946,36.70860321934803,1.1590171775713798,-9.15765133046743,1.5508488098846263,-2.40774677614092,2.718313516380976,-1.3521260423036916,-6.70268788043843,11.624476826692318,53.99158248889745
1.4893656045307333,-14.395553398623868,0.00899082117143712,-3.169106240984483,-5.350068561023316,3.6642692851643055,-3.089200481665848,18.05946268530419,-2.588848058040589,-0.0365676369175625,13.705515964568576,0.8710245184367421,-5.588981886922145,-0.6124310550815749,-2.065676613380708,2.8285906236471012,-0.22752524811766406,-6.491761195044765,3.6770788949926674,2.5624373992156046
-0.6539398370709496,17.738357937798625,0.886111174421847,-26.244954791560918,14.03674991545351,28.32063750511463,2.0247090254464886,-84.47759352822021,-1.9125636141109705,0.10913191501212693,-64.46268965023283,-0.4080414561188137,5.92129674580589,-0.47174574154215876,-2.27878623688916,0.29811130418011067,3.4578328024749507,1.6839855603171494,-9.076528198911232,-114.77703994819123
-1.1340773255194971,-15.641334624738509,1.3729956399304284,0.5876702331582062,-10.654758879851752,0.32423780897308907,-7.603975558050893,31.02078251582407,0.05749814019076854,1.3564738021900546,10.293474617850109,0.04436348093307157,-1.363320629970738,-1.7689511264461422,1.1806593098724996,-0.8669922133760983,-0.634785276079901,-4.1190517646928715,1.6740369696229949,-0.13739418648352753
0.552179243858686,26.556120942168732,-1.7540203574514028,0.8771193822420681,12.987962611559713,4.190345849397706,7.427860412031223,-52.660488241154866,-0.009213312976081217,-0.697510871035846,-23.229439088339493,0.004929142350046041,1.0668899692042726,2.9252562724557265,-2.008576939808151,0.25237207502662995,0.01928112984564173,6.103635142522379,-1.8073275732638328,-9.18334579199487
-0.7452106823236565,-9.98107847132093,-0.8879082291330795,16.23122555550242,-0.31270326234167856,-28.604937161874435,2.4418993767514117,32.43921387065958,2.9364097956552464,-0.42113397904675565,31.515598056963956,-0.6094897007359695,2.729985391142077,2.327029064811674,4.649493114632333,-2.5039755069240885,-0.9347144699083949,5.97151805610587,4.393293030540462,67.22443052578895
1.478035651246376,17.83338379105574,-0.41861459848504445,16.827612986252685,7.9342831986303795,-11.723134246144117,6.605570914437132,-9.853726918178431,1.4877033122207732,-1.837448675512557,9.775074822791487,0.7123848778520303,2.8517896387186226,4.506438992925864,3.0504612487296607,0.4717565503193002,-0.8737863660647817,6.619617458346383,0.978736607781322,45.377225002432375
-2.583969340094164,-3.27344253381941,1.161972106870564,-3.4983271093062607,-0.4245939159513493,-1.4782898504227668,1.3841863695935914,-0.9762938914630179,-1.2654176415525091,1.320905896458989,-6.386394149555189,-0.41413765613039305,1.7347078036269203,1.0126786688705773,-0.5673785563044864,-1.171068960839722,0.6210733462359658,-0.6877671200543392,-1.2980936432107235,-12.405632802618914
0.6557805251122333,-11.426161140489627,0.6736599098884023,7.312163091368532,-4.849005993731454,-8.355272597871602,-2.784178674538317,28.90298072473919,1.3405053219760694,0.4605890909979646,21.44158157712574,0.5265206078940035,-0.7081474002542385,-0.7747823714791268,2.771251311890853,0.5586026815427998,-1.122793094681093,0.43552367444617923,2.26523328392512,31.07866554975139
0.9790119994107678,4.486354375916818,-0.38018619556363453,-15.423381314779732,5.979556236716302,17.103190961519743,-0.40602346528472333,-41.56585325146641,-2.298062784857655,-0.044148772350097565,-28.00756765696882,0.56223160608261,-2.403369212538506,-0.5996790264970919,-3.681740957785101,1.358840193058621,1.1858149713730624,-2.395985615171257,-0.6145542802590213,-55.97228581727765
1.4130410967160756,-74.79461879221702,1.3535092958738342,40.24740375818489,-48.826184547817626,-33.27106403858231,-20.49929497254414,229.86356459237993,-0.31765344953648045,1.8949636223198476,142.4460841901054,2.180233168649527,-15.449096073500094,-4.4471559429043825,2.3030137664163983,3.8196405237191393,-8.322573268229087,-19.9366068407406,15.457261127659226,192.82161818146892
3.5721772250622896,35.36744979655486,-0.5530251682103161,-18.53829087855826,23.982391756730756,27.05748734578561,6.68828211731237,-121.46849301075335,-2.631297484800039,-1.9281551105862247,-65.26817534355341,1.6161711503352363,0.1536659147369311,3.7736519138573628,-3.8889483739566972,3.298971325845381,2.5829625527973894,4.393750165491668,0.11217286405307347,-93.77169329471764
-0.08238380159542902,-21.567805323527708,-0.010644232323436364,0.5662755322569616,-12.604004846422578,4.056607485360996,-5.450268258773538,51.180110803188974,-3.351106292079613,0.08297902958748585,29.692511187405472,0.8340093578047972,-9.595485498360073,-0.763398481321787,-4.940741973901173,2.3426876161030417,-3.1912632031500396,-11.814813624953292,4.504162305015547,27.419600843105716
3.4124690953824297,-9.892308357542818,1.4529077893208202,10.31147565603749,-2.5170693421442354,-9.110589308063474,-2.2008543919637673,19.470084693998054,0.05852098710822323,-0.37399138431805334,26.3372537434334,0.656122419222227,-5.580459332079713,1.2941320963778329,0.6570680481732467,2.404541288605248,-0.6299737161817777,-1.029728814443748,8.466307153086623,44.02112709841442
1.6391123771500111,4.913244099135121,0.8849642855462799,-14.382409735169377,6.1604881204888615,15.47276012048686,-0.5808514737265282,-44.933432232016514,-0.8366132261176018,0.6270234160726139,-26.99735614967994,0.2772359633241426,-3.510821762670053,-0.5902338231532835,-2.6818109465833038,1.0441696437743682,1.689229538302858,-0.5693546710267877,0.7713730002993112,-54.08568711286612
-0.7464156038505683,53.65598788299783,-0.706522660198851,-35.403565279695,33.171869770899214,36.01548359991667,14.00714670989658,-170.8998602624141,-1.613349219426591,-0.9032172835991963,-109.27282245143428,-0.36394045565110855,8.212714235445103,3.073402013573064,-3.9598809767460397,-1.0825071017197025,5.20383500099955,9.514948632560756,-12.513484125579236,-159.6718695296268
0.6450438864437603,-10.919169164691288,-0.372505118081866,18.942438059247056,-9.357695111012168,-20.043746360835232,-2.0182547206162718,60.35000364958748,2.082030882715596,-0.6431895649512367,44.10305980704518,-0.6717891870432813,-1.2442002382971533,-0.04753994462564903,2.7945453856183957,-0.3193033982148409,-1.8303571292381655,-0.368439475080234,4.094614214723769,76.1729115185675
-0.10839151957061749,14.136663271116678,0.4644420546855763,-10.309714857842517,7.902281263147883,15.242172023179236,1.5235422272053285,-48.812265634579965,0.0719553007720431,-0.2930339844270274,-34.424882941249514,0.326857418037979,2.494362437506413,0.4303720058068934,-0.5780518469912617,0.19893818664838436,1.2963091963553293,2.741856407784738,-4.0859913394007545,-53.90330909756194
-1.7871130654999279,17.79563951165335,-1.706722884527451,2.571013580390074,1.8764578520946005,4.01765327919666,4.172886095345843,-6.586062203626174,0.8483264167694207,-0.712309129659144,-11.915873982252322,-0.255840341637979,5.543730824063153,-0.17898159050694917,0.49033142776976957,-1.1371567433820782,-0.2599525305231385,2.3191970967774918,-7.809326044819965,-4.590248869638935
0.7985209086030501,-14.134335170710928,0.6661453329261181,-8.975080963791982,-3.0435361408163564,5.691608908750338,-5.361456267322422,-0.8401534152288501,-0.9620732361183443,0.43099664635817503,-1.6501431480951145,0.4922903685053709,-2.698321014879184,-1.4811358767559648,-0.2543360933194884,1.4068697958782692,0.7553078352049978,-3.042061089096795,3.294863500604803,-24.413073496063404
-1.1448197529342168,-4.6716771027141935,0.3580636898919054,-13.388195397769456,0.8854204353252295,8.58186832239172,-3.4840021434103434,-19.902808025838088,0.8844372550460244,1.4154209616592985,-23.7711362103757,-0.8333025454994043,3.0705042878432947,-2.618626708417528,0.7330264026721653,-1.5080711410308814,1.368752175404437,2.141645191344775,-4.192706751788669,-49.87220898693572
1.8611044998164312,21.36109048286468,-1.0886252212413177,11.231370767253551,11.763059829319122,-9.44357353843934,8.283946456763244,-32.08282180349644,0.9428156833930268,-2.153045765568387,-3.0815374797679183,-0.12769544930087365,2.3450708824127,4.09364750394332,1.2654896814169916,0.6037234208883508,-0.0326487519760571,8.026551823846482,1.3985277750328131,28.504057753321664
-1.443490445353303,-41.49364357608192,1.276846464762567,-2.3825480573038824,-22.54135157715612,0.2572996532451963,-11.324752010747101,85.94963995851693,-1.8943578013722868,2.236028968711352,39.80125661109065,0.25699414958498,-8.536921216881032,-5.405560737503759,-2.7175674688561617,0.8323895266500241,-2.6737524783414486,-13.559759724027632,4.4601845188391795,24.703427718171714
-2.387665653070087,-31.814061690785138,2.6872031118558195,-2.2929752528355967,-13.022559778082712,-8.993337254845686,-6.815218510026212,58.37872246496578,0.9818518909248072,1.864166235372348,22.946426476292725,-1.1651034166320002,2.3374420985577933,-3.7656102286269144,2.4210745812794423,-2.2967667420484603,0.23553313172654242,-3.6333259791384798,-1.852882187617775,13.029853096262622
1.6802360552974642,7.309070647523368,-0.7972779152830508,-20.033643079188586,12.44435390326804,15.834318200186424,1.9995484509345416,-64.02326945224979,-1.0396764163360748,0.1760237959522971,-39.075187379052416,0.12318327467842956,-1.6872873400294135,-1.8547893366002743,-3.060799876553711,1.6589657364100898,2.291905624003346,1.877662099675021,-0.29326909833709713,-68.80315451098134
-1.9309819775648676,11.618784597282847,0.8398440072177915,-25.63345566858666,6.012552737976163,30.143101742885595,2.5204408085927397,-56.63576035565265,-4.0362102523293695,-0.3252684538658367,-48.99626608589089,0.07316801642935439,-0.21868123832352168,-0.1838638408857709,-5.912647487641701,0.5111425013785731,1.8265940383626187,-6.11532380102979,-7.218247829197215,-96.76654563787235
2.4786319375677612,2.6337484814984826,0.0676114231269482,6.210345183371164,2.9539450578417834,-2.3884306376529754,1.4621489362731066,-4.705712079800734,-0.8554192064244427,-0.9374063143035362,9.52968896226331,1.3511837269459102,-4.621840432126502,2.003335429089163,-1.4116998647432502,2.437490467111046,-1.0683252726025085,-0.38224123881180194,6.266155121474636,24.33860224580281
0.3425398072264668,-5.371286020914927,0.6040584302939367,-8.016796220393578,0.004610297116708573,0.8670027371507557,-2.804619359134233,-9.688536883046703,1.2541819401108798,1.2164852124162897,-11.028687718321642,-1.422312638953843,1.1527886773459388,-2.3483530069819194,1.123566396304791,-1.1385176022874908,2.011522887228929,2.1360039343398665,-0.06445436929304593,-28.37760954039716
-3.1831885273423275,-1.9179336060104772,1.8824876985061987,11.589892777847535,-8.557114452726365,-9.159236015333947,0.8086528028157911,41.331620187031916,1.1010660065564601,0.3954850819125464,17.84598368011862,-1.0623791266331268,4.6199439955295,1.2388606704178824,2.490520496524942,-1.8799135158336517,-0.6294525502323542,0.03160847525676247,-4.556201168834926,34.76039373054565
-2.1169382787542745,-1.034959512933184,1.2493347365898027,-3.394299485201568,-5.617985158777582,3.501375632593972,-3.9848895345723463,8.705365257242848,0.8585833683818014,1.1676253737244577,-7.999700621751069,-0.8023822958624967,3.3869081708243645,-1.3326388723385865,1.7849994737099675,-2.9600188766749764,0.8241173358857631,-0.8050212030935175,-4.236890375170426,-21.45339648880843
0.786205467611511,-18.717773992943748,1.5201064842610692,12.62066188951673,-10.998249082217308,-15.457490595481827,-5.86109856776394,57.587361333277165,1.9216747989826306,0.3832901094407887,35.67610062817764,0.02022772096086256,1.427290524052697,-1.2931631303536644,4.929518004453045,-0.7617374319317183,-0.24279861756891652,-0.7325423968750604,2.9406969715669735,49.301189178274825
-1.4111304572639196,34.096319765887436,-2.408806842730364,17.41645370583405,14.757340621426337,-16.41378028876,11.922233052311524,-28.585326148064652,4.381814460302116,-2.6143302115122253,-8.072702671490793,-1.376396012618755,12.13518629609488,4.759421419075632,5.012102438892466,-3.48919637642397,0.12510789890859186,14.322412271475608,-8.115859740502483,37.181770790229095
1.5057820484236195,-9.603211056980296,0.2909217528703865,-12.967842057581551,-1.0375768181761047,13.52680611524989,-4.022417521269951,-13.592653836555712,-2.357983409194393,-0.003899026215830159,-6.83671407377503,0.5652755191627381,-7.745823584928208,-1.6787857177092376,-3.7191789036973586,2.5160670532366165,0.8486183004621581,-6.911145262309887,4.688665617864434,-36.35550978375944
-1.834638649683152,0.5046329419035807,-0.3389575423614627,12.009893239890452,-1.6832354407279015,-16.048165509629936,4.390230399517492,28.082728630753536,0.6238204428191281,-0.19729437489998608,18.31262491764837,-0.08053917821494676,3.307921000062602,1.906582893597972,1.807097528817686,-2.3017871126840785,-1.0318348885148945,2.1484192637094592,0.13684413861388578,45.78622098297081
-0.9946690102413132,-0.4471075011047696,0.6600364320729567,-14.82500334217947,-5.836895780792429,21.558430594113247,-4.271089426783731,-6.806079363332618,-2.8837903301165797,0.698650811194496,-20.2410157664392,0.5567834663058085,-2.5581367764334226,-2.2795118703705244,-3.5758916758009316,0.5811394462302366,1.1304319189954233,-7.913338085431641,-3.7995358969293767,-56.54767424491458
-0.12418492959650285,7.959999449451605,-0.5091704674133722,-28.686471304745844,14.736485138371323,16.90350851069448,2.9407951061221302,-84.72698021728164,-1.3810924730731984,1.1466957830605533,-56.14112000527327,-0.8597938040631528,-0.014273555545860628,-1.6029657974743037,-3.4939085178422915,-0.5227121422103671,4.5074397093403,3.14425045981283,-0.4713898852339319,-101.58197481858903
-0.04707977513881595,-23.90931741559877,0.34285712356498294,19.0612142501644,-15.428219057090308,-23.34993264579899,-6.319819890507745,85.99141134697996,2.6687150989104143,0.45000951985725157,52.008063280828246,-0.25982890989553253,1.1905694221900125,-1.554952977593105,5.444536928070492,-0.6979162286375372,-1.384245865766701,-1.3914652151427893,3.8345456024911955,78.57606574293254
2.6513556511932386,11.64974781396519,-1.1408473143278626,-7.391860424535092,11.640658565879358,10.797112589142262,1.7206336780094253,-51.6347959841073,-1.4470507119487066,-0.8788061620367248,-23.283867919173208,1.21081008918593,-1.9662444312242982,1.1657775859296333,-2.5670177161587753,2.2712248336382856,-0.14007431790639335,2.3798151196627364,1.820989036718106,-31.61563634348139
2.0257222412982414,-7.9434187418994515,0.6807949926065692,-4.466934435523848,-4.753266780418044,10.200026306089326,-8.228729589713737,4.622912196810694,1.2264076660836036,1.030499079403605,-5.041211760752868,0.9602878936880062,0.22216328917237438,-3.2193820625727447,1.7065216224402164,0.908903611601752,0.5036250398336548,-1.1011925385226922,-0.8949182677742883,-25.808978951002164
-1.295999154264695,21.029031017334198,0.8880633846353545,8.625853118909019,4.868695349005721,-3.8612047563178176,6.58536649450548,-5.634552255755314,1.112434826168478,-1.602491214359835,-1.8156317532055635,-1.2497080092735973,5.824437259151155,3.2835711215425354,1.6992853188273884,-1.4177784366277981,-0.028664142844715634,3.93558757595977,-5.767681337904863,16.68321094599387
-0.6858184651858128,-9.191712739695431,-0.07582529728704844,-3.0736483651968283,2.3016475844724984,-7.595695709361877,2.0494836993083196,-3.672978706725224,0.7557051687284881,0.4161695635923647,-0.4884678890903891,-0.8614180782925757,0.4624897884468222,-0.33840571455664625,0.3862437245094918,-1.0636861543849283,0.5534816301386944,2.212128439130885,1.5125139317679022,0.9889544670560819
-0.2658362177101685,-8.9378230650701,1.535945946427819,-13.881769016693916,-5.216119955210062,16.50802025967076,-3.04628713843429,-0.06550578897356227,-3.5034108180575054,0.1911205726043419,-8.81491168844279,0.46584168902279616,-3.9329673060063364,-1.3415127452559568,-3.378378156024115,1.8540648899704657,0.739534359579481,-9.548664547819437,-0.6180302412210519,-42.83559396282414
0.5477018846568096,-24.027059473320076,1.1981982557514648,-2.5283187274331573,-0.15693811667113333,-17.609955938646632,-2.8345467980381933,12.66497009602378,2.8880335821905145,1.4301518371047408,8.365766276633867,-1.3434358971593185,3.100594895300941,-2.2581937023532923,4.725500358247834,-2.2124135290477835,2.297116332936162,5.353044562786139,5.310900406273021,5.342125803050429
-1.710055259567506,5.8930399973384295,0.8146535581572044,-6.252784948193369,10.23720095319785,-6.467553576279775,5.655625799050899,-34.25637630373648,1.3039197906065887,-0.02325297375347568,-21.936203215454864,-1.9388343082581447,7.85310323768984,0.9308276814407198,2.3612996088625255,-3.221881837407766,2.4025196310743056,7.389702704770828,-3.7916680056720793,-26.161965484913058
0.5893024882960174,1.857331443982804,1.6175599400203002,-0.8765635518993522,-5.306585659079821,8.813018040723273,-4.811737486394124,10.570241520485087,0.45308604494108745,0.4938803971087926,-4.6390476259605204,-0.027436163146804533,3.9812531141285517,-2.713480006584629,2.7190996519672996,0.017602364785320138,0.6235464488570591,-1.3988654790102641,-5.363237483852922,-18.846955788430616
-0.10595438028115411,2.0934262284543035,-0.5257709803620262,-19.034547931814053,7.1925196636951,15.907921945135387,0.7051689142292568,-49.860420521669056,-1.237829661225552,1.6832826375082734,-32.52176872769968,-0.057759626654299345,-4.717221505257264,-1.6954670631937743,-5.311589492008544,0.46171318349925666,0.41728107727802966,-0.87657408989884,0.44029613098136244,-61.240727119249925
-1.1152231674706259,10.649998846655206,0.19797752938393479,10.879300021111714,1.5444598761351966,-12.048637289882052,4.789911016426089,7.7694470235752755,1.5204523003533301,-1.044103182488109,7.414049626184211,-0.6634193406254546,5.829407930924659,1.7963337743858998,4.011095558529256,-2.000234065516449,0.8810418320954576,3.761965708162819,-2.8211022268172883,30.606936435940735
-0.6061026165463227,40.556182880677376,-1.5629881929099916,-12.953896712517592,19.177548948533442,20.113391397493174,8.616456113541844,-97.69198291440885,-0.6300867131637337,-1.5268194874603742,-58.12863987415898,-0.10913864952714024,2.556210914787455,3.4644076362937097,-3.76355304634191,-0.6345143551526531,1.2040213242829738,5.738042202348904,-6.393842308697818,-71.89402482793481
0.5855732837523341,44.90495394812171,-0.832411648257226,-30.365575709607995,26.071279384879343,30.520363864947104,8.612918257753696,-138.13613941934395,-0.049469520668184996,-0.8852787940849333,-91.3196082111693,-1.7160376564664808,7.124154069599075,-0.48624286021216,-1.8490341674477235,-0.8088764974440914,5.545199388341104,9.682855186273839,-10.16950568585247,-140.51501136601107
1.841494131269277,-5.176683937316623,0.2675990513935725,4.68552981025326,1.652715501207751,-12.322591311655632,2.741425508564917,9.364584227739215,-0.09094969857965068,-0.8727971700729252,18.736163072001666,-0.00675015451146494,-2.6356028228970017,1.1877327704350007,0.850863388023807,0.7071621209191631,1.3569727157187854,0.4988232758750606,6.2650577285602305,32.727096487064614
-2.3819324974009866,-7.4754238196183325,0.12820607920849492,-10.387794356988199,-3.7266413887933205,6.100980381549796,-2.5738111475578243,0.03220165351898574,1.0961324023998529,1.5336859483307077,-11.574901636790125,-0.558975434367543,1.042157646267546,-3.2690301158589703,0.3144189579002588,-2.401525576864797,0.6431711947419794,-1.2575506518770054,-4.113439861592935,-30.903383948410568
-0.35026315108465667,-11.832173052693573,0.9085118972625119,-9.968317097161503,-4.456738284989235,3.7429118282891722,-5.842297331907294,5.703684014066675,0.46537390651275334,1.9315903519067212,-7.579467340552178,-0.08777111541398414,2.411419243468935,-3.358677675602453,2.359035107106001,-1.4017024204985873,1.6174509228825449,-0.5369869993768229,-1.7012317089188551,-31.92808314796926
0.06290193365639563,42.16150321341912,-0.13012357604071983,-22.646747332401894,26.73901050516235,22.641597166325585,10.294774027674475,-133.4248207875932,-0.10052840826044385,-1.279788875708209,-82.07452326853837,-0.2548607703398523,8.815768238524756,3.1989028951506695,-0.7954505446538657,-0.9196655510398946,4.296307594509903,10.251750947259756,-8.183084935043752,-114.97864892255572
-0.28273571097338085,53.08559429802313,-0.6894378428232486,-29.68052070595059,30.562358939828275,34.261501536742486,10.35247572513109,-155.6006179216864,-0.7398162750611236,-0.8121904467006617,-101.99862785654086,-0.825862476755783,8.635046435053493,1.9560070968355119,-3.0715095090984788,-1.0590169112596028,4.033808631912226,10.51391509906735,-11.704195326649513,-148.44868096269946
-0.07487618745195365,-5.020311913223088,0.09205110772170068,13.124870070193145,-6.380608874682763,-11.096794265050889,-0.8273834895887046,38.43547668778116,1.1118994835791232,-0.09229575053615792,25.687990185988387,0.17256859767349056,-0.44093521242213374,0.44317501484840527,1.4685668201039883,-0.4406898510238964,-1.9841149215664642,-0.43416983460895764,1.6959050216311844,49.110622304569766
0.39063653185063596,4.473322462782541,-0.2083264987962888,-24.157900638700184,8.35287027849973,23.172881225432082,-2.8210652225037642,-61.62536760163178,0.2223242335940947,1.416433837563471,-48.273321284951116,-0.07140941437831506,0.8459856426338537,-3.4395238323819957,-2.3589416722701277,-0.5019499766327057,1.4818842305683426,1.3914232870397405,-5.1034253643087,-92.89433460090096
0.6708238696227495,7.4690595540637394,0.40367448414709645,-8.645740491549532,6.112777833185387,8.36131685728513,2.3826394560373596,-36.763929661534696,-0.6468317022171778,-0.4998451780298282,-20.456806553125713,-0.23759733329752067,0.9811316924591704,0.620552793217483,-0.43625427204128703,1.2732493425609617,1.7126630960439582,1.0178314444915242,-1.9277083009465663,-36.611154304435765
1.3122516366109533,-14.89510532454143,1.1804996247724804,-12.499524827897346,-4.089520431708148,8.974417511142683,-7.353667599879628,-0.6409033731016384,-0.1335881796875763,1.7702577443670569,-8.392633397735434,0.19604232270093205,-1.552200483634067,-3.9133046366856963,0.42160045659968437,0.35355299268415774,1.4649738736493876,-2.414867090348409,1.213714328932768,-39.54302556088021
0.39410189095789316,-20.417030618296724,1.6135599547604234,9.648954723511833,-11.300081362943557,-9.90109234501397,-6.415530018712558,49.16393494033277,1.0822581329342962,1.3504078737941292,31.172340356900218,0.22705136534943363,-3.3104826897893846,-0.6409294481434991,1.5188334745855119,0.06282252808974592,-1.2336949968838307,-2.622429358784429,4.295140485159552,44.50092065951367
-1.388594131650863,-17.750310263722717,0.3852071239037429,-0.7016666532576874,-8.741187453837815,-3.240663847286118,-5.008303544229708,33.22171996012242,1.6727295188374212,1.3090871349667317,9.27599322223208,-0.3289235921519356,2.1063828489132312,-3.1970124244147393,2.1930148183962146,-2.2325151436127366,-0.45893724991430485,-1.4483441599870148,-3.30587243893584,1.913690083533273
-1.4437163347635633,-0.7240008065397829,0.21131966068764185,-3.686008647394452,3.947371321123517,-5.873033646962089,2.6652112344214562,-12.719678577555293,1.9128181236494046,0.5513957265741123,-10.774243853302723,-0.7967811562528042,5.839999684999807,-0.9583814130241786,3.3012068909991035,-1.7703958720032473,1.6131351192840757,5.377282383146662,-2.419349873318418,-13.127910382430633
-0.9593966238342353,27.18155035015738,-1.4421334247187254,4.122512474758465,8.345259506185357,4.037402960510227,5.471466874846077,-31.640928404674575,0.9304931804050915,-1.1519904479584704,-20.094863630987536,-0.11837910434439597,5.90861721746331,2.8412005938944125,-0.20405566829949806,-1.262167122911247,-0.20964295964167656,6.074296149626046,-6.146224428057531,-7.538479885466383
-1.192277582800604,-6.112007968969864,0.2610713605242932,8.887737400936325,-7.55624431918219,-5.338769635871671,0.2496379363823258,41.70307875014679,0.03809289504625246,-0.896875175629218,24.40462467817511,-0.15440977012656207,-1.1429968838789186,0.29285517504155933,-0.02519515795068994,0.0461883114215009,-1.2865540235382935,-4.23297629382003,-1.1530055654921385,39.872814981173185
-0.8756335762549023,21.946954054482823,-1.7973038016610623,8.500356218146576,6.062003301981865,-4.432991586654252,7.69169951657865,-7.3009282663105175,1.3322932018373548,-2.024043535754855,-1.4053864741679143,-0.7705405036702834,5.384794299562874,1.329490730841594,0.8437489235072169,-1.618187765112296,-0.7078352091383178,4.795850749917507,-5.5670208074901,25.053769334590157
-0.31452595637204556,-8.372535853633817,0.264116834754088,3.6756937497939095,-3.052135863036684,-8.084550132341256,-0.5454461769331114,22.241529408106047,1.708874724999761,-0.2863917115979133,12.875383936104496,-0.7090712613471918,2.0181448324217977,-0.90384419608154,2.134459580943175,-1.270893069700826,0.03701496310815158,1.0029256073665536,-0.9375516471411064,19.317416076774062
0.39076384646684303,-22.820783966979164,0.4915031243841539,-1.6109156106590699,-15.144029924634482,10.486018586142212,-9.126608339287728,50.09032585260925,-3.321770997469136,-0.13159218127917638,24.18043381193194,1.8728142244852128,-5.826121372948684,-2.295223767998344,-2.2762407112605967,2.803010417332869,-3.032428931932338,-12.695056393386244,1.7137849657350395,6.372827350866565
1.7591458185674165,15.638048201113634,-0.47213566188211786,-8.594396259058211,16.219878875369886,4.733329381686158,4.27678134003099,-69.76145197774588,0.47531839784496543,-1.0099532022992082,-34.05500372174053,-0.13806976401575044,3.7407066825982738,1.7259438740723567,1.4545500068135713,0.959967611216828,2.4912045384851336,6.949005700613608,0.5713827570056561,-48.888498306070446
1.2030080787807593,28.45438773658024,0.11211598399253654,1.5484307682629261,14.289538802336228,4.90266777178686,8.465397820396628,-53.94836454210417,-1.398316827500809,-1.9932029031997114,-23.439288184211147,0.42101920010861044,2.5513293808675184,5.020657949647891,-0.8705868328622272,1.3283435575673987,0.9744501054362805,4.118232572898035,-1.512685097497692,-15.059201304523182
0.7560562522320156,-1.5443019450547708,-3.063535837085901,14.921252622155514,2.6013041812995437,-18.785381634072007,4.956799366074382,21.38759666357189,0.47617378007396405,-0.710058035117056,28.96159259670255,0.24893308549622842,-4.226085443852225,1.5853050055427262,-1.8079529935478118,0.9186981560931,-2.903648849551249,2.5551412413223145,7.608359919434934,72.00558896626788
1.2161503824822475,-1.2354094410915264,-0.42689378741356127,0.17409193197866124,-3.8948110040302657,12.131068230249411,-3.813317968852394,7.413271304992369,-3.620213709902812,-1.2058640051887775,5.37715542540649,2.362091403873914,-5.876969166236971,1.4404219007121863,-4.159381960366784,3.158026465745955,-2.948561228646099,-7.718690058001224,2.7881893207078168,0.38335022148684206
2.1157543210407646,-10.564683512912168,-0.7644749118080614,12.90910401685647,-8.868398000921935,-5.409465321741793,-5.4213624386831025,46.14622118145792,0.533068656595693,-0.06650377207955677,32.55567137343386,1.6841086755096752,-3.806964059117277,-1.0672518070463617,0.9917763396595201,1.6591807163705727,-2.480249417195952,-3.2759318386649996,4.297805624784029,50.614456365056576
-2.0610605806620264,44.289909813206705,-0.7808580850147863,-16.174999851662264,21.043118848748914,22.004401825063344,11.539443937005998,-103.93357847136623,-0.8774434336358875,-1.766392370920102,-70.79390013271102,-1.1616894501167003,8.208917826660974,2.980136612268815,-2.4747932142012163,-1.5890554449028298,2.7873646989711136,6.960453875281163,-12.127649753163965,-91.49366762538918
-0.37543814923125113,13.606284002052861,-1.4203014127384705,-11.576441946039147,10.175661856710663,11.175420885567542,4.656066401055159,-48.73825642298099,-0.5314203390497029,-0.7427350640705785,-32.176046488845174,0.11956969091440764,1.44665173229249,-0.08034779505792478,-2.407452896466287,0.04404161980961738,0.7256646834625796,2.2735944549737725,-3.7924589336584944,-45.485616979875566
-1.748313027160005,-10.069994359254942,1.1793747701722088,-17.497572315282287,-3.4055725189979156,13.928897892533646,-5.247091260012913,-10.294622270097628,0.4222295351854426,1.358267770316814,-22.59784914544497,-1.1591399106433469,1.4203510338112364,-3.533398419865997,-0.6068045503062819,-1.9503903414253148,1.974730809307164,-2.9219359144744343,-5.3482947845516895,-61.84213755286598
1.853113439833656,22.956768102881576,-0.987803689587139,-16.16962677167908,14.98600434094029,21.721224970680133,5.6391112337681815,-79.26557935424569,-3.1021312619082617,-1.0425047550833277,-42.04825556642242,0.4622860953099938,-4.220433865339008,1.712441831105012,-6.027561810131925,2.7994084505269416,1.144044906742856,-0.03169712514067946,0.50984660672892,-65.31639361914908
0.12928605971652377,20.598531869447957,-0.600626253307883,-3.3383954266426326,11.710706193978089,1.2901583531125238,6.26573127204661,-48.000305537896274,-0.17607954503503115,-1.5352744577428514,-23.69308009394399,-0.5684236403909093,3.885139785484214,2.8534427671374587,0.6145013612801746,-0.19983876915996512,2.5838656203141457,5.136065575982117,-1.648535176475715,-24.81146293143424
0.09918771543162852,-29.058043084598577,1.0603054551633455,6.606603792351061,-12.977800287134418,-7.028913718724629,-7.125807601562528,57.01665682592265,-1.242484271087638,0.9261810133121088,36.0292316191665,1.1795864393342397,-5.575179113300018,-0.6657272886115023,-0.10363006087141324,1.2658322284168744,-2.5694547137249035,-7.599522926532956,5.672482248314317,40.97924674930159
-1.3894090486007125,8.672987464213666,-0.5601498969782441,0.289366823248931,-0.4720591456703286,6.754632747874705,0.5884209445504971,-3.143547618890574,-0.22439140168477556,-0.05005342674295188,-9.216485365765298,0.6217566246397532,3.5885459701038758,-0.1546813461298061,0.06577600130949313,-0.7833504605464666,-1.2620077200139646,0.1657841218012941,-6.360598275140379,-9.325232416515147
0.27430657890934085,-37.07854381547232,1.925252868823445,-7.219605276705227,-12.916439579909461,-5.818430412027969,-8.791024198956851,46.51031218749163,-0.7743567876107853,1.911802846923615,23.54145929651889,0.04532976470419567,-4.077878891576895,-4.163502640874553,1.51024267582003,0.31117448057276065,1.406940946656677,-6.711496933034617,5.76226595676608,1.1041790934464846
1.8574216392515344,2.746917906938031,-1.2400802786950806,5.315074478839396,4.913141485988618,-7.232941041112945,0.6520737302328121,-11.944306822207176,1.7228430322826265,-0.6271854073803839,4.828313265716847,-0.20959682240023708,-2.8700912061588006,0.3045758287756114,0.46725464355071655,0.06621954431811478,-0.8376251544287614,3.827971364865017,4.603562104888582,19.877957843497644
-1.7485023714416708,12.793407912435818,-0.3135748371020988,-16.308782467229285,9.471799283190057,14.837811159908112,4.700588316855474,-50.22769124563443,-1.8863426564045065,-0.19398181262296055,-35.008655932455895,-0.946430265583282,0.8990696368526221,0.6078774601831763,-3.8595345552968627,0.19314251123179282,1.361970252941035,0.12856671926631125,-4.19049186517833,-59.343108002718445
-2.59655993718674,-9.109786597523026,1.2631225140011113,-25.76656214306925,-1.3991821703477392,23.798558963439557,-1.8767995515058775,-24.274041732299867,-4.359712049187812,1.546721455858452,-27.40345243855622,-0.03451902075910315,-4.7934777928382015,-1.6197187982066281,-6.30375157260443,1.6711649272248086,0.6006531680547199,-9.1925372468673,-1.985477752609308,-75.14717688038408
0.042661209366327474,-26.92810136495292,1.698453245140351,-4.1368356447571735,-12.207211730210403,2.218181612996586,-9.279682259566012,40.1039231366675,0.04555881835473352,2.315397933844481,12.480612785004563,0.11948477798354955,-0.7848758282344894,-4.983124872194786,1.848056355249465,0.308561528453059,-0.12918392385279076,-4.908410848686872,0.31531631553412853,-7.803388876235814
0.25515151752262527,4.289054476685703,-0.3246264210786318,-9.696061916475143,5.930786945992366,5.5462365092042925,3.2336610264729555,-31.10518140103603,-0.6843000746055716,1.0556827073970547,-17.84315639374726,-0.1549088722994118,-3.6004925821268916,-0.8970507383004644,-2.7671465817743566,0.9377448440094667,1.0768686742465445,1.3854000697123665,2.058029961900313,-26.651031675438443
1.3784976773109299,22.562259235693883,-0.6986283481299709,-4.395335461275709,8.866659741876754,11.092384738336627,3.4711429770223674,-48.73622085956171,-1.7424734603267928,-0.9339532726216632,-24.519208276813234,1.3807708554393678,-1.9581129040683356,3.0167836312200946,-2.5723073699295638,0.8448683494909557,1.2294678814570161,0.8298896007891283,1.128834964032055,-29.702987949688275
-0.22208148756016088,18.118001488321056,-0.6237545429011047,-19.68308790176159,18.692263700197987,12.147211250303794,7.913175558718557,-87.9759273111429,-1.8388201343104846,-0.24319632567624097,-51.123974538659006,-0.6740827200225175,3.4459743333889867,2.100638790021931,-2.2195454320171812,0.12445195915033658,2.803582545306045,5.646743820879544,-2.5834013036752403,-77.0064713647287
0.7848012587193673,22.688934410855595,-0.13252868741144888,0.20621714965442206,13.867088440115173,3.672903763170375,7.141794393631358,-54.58520719957007,0.26948347615141094,-1.3628157447047564,-23.79616206208257,0.22763845268051988,2.1759731266655873,3.8808581661895003,-0.7042948844672621,0.3199710256133892,0.5907805445656967,6.444303837723779,-1.8342300447505833,-16.456403909722653
-0.6975199433195138,-45.505027371742436,2.97126100599303,16.954368397954962,-26.79499405935629,-25.146976789756348,-12.893161411121312,122.05808405706428,2.9148032308084058,2.4364472730822944,65.39781500764957,-0.808994161570169,0.75536031272706,-4.45555582884237,7.432723537962378,-1.2450964845895807,-0.5394766276359733,-4.9761270413098915,3.5620206325041646,77.82076396476215
1.9270145311246645,-18.175180364172064,0.4134758147801342,13.158933375017542,-11.411580245577206,-10.28826374784918,-7.938408170160601,50.455172387036356,0.8357969039349027,0.5552833786339946,35.95884198132374,0.9129831247803004,-5.798323825399492,-0.5014661176784947,1.1924098597069315,1.2129638449037563,-1.6164044244055848,-3.379383486473134,7.686010344031371,51.37216330392275
-0.2450016907595124,2.637043906208832,0.4938294355318149,-10.112234874938327,8.827680995032466,2.370724327365209,-0.3157936959035115,-41.422438891164916,1.7447239755671888,0.5010826724851677,-26.593585285706315,-0.7014734047189101,4.1194988506334544,-0.42715940463392665,2.2091813736531085,-1.9496625275148078,2.073975673197587,6.225459316868006,-2.2997041238492457,-44.60363714632236
2.599501371668989,-15.390197580814721,-0.019038416864195492,5.379524129487896,-4.255477202227919,-5.831964253008764,-4.777451092389753,19.996003917289254,-0.14289969601466035,0.647990520798044,19.02753074033519,1.4752015637743667,-4.084439436719063,-0.4324162756447746,0.3347230908922505,2.5188441179117147,-0.8229669707736094,-1.0173711030360293,7.1101086262338855,26.153496041801997
0.3919260510315632,-7.010959924355469,0.4022476279355112,10.628680914209811,-9.406107673069839,4.991568929090144,-4.923651003302743,35.63082941293886,-2.66754494988392,-1.0051270088190036,25.220184546477363,2.3359400081162436,-5.003551851291872,3.28413327130359,-2.004723586220155,3.0312547864483737,-3.9843863317188863,-8.278205046229118,3.11039947919627,32.68675761367213
1.5113142449567656,14.167457238088158,-0.80822820835479,15.059663437427478,2.7952700895744487,-6.114752957482889,3.714847621400563,-0.2722798650585879,0.779803612021603,-1.7387291526394024,11.764043465874588,0.8944610242887546,-0.9213996761625423,2.9579522697256513,0.7149894661742981,0.8417126084835489,-1.7804012266266698,1.9283326427472995,2.439823389919843,42.641893902551324
-0.2978738942517466,11.017243198163483,-0.6091411547874698,-3.1523406592502834,10.32761887674854,-4.834046674517925,6.82034917439892,-36.613986312120375,1.7446631084719764,-0.18238650255882768,-19.99140572100578,-0.7892138888644168,5.120672299641701,0.1158129419724897,2.1649585781641343,-1.5053925307737397,2.4961123313469984,7.6806793327479195,-2.34980619875377,-15.733522547279726
0.3215873477168531,26.092652260887785,-0.3785358907790116,-9.077449001581195,10.088503899011407,17.465539224651913,4.288321055066071,-56.042140706873575,-2.3594038605850436,-1.8162958467340045,-32.62036683263338,-0.005577710304173702,-0.04530029516501188,3.564238704256809,-3.26425639623099,1.2787408974333134,1.5593232885985013,0.16139490691911473,-2.9904199479830864,-50.782473017273986
-1.6569245832702038,28.73374773022352,-1.4561002667298588,-1.5547261873834222,7.140878082763775,17.863644241050046,4.982505979744243,-41.098659523471945,-2.881417241527132,-1.5333016706610632,-27.029730993772066,0.9334639712431355,0.4705130484191187,4.159192756097404,-4.96747232251349,1.2808100043077797,-2.57621876532896,-2.214626692454278,-5.585035875106238,-31.08415129892835
-4.8171663461893965,-2.224302148267599,-0.1166212183257578,-3.05224538328798,-0.895714864611206,-6.801181514041376,4.280625602464994,9.994668967929037,1.0721605572581092,0.5814271903684654,-5.299072789142312,-1.783613453789507,4.877000117331284,-0.6045344835877827,0.21177621138692648,-4.028075584167999,0.486718881602582,1.6013220931787426,-6.4092874374707005,-2.4493315200876515
1.7811575909183246,10.410833758208454,-1.7492654314336997,-10.994032143878124,9.035577555960527,12.493269722457152,2.7272077247458464,-47.02292995450131,-1.9508709528495316,-0.23931249988200476,-24.55748811564922,0.5392987790243795,-3.9035320319094597,-0.16057619600941608,-4.501290272086485,2.384725096213152,1.0787376851854564,-0.6153263285931942,2.0020256575730944,-39.86943689380832
-0.464330304329974,29.454687244741777,0.4028938769331986,-24.710289311408733,11.908734556697809,37.81292832614126,2.973985288526122,-86.09112713254851,-4.552387542570292,-0.5722395206321772,-66.25593279949672,1.1387635380943424,3.0165355471583926,1.1772681514213326,-5.245094934772622,2.2348115303644387,1.8450861331414656,-2.3589930151957748,-8.923530797899984,-114.76002281990847
1.23616648115119,-38.706104074821525,1.6158442544384313,6.868230446502262,-13.573792985733402,-21.11495692132258,-6.604270599764875,70.87970735701268,-0.7201048730862877,0.8831449391153134,48.5058505303178,0.3083236827075754,-3.695011719874465,-1.7813622588784446,2.7610688862863566,0.7738186686518267,0.21076000958103336,-5.308010752319811,11.792339727158828,56.77448708007189
-1.4058192997829972,-28.701676217769126,0.315962837155579,-0.7477709930154327,-11.394947121510182,-7.954098297848565,-7.511075889730142,46.30654373778244,2.0368125726256263,2.0899436774550932,18.611969134357025,-0.37126798480604983,0.3100027962529138,-4.483472273784624,2.622251984737634,-1.8081664546896352,-0.5434622299469825,-2.3068284170850815,0.3040157031914301,8.42275884196651
-0.8794411277608334,4.341461777979448,2.371673978838103,11.114054084251904,-0.24393202856109064,-16.411523391398834,1.3895332654701753,9.959836592399775,2.95892963389317,0.27628350325147855,7.937680849245668,-1.5178513109252882,5.92283215732209,1.8889176045308929,5.5636029164973335,-3.617635628166778,1.5301310729831257,5.7832277041589855,-0.9030074175583807,25.245848903926312
-0.5148270302732325,-22.911821468120838,-0.31999610380994187,15.861223391572933,-13.398940267609719,-19.599106529558483,-3.1256632107407865,73.49777625033754,1.1005166005895481,0.805277178602749,49.059365675773215,0.36824439976104967,-2.9185172733742615,-1.0604604915106173,1.8078234734065253,-0.6995948992790736,-2.333303288870712,-3.038801118173015,3.274570109806249,78.55692839632322
1.6557325343631217,-6.893766931773847,0.04699371545208391,12.017894405560096,-2.1355208970580923,-13.45146610709923,-2.148503919780909,21.281121679164194,1.3435047403491998,0.19892861302809095,21.926036413657815,0.1192723965443734,-0.41820731559456803,1.1709698422930972,2.9926396784289158,1.075981411878293,-0.4968503449191711,2.562970897461393,4.85446401024531,38.0836273133167
-3.0315187414442075,19.450879091045465,-1.8133056995972705,-9.374192520209755,14.69959286148979,2.067435633638429,8.93206917843715,-54.62597505592722,0.5143184816330237,-0.21767728085468074,-38.80291481925009,-0.7684428312730396,9.49132966286539,1.2072435750567578,0.004622514359863272,-2.7719695545057297,0.9703218876114422,8.475437014591137,-7.604367359628263,-40.50447321793358
-2.672710908367865,4.868290344296147,-1.3962273587883762,21.917952772793328,-5.3945427873291,-21.365613561862077,5.379308355709529,52.58322655955732,2.536540062097357,-0.5499590307722468,35.297260507809156,-0.8452126779647093,2.5040642023840665,1.294074411415365,1.1782118150540302,-3.553523353170717,-2.941684386521117,2.4082479068652325,-2.6724972073236684,87.72720316150807
-0.9987896713607938,-43.3791996572906,1.6661702017458129,12.881650334928539,-13.202481688284706,-31.248114241149466,-4.7252619438495955,80.03518151419172,3.2865991709938847,2.3077867134765606,53.072967785221216,-0.8984025560886538,-0.04062969085973278,-1.9400918078112435,5.559150713308865,-2.283005355741008,-1.0180869191893007,1.0041994513375823,6.51415949978915,77.06891513835866
1.092898042406714,33.15665853115197,0.01782680966201858,-22.738425103413043,16.556428365195767,35.81981642187984,4.870108010162216,-104.58369078586142,-4.085425149400291,-2.1840161202708814,-64.43412875210683,1.0454105617911102,-1.2831561793378525,3.0701592731137533,-6.4508709312493995,3.176847929518887,2.041456458945295,-2.20560618397507,-3.529396177921662,-107.39875003172303
-0.5969143722706793,-1.1833322090032743,0.14351750227148372,-3.440228936411513,-1.932548770760832,6.596972013608649,-1.4163996527061142,4.037801946409014,-0.8967345663498185,-0.35047226651786867,-0.8505766558413683,0.0756421316905498,-1.4128297410158352,-0.5140762864581956,-1.4152348411478006,0.5975780924130245,-0.38157847646326076,-3.578847627245945,-1.4542827636514413,-9.515591244085758
0.07635067712543642,-1.5588415267195879,-0.5037427449093475,4.156354922090944,0.4701861594227391,-6.554943425954481,2.2134223453221487,6.5939266745208505,-0.3899276776060261,0.22606529472386772,10.225215018141382,0.06489719755530925,-3.261620859474766,1.1626883819694733,-1.6516554239272527,1.1236225280101984,-1.4756794796197124,0.5054869849427157,4.905703442012612,23.659230628508915
0.542051519361415,7.3003311300557066,-0.9382902103507491,10.776527038082907,3.1867134936093504,-12.165757424861656,3.7567836509197945,2.3760829160158767,1.6482648691705994,-1.086506502434275,11.694169125727768,-0.32879891243689907,1.2145625564401648,1.7685381382788568,2.3269110428994573,-0.4075519267492158,0.08795924818809187,4.410005126892256,1.2206974068805614,36.145026578854775
-1.2644360118177236,-41.908709836838135,0.31206843290655917,23.04578649382765,-20.02337723936567,-38.309280896799706,-6.125374140053195,118.97061367493475,4.230023420611095,1.5334111774571544,75.01403113164818,-1.0173997148824663,0.09954491704972557,-3.5373168708024156,6.7498844136575045,-2.674205137605671,-2.164460967525132,-0.1950516763274499,6.1125781141547515,117.33345826487813
1.6674055917270252,-0.5588575935167505,-1.8674046324343945,14.906554396189952,-4.888562741796488,-8.653084831129012,-0.8050005877782989,33.77381205777077,-0.2546923071053005,0.05283698074913912,28.71891285674279,1.2399061610629738,-3.5353072230523725,0.7555033631235647,-0.45279370515216333,1.4853403652382369,-2.4271265887742235,-1.2211479265293619,3.5581339288678615,59.09658072123875
-0.907246665988988,32.42167173347899,-0.554950591867536,-35.317388366886135,22.09483550406287,32.69335325822355,8.49318693973812,-129.993884778606,-3.1110957573200526,0.6802881698686354,-85.52521529291089,-0.32874188510062324,0.45105190051294725,1.2710820291154479,-6.822171547411654,-0.4608080403073973,4.584346665924213,3.4198749074430945,-6.083918386915942,-138.67290322842854
0.7357284512850455,-1.1048176439314257,-0.06009315612918761,-4.60392813620628,0.2965334045107568,2.1355031418774115,-2.4983558619281787,-10.420170805790065,1.1411213809662657,1.0221960382412945,-8.876063819671465,-0.905976725612592,-0.9875105546266937,-2.615089851455722,-0.34412322006797236,-0.8606017819568839,0.9347487587334486,1.5111667452475182,0.7596653156306334,-19.82135184118821
-1.6734734689454276,-28.31550651722223,0.9697958903302638,-3.6734162530873706,-9.52509530876269,-10.423701508833517,-5.724544534121798,42.14140420842299,1.5615350104734582,1.9772028287645917,18.261753334708377,-1.1701965061945179,0.8562260583509069,-4.10041468042792,2.4791049279250412,-2.2832421145950694,0.1594531421483138,-1.4349475760499861,0.6685832627287642,6.86707434800959
0.20215920512496088,-26.239261694707494,1.5073058679473041,-13.461975960761793,-14.107044423577833,16.215507588455218,-12.546849290695869,30.689156271294188,-1.844924613961323,2.204629415360527,2.456571914787955,0.5144676534440232,-3.257959425572941,-4.553098619866938,-0.9870628794933594,1.5450349570837598,-0.4030620721555515,-9.406255187041582,-2.201973805600372,-41.02277097838672
-0.24543618536995543,18.510779202807292,-0.49705637236676903,-5.154305822840581,6.846574577925522,12.275739997319603,3.7193903012955727,-33.13942084426028,-1.750861274884389,-1.9654631191651497,-19.56723777325118,-1.0027786680174635,0.5017878799292435,2.1112470493169777,-2.674762722998734,0.6488685052615444,0.4198834672399867,-0.5490074589571602,-4.449898756209905,-29.19170082087799
-1.1911186661087103,-17.480873769610668,0.31109039953574835,10.316394584716253,-6.9227427591573445,-22.589591940422547,1.5456844686399953,55.71271844431998,2.270066302062361,-0.7280943194397547,37.26946715668439,-1.5202464842983157,0.9174756140328544,-0.8858592381945576,3.489757629847803,-1.571573290579141,0.23980583498073293,-0.4857096436694812,2.115941792753212,59.2687996639215
2.2469181017700723,-4.153093163955912,0.05911616375559578,0.46737847655530856,0.3998854383506334,-3.3455102261444156,-0.08769336639622449,5.137743894345956,-0.36335221586242406,-0.8090967850229357,11.111290684122597,0.06526301516761619,-3.670048359299459,-0.32738802767639763,0.1179337792393168,1.3676498395408125,0.6315834476147595,-1.2580049600377214,5.089889686651321,11.93261582103409
-2.958759579970731,8.446312096177335,-0.16570241227969598,13.585128032819828,-2.938790060481621,-9.414766008661552,3.8393187300502336,28.79724257206103,2.2880711496709814,-1.0431723655951743,14.315418260342524,-0.6280531981612071,6.1037208497836675,1.1430472637064888,2.7425724000599945,-2.8639081329226244,-1.9743221688116814,2.369330227668408,-7.721116531355911,42.4876320168107
-1.197089743386186,-10.446470674066694,0.31913303916012586,-2.3321535702884875,-4.621780172147057,-4.33451769078034,-1.9253310350292823,17.872349648490452,1.3265813854499988,1.1023194404690688,3.1982263247270994,-0.7038928391329222,0.9630576010138798,-2.149616344618002,1.3693857730029793,-2.0947647350099725,0.8919369016366279,-0.23111427196758472,-0.738095961121144,-1.8791345779440516
-0.6614298039704892,-14.178556948121615,0.35459589011694254,-1.8293093085559629,-9.883503879590766,9.425872483360978,-6.909520845082721,31.63891593691931,-1.5724443990978592,0.6124920429634563,13.391775747734716,0.6321869327512672,-5.234647298103343,-1.1119266228314322,-2.7581294021181133,1.3448507189063674,-2.4742358848228783,-8.532694702121702,-0.22054255158451985,-1.1708514394704475
-1.0814665966129575,8.442726830991093,-1.2645408660076114,-1.5515536881274472,4.929465973789083,-0.6786788494382436,3.314369698542276,-18.518274375700678,1.4492974937073684,-0.5190664635181528,-11.647719008632654,-0.8077524599622992,2.7504218426821874,-0.34324932027710486,0.6892594597108183,-1.9093895290020917,0.03817584057139317,3.88879751384248,-4.2234420985549175,-9.193470438695405
0.4822014266968515,-47.005808798251614,-0.0719226424948575,26.007909095827298,-22.47994187998124,-35.50822706794423,-6.550480444779538,132.79743839583722,1.0383971258010731,0.5582929845768623,92.05663888193565,0.40684878821984183,-6.817713451534069,-1.6394790314317984,3.149663044020375,0.85937421202408,-3.676653873563817,-6.832443486427635,10.789948661597661,137.98105613586753
-0.019181321960646924,-22.24358077741731,0.6472191286148254,-12.091576210090302,-4.219756317365744,6.752181778496207,-4.619857179036394,6.131696015236703,-2.4887724757153484,1.7702273022795525,0.8081856584875176,0.5654462159772634,-6.810476715417826,-2.040515814282327,-4.118465822574707,1.7824360558706294,-0.5239008671800647,-5.878767239768543,5.524343530017719,-23.096612342723677
1.347517953135862,4.4126440647995935,-0.812569258465993,-2.2114214546972564,6.029315981491512,-0.6463036410406938,2.1362240988473187,-22.62316428546595,-0.6586030529099428,-0.47309493172231615,-5.49216818150425,0.2284097456889288,-2.5430395004905364,0.9545226392509564,-1.1918835215702552,1.862344192301522,0.9393641865120255,1.8163353931914004,5.435455798651032,-4.414262177207006
-1.5174662088233726,5.158477431879309,0.19844842627698275,-8.267864459896487,5.322317514663742,4.9066147391626505,2.3276846638267434,-29.734620528205884,0.5078722905126953,0.7448932745501716,-24.17295738526668,-0.7424581026926889,2.754497409094105,-0.6918135143089315,-0.6785404104704442,-1.3346422337433808,1.4492905792537667,3.068383761582174,-3.2364090600275013,-34.69394588097761
0.5849844504322779,17.065960887040028,-0.6800144799908822,-9.381128822689067,17.66490645769594,-1.5351859742805325,8.565081557511403,-71.4239910008293,0.6999710435803648,-0.10689562050111456,-33.801946920120805,-1.3945963385638602,3.4130432261302914,1.627532250363282,0.1354669400511581,-0.42653300898537716,3.0736658017285703,9.339374073661155,0.5520597665303882,-37.83321621589185
-1.0273566459130732,2.8307509199148058,-1.0287778830451573,-9.870297778285616,11.142672290845281,-1.7509512332369606,7.388672076852711,-40.36130293648442,-0.29235159020555074,0.0692199405947197,-19.250351243819594,-1.1512457501955924,-1.5184054997796954,0.484228716185532,-2.9948301330328997,-0.923138390031294,0.7138448395580537,3.6997246087952096,1.550817318975919,-19.36675442074673
-0.12368950862258943,0.8258036265589893,-0.20676429774023364,-0.506340473434924,-4.483016657080512,12.368061332108889,-2.871311532351344,8.765226817467564,-1.209312108511015,0.5614017322279157,-2.725067093609856,0.9442564894485924,-1.6954253268062534,-0.8588926296424884,-2.801357305070184,1.150494891971541,-2.2958148594702186,-4.939052010678726,-3.236187781961118,-10.391546975031167
-2.3661051842696788,-24.412368536564035,-0.13641153954003957,15.87695617105451,-20.11518537886107,-15.731615760003999,-7.326669763940505,95.8382878143698,1.6508888163715918,0.6736054803674301,49.797942528560796,-0.46767915041167685,-0.4017072220004399,-2.5302318467665783,2.7814427061750346,-1.429987267457896,-2.3392023259735057,-5.485662733265596,1.1898978241426348,70.05169296995884
1.5003254840070452,11.835708459647933,-0.6281721641045777,-2.0963560968414137,8.068404337272382,3.9123956542571503,1.2734586047831171,-37.861356017833266,0.1446930319599411,-0.16512835931038228,-18.790466430124404,0.6295978296948289,0.06506272232120905,1.1746670610657204,-0.6835403461543679,0.45768196241515513,0.4633085049456465,4.0371616124568135,1.833661975632568,-20.829019901310115
-0.02239841830763445,12.839258905658236,0.5537368576217591,-7.530587703364323,12.641316415618356,-1.591275957351952,8.19915173199162,-51.17087853721311,0.4222228228123197,-0.23795839599208546,-25.83526860870419,-1.679603681630682,1.31814873807626,0.9013971567650657,-1.0645262420757526,-2.1251061866928085,2.4351077731211377,5.7494078703051485,-0.956001751215286,-25.75220719681902
-0.4895135177761478,-1.4471056481661728,1.803791925242932,3.8334148215933888,-0.2272605991145733,-12.900619206067487,1.1326516320247983,6.756230937656609,2.456885089674597,0.4479177415418638,2.8766754133960397,-1.6510962490963392,5.059925072342119,-0.00526323131058104,4.063572813860914,-3.2725835396507073,2.300799979853182,4.790317882745851,-1.397031302922216,9.668541403266323
-0.8552217827536955,-29.15767527880955,0.0006521094074808748,2.867995121973307,-12.280442094201314,-8.188252991713192,-8.826121310867912,52.921454980382414,0.17842684475553716,1.3538172459669247,27.24544617229219,0.20887896629345293,-2.8832370158590646,-1.8472334985036771,1.2256219713477696,-0.915823333675251,-1.7580379533883,-4.482360146360147,3.638532976846271,25.427173506716734
1.3391773313062425,-3.82651064488026,0.7893165258106888,-16.820774064669052,7.230967044880846,11.215688448446627,1.9389076715450968,-40.77168785440841,-3.810888442001588,0.0064563832972877044,-21.38737621125002,0.3367584475812146,-4.712387139998476,0.7276387720707175,-4.35394422785078,2.7023352800909652,1.6883524998226906,-3.55580227985017,4.184069756680641,-48.3677604066108
-0.7517715244961298,-8.898716792948376,0.8134149634688231,-4.608973719226143,-8.446484209684137,8.526547243129519,-4.635175070359291,20.23064424620399,-0.5726776355504136,1.2605360726332473,1.7091515163310604,0.10067726179542351,-2.0301440206024566,-2.556476425438379,-1.2145931484339485,-0.17035693637018437,-0.4341607486531528,-5.270267347386729,-2.9652111669992776,-12.125728303301706
0.042191220236014404,13.3783295241827,-2.116215299879781,4.679095173199894,9.321158635246551,-11.184399719405093,7.528063540846162,-17.24249226724265,2.1553880555845204,-0.7299271031841588,-2.3918306948884815,-0.9982051896310546,3.7460389888077708,0.21785144032928772,1.5977128430825243,-1.6417478897902276,0.4679565440984905,7.80846400727138,-1.5443372618309423,20.807491444101963
-0.20799695129942852,1.4916364861403737,0.7313571054281267,-9.922978232639405,4.363988844305597,9.070296749007273,0.7865980709151879,-25.7745365933127,-0.17541361584419546,-0.581053561330169,-19.232659601275532,0.07822356345501845,2.5956335286978187,0.12583639559728554,0.047194661753282574,-0.43381610649774616,0.865933533141592,0.0636059896724791,-4.074752967278067,-38.51050366715335
0.40528281675898525,8.174973729833878,-0.375896645944234,8.36712020009141,1.5592751228098003,-7.780095282040253,1.04213575886335,5.540399898713834,1.6525531407320326,-0.8295581372954709,6.868540151393251,-0.17169397855410795,4.23677209314974,1.3032750582639128,3.1193204390228075,-1.0364935918886764,0.008368164087013352,4.28347661362095,-1.021812330245229,24.752764435259216
0.31237017641291503,-16.46204549224102,-0.10468691748413617,1.1701982434602152,-9.270289576903656,-0.6098050391416456,-3.1859902008045515,36.392955826709155,-0.735115671942203,1.1653244997753271,22.722994406115166,-0.0875490844596251,-9.034222166036074,-1.918960996197194,-3.5982565049692594,0.816673567683193,-1.9254168320373408,-6.669880959705463,4.067793868017528,24.675963570166996
