X1,X2,X3,X4,X5,X6,X7,X8,X9,X10,X11,X12,X13,X14,X15,X16,X17,X18,X19,X20
-0.12922972617273665,0.20209242547956074,0.1726987919570911,1.4174201274593559,0.04636038126967855,-2.3698224200877327,-0.5924757393981619,-2.1479208764105726,-0.601955354927094,-0.34796499420830174,0.7500401518914579,1.4457524441795173,-1.6122348533712945,-2.8695866114228976,4.630861202698409,4.7918525449275835,-0.2646324060522357,-0.5534586264476948,-0.4699042562355795,1.9147130531688477
-1.9838718839232985,3.6593599999321507,2.071428533535382,2.976522541217995,-6.261981148037572,-8.531253292030861,1.612708246842305,-0.11417791943494282,-3.1126341346916004,-4.885855727040706,4.7124476074056885,2.044428904487477,-2.123204593327841,2.750738046357685,-15.90712393866506,-4.880222898243447,3.0677578408031385,1.7454186182515288,0.7896417232338372,-0.8035768457282301
-1.9706489895225685,-0.5747609816534609,0.25500403818257533,-0.21671853890124518,-1.7237189704230331,-2.250689531151508,1.0253369923027718,0.5012683260686429,-4.949861657556497,0.29244051799046455,1.22922076867176,0.5165255116711523,-0.7900192315647627,2.1314520930880256,-5.193765620745866,-3.4919437826054915,1.0386708130126998,0.8090443295176928,3.9502109086429256,-0.6739861204403172
2.8340134106776897,0.726281202642935,-1.5435139092635068,0.39801035441486854,1.9048396506757614,-1.0480982801081375,0.6314799187164025,-1.5103605028291254,0.07276011149375533,3.569552192017337,2.865159505068264,-1.445815053346292,0.2901015189160129,-3.8655507674599745,6.980535289649411,6.491535440111644,-0.035361619451816484,-1.0402575732361345,1.3297254961996492,0.2788395065811343
-4.866445208133154,3.0770936623067557,-0.2874175139253948,1.3199088723339996,-1.8150106580600869,-10.234370877757632,-0.5006652828531796,1.1268707440357542,2.759289070115769,-0.14283022469669948,1.0258628130008294,0.9385426004984903,-0.25665474010988654,2.505406414785847,-3.1374703960864054,1.3072035642141768,-0.945903379000721,-1.0900504362160894,-1.0839061885915071,-1.206298926790454
1.4753787391556794,-3.7678626159866084,-1.5770679570710866,-0.12514165469264316,5.112849931752386,3.8900372746273355,1.2409410661588702,-0.4127133361297681,-3.1308256871986533,0.33720420453841815,2.7371662579236613,-2.5813759625800023,2.0377065415422875,-1.6303892316884148,-2.090491777349464,-0.42140960418842743,-0.47192202239099446,1.7076662451047502,6.087608178898305,-0.8098034409335619
0.3169466311951834,0.3852430285026618,0.9598242521976199,0.4409948120129197,-1.7008622040270576,2.9672509660559103,-1.884996969007682,1.4859177856158474,0.7884881243825866,-2.288709214980637,-1.0960338923906006,-0.7984926706451287,1.9269990551855767,-1.4660384518717937,4.133890735456397,0.017570992576746214,0.013653365112145321,1.233734892575437,-3.2169955630855203,1.3293426595298055
-5.371236727072495,3.2362817074672146,-1.6664259399057402,0.8178339312906133,-0.6755968731404021,-10.998106879062547,2.4098597746481456,0.7215857584061762,-0.07434230389186713,1.9122127479198157,2.386006504460363,1.6369206680778579,-2.0286989184507433,6.880902773042271,-16.608405698135005,-5.152628632207743,-0.39528396046089864,-0.9205480341440108,2.346592195478515,-1.9006515053756452
-2.708102704260546,3.502584751775321,0.6186544893259798,2.3926760989626974,-1.8807857601138287,-3.7543542969176618,2.714609268051095,1.9106684848259985,-0.9802698597195538,0.05394151184252721,2.5973177702209234,1.0251852629916312,-2.002296083313227,5.058984804352184,-15.388038387540451,-5.976615203190027,3.475562297709417,0.41436516922342825,0.7539031024862399,-1.2643177710814857
-1.3218937738260195,-3.8049723845423964,-0.8338681014693478,-2.3053584048973543,2.3705921926360967,-1.3027879412943904,-0.72536368140609,-3.9561706960950525,-0.5338179881211254,1.2348222979058892,0.0820496612926584,0.2324039285919543,-0.1916611861258108,-3.6243140052422027,3.651777487238999,1.0007982687511892,-4.093560625892142,-0.8646332090002108,4.834950422210765,0.9737710498052603
3.920719799728638,1.386730336754544,1.1847984311679762,0.7275528095530004,-0.30347792901947823,11.256034014782557,-2.236234198258925,1.3680152306740703,2.1078582218225117,-1.8075280553123083,-3.671177717962533,-0.8283661095288383,1.8175869660964903,-7.685083326203059,16.024698804036845,6.524198452941944,-1.0319918957987069,1.1444063504573214,-3.586451393023507,0.9697554665685975
-4.170588369504852,3.2662076400633113,-1.131270699231027,4.625866951503184,0.9234931163329194,-7.035221617812727,-1.7437979578980485,-4.5731607089675705,4.586232600324538,2.3999531954429116,1.6704982880632848,1.5859252931276018,0.7042941921375311,-1.9959857185946859,5.116075628672509,6.187428535647381,0.1834005028206056,-2.9412776422052627,0.9687208332930946,-2.345576356667298
0.9105923330413245,-0.07497213934408331,-0.9565734649051885,-2.9239476802318882,0.6214389704632748,-0.25901258499777335,-0.2137447654111114,-1.6148045527383792,-1.6296399197783322,-1.0517758049196582,1.5841959092828044,0.3678478918278899,-2.565472059129684,-4.41135042589731,1.4171709667870012,2.968099643347756,-1.0347237660863022,-0.5761784858756441,3.2292616049842593,2.2493829884257672
0.33478736761829603,1.7214508802203456,-1.629232958782088,-4.088082410386246,-2.771111196802381,-6.622153231651463,2.1981322678069697,-0.04425485757334324,-4.569939383201612,0.6345687900988297,1.889530432478264,2.000954607527402,-5.278158212539071,3.7065387347482543,-15.845207054069924,-2.985339726144913,-0.5496596520862684,0.9268251527041037,5.220574879021262,2.1052726870947245
-1.8807988112206664,-2.9510617199560087,-1.4452499372520566,-2.1462020023523016,2.516243126671942,-0.45593409296078047,-0.6290928909666984,-0.6991035206379755,1.427015757696501,1.3581296307936153,-3.634786534037767,-0.5929883461172791,1.7013399477054783,0.8503873959034218,3.9542361352272577,1.457230491661818,-4.049636160986719,-0.29246763846145446,-0.8498640708767605,0.19181798380748222
-0.2536838592234203,-1.3873718201820004,0.9320683971312108,-2.1592171365792536,-1.482063516671203,1.7591447655201553,-2.05654104514061,0.8282572590447068,-4.683564751901667,-4.166586098923082,0.026138820935035723,0.4635543393063168,-0.2250036469920086,1.095016915243084,-4.68624260207841,-0.7735374858841069,0.34912953669756264,1.6920840626201874,1.9849282508927537,0.48072614204216974
-0.6402191807468056,0.47533172936376145,2.383610131660354,-0.09657566044805665,-4.188202517931929,3.268533367266574,-1.5860014741322987,1.7566931405608748,-0.21855227077037648,-2.968914546867467,-1.716739598766846,1.3664805648111127,1.9090123751362023,3.170377665474388,-4.038737368237277,-5.225915098242776,2.224477309973172,2.8784120421750257,-4.64973142560933,-1.4183555783336257
-3.6971160792341324,0.9627369918954709,-1.2754874099059523,2.886429486384002,0.6321198149913324,-1.1967387080634053,-1.1528981078340963,-8.948196872880782,1.3806954188374028,3.074614408405029,0.46038577447913853,2.336148262457064,0.5374178864212034,-6.13214599399933,8.843888177087571,5.317724685172141,-3.917278179473171,-1.4454278514648873,0.8111965658038749,-1.2384326352485022
4.757981099625206,1.319647154862245,1.1695999983123357,-1.6401020802410091,-2.33732879889714,7.0918151541283745,-0.7066898850598183,3.6236289151551238,-1.4440272988163612,-2.921129933486732,-2.7586587226430446,0.21262820541959954,-0.9670804157119922,-2.4669141459838957,4.381121864957416,1.8148359487340355,1.3838406767613827,1.2586084531027177,-1.67783274572923,1.9593182274711918
0.619778885097502,1.0381180562790024,-1.0725301878372824,0.42451656864097176,0.7867558363886297,6.045186406485518,-0.3110596062843138,-5.6874901088593175,0.9112959118961537,2.2481315487341385,-0.6884566981560646,2.407109456151533,-3.63807467714511,-3.0828517967909983,2.093074699022395,2.551326042123867,-2.313710134303206,-0.682784429646489,-1.7147180516987603,1.7833994355443616
-1.3712097198424393,2.4185143643173133,0.9968507186169355,-0.9980509543290967,-2.765192506366871,-1.6177194555022334,-0.7991777355991784,3.2683841327668426,1.14364648546865,-0.924348455000602,-2.7740327830237352,0.6638095494260259,-1.4342652425139222,5.801387356670351,-8.811266421850027,-3.961250895548697,0.7358579076964815,0.38588369927317884,-2.0701480297823243,-0.13367103287606086
-0.5845981166087048,1.6853109830414876,1.4100353277298274,-3.999413540153059,-0.63590953417226,-1.742198234130031,2.4908937145146983,-4.4667296933798575,-1.4087607994582818,-0.3625123453946555,2.2150956758923925,2.7299407780288485,-4.0614689720287025,2.7709005357422765,-13.76729514686161,-5.86610033504103,-0.3943535115516936,-0.3025228302954518,1.3955920972682734,2.04132349687143
1.7878701623958586,0.5057625725654176,1.7157431502315221,-0.6641546028201069,-3.475710313155041,6.539970834487201,-2.2375776735291226,-2.1529117525805628,-0.9039289901446448,-3.3053436756290617,-2.4881164201226005,0.7842857972452837,-2.6752879733163275,-5.156182253807396,5.397687396776051,2.1258763591570893,-0.9106105310495549,1.2545156294666429,-2.5626649830968167,2.416491801375556
-1.2986623516739615,3.3057558614248643,0.22197176592172807,2.9829392384511517,-0.323272665718197,1.5857111574906604,-1.2686171843512986,-6.488072998809459,0.10118633020710838,1.646886642949902,0.030433025589493956,2.0991600538239275,-1.765372682966307,-3.691165974734756,2.7532143356271934,3.0967920493203156,0.596839798439987,-0.601191552192567,0.4847918483576592,-0.8654503472218078
2.299100921477928,-1.2163559128048655,1.5277357331812358,0.14510343701335593,2.4153523965875077,7.569219947794958,-0.8266507823134287,-4.5923749274664205,-1.1092404805913378,-1.1440075942776295,-1.9312788197185142,0.5422118984017282,0.1172857458042822,-4.804886445797312,9.536989858713282,3.01472137709329,-0.4349078607683418,-0.3816654012686204,-1.2273238910522533,2.299674898738027
-2.149776067963486,0.920130199576794,-0.20083345242137818,2.2113927729731335,5.24130896543135,-2.7484067201381146,1.6205421556610733,0.13087088601211375,1.5296726483725003,3.727885995192415,1.608914336801428,-0.9865452854712866,1.061076942482927,2.8104518094400532,3.2748779014676144,-0.663790123581639,0.6808876634349663,-3.349084141911445,-0.566714322937695,-1.7957244859432395
-3.1515163277624376,-1.0511013813599117,-0.4743813662402028,3.734454041740012,3.958168577572518,-0.3319460551289747,-0.04952989424203835,-2.5777974377403177,1.2559352605600085,0.6463736189522937,1.4569142463971125,1.0226231248370699,2.355034089676922,1.3621277610663425,1.2229133885486905,-1.1372062627541197,-0.07793369225287305,-1.2807108992998162,-0.29835510704033036,-2.750393262622687
-1.6956414664853314,0.6848766013961627,-0.13640647607495937,0.39477471916496043,-0.39108019689646917,-3.060392497286705,-0.6538098442382134,-1.831852983977546,-0.5093534260419993,-0.24675101726446447,-0.9098906063619792,1.6119992782638257,-2.5596019766736156,1.8524840849042494,-0.5596630252493714,2.15221742121377,-0.006504096183988839,-1.5747985999909186,-0.6231357689047752,2.1173785670505705
-3.637540076565762,0.6208682658092884,-1.492400429360195,3.5062749249872605,1.4996456302480934,-3.599248930629431,0.21995659393154612,-1.5087903388180397,1.20376442867017,1.3922168695221409,-0.4468466344086759,-0.6424690337290347,2.4235896113626936,1.8097443106633218,2.0167074632900315,1.2886812636535623,1.9480756368842889,-0.4065748334692048,0.3269357931329011,-2.684392493933833
-0.38798693511926496,-2.3721396870058746,1.6664288625619421,-0.5656981385320741,-1.1547882087930745,-3.364509378907945,1.2845440738330285,5.6632422021891955,-2.9755028936113943,-2.1349492061987134,2.3412239495035703,-0.46864692135411967,2.7345379051603773,6.657317185601566,-10.76763811841759,-7.547914525783957,4.020661673378251,1.1740481037593045,1.2684987755039925,-1.1820743569768688
-0.8491262019687156,0.11312717760546243,1.3039024875189944,0.7394392939874304,1.3199249856122584,-4.185364627079548,4.095986647216973,6.636707665114738,-1.0137574078764024,-0.7869184385504248,2.7163921678498406,-0.4430033710110886,-1.7649465264581947,6.341572900373613,-15.325360640781192,-8.544917173761654,3.0617101035424765,-0.09227963302618505,2.315692022090258,-1.6705232693535859
1.0439862688662525,0.399573807066417,-0.2859389309101912,2.955715433056963,-0.6105844419918408,3.697792612512389,-0.16879676339143185,2.1105636254880182,0.43841975654544274,1.0973725368863072,0.8845407064162354,-0.9721670792861312,3.5082589174547314,-1.1765800662023584,2.08482643555309,-0.599479598101468,3.4106116639742035,0.8370202184566025,-0.05580419391205074,-2.73278464842669
1.1876433476683899,-3.4025210543309106,1.7789913832394273,-1.5419194563871692,-1.5051938982419013,0.26351570519902595,-0.34594545665683324,6.207031941157663,-2.519349919089696,-4.642736292995581,1.288158418556682,-1.3714660918060084,0.5160701952306231,1.5312469291316635,-0.8710325904326689,-0.9274290188855074,0.061839864650001575,2.588870124603058,-0.5745119479659375,1.191872491747194
2.015277519431878,-2.824421407048027,-2.1728448912954823,0.586213115954825,2.607625830338967,4.138588757690094,-0.8222508662164848,-6.5698480020725984,1.4729557615946445,2.4339626238651544,-1.843444818548384,0.26028353859545755,0.5830922338029471,-10.043442142326223,18.693213420995768,9.788626785773516,-3.4721278964130136,-1.031527430595586,1.8432139073665343,1.1481449744166647
0.17375979420273313,-2.358714202794954,2.004087452682872,-1.2714625665929842,1.425358097556951,1.9268860774923158,-0.4749242863402745,6.239593018749051,-0.7192380198438881,-1.7939271474854825,-1.005206342377597,0.029637986638884777,1.4021126176955705,4.0594974677862785,-5.171266874258483,-4.587893359241379,1.4531201342949882,2.3030818540616584,-1.6287857565192292,0.7954589638832565
-1.6865095382887738,-1.3741395319286582,1.2143577179408342,1.721972516936447,1.4417265470878164,1.273363448083615,-0.09790634069239318,4.482165397725285,0.4845938444510751,-2.6089649978146197,-1.5849019308596572,-1.4597550503023908,1.0443397499250295,2.083664800276189,0.23715759531418357,-3.3572985926067287,0.24566927513049586,-0.40645110252015304,-3.1222358820528964,-0.03544038909014372
0.9760072943356243,-2.3561922722869135,-2.884754733239993,-0.8725069485816075,2.5152553813726914,3.0745787530472595,-1.0463648958393517,-5.228308028284632,1.4575158548598965,2.147328716785836,-0.47428921810863833,-0.6229504223525606,1.909732397322476,-8.563279414386571,15.037253366382178,9.012737588091142,-4.623260655054528,-0.8624040528750351,2.7103841415086882,0.9603878617538905
-1.3398863799861447,-0.03551264327041679,-1.0619905025213616,-3.544338203290068,0.3367240877938493,0.131951893425447,-0.2541981977233184,-2.5052190182700085,-3.1346592216000246,0.3707155852446258,0.2668055529718244,2.174528787801737,-0.5043686903617077,1.7878247909191152,-7.678627028749105,-1.3041300983123068,-1.6756192038228648,1.7220110345368413,1.177875309685108,0.3152681642567093
-0.7871841014732783,-0.23905761466787667,1.5234911599891192,4.698322580465884,-0.03703746919520423,4.942357546335172,0.10882690779670272,5.40613368726766,2.9305895234774537,-1.7556950871008659,-3.3648403212246687,-3.019793825285538,5.279466032761819,-1.0102547045524757,11.613828794803428,-2.131673292360922,2.0200360773338315,1.9662278914156017,-6.095970499221363,-2.10717606631749
-0.9459573928584758,2.282376691198247,-1.1045538507866586,2.6120916271917385,-0.47303487770027886,-4.669799317233377,0.864994827440711,-0.006610774375489847,3.4489732653946166,1.6574375750655341,1.4102508517441885,-1.0908048295501578,-0.08074434091350025,-0.40760734751212446,1.9732252930939942,0.8565253819642602,-1.13360788851234,-1.787267101893986,-1.553232911778922,-1.1172548990088995
-5.750175265838163,-2.9332084052568286,-2.0972231678496205,0.2976202071665277,6.962890951057326,-9.467798661105538,2.303826114445919,-4.652476784592842,0.007108022677653869,3.52098600982383,3.8328896693895063,2.172575992495258,-1.3977203209808786,4.473371083065965,-9.926103924937253,-2.030349976330389,-0.553270142962279,-1.726629708746217,6.225661293852028,-1.586885891871848
-0.67973127215428,-1.9056877893092845,-0.14344907170593618,0.48056620096508806,4.14700381361876,1.469326817514455,-0.7387071501628959,-2.880039163705359,2.5194614140516647,2.309107726281028,-0.9444268947830836,0.5479927446316966,-0.1647198348277909,-1.8409164680645493,5.859802266791955,2.5698827017843993,-2.319035809424544,-1.0267118105837068,-1.0014181764573666,-0.014106957348268551
2.321606745125838,-0.2453612931207152,-1.2699132652818925,-1.587209758849247,-3.847458595623619,-3.6409805796835624,-1.1578336640312723,0.33680671087375247,0.4064975566368705,0.663750988397693,-0.6201219754643099,0.6279266061123069,-2.3753915166869906,-1.8003653960359,0.29836679881927575,3.3755553740881368,-0.8566316940205339,-0.36370417405468364,1.284696285161095,2.0003197632629024
0.8430304960604268,0.18736695415746984,0.14068447460033046,1.2951964099257331,1.4018644948401782,3.057310100400961,-2.074466524738699,2.786821604161183,4.760210237633645,1.4284047116631624,-3.4144946265395055,-2.238833366643163,2.9065038295481607,-2.218080419025675,11.54086089506333,2.8674856957377206,-1.1468732305659546,-0.6996655010751445,-4.215651007264236,-0.34734234424570426
-0.07892877533651987,-0.3561949501415633,3.726997718789424,-1.8059819220621134,-2.275370973084008,-1.9443379155531895,0.7769565491388507,3.2954655045009726,-1.0136906467248545,-1.1973750189236156,-0.23529735897713738,0.6159395422934866,-1.981513661915657,5.144799613540675,-4.4673613073720375,-4.480801194931513,1.310420737412107,0.5517022249642629,-2.00894793154821,0.9242502482693872
-2.3747433660750366,-1.2209979880885085,-0.26399137274944917,-0.744564243219193,1.0216308852305498,-5.988291765112301,-1.0719571918130162,-1.2463669205826355,-0.42451490387972446,0.2376585825718562,2.192417515802082,-0.4497714038648427,0.2102857852313369,0.6181479387917894,-3.399056232532358,-0.5238145718969016,-1.5766653419552192,0.020141339276489426,3.212267212281434,-1.3756626928402844
-0.6982170653473149,1.6648477571417168,-1.1852395640659479,1.6233501735954003,0.7843356251288198,-1.7511358073887462,1.4523563662928511,-0.6788695287534141,0.9696194505663883,2.8960660460443783,-0.5610733498331788,0.11542495809323958,-2.7957512081263163,0.000738576091146026,-0.902068612097596,2.1329406416410612,-1.0758962377617236,-2.0629127754841883,1.6110691380433049,0.23447939825197633
-2.488437273475153,-1.3732085697619538,-2.1516254858608583,1.7390825221014208,4.225965173213221,-6.322658700085892,0.790848218638667,1.3310126445455481,6.225317800171183,2.53197770259857,-0.0802020113508024,-1.1108433514587723,0.8144836604996584,-0.5880108300035098,6.688538168159589,3.951259426469214,-0.8914681074436904,-2.6732211780828115,-0.7216057945180685,-0.8852286523757457
-1.9034915112518938,3.0677052959900304,3.2917881966763174,1.259406385204215,-3.730720606191721,-2.9992587737468104,1.60916937524478,9.715806550699003,0.0788157266625191,-3.48335223973152,-0.6595450356195881,-0.2972948838724066,0.37617195618460386,9.964573735802924,-15.588776343513803,-11.436759969308914,4.784536445150371,0.8421401214188171,-4.244980423194414,-1.5176507130597008
-1.6097929713798234,0.18482371367337735,-1.4005892356420362,1.426164060191539,2.3306365700607983,-1.9729856719550722,-0.7779591167945904,-3.48934192818065,3.9238666782152114,1.9248374811421414,-1.4382687303210477,-0.028039896896502915,0.7940314381858639,-1.590399355352831,4.7751351444127295,3.6827344724560858,-0.5241446113464213,-1.1321759223274224,-0.9434238423529059,-0.4441909352061845
-3.0886788016023763,2.7342528249375984,-1.8187565776134496,4.221566537642859,-3.4012166274966162,-5.962396251993808,-0.8621860747206588,-0.7054388798402995,5.734829452529404,1.3912521108617617,-0.18820770875267234,-1.8771779361341263,3.6737876262676625,-3.096150753100409,11.60846787329358,3.96717978679661,-0.5415800199129481,-1.3096607651773176,-4.3599999164820105,-1.9392975043368472
1.6167737860260423,3.0539790026672526,-0.07859555827818951,-4.007255156101878,-1.9181754986728232,-1.2127510234910082,0.8210438868098378,-2.635155878894736,-1.373163982238734,0.8618065971188822,-1.2546353943120838,1.1678651085761151,-5.361380788033417,-0.7527925520138649,-4.909364245609508,1.4983683554375662,-2.368735947047578,-0.37971682210431157,1.3761752420530486,3.1559833779601356
1.3788626286226884,-1.4919066876922054,-1.2806096647384928,-2.2265056650481494,2.237137708022494,-1.6139503408277625,2.6240715782932558,3.7525283917793097,-1.1990554498990227,-0.5813059246619674,0.7928022676047046,-0.7128756127591123,-0.341329161375747,1.166350582793303,-3.520810258705844,-1.625361066761605,0.9971923909289887,-0.21508494702166003,2.821250899394901,1.115317255497351
1.3007070940642267,-1.0877065676542121,-0.3675950196831113,0.4873169039043017,0.7276665004389111,12.259742567025445,-3.176074899470902,-3.6709531905490165,-0.7161459673239605,0.5125038629814112,-4.375171338532695,-0.09001116869295706,2.677909426653565,-3.658842810752705,14.547051219371484,4.86198481369474,-0.9508716130854026,0.4856843827789198,-3.2097004231638184,-1.699622312639659
0.22577859545191298,2.583186367724516,2.574638514885421,1.1636272236745961,-0.9786521713381082,-3.5512943940464243,0.2414268177152129,3.219292729804901,0.2727205444220856,-0.8795578681065357,2.255658263052601,0.5379518146084445,-1.9033206526820385,3.9634104005824695,-6.97852432145226,-4.0770516311017415,3.6226227763147527,-0.0015155499997514127,-1.6827864467672318,-0.04367228320648266
2.055956080178622,-0.6794563483001361,3.2783652736321,3.343084349795156,0.3334599820558922,3.43162593417303,2.1430903861021426,7.156156980463389,-0.22743060428878922,-1.6346722289420748,1.263132735651817,-2.4623739615977134,1.0754173648608294,2.4979339053667937,2.970563016126865,-2.2858686842724283,4.405114981487353,1.1608695111195189,-3.6326060962889377,-0.23727300167446483
-1.0925639015817694,-1.0827862293812693,-0.10088368371728501,1.2238614832482264,-1.0134503254267084,0.9711354089692954,-0.7635696109684122,-2.784298467130961,-1.4391594562430232,0.48730464087199293,1.1349947109745022,-0.16219951165020008,1.3715999351779686,-1.512606285340579,6.0616969525113635,1.3636415868717342,0.28479497166586587,0.2268584259881771,-0.4052626682026822,0.546740459421506
2.1165567299698065,-2.7555641201460315,-0.1632270121538606,-1.3040792292597185,1.090703147336906,2.5057665190218095,1.826649330798701,2.5067410731360886,-1.822558912251846,-1.641227723378826,1.552977491899783,-1.435240683146067,1.210325554852731,-0.7606455486049386,-0.23761093318829712,-1.9658813615631645,-0.6324439335434695,1.7788987007868415,1.1670810890597603,0.907438394924028
0.029858046189558007,3.1900611534857326,2.2552945748233713,-0.22877531008942148,-2.0614392974386275,-1.344965340595651,-0.3488493863833087,-2.1359123817248897,1.2747460758369233,-0.9865442939614792,-0.055883960229262744,1.2729579810855427,-2.861154785266587,1.3242065868680049,-6.9661550461171595,-2.211767770806273,0.0877555594463475,0.6393014512122033,-1.9932579658960674,0.2769964010746927
-0.2917555787528643,-2.4480385158389595,1.5562619672766334,0.5329568684769304,1.7881674509695222,-2.1291369961305304,-0.5391260048899712,0.2595751378268786,-0.10286443786179111,-1.0383477643223353,1.5343221412153238,-0.38628380211215047,-0.6098356992449951,-1.2128911010132373,2.5315405219514426,0.10644223883097315,0.335999827223091,0.7070386637366752,0.8868184277661063,0.3143826508170751
-1.5633785150606978,3.5327106251139373,-1.0673750916729108,0.2177188632767939,-1.5340273874307533,-8.258760553902928,3.5057616667629055,-1.0082640980405855,-1.9991183905105743,2.0329760263189343,3.0457297778834214,2.0855486152172795,-4.511716011811712,5.968343335407191,-14.713882716739382,-1.5257862343949862,0.7428658656636365,-1.5995992378805999,3.144565880871056,0.17758272540701198
0.5252943781953655,-1.068448405697682,-1.4956019515065684,-0.8606007466298211,2.8058074182977633,-0.2640465176017206,0.059770289567921665,-2.7203317938716585,0.5886109350285094,1.2841508518271687,2.195562944588026,-0.34596156395787847,-0.45159336122920235,-3.7644790393996717,5.1155796464900885,4.964551321644882,-2.150646549177396,-1.2833475159936616,3.625537148094179,1.0528716605836546
2.0376217064444027,1.1659583892838743,1.513918340301062,2.3997892508545955,-1.0415070710085244,4.794117548983668,-0.8746941276146039,4.747349964482678,3.0154225719073247,-1.1842734992341892,-4.3172861982252595,-1.3062862972105682,0.0989261233009967,-1.438549068919292,9.691317840095484,1.7058375409365263,1.7619709273530864,-0.32273480334215904,-6.832991565712572,1.432298348076011
-2.881433938392392,0.2001894452184425,0.9868303091012673,3.372503657558283,2.2341799868489316,-1.8739297977210605,-1.332793628367727,-2.393452300953599,7.268569089731421,3.15539672139354,-0.9972493505545263,-0.7694163440095142,5.065789941232265,0.9963925762081582,10.721929393547681,0.02258922184680634,-0.8800520405066279,-2.7559580496419294,-4.385684430015725,-4.0287256441797465
0.8082757145428123,-2.1199788481568085,0.3195704391747782,-1.4345084130172694,2.3544827037431455,2.345647348131543,-0.04986657959665785,1.3811970585638758,-5.159121714528577,0.40598585472206783,1.5896394480577063,0.3346137010695077,-1.800426008345883,3.755695956814143,-7.891464580162792,-2.0984814459683627,1.1002058396303631,0.7122618410530316,4.278029088189632,0.9148927942262723
-0.1538581820557695,1.7810968619654586,-1.165024299602651,-1.8141707863620362,1.7406395716971317,-2.5088220448635865,1.3387852442875177,-1.007101317408805,1.6437627287028649,1.4735769348602168,1.5116885879716349,-1.2550581220099104,1.3826828907944448,-0.5422199126115594,-6.598384143783504,-0.5942266486841997,-1.3912638957408037,-0.034680161123379696,2.8593503582703788,-1.1599946813299538
0.8775784760219871,-0.2070646840729471,-1.1000239455979328,1.450126612453429,2.746499059552247,0.5197403928494204,-1.1646720463017937,-9.12346362447106,1.5560706394649706,3.3995401721716307,2.2142365416220104,0.7260918162159921,-2.1539581508659262,-5.143400134219929,9.482728464877058,6.792596652592759,-0.4919529010805648,-2.796686564429003,0.28051342562003234,0.9264581234343171
1.9292996888121885,-0.1202425656137861,0.835381080649188,0.5704959168067096,0.1583376953521391,7.61494363678381,0.17528435607187343,0.0453340128143952,-0.10561417730043143,0.35801959602108574,-3.3497343892681015,-1.1177580036134518,-1.3089680471361247,-3.538113345121971,11.143244833373098,2.002866485816318,-0.5651383701187097,-0.07250095213601161,-2.36862526514206,1.0185629737906523
-2.212147194037673,0.8939814413664523,-1.3788621817597657,1.9607133274191586,1.091758970656069,-2.652395363755078,-0.21940610940407032,-5.295610362197396,1.4953275546884681,2.4794256156373558,2.435391846965097,0.6640670769809771,-0.7867155390843228,-4.940952590893654,2.4520926217437093,4.4617250170188925,-1.949960185963818,-1.1523282754716815,2.9286361234823857,-1.276037717047366
-1.4268870524215016,1.6783946734772495,-0.4820761988231167,-0.39599744923091307,-1.8501802251220159,1.825325108124467,0.39308496081515326,0.6971275282123399,-1.4503944742243848,-2.6444914848793797,0.38164202233623334,1.2481456586530686,0.9652443187128528,-0.047993083476998155,-4.687093240453553,-3.416855865706414,-0.11730691664781934,1.3045671234694598,-0.8163400418145408,0.2926543966945591
-1.5966107606666542,1.110794176545221,2.0191674577814616,-2.1136580151371214,-3.9403576389994726,-4.828922757514929,-1.1806561572500722,3.854425453176164,1.06175361566772,-1.8316824847268598,-0.7398823491607377,0.9048301822222986,2.1588640628554225,6.844466663901878,-11.538388610706324,-6.093930114924255,-0.6764434475628165,1.1831291271533886,-1.9057214654888295,-1.129245586360333
-0.9092223605179454,-3.2470302146436474,0.0023156960841659024,-0.19612034896051744,3.9691833879608915,0.1512598757014586,-0.7538451240647067,2.379927829438139,2.260409313873459,2.841967034966297,-0.2314884248951068,-1.6500048544855144,3.717694279726211,2.2208990607801944,6.631919499207017,0.7570543809371797,-0.6205534953566769,-0.3544389517604907,-1.3155845389710588,-2.2438155351173914
0.407697104395377,0.7530101029772948,0.132507385975432,1.7088973702371357,-1.8905331317664504,3.1047345827392308,1.0205631545348761,-2.181813971262372,-2.88182728670607,-1.188587916429403,0.34192189468193124,0.9507608282213287,-1.3480320330325661,0.5935945918316126,-3.5065914437778356,-1.1011973176978647,2.7961791707717993,1.693334379415557,-0.9396750060672611,0.47696714180355493
-2.0152678825730357,2.3901385597405205,-1.3371369575685905,2.882503696585468,-1.912004343560827,-4.2353199814412905,0.3617872240438032,0.5098439620190898,0.5779739461691511,-1.5529903211958942,-0.44307557701263156,1.7829281088543678,-0.0902017510222819,2.1390421043920362,-3.894690950547073,-1.5958132762730461,3.2558497385442005,-0.36949424143492426,-0.1827453721397111,-0.8718384564416581
-0.9501442182009197,-3.1866530961055113,1.6769951795082623,-1.1057556160835467,-1.4031092203150592,-3.5640117460390366,-0.8457678931941833,7.245349375616069,-1.4301532856910315,-4.7003475935933,0.5521843784445674,-0.15707165115919292,1.1823687841600679,5.298829552804895,-9.010785211773815,-4.52228017937857,0.5878801220360947,1.6605434092412215,1.008391055087562,-0.7548310765732532
0.6199932238623105,1.037409754751422,1.3624793276538147,0.9957278694232014,-1.401410121799762,4.099387120153713,-1.3501123369223509,3.978434643486964,1.7113039546011017,-1.409565976609381,-1.6452616174048145,-0.8777248335836002,1.5261959772781282,2.527768494418545,-0.10428843204764915,-3.7308463604817996,0.47691785691504707,1.7484963821060022,-3.971830441623684,-2.4036691598613547
-0.5449820111002626,1.5066235260692715,0.01331282865970862,0.9099534624412444,0.1356308088714918,-0.29991805800367866,0.11542199785092687,-5.346666774938059,-1.8073934140279158,1.7299502806539317,0.7059202783457792,2.1576565598414983,-1.1316276649627062,-1.0621998903698215,-2.6848978348113306,1.529483079631894,1.1860379287866558,-0.7686677267774805,1.5138690326795023,-0.12813582768245252
-1.78947073443372,-1.5891317231920192,-1.9322526730858687,-0.7127124379199228,2.036211171116606,4.578404726215495,0.9707894729399065,-1.5239163484407834,-3.4159710129433285,0.4850186774264842,0.15389954435759834,1.262095677487033,0.7582735851649403,1.6089533141108112,-3.7209974556959375,-1.193244490285014,-0.304582985346958,0.41843131049388926,1.9750467444942883,-1.1929845631827205
0.2238579331464166,2.3638054201378624,1.4637188714635252,0.7427266118358984,-2.1218471967890387,-0.4330841941301158,-0.9043138628670135,-3.5986906096219746,-1.0411965377233119,-2.755100306069397,1.6037224339645775,2.500710254721299,-2.7146211604225843,-0.3982334416801506,-4.7109075042979836,0.6754096206189713,0.7434323612999627,0.6361694308247768,-1.7306244648589395,1.1509881111343678
1.0955117468050752,-4.188622160845378,-0.8556704154321366,-0.6471125362668773,2.3985503137951723,5.906759975231003,0.8042244801886709,1.5851041746945884,-2.8571764946784564,0.7411261938852253,-1.1767751646481797,-1.652885233441303,2.2178621921164052,-2.8148874420283256,8.313382257138723,0.9313259683940872,0.9030183696890779,0.24772196233792873,0.16689052967711576,1.9513299783035905
-1.1470895303141482,-0.6397072308095164,-0.4884477405085984,-1.24700081653957,1.1554855194811302,-4.297539484356041,1.1239470855584808,0.555184790042518,-2.6200900587843723,-0.4082919608756132,1.9307197989615026,1.0428103448862311,-0.3590893037177684,2.401784377774234,-9.744236640262233,-2.62575980425968,0.7895703403474867,0.11518033516302696,3.8379509568603876,-1.093993716620027
-0.6579965354510433,0.9554850439454822,0.32899613133228944,0.7454472394789948,-0.7579047419287621,0.794252158851932,-1.2770134550929728,-0.3880375078794541,-1.0732464910279615,1.2465062064896946,-0.12633044550915384,0.84821488536938,-0.0023285185903177963,1.1940429150963663,-2.3391852696086546,1.4294388451586464,-0.5918451398101201,0.48617956682413677,0.011439927828296725,-1.8096456504911698
0.9946544721672278,0.1323707257908423,0.8636826930492381,1.9085649739396486,-1.4921301486885925,4.309439612911765,0.8551495011313398,-0.74409136070496,-0.037888741458723965,0.6559489655346835,-0.9694133492463158,-1.2351806641720389,-0.4144997605110785,-0.9147811089717096,4.281886437678394,-1.4705533528338965,0.7867037049244066,1.282381876139563,-3.2121091353727884,0.6700254438876195
-3.952000589790045,1.8959247954155152,0.8054730120340484,2.213976848287424,-3.825777889233847,-10.893600671057982,0.034923800819870635,3.684607905058259,3.0109755436145855,-1.2533890831857577,0.36997038065206705,-1.1925127754297005,0.6280639933091066,8.069494351669123,-9.63125480991854,-3.9168658324604815,1.22334530513955,0.4028762565901017,-0.732953079615001,-2.952671830519624
2.70502339210257,-2.1016240681000236,-0.4663969291839752,-1.9141676285689946,2.843791215892464,-1.6054076251007658,0.7315955191315252,-2.54010037690588,2.6698921772096194,1.2687940576877725,-1.417239515318023,-1.5571868800451096,-1.2257529519553132,-5.213715854575543,5.110732944895114,3.128487039549365,-2.7924549343020098,-1.0189630335251196,0.996923251649123,1.67280314230385
1.924694311569532,1.1322819224287237,-2.1782587297452833,0.12895216337979412,1.8758462327066554,1.9455799312961468,0.897467089782775,-1.6894858593038933,2.3458471318838607,2.5119596322997433,0.9267246932326446,-1.2580535026585327,1.7932182671897192,-3.8932370267786904,6.8980542008017505,3.640524697030756,-0.9110969012774891,-1.1989137884503405,0.49291696167197285,-0.5321122075833368
-2.792860532349018,-1.5461536500611834,-0.03558660929349934,1.790377879389474,0.6198594389624683,-6.444940534540035,1.1726757454709327,1.3413466570659338,2.0516975337495094,1.0055683860256281,1.4407587902389904,-1.850426316766497,2.0714783332194107,6.347348503507003,-7.759015426490153,-5.312179598149525,1.6731479037905896,-0.20859135618361518,0.13678919849528773,-2.0839880415921863
-0.7255665666246883,2.8979389867892347,1.2071675895034404,-0.9583481138584689,-3.5253560680550837,-1.363467014018556,0.7400435897582927,0.35552836288207224,1.7105330992104677,-0.05755392479652288,-0.5219672897279611,0.696827807349255,-2.5159452756563234,2.7771523197136947,-8.78170893713866,-3.0565987681587616,0.26542601509518954,0.4978135788309314,-0.7184304424972614,-0.3643480953310715
-2.1642072921829203,3.199890073677129,0.797290532977401,3.648190586157223,-4.831522299881376,-0.0361282057658438,-0.8269716941778019,0.43088195605349267,-1.2618709754027373,-0.23637027269795338,-0.6308845606682136,0.7111532167620163,0.27605466129183265,2.6840680073705268,-2.3318790996376677,-1.6630839180351136,2.811923688306078,0.3555816813724407,-3.1167040926787704,-2.292783141683411
0.1471538458262587,-1.5230565883857752,-1.6057098185027794,2.072794985569425,2.660557324251249,6.266102808989327,-1.3870064881608155,-6.379574000538744,2.206530887271499,2.3046879574806707,-3.0612019500456036,-0.312802076686343,2.1063738464494604,-8.287734676606345,20.709610001583954,7.077303334768134,-3.6855902065609802,-1.7083216141783808,-1.53383771525033,0.3786997802635443
-1.370116806906555,0.3297828690058914,-2.0107321600652575,0.8935075186446992,-0.0480805647507454,-6.321741802502466,-0.6880306507602504,-7.686303904382751,3.099028228867236,2.5232714728548182,0.7083535811117674,1.4793075770100537,-1.866712462500029,-2.222071686785147,2.46288888559816,3.834218236304239,-2.208067028861832,-2.322888018247192,1.7034606148843303,0.32379498038558596
1.472258181348162,-0.4729521883555994,0.11476216033025702,0.9885086113218509,0.776355491398605,3.245301918980564,1.11675371775868,-0.9643964491717036,-2.3625992932544824,0.19426326545950323,1.412789339516712,-0.7689952729810364,3.531716233390038,-2.0915764210523085,4.8846844060337675,0.8316149153625412,1.743854936847676,-0.08347572717178944,0.10079212430283235,0.18677701606785793
-1.1997028741873104,2.1773134222044868,-0.8626414829698893,-1.6104202181571863,0.10491728887349522,-4.4154730631874894,-1.8852209975245704,-0.04867671286749564,3.5464711471352657,2.8002755316488033,-1.8768494961299282,0.9727447145233131,-1.1174648624993333,0.4889224573719433,-2.007935645783297,1.729638483809243,-2.3148570606225687,-0.4468878783317305,-1.1840181996061987,-0.1973459219068127
-1.094245770734456,1.8839798384018502,0.24342858628680103,0.5229379800519042,1.8310427367032873,2.327684937631356,0.9836696249098157,-1.4696251844014099,0.07537996772353173,2.7997446528270604,-2.1605049850889326,0.6899974329583529,0.3395194406902238,2.7508512984596587,0.22886771734985925,-0.5079644695711742,0.6127611480621932,-0.7724395192982636,-1.3193453752143018,-0.2764634463824412
-0.7532294653271228,3.101510936766073,0.08491494897376528,3.367856354952189,-1.2275133491325587,-0.016695189880902683,-3.647025231894443,-3.865122595715498,5.054217989973362,0.5308264726304663,-2.5710401564287344,-0.9883275643251606,1.542804763101409,-8.863256057617429,17.989799633696844,8.331991029693516,-1.978351973405926,-2.2100960432520114,-2.5989811078256757,0.18794308204151494
1.0717261921327565,-0.3525841772481303,-0.6270578607858158,0.4499941421462157,0.48844324175985854,8.849440060277022,-2.274618085873521,-0.24417806729274666,0.048897716425961746,-0.13538495256101976,-1.823384995578956,-0.3059983682411004,2.1240054317198678,-2.9942608661890953,13.603054150526852,5.134693493180819,0.57314374196477,0.055781516595644974,-2.1177055695799774,-0.1040730372307935
-1.2681833876231914,-3.357129246934776,-0.22931675438119645,1.1991764136581142,1.6171160987950155,-1.1462487059830675,0.4370209618300018,3.6931644593426975,0.8008977652893037,-0.9037216567364901,-0.8013257123585737,-0.02740069334662372,4.627382421528928,3.4655969520689744,0.8292489591043368,-3.561567281421329,1.0943971623559638,-0.31522361662265985,-0.32402236795420936,-0.9367606535875523
-2.0150366302840963,1.5878706684829815,1.624478211229825,-1.0231481569315475,-1.392662314893554,-1.1956035973126948,-1.379610914381559,4.025757824475532,1.815485629408718,-0.1229770176842877,-2.7961769541200407,0.26836680624021286,0.03169980461397648,8.291541012000724,-10.986832522778073,-6.888035398061925,1.8961177991585871,1.7629777951294203,-3.2142356111405865,-0.5191603866942461
0.47414476106974757,-4.349734157944773,1.383059973468898,0.020619539247346608,-0.17618403465464283,-0.3914695840323137,0.22756187400034114,1.634166887587329,-4.90942814800596,-3.318537959476485,1.0799154444224515,1.5531782512426846,2.0115818214975385,1.2237084644621983,-0.934367914655017,-0.5296384698581367,2.068674878970846,1.8845796459759663,3.55204968801921,0.160424493108779
-0.5507248520294652,-2.408735353944003,-1.668937889530722,-1.0107305169740708,4.364323387611826,-0.513767389187815,-2.429491583119952,-2.389442720179968,2.707211010835527,2.725026990534345,-0.42130633412799723,-1.1746400499176899,2.569623404792001,-6.038511965050272,15.794865272760726,5.369144590621097,-2.0966125229237615,-2.549665746460623,1.1083884523271434,-0.07176029462876968
-0.10092596361448458,-0.7576513236106215,-1.360388070837326,1.613092266683197,3.4820074444626297,5.375824483545448,-0.7695743244170786,1.5750440351989248,1.59336633636632,2.7623514079819484,-1.719704709256051,-1.8900844862479054,1.0283800872754938,-2.7490955987268415,8.385350765931104,3.5882824945543232,-1.6611840810070677,-0.5137959128503842,-1.4096197785595979,-0.8923660848092433
-0.927502994006747,-5.598982760657234,-1.280497263741105,-3.198011638728768,4.855124524778632,-1.2481373388931167,1.6257158849046915,0.3481192722093698,-5.396539653580763,-0.6996739555063454,1.9370945231529986,0.10079663540764955,0.7623996735809097,5.128526201472051,-11.269992143630184,-4.541749566981079,2.1611706797603913,0.9111535896830947,7.614165433778553,-0.5712548867520353
-0.029785558807412738,-0.2851028524272784,2.4587573445120086,0.8270824311944258,-0.8229533858946865,-3.517892129739884,2.99814874057667,7.910728284653075,-2.531887083760275,-3.865932644135392,3.2007541300659907,-0.680501519690911,0.05025526730756791,9.912817842099205,-18.095129454511046,-10.20004604178018,4.248373930266217,2.1562437926012317,0.41961029413225925,-2.0739311842700277
3.860381331621928,-0.7837036179005732,1.1057236912351707,0.20269355132015693,1.4694019401591878,6.293127995850106,1.5047766515751082,6.568769310001972,-1.421984391747919,-1.6234480848931903,-1.7408233832341284,-1.235915687065729,1.2401764470000212,1.6885989476652086,1.9441259845311925,-2.5387155677369306,4.010432096672168,1.6318474558492957,-4.255462515446027,1.4784238590383336
-1.7582643984599167,0.6093880978068793,0.9111911987681547,-1.3882445445932767,-2.934434374068034,-5.68054012541935,0.5848558609680446,3.271913451938981,-1.2326845797158195,-3.6077757616626034,1.5563541050525869,0.3629479160553256,-1.036896292971329,4.970632740308359,-15.094021429228901,-4.649218197937089,0.45185389363889916,1.6041293010869484,1.9490812177214565,-0.9255370567847632
-1.4540737926346363,-1.0120101785734068,-0.7708528560862731,-3.8841651339087466,0.6068373047115072,-5.2658560379462545,0.05832704835599186,-2.6128325598975852,-1.208911583975059,-1.167572910821875,0.23659630556295697,0.9935118197687036,-3.7746691703773467,2.538076706394606,-11.670967761312856,-1.9462368587798966,-2.6957678155667093,-0.8473500924174272,4.469203222337674,2.1812194123971445
-0.7418358183339201,3.4450881466366448,0.03695311371652554,1.411317716984087,-1.1944844823847227,-3.1436166397305545,1.0545859940375464,-2.160593884205878,-0.48539947813796225,2.066521925656871,3.244514717656563,0.029254772094055997,-2.1072885742714473,2.492581361514903,-5.467598930350074,-0.5674085362740791,1.6447678531582886,-1.0533605779530901,0.3755955865780034,-1.1902275473343373
1.3293870805355237,-4.01121029624169,-0.35609917670355795,0.05290202707925595,0.9549949441386445,4.224476941596563,-1.5288213894232467,1.1392471639093253,-2.0721692546835775,-1.7598616249053125,-2.843671290964088,-0.7187840614818259,1.0003040255602382,-1.470512156674261,4.864516462746868,2.982823123621826,-0.3808439713542047,1.7972337107897047,0.23284635859364577,0.8527981524139001
-1.64884582533145,3.0328494695073465,1.8838486685869302,0.6783153656688896,-3.131592001719431,-2.0203049181714774,2.3175302897629337,-0.09023522114800109,-0.5397863949182834,-1.3459955086251754,-0.11809547616997218,1.3603502470990576,-2.78993958703077,4.9253481191815185,-13.740353023110888,-7.748169254919299,1.0230824086711126,-0.10881731477845914,-2.3417080454077217,0.7136115821722973
-0.8929535639318179,2.772050094043758,-0.010203315211839814,-0.966609625697461,-1.5535218348108257,-2.807569489885348,-0.9896675656545028,-0.2911201555077374,-0.20932071994916818,-0.3630767634626946,-0.22413676764177248,0.9733527189480357,-3.0360810615224954,0.024236844872363435,-8.19922865075755,0.4016049177740839,-1.3029925645024136,-0.48374301499021993,2.5390315255864344,0.014540826926526548
-0.4918963818999409,-0.7010917071478353,2.132065231935236,0.8180416798119856,-3.4222199686412536,0.8823343243706123,-0.3609804763011862,1.621012703295753,-0.09561629147607242,-3.4628318626218926,-1.3494505653423279,0.25431494651772385,1.2678009686662226,0.36209824959983083,-0.9368496066716746,-3.350696415617036,1.7358724120667421,0.6446938222953856,-1.6799479811049471,0.541192456157817
-2.6442424620802907,0.6745523082148125,-0.2916563451597982,0.7109198245089741,-1.2663494082730298,0.20221826094457818,0.6598786641104561,-1.186417807134114,0.6187439190840527,0.1288613936937461,-0.4048987795616107,0.26110839609393555,-0.561024724548923,1.3237361376365298,-3.1690284966963316,-2.1721427181373967,-0.7316531373644524,0.6704686915241431,-1.0880931872746094,-0.7044653418735122
1.3268543276044167,-2.8377927605962467,-1.2142387688176144,-4.492048110669666,2.830193430404167,5.405857475248786,-0.9321069347682348,-1.2068357441447275,0.2848805368189361,0.13039585256028552,-2.98562516534735,-0.2748109207030832,0.8164322266262828,-2.100195610072801,1.5778847131859481,0.055164325942381964,-2.3462927698360043,1.103264894960624,0.5705520480024164,1.0110363066673826
-0.4707764580198884,2.955060744771574,0.09043382462018412,-0.4939310175343017,-2.2166306781576166,1.6024508659086636,-1.2640741116043233,-0.6987507623767379,1.3077727470359388,-1.7574719243630905,-0.7913541374111339,-0.3208103340076359,0.32580484062183146,-1.0858077903756231,-2.2567736599123287,-0.6432013397415048,-2.25456146603238,2.091444592508383,-2.563938595994085,-1.3987604909402949
-0.7647765689653543,-0.812349219329519,-1.2444943820410095,0.24360922943613517,-0.2797057486230574,-2.673077302147482,0.910021991347984,1.2695030935973028,0.6560379669475662,0.642520225352655,-0.1569012384547792,-1.3064850516135758,-1.2566356179360252,1.264015310022928,-0.7106798247106343,0.17715555645549302,-1.0505413226192104,-0.37575906904099804,0.6845979510530523,-0.8531815634717735
0.06824216004765682,-0.8367606183680367,-0.11506897523962256,-0.21949232224986787,-0.9129964718161999,-4.9973871843234665,1.149454291061387,4.288325234217685,-0.8968748198225642,-1.3447176046656555,1.2963355101075869,-1.5420055149816057,0.07216891007341819,4.199887749589397,-1.6750876308028575,0.4106200938121254,0.3827484675078645,1.1216464170175866,0.4220044306520281,-1.5056258596297332
-0.7241751033733393,-0.9983739004506934,-0.47344542964360026,-0.12491756835923562,3.5903088493881707,3.19976683817123,-0.5345989328485569,-0.5521969611092159,3.3192373734964757,0.34024818667575607,-0.655304356743092,-1.8679040050394053,5.3651562682083025,-2.0377890349670826,10.52313034866289,-0.701522955776145,-1.259744745828923,-1.4049953764413834,-2.587533391178664,-0.6233603441812595
0.5202021171287852,2.012791360688393,-0.8612353566196089,0.8896671727788665,0.48854196897563157,-3.7393288001497593,0.7020136351877363,-4.709165788211523,1.2025282905284467,2.1146872256589337,2.6159271994025843,1.022770982047374,-0.5210859963741177,-0.9113059845075235,4.709203709466593,3.9421378274498933,-1.233116340951262,-1.7389484234180768,1.1777179598732053,-1.8292627817844955
-1.8856188095907704,-1.5313236229632508,-0.8296918428378567,1.2254373400204297,0.3118056980116515,-1.5115822163367982,-0.22587629438307233,2.900994257743096,-0.07353633336505545,0.11562920886560238,0.08773153560895972,-0.717412657685081,0.7112407715318043,2.0207449765334147,-5.261402775680244,-2.0348303248338064,0.13150376777105505,0.6935888129603233,1.5936387696523062,-1.6912765562921144
-0.9916609521257108,1.5402699380378575,3.1176954909030368,3.0442453387354322,-1.7461339874214619,-0.2595922896340055,0.4637172992167619,2.3935984848656635,-0.5857525687878745,-0.82526272248592,1.0525499565943406,1.3586236150156337,2.562765249475039,4.171353894753584,-1.883133014937208,-7.404719008658677,5.012183571902488,-0.021568786766263254,-4.457450186831912,-0.8002397134032015
-0.5273551700634078,2.210077068583555,1.9031571160957081,-0.17921564118214972,0.22321296805344426,0.24966256344387028,-1.1159820529794517,0.8842279472030976,1.461368419599265,1.7583631279944492,-1.491329024857281,-0.225490468334179,-0.8710750237232814,3.1974687380483156,-2.236323243355792,-2.74566207017862,0.06380600291749444,0.27318536863804377,-3.0127078875106403,-1.2126471654580449
-0.7359001355492567,-2.3403526997828403,-0.5603209281183271,2.5670773570053016,4.656589495114327,1.7868409664450193,-0.15184843977106757,-0.44687970480369554,2.728865078481657,2.987696514719616,-1.8677288443942164,-1.4752892606402066,1.6918094505945505,-2.4421067180341116,8.311427404066315,0.9357180766225842,1.3290709986995544,-1.8712242187426897,-0.8310546226225717,0.004171327615842641
2.134046461000965,-2.282444059238248,-1.2720225378261483,-3.930525235027659,2.5554987919501913,3.4633509211170397,0.225894541163981,-4.405278889098753,-0.12189669545579054,3.2162503806267684,-0.4204639022543623,0.2016701389824809,0.2711648270235081,-2.83803118819942,5.9670636159869925,2.352908286706727,-3.769208573445712,0.10393238346377548,0.6665697405050999,2.0427871877407444
1.0280562598638996,3.3564116048709653,1.374442557289103,-0.09035329417187732,-3.845040646524385,2.0542380963066784,-2.9355283903977876,-1.9650328909511785,-0.7032698092401358,-1.8514832389189673,-1.024667772150464,2.2014262995227174,-3.448972272858103,-1.8214849033986618,-3.724290250282251,1.35985168520878,0.2688525824996071,0.5969235176466194,-1.9558349798721348,0.7575869196132072
4.599565613069142,-0.40509489620819716,-0.23580796064854806,1.3890367785127122,4.660431042152658,11.78972624654011,-1.001964542966964,3.3038324560735632,1.1352946220160165,1.7493998872306955,-3.570060017387646,-1.9326456994456698,1.8115233275873626,-6.259621762968499,18.1942842189817,5.017750323259126,-0.28631020487887526,-0.29552108250897413,-3.867441673284015,1.1559052167779456
0.1312916266971744,-1.9594816503660233,0.4295772300030842,0.42438347932076886,0.10265579636136613,-1.052831159215434,2.0617474358224293,2.8417815607260986,-0.2502108244032357,1.667665598977828,0.002552214932530328,-1.2174047077261663,-0.17314913520781272,3.0507268150379097,-1.8098493829203304,-1.8672278726957534,0.8354987255702804,-0.14424466823095225,0.042292342037686614,-0.35478849523500305
-2.7580867491891983,0.7245005094966877,-1.7939152789663726,0.3905104165011293,-1.7179111190312293,-3.831777512356292,1.2083029454265541,-3.361556191507619,-2.2911355005259706,0.6831307404641461,1.0822509238609692,1.500865595516099,-0.5589525837391103,0.9040154133468683,-8.71907503098573,-1.679569392177473,0.634199767909062,0.3842380722595709,4.034870365096845,-0.36775651938298864
0.6768550124926852,-4.066573170646712,-1.6724063055424976,-0.08647394861770075,3.7874215672908607,5.9358221054128215,0.057611258258305695,-4.270297226987584,-1.8179627825931886,3.57617489300651,-0.20663830983156362,1.4544645523560966,0.04495670098689497,-5.254163047842032,9.697145628671347,4.1653861341004275,-1.1049686791392967,-0.7987076957305989,3.191352843608832,0.5926307559363734
-1.130016396838546,0.12287988633273073,1.1133501178453784,-1.2411766756823301,-1.8925343698428763,-3.9133248004657535,-0.19549644930734633,0.7120304204841568,-1.0860915777538378,-0.03192435814358929,1.7016903854404337,0.3395599039310992,1.9799306198853732,3.194699289911195,-7.3740188990972735,-4.097424520413493,0.730031573405621,1.2343629594261407,0.7445136893277327,-0.14571137020194738
1.4503452901109424,-0.1740063761973536,0.22665123587587566,-0.670832910978586,1.6372313063003805,1.0866710981535328,-0.834708731371381,-0.9789759758607367,-1.0434081409791132,0.3195712346441728,0.27148901332836495,-0.5731616258597023,1.5228251820584777,-1.569697192585176,4.518988016942464,2.190929858787227,0.3318125307607933,-0.6851805073194754,1.7223401438730637,0.18846058030797117
-2.0900990422926014,-0.9062942993436415,-3.2562006146292823,-2.827848822238478,4.3198808797499595,-4.032868717298542,2.1073256331238293,-0.5541595729401235,-0.4922212708078344,3.162968098119436,-1.2051889349692635,0.563133958388793,-1.8853012757557654,3.342264412984613,-8.996109185083622,-1.8667431907128982,-1.1554778956985459,-1.9283742027495532,4.999545849948593,-0.7541682772746683
-2.667698999295559,-2.8193544390550382,-0.09806985339227216,-0.8324438556489584,1.5621050804003787,-5.899162357082385,0.9868441827830124,3.160948067251835,2.0163666244604785,1.763410588772047,-1.8932091297219789,-0.2955642785691474,3.4991360495613435,8.61367427378878,-8.477405171005811,-8.430284507528143,-0.0737513316164149,-0.3052406178231847,0.39689475617564507,-2.3553927436433875
0.3387163560325255,-5.787469771930863,-0.6157368498686157,-0.5742008048071794,5.762931500797656,-0.557947300136468,1.3042283840434905,0.7704829936767994,-0.9087985800094249,1.2981051786238875,1.8267546143559474,-0.7068200428390017,3.5288539626504294,2.9985409996128043,0.6172617711082593,-1.8066771148299245,0.9498956484107232,-0.4579996880429273,2.6842427592946363,-1.5888585895116443
-1.727827065100083,-0.6607433580112905,1.950573953741607,0.1856066199602313,1.2302075345824552,1.41317404059439,0.5785984278259334,1.2323576134100351,-0.40544518873890545,-2.683023083968359,-0.39752520949249914,0.56825138149673,-2.060955177371872,3.077714432871878,-6.079892943136519,-4.633948389388118,1.3630567829368254,0.3301226066857029,-0.320250891443121,0.46038883944006553
-0.24251593093057566,0.6071040278614017,1.653321943758613,0.980947888111463,-0.4001155505489553,2.2143438978047247,-0.737531259118852,0.7717818333880253,0.7784656747746252,-0.107070801353918,-1.9607890421705392,0.778211856228872,-1.8197666102141001,1.9111945898486988,-0.053876936529498876,-1.0789539884285493,0.4550340525962045,0.43658211259506874,-3.131497817056552,-0.7994876304548146
-0.6170932359293697,-1.3459391180366673,-1.530340333797414,-1.4137465783879075,0.17543339473617925,-2.910169050474075,1.6851688797345405,-4.719986527531938,-0.6216895918413374,-0.19399192203701832,3.7754422604823206,0.5585174081378917,-1.871937765634769,-2.3902886887158834,0.0953413492099544,1.5438848159015148,-0.8038844160817672,-1.6490883674684584,2.585473937406387,1.2534888246381801
-1.4112432055129955,3.3675391198983493,1.6834311495604533,0.23402652027315463,-2.7126892039812063,-5.452512796334879,1.896281320420154,3.2184767548470616,-1.0308098428767187,-0.9938966516223198,3.3769443206388594,0.8256671945788527,-1.607898062079446,7.544807243808995,-17.242234197445764,-6.602639394679447,2.38143050228273,0.5008666778993713,-0.714584140820075,-1.5132113681545172
0.9463424507414094,-2.133754928492509,0.12555509682729715,2.12842076188174,4.942370485375376,6.816092936380081,-0.6780184063877299,2.0170434875593735,3.2813105260358464,1.9050131711675138,-2.429556514528164,-0.3371876290117851,2.196570869262974,-2.188024602248011,10.511596157238042,1.607379024160377,0.4308196369992652,-1.5585510242248972,-2.418655607495708,0.8950824486035059
0.5158086714612782,0.4126786370891006,1.2292510743797604,1.368348500781605,-0.955399788911826,-0.13484744185904574,-1.5404642804658044,-0.34201842149342193,-1.253980930336087,-0.7606392016982779,1.7205072763111793,0.45651535171884683,-1.0874438791422794,1.113584402772266,-2.868010247406021,1.2161510075097492,0.49601608770627637,-0.37117454216822793,-0.13313988789936543,0.06681867332508201
-0.19333853317388788,-2.9755653692909645,-0.6143132344657898,-1.9374695601794756,3.848137281451719,1.392712415863555,1.6694254356772513,2.2829906510156897,-1.3453869717566551,0.6266418569194034,-0.09343183126260968,-0.05173567039384855,-0.008889990102941392,4.885202976905055,-8.983731180494102,-4.296076082265737,1.0228875718842925,0.21902552311449064,1.7017519605069364,-0.42527841660081134
-0.004458091069004189,3.0504352900991707,2.120609616439693,2.215408493075727,-3.2153446111689874,-3.7384953689060323,1.5603075945407725,1.558504321818063,-0.2144837657303047,0.1262966267252167,1.9734989554473983,1.0903853906782819,-1.953482966192793,3.8676120673105823,-3.95981837024486,-2.2315407183021616,2.3409853393104916,-0.7879377437022711,-2.3596259351796007,0.0030839531559503125
2.4436892078835655,-0.6842411866112045,3.0163633504812526,-1.1682252917651226,-0.7496343695445292,6.052901993264207,0.7602062622274867,4.595140128158633,-2.226779789275473,-2.0422214271747023,-1.368025980209884,-1.2547375763494053,-0.3805307052079947,1.0842633797545984,-2.3231081522521566,-3.8082244572781963,1.2120670445712927,2.301628288172403,-2.713622952385716,1.8847712700263621
1.5415259302800925,2.0101632753435235,0.8605344402241639,-0.7065985641787493,-2.25165668050169,1.6027049014735084,-0.817201686499113,1.9210093093257914,1.4979647188474188,0.614845551825304,-1.8397314944014735,-1.2248266544211897,-0.4133030864540874,1.209315993626468,3.051806810958224,-0.1864057903769848,-0.4839299264133684,0.5315775837367616,-5.0369991021861455,0.3821608894937882
-1.0470867022604387,2.1785095158712773,2.5809848040602295,-1.0692160355250782,-4.165637748626292,-0.22419064809785105,-0.0588326765394149,-3.141227489219173,-1.0416542608813597,-1.2275901150660087,1.6609479880803952,2.2695492938284025,-2.8414808582027753,2.9315867549587153,-13.549337980682854,-4.057053448840966,0.282860066707745,1.3166334419517094,0.8371166701314744,-0.530370128595554
-1.7334727853657768,3.9448262561349248,-0.04837107012899908,0.360471158082044,-3.060412632278312,0.2150568640559703,0.38668156038367313,-0.5181282449087397,-2.303293063672495,1.1057016126994799,-0.18039801273041678,1.4351058490143682,-0.3376588157851607,3.6878444108212074,-7.800004732844437,-2.056151480053506,0.9439927751871091,0.3964765842039374,-1.145415882190385,-1.913085427349502
-0.9564386129022459,-0.30179601159027325,0.6018410075558658,1.1553739393281042,-0.7217773472813472,0.4334807616951053,0.2786404706868211,3.5323073591776195,2.0208370757150096,-0.21931730655269094,-1.2874713701516327,-1.307827084037419,1.85624773978257,1.6545357172761954,0.12118406920219182,-3.192312948242032,0.7779187170748556,0.4790769783993586,-1.30903620385961,-1.5418457465634763
-0.2966871963913582,0.9219406471011806,1.8340565918241427,1.3495211647655305,-2.3526681740055766,0.8660038800750739,-0.6950160469629555,2.2498702446562198,4.653384330816398,-0.7032483509100801,-1.9925013777113554,-0.8518714268396784,3.3738589093965627,1.8627029958652566,4.728370687562398,-4.6235885129728596,0.49475969262018715,0.579480666978274,-5.542084226605447,-2.0415088263467713
0.5407076521620812,-1.4341906334574195,-0.5516337973381475,-1.1495987355663257,-3.7249424799214528,-0.6125068369391647,-0.508603451243011,-0.791636371238024,-0.6174408094518635,-3.70555483392483,-0.2716474222426194,0.7600673745020704,-1.1989825377020968,-1.4856770682663452,-2.3879650242892856,0.8781654817391777,-0.07355198384242426,2.48017617000353,0.9041241629834709,0.8013161635173597
1.518582517192442,-1.1876585148076537,-0.1334644264269942,-1.4151435080723638,-1.7965037058303848,0.8923461538051071,-0.024513236320331214,1.9901321253651,-2.327840111441681,-3.7806955884051687,0.7597974587042032,0.4215662726435262,-1.6011429833069644,-0.9146240070235694,-6.191846828056016,-0.6497110493150546,0.6757182449956791,1.7505876834684961,2.286970241359412,-0.464919602810013
-1.213160763851029,-1.399744611637146,2.1714023306773966,0.31376987943295664,1.6628693079995331,-4.9248692559774225,2.104366831945851,3.1895526710102233,-2.0414308402454435,0.45673292903777707,3.7079617636919284,-0.18703829502674424,1.8557009478318385,7.227793058257623,-14.69737462835364,-7.8780520209406895,2.8712201391472396,0.5782255642906708,3.4693208227429215,-2.0909950214783555
0.5192714297947476,0.8022998078904902,-0.3016360465881732,2.8557530050206728,-1.652543341639109,0.521804292314894,-1.9295426016081902,-2.5058443215232797,1.5896898033850353,0.7037889915205493,-0.46595045023909787,-0.37671685615612527,0.916674264958994,-4.604619813866424,10.913111996196275,5.594220535583523,-0.4960086188240983,0.11230484249770034,-2.9018503719972664,0.4329888062114457
1.5107650128156673,1.1148655992611651,-0.7073803443310513,0.6675318052933694,-0.09753410805233076,2.315735944762988,-1.331525252098168,1.9463744457521779,3.8075272748599636,3.3471435851931988,-2.1313770705791315,-3.4968153485432727,3.5483455719649775,-4.87182296163037,13.51166282983563,3.029378581759234,-1.6350122798296587,-0.32528011623331476,-1.4695766031514876,-0.6362446823393388
2.132706779501503,-6.120648315390252,-1.4546573910444118,-4.1469074110079776,4.867630939857359,-0.7298991078446492,0.4343587408262588,5.6135578264388215,-0.9313241849232818,0.17409574034195874,-0.5611370523226833,-3.024469457324736,1.3901914088265535,1.7306543341211382,1.7804872182387235,2.0605643351572898,-2.7660824172387772,0.41459178342675945,5.478745783937088,0.7185989993786035
-1.1289084785322863,0.8314626145480124,0.21598021127774447,1.0954570981374194,0.3698429319685448,2.3869234184679637,-2.035043561968584,-4.54983970173193,2.8341456878118234,0.7838103850906204,-1.6330801070884273,0.4327262743758856,-0.4125730925901756,-4.790598053435496,10.905177540812074,4.327232035821099,-2.3494540263121046,-1.972632632962527,-1.6150351327974335,0.7999026706758001
1.435345511214309,-2.4860439820656883,-0.5576434081591626,-0.6518362489634258,3.658549732415155,2.622331006569685,0.4441757808120841,-3.9871296595086827,-0.13518756768189588,2.896167904028857,0.028135823373192592,0.002976392399749988,1.2701061687107915,-2.9575501437981315,7.898075250841571,2.845926030319144,-1.2153214804383055,-0.23591382853367274,2.1808663703735105,-0.06442961116303429
2.0146893303572067,-3.117167673982798,-1.9239193273472002,-1.1043087783000072,2.3507721361825347,7.454768900290027,-0.5640636669922607,-2.9539483321075473,2.58327256028267,-0.6358693758666069,-2.7464418631982124,-1.0165488564447582,0.9644723933250388,-6.60750016521886,13.699667289048165,4.1369129058635865,-2.245634925816252,-0.017411625788164638,-1.919692011813003,1.0493147834469465
-1.6156013019965412,3.0784228689604785,2.006069849853467,0.4659150380939426,-4.058326161652501,-3.0269754572775915,-1.6814475771708992,0.8357034958281306,0.6151001437103044,-1.547847230938265,-1.4857784350188634,2.687931152807525,-4.253848492650146,3.3956119017478765,-6.52033737351179,-0.9686724757588364,0.7959168072679854,0.11579836247301911,-3.507561175535585,1.136754082853684
3.6059545030976925,-0.9631602092757166,0.1437410347348086,-1.1247443407139364,3.5523023286594,8.155009303184627,-0.9473406897579512,-2.672957488783634,-0.8806316154092668,0.8365548670337619,-1.5486361563065838,0.5723535651617975,0.40188962821641394,-5.214767514371715,8.448089628182496,5.221236271777932,-0.9161503533809596,-0.8193619535684866,1.2654934109768297,2.128614248536949
-0.6115795894425827,1.5820814214594998,0.10776961389140399,1.2897144702946768,0.42952145075838255,-2.4878432916495243,1.9233085853843233,2.46783610929442,0.02138403149010748,0.6821772358495,1.3343730963103946,-0.8945367111287511,0.7030241304902455,3.832520938535667,-8.122350919592584,-3.8635427029532603,3.022800089125182,-0.539746399792865,-0.601766397182037,0.15868229059451028
-0.6133783884665446,-0.7939912028998616,0.840542343157734,-1.9277894362937174,-3.649206669628722,-2.154739463395883,0.35055971255851304,6.776427318114177,-2.4664870564942007,-3.4463708088660665,-2.02332771340794,0.6189944663084803,0.7225892683910635,7.935212712517748,-15.057961351595866,-5.95660135138333,2.9502072693188266,2.7420343426480778,1.0126162149391613,-0.7311480085027492
-0.6828033493059467,1.3741433838179282,-0.07989821912381279,1.6290706408675515,-0.5543149405363488,-1.0019684951611798,-2.0052165427914126,1.0065269652640478,2.6146194939323077,0.1872612299852563,-2.5441042190816585,-2.1894174546166907,0.6775725075807102,-3.1588989439457107,10.095251726830998,4.093834346748284,-0.939364310595099,-1.6709724850853738,-3.2313317615750567,0.5602241288815021
1.3600576133879705,2.6026163850505655,0.2903715172135337,1.9124143826805464,-2.026001796554164,6.401833411469179,-0.43327106352171496,1.0371148964618369,-3.1731118269194067,-0.7353696463269889,-1.41827178927343,-0.6305452206975133,0.8363399739703025,-4.8805194639006295,6.485086417465178,1.0414845957294632,0.2596214059554812,1.0276578840857178,-1.7188669437277608,-0.14251625227865322
-2.006664161522151,0.6583757539346599,1.2789082079638576,1.8661857764770384,-1.0883854763764746,0.7618084929906068,1.3770685659556534,0.6443875652149773,-0.830861619020611,-1.11504183919801,0.8549063773217976,0.3840173204028888,1.452407151087589,2.739915647190994,-1.5853052224769715,-4.350423851730165,1.2535111510852552,0.4121231397799217,-2.4906737701736867,-0.7045294211786076
-2.859753759838167,5.185033956120972,-0.5037745854457926,-0.4323436021906122,-7.2491101070847135,-9.810946039476818,0.3757324977304495,0.9459610317493594,-1.338204668793702,-0.9302635569340612,1.7455958547609947,1.5148801799494627,-2.5793968057411414,3.9931179621938018,-14.647491034757536,-2.7725860205539723,-0.29933954751841574,-0.6053082820737553,1.8755243382577271,-0.5533532940075253
1.498654927903214,1.5783312798556106,3.165529591845763,1.5724585161153635,-1.0950166673399784,11.03527781871071,-1.5311031070489096,1.2898872235857963,1.2587588921939519,-1.9182853536420728,-3.931533378880358,-1.1694709095278806,2.095578034325163,-0.8166100222342614,6.380310881576769,-1.4833119304126077,1.473792594947218,1.9703449053321396,-7.258444888885018,-0.24541146060325808
-1.6061022931460769,4.97437789074027,1.0748110667780015,0.6228426034675417,-4.709907138368967,-4.373664132010858,0.6037742986653931,-2.8738952285048893,0.4210502767869819,0.16192959740528962,0.7062235270943819,1.9247581139491714,-4.864629235683005,0.258844513753514,-10.063142692873276,-3.6351157693095573,-0.2783903037492976,-0.7576602111924262,-0.1857699396751401,1.633358652953129
-2.3365728448989893,-2.8119447100705113,-2.0411167036053413,-0.4957208456462856,0.2948136531990997,-4.713621605725784,0.7549435227737223,-3.0405294534556524,-2.2489048988570497,1.4864820477293987,3.28741197353472,0.0678147885291378,-0.8373552947864664,1.8409861038798612,-8.003190554877067,0.6819403262648998,-1.1271044088200264,-0.026705594731390548,6.42894267209984,0.24954609916533058
-4.1336775600014155,1.5073387837109482,-2.0110608292222305,-0.38860723437691147,2.136102151693068,-5.623582820113125,0.7987890338366712,-0.8416952384638183,-0.6310917135102871,1.9565375575994188,1.0081460744425361,0.8095935350015512,-1.383314966790917,3.9601402675958326,-7.820028117088044,0.32550767719607876,-1.5100341364180576,-1.9160720040962682,3.3635819466732797,-0.7619503234483767
-2.5101753066257166,1.6592588750057358,0.7277334062625684,-0.745828446689333,-0.5332504538431566,-0.43178657646692775,-1.7716303746669464,-2.170526018161708,0.7658636221963646,1.2132628316814738,-0.5599286363832948,0.5770067414315659,1.806689604171968,0.764950630612228,-1.7332594928722456,-1.6096369481193737,-0.5663126020041978,-0.7117750851676999,-1.2352486258777486,-0.9356451328005447
0.712506933927983,-2.1104424740358105,-0.4155943394938656,2.2855348322887887,0.7267389392980445,-0.865685438614279,-0.8548278134464229,-0.23344533553058555,-1.3410368047310857,-0.8620791236383392,1.2548593060408133,0.5782791565384022,-0.42709424663310214,-1.1920225256609314,2.9915910009692523,4.283093625370097,0.5253797929521582,0.6843982471193084,2.00062987016687,0.7897291844260369
-0.5637730877178192,1.7487360055961276,-1.6310214818949802,-1.7283818534131625,-2.2715444497341912,2.3780442711509333,-0.7025547411892958,0.48989083992743554,1.120441983046664,0.44997883335284533,-0.5991684230496408,-1.1349793587786865,0.1359388694346042,0.3261768682372411,-0.891749144901309,0.33513159914083596,-2.101091536304409,0.03334889963383696,-0.8212937833111744,-0.8549330301270491
-0.8358034027735499,-1.1372698547882165,-0.6862218226186093,-0.6470008786996101,0.6459776517606464,-8.90785265615525,1.9125115886251272,2.26899136447349,0.14971314235107602,0.6050454343295493,2.9791981799978826,-0.44860488723416614,-0.3915009326930903,4.755921188290684,-10.720782212653566,-3.94868054576667,1.0057539205477846,0.13203227686312716,2.8506165716783474,-0.4087914222475711
-3.2169694873893846,0.12217189346910941,0.5041684295414659,0.510948180441561,-2.420645763283054,-6.56846057318351,1.4198117995160455,1.4065509320272374,-3.8057041532558795,-1.499331701771128,3.088943362102518,0.223465170969548,-0.5610998390552164,7.1953643184518175,-16.02896047631709,-5.19808195235366,1.9275770284456601,1.9878597550839048,3.013874659571764,-1.4534215188294306
3.053970688581477,-4.941911393883285,0.6286394877453766,-1.605276715948267,5.0036047768481176,5.763882405028266,0.4426523553509589,3.337481464221731,-0.4255661327456419,-0.04912218814962244,1.1409596119583498,-2.147561460693902,5.178720993118588,-0.8644319308272571,3.0177924012043755,-2.1839044801592404,2.553515494945468,1.2514720440092828,1.845717888358955,-0.03955395416820375
0.5351419377977966,-1.2026956745844213,-0.6625630172614168,1.197960312605034,-0.42161494775681696,4.033102007921754,-4.047931492953823,-3.57348993098066,1.2006091336019762,-0.34616326760445415,-3.068672857130869,0.14384357645318757,3.018198044541075,-6.639783550698698,17.24577137909968,6.691271914691928,-2.4651775922433248,-1.3494948705745249,-2.5739134110393973,0.8715746691702165
-0.3059442486240251,-1.6178726330820525,2.2343333043822566,1.104085082384405,0.9313824049085268,1.8310985259995243,-0.2411622813316169,5.3265131522008975,4.151227547374772,0.8846687120565822,-2.6771443168547924,-2.068608363154575,3.037894775977857,7.677048034781153,0.3207834257182649,-6.2347193013868925,2.8923768623523145,0.6971780924190019,-6.6144865916617075,-2.460768881516518
5.126134693163976,1.6932510473760674,0.3117456656594045,-1.577392163801873,-3.1481325465795913,7.333171534929867,-0.9555999612912228,-0.5714982026470543,0.26266218052608914,-1.2514727336470943,-1.185969507489921,0.8495100684824384,-0.9359118588387642,-6.449652250141104,6.462129321919425,2.4837909775963802,-0.9350906450562262,0.7524591668130314,-2.57340850634107,2.0542891133251637
-0.2936581003472414,-0.5604566981595903,-0.26915525178814625,-1.7104195822886419,3.190907984117343,-4.691014029777982,-0.8884146203759326,-1.8838843696765422,3.5998725540970233,3.5079749302003274,-1.1390385536105565,0.09686060117060988,0.05401706605032697,2.3971090813194555,1.7004608623196948,0.9580777743075221,-2.1852270364641995,-1.897597316934748,-0.28908294875183843,-0.1696967781778557
1.7833698104456552,0.46480053859772286,-1.1270952950121376,2.0030255404332857,3.264445509923486,7.591292767583964,-0.4397107249080691,-6.426004609997964,2.9618590755588388,3.5557649005861522,-1.1326031059691042,-1.2950074121140305,1.7217138239204575,-7.771963650424882,17.66763357780399,5.660412828285795,-1.6738750839277463,-1.0000170544606934,-3.7732795391472482,-0.20344841321736654
-0.0749816161223178,-2.870003772012602,-1.1882069935128512,-2.0432326953322266,-0.2674926730433904,-1.3178838488666917,-0.08451951600194049,3.8650167077736675,1.0989279140422146,-0.3376731173364171,-3.0179962517262595,-1.9151580072121945,3.0853826311235597,3.5073477339179138,-0.6910504454385151,-2.181687509677917,-1.184404240350743,0.23463812863152841,1.0079541473071632,-0.5094311347786625
1.8225944536833278,-1.43810836911352,1.0206084377293116,-0.4522427493449197,-1.4467162787672432,5.01127975866607,1.2042666064162673,2.6099994870274514,0.6629933930225034,-1.0086905981970522,-1.9884629195887942,0.1423643234218045,1.2407272244430785,0.9216417159153518,0.3596087734008139,-4.1603186833754195,0.22388054075973374,0.9459961883396146,-2.6148317642654866,-0.3826958360198077
-0.5038391324392206,1.9612732508006059,-0.9870771389180242,-3.4790854729799436,-3.147606035679086,-1.5528132593720165,1.6106331376249343,-6.46602847707974,-5.32911141677064,0.3186893390718768,0.5511003137371884,4.824592195463724,-5.732106973860137,0.43973390374800697,-15.71154770745456,0.04061629743841991,-1.3032667010934966,0.7257458486756172,5.704872739375876,2.493066714589925
-1.1625536932929894,2.762848188345753,-2.5987940934749054,1.5632813658874842,1.1041437165644552,-0.9283064991459901,-1.3074603769523452,-7.553803647667122,1.0055184511299224,2.2142896267091485,1.1209849342649099,0.980291532022426,-2.5501685670267564,-6.791771495445347,5.031301154580159,8.114816831589705,-3.248416377813234,-2.4316804495019486,1.8806065155749934,0.26843132483553384
-0.8253217496095133,1.6278789024229137,0.49300209010165674,2.563966285755456,-1.1190747606750768,1.0261528028647762,1.4353333573666156,3.711041417386047,1.6385873785291118,-2.137522252094329,-1.681093629389519,0.26584591001778873,2.6543569488869974,2.9201498504309518,-0.299667754462166,-6.054073694633113,2.7864602357837636,-0.10780382889157938,-4.0735462768024,-2.295882790839403
-2.9524730667278116,1.5912118809227036,2.5745612293048192,0.9926786096297224,-3.2830067383105974,-7.6941114738053935,-0.48862594153203875,3.462227720889079,0.6777967216890359,0.1956489902499896,1.3572691605140539,-1.5574426199457772,2.0907163870827032,5.762922437406571,-10.24824169048658,-7.356668194013863,1.349632728728171,0.6852964154235718,-0.6769623308512833,-1.8288134658552677
0.3248368337655587,1.294741828605029,0.3111833403239451,-0.23084281263306194,-1.6529754951500912,-0.9425720465107388,-0.3517327430590465,3.1091565545652644,-1.2826409668382066,-0.9732765820122271,-0.1738597208565537,2.123028644202712,-2.1389682192521904,1.7379299384933566,-5.286680637880861,-0.949415513687644,1.9494046219152859,0.26364423805473314,0.1820915442755548,0.3466028951236157
0.05855430624255775,-1.1092995656447142,1.7655676971013083,-4.451782659533453,0.4158161408347466,0.9182388876152561,-0.5609943957883526,-0.9395690914511043,-0.6610861359311263,0.5488753045954884,0.9986788034351233,2.2285775608740006,-0.6347896712358729,2.220794030274404,-9.360897233075216,-4.475720599390102,-1.0471386147153874,0.4903863716758391,1.854523862562729,0.3457342743118002
-0.9933168750341743,1.2718133238984664,-2.1553185029831727,-0.04152021662183403,0.17665393775093607,-4.527216375449685,0.059906058003648954,-1.6463811501909875,1.6986476955125958,2.8034976841258485,0.9346503236038116,-1.2636662310447102,-2.640799480269005,-1.104886266424412,-1.9638721918315691,1.2851368313819318,-2.4760939076877584,-1.5248545050343745,3.554681603509364,-1.5318581668226474
-1.9823781995797507,1.456844011686044,-0.7171834965729559,2.5967840272999663,0.8200363336321648,-4.709963432711314,1.461959092395692,0.20342761015285982,-0.07168776604640659,1.32480052872028,1.7936839988263247,0.2286422393154447,-0.05283827919065656,5.4192388226061565,-7.671924067688839,-3.330122755108045,2.3834183214547906,-0.8569783851443799,-1.2973447729621512,-1.6406655496850882
-0.5876083255094314,-0.0026993457135991994,0.4896624530749337,-1.332087449156306,1.8017579280193838,-4.272313861123938,0.6949879452746827,-2.552565423263924,0.034948479885912154,1.248132874490367,1.5888957088018092,0.2532946867443497,-2.501875039955296,2.538755631489131,-8.74896277216783,-1.5210190764678682,-0.34603951893566454,-1.149433705136739,2.4588896197587378,0.1858369847170876
2.1769928032791546,-2.2276016039883686,0.013732028424183862,-0.7279395742382997,-0.9587180832689685,1.5033427957290197,2.5215970405039276,0.6797597258034853,-2.9521602522238934,-1.717651496981077,1.9911766302185525,0.01934881321895656,-1.135355082181569,2.0366906321674842,-4.461341765093298,-2.8856510675291265,1.081015085523277,1.386137152649689,1.9511129582005746,0.2661957508784714
4.238292737337632,4.528827810580891,1.1883522776065256,3.5963749830302243,-4.802416872185565,8.936506853817317,-0.905000917568062,1.0867058166954318,0.8196112761067437,-1.8257802182069498,-2.4920198584346087,0.05087347446723905,-2.3320186186240215,-4.204383219145949,5.278700749806931,2.7475618779663726,1.3394423192781573,1.1206816135847948,-3.74165822893446,0.23159336843812423
-2.028862178478307,0.5195903838663729,2.031669615250281,0.566798879999607,-0.07375984986007711,0.11548162921432487,-0.5978502998625164,-0.6788897482417795,-1.2241872675861956,-1.394546778005719,-0.22295275890127486,2.300388271601939,-0.9089004925762032,6.10311463495361,-11.280381558762038,-4.238116477657209,1.5531656184596805,1.065288002930645,-1.084329737406527,-2.4294184819814144
0.41859467964682695,-1.4231945500721135,0.42534779980056425,-4.031149939146253,-1.7519704725369483,3.929985945775897,-1.242042885741232,-1.693659141398339,-6.380221016644999,-1.227168564670995,-1.2051079332095207,1.924242047022069,-2.999945846900782,0.38223024766895686,-8.871164367204363,-0.4635715159872645,-0.7365846215146623,2.0634230850584983,2.6740950374382413,2.3717637576687745
0.15670371347744158,2.3647194479194154,0.8724018638835465,-0.40873818963093966,0.29645233717357167,-2.4972147228349426,-0.20742699361217087,1.301445072356886,1.2505103678483884,-0.2767585120094199,0.5442912598513001,-0.17014615247629894,-0.008380715403777605,1.1381421665921971,0.8814535344103461,1.2640846760075792,-0.0928528038408365,-1.423335346224251,-1.15359775576247,0.7462138844480442
2.0626775139257085,1.705760501882363,0.7693025211826946,-0.26498457956577165,-4.551818904791541,4.672392782199965,-0.15496711497696877,-1.5837317238104558,-2.6515595927969695,-1.4929376599656456,-0.2598430214105282,1.3078903161319178,-0.5110067751625499,-0.45076058392851315,-2.1969794086345487,-1.7030674636049299,2.0979461602562117,2.1057671168827397,-1.9867919437483128,0.3569460635954634
0.5367848599095968,-2.851011186811563,-0.00109410674498156,2.6494465620363945,2.0125158230519715,-2.711594524881679,1.6615964204474003,1.6708935921803092,2.747525409422906,-1.0491802647492543,0.6147046280151441,-2.6364198311784204,2.4619954681828693,1.8112645046317397,2.2688254701003165,0.10884696592895338,2.1812913464949997,-0.6039273327171064,0.20731292732421513,-0.7081779128954127
1.413520615566254,-1.8258468699384496,0.9135751970523132,0.4415140536332633,0.6666152936286658,4.085095788473364,-0.9247286420638741,2.5808412734495705,-0.0821154009459128,-1.2236372160933662,-1.6185692175637214,-1.587133744850431,2.1930597184279783,-0.7418135247431306,6.572551912559337,0.6277529456534219,0.9170920462084873,0.8631147440174385,-2.290862871888895,0.08610241342479145
1.513095022985063,-1.6047353003986713,1.7535400162900827,-1.2643571721868454,-0.3003979653796408,0.32576706963936863,-0.3659075093803947,0.028515939321018813,0.6372081983434508,-1.8073106840390316,0.4283934572884147,0.3654465263355277,-1.7060539467404976,-1.28675546336892,4.265867901382495,2.340726922326016,-1.676715248411964,0.228242372620337,-0.7939806789370547,2.180884810036254
0.6007821351875722,-0.9912044740851254,-0.1881956192885012,2.104246931769814,1.583423360672085,2.181912060378962,0.2606276640386902,5.643902157370827,2.0589274491919642,-0.5377993837580629,-2.0104623027634476,-2.2643968802164753,0.9466837345431109,4.300342779085767,-0.9002264172886738,-0.639289364685844,1.5277394358609548,-0.21050370868513418,-1.890273655682745,-2.000542952961568
