X1,X2,X3,X4,X5,X6,X7,X8,X9,X10,X11,X12,X13,X14,X15,X16,X17,X18,X19,X20
0.8263337125976499,0.2290433633315422,-0.5919939432862055,-0.08540159151677144,0.10188256551467903,-0.1389753150558892,-0.19326571051551322,0.7994336002420103,0.1495499108860132,-1.4202653070399076,-0.8016009642785275,-0.29387162196616473,-0.5700298502829256,-0.3543395883700066,-0.3469559324204688,-0.7667929785209239,2.2565508810746,1.7618617338954854,-0.557923375740519,-0.09874000366083081
0.5489671225005579,-0.7730509065232846,1.708460545264665,-0.03308238719772327,0.25526015406483216,1.3109697957855606,-1.6507417103300375,-0.31880950856279544,0.6147291313051118,-0.6384607115305895,-1.0831712440472645,0.8076921407541188,-0.03988303493642243,1.7180926773188872,0.03728640843810721,-0.5844166891822994,0.07216035556751532,-0.17164580404661992,0.45964145762327124,1.2893100707821712
1.251550495441487,0.8140066967616747,-0.21400305979385245,0.7428264568167693,-1.4835619635783788,-0.18933441594004732,-1.0744465223848445,-0.39907344139123463,0.9685705855564066,-0.3173912806324227,-0.2859524752951136,-0.9223849341296826,-0.5725709617609044,1.219958285051468,-1.8601299728515042,-0.7252300634892186,-0.5482789823530687,-0.7751639527613712,0.9378218779424392,-1.737273881615919
-0.11923910582544625,0.06679024907979332,-1.6895420089323725,-2.069979110097658,1.2274532864332282,0.4722044540518336,0.9243970967597137,2.916253960927429,-1.160395591432715,-2.4802365121595917,0.15601436899623916,-1.8297601011373397,-0.0692581771888282,-0.8158129579233047,-0.09963734922564002,1.1111599757232158,-0.8896791223490693,-0.4506762578575973,-1.5251742218584858,-1.064012877615656
0.6461708003362316,1.9811268902931787,-1.3192641880056797,0.40772066280760816,1.10994324708812,2.495785972837377,2.38438261270012,2.122004881310596,0.9862121376761432,0.9985928369570435,2.679809640896393,-0.8334772048116615,0.4713741463757498,0.17373275631246674,-0.3865656738184491,1.7326951930986965,-1.9026042291605458,1.0158343660475857,0.6568085556888891,-2.0494362766081253
1.6081957446439876,0.0247619530937938,-0.8572908278156571,0.5612060278055494,-0.7161230568247016,1.4477744505622008,1.3379829903171276,0.6074877505398839,0.8321128742146694,1.0757916808004178,-0.8692844109288419,0.855503087931216,-1.3223777505439018,-0.12788322661501655,-0.7657291972860301,1.0296617206177583,-0.7968820032514092,-1.7703270853530737,0.11999690222044325,-1.1138594381268097
-2.268187040997199,-1.3114234185576301,1.4168809999615821,1.564226435490697,1.213616747422999,0.8986988937010334,0.5380646776678345,-1.0788512883494898,-0.5941297228687321,0.7780283566220069,-0.6591249507164064,0.2243342052290403,0.054959422753963205,0.16305309981029625,0.3838844849444449,0.6221900137007899,-0.641023056744652,0.0009350679050304955,-1.5278440647157034,0.1988268805105801
-0.9129064917854343,0.04055315837503865,1.7250503584467058,-0.25484630250512014,0.451552702689689,-0.5884795117675408,-1.3955674809182894,-0.31741754535023425,0.04611826361343811,0.12433786925053363,-0.18959603803700106,-0.04905772956494572,-0.1415009627174419,1.9964723359543717,-0.08371380592629477,-0.23614929051478595,1.6109939579933357,0.7889963792278928,-0.22229996216674147,1.4628532291740353
0.014703144166437898,-0.5168870702479667,-0.8578154387663067,-2.1164405962841197,0.755644372222294,-2.568779781355707,0.13628980321453749,0.32305613773067643,1.11211303817464,-0.018300980437519248,-0.5517576887531811,1.0355650210359164,-1.2786515756486538,-0.43607497049121213,0.4521882536990303,-0.19831226387703627,2.226900643810969,1.0460548908491496,-1.0925215796967402,0.6749835788950828
-0.2799506146395772,-0.35443411333708885,0.8124100315101456,0.8832740085744899,1.027863155714123,2.334598577528723,-1.4795300310266857,-1.441955922332355,0.6664672206068036,0.7254425518293579,-0.9839843656402676,-0.9557297226915332,-2.1719282200530405,2.026445604350902,0.33607585227487496,-0.6189549124481557,-0.8333150267814675,-0.3138669901633869,0.2022186480011619,0.23183689330439658
2.444958968241552,-0.8004240634042012,0.26300339760714764,0.6018101433700931,-0.7564662987901759,0.09748369306790618,-3.12224099285264,0.5273044004816039,0.8021632347810113,0.7282644611822439,-0.14764344209786312,1.0524596982609153,-0.3661835251772632,1.492945361122008,1.1214312937506925,-0.7060238248993905,-0.28723258610603,-0.496829653748735,0.7904721523392653,-0.35344585109828996
-0.29561215876233016,-0.9988734784067903,0.49014470126855564,-0.8581783830995885,-0.2605119102789989,-0.5756779289398889,0.06988278623554238,0.2588505934223333,0.5848442555425802,0.3201299357061462,0.6788408790112824,0.14225948570091515,-1.2352806088139365,0.15057768051324788,-0.06693535482725994,-0.9323242930138702,0.9084488565238822,1.2143805385002338,-0.5514987987644218,-0.6576987117222912
0.27509205352794835,1.8092126829739512,-1.5293403442916274,-0.37246380816762603,-0.11465828047817572,0.12206734864893454,-0.30037880944651835,0.14593513916662418,-0.20346401157860194,-1.6256836603168667,0.24292617312596,-0.7336594312657572,-1.3223972839328486,1.242050433542666,0.3612430324166183,0.22296342687319262,-0.7456765558197173,0.46458836298349104,0.98416345797443,-2.1430136217834126
-0.007187351053761481,-1.0586067419814178,0.8109084858307597,1.3494784118303627,1.3946300634126363,0.27660005131812415,-0.3103419349029735,0.08074454738025331,-0.5114728297860852,0.6784582669052526,-1.1280783826428646,-0.6904783826634568,0.020598841323646082,0.036070913357958645,-0.3776730614829572,0.7234857395725006,-1.417078391766766,-0.0027417545224856055,-0.00280146184085407,0.29430812007595103
-0.8823670213883249,0.00719529121091966,-1.6549088286906728,-0.5137514269023779,1.4975004489821384,0.656958253110905,1.4461740195494925,-0.0980436835107348,0.6967105351664022,0.21242013483943034,0.4576155414033415,0.18929975040226352,-1.0985593470930721,-0.776966358764311,-0.6083372251039759,1.823096372308617,-2.3233842382559082,-0.2781426665399577,-0.21331271019692516,-1.1269949851416308
0.9384327344124745,0.4505702281060369,-0.09144792601729299,-0.8816226210309219,-0.570007527590744,0.9414017876510674,1.3646518070025981,0.1880973538620536,1.0033721335659342,-1.4322865664121374,-0.5083634528707037,0.27038388741633057,-0.46330041471978267,-0.6117004965434065,-1.2009889977398744,-0.6588573651912596,0.1887494140123896,0.025214827894040837,1.696108309584655,-0.2590789904368004
-1.7615749705291195,0.05219845175018445,-1.1960135809223003,-0.9197724583129843,-0.5003304604418001,1.2727467811046795,-1.1010479762997218,-1.01197075362373,-0.3186391528379486,-0.5805362838366147,-1.248702945209579,2.729566354575656,0.2958912849584756,1.033274232752082,0.12344683142631421,0.9479296158128512,-0.3153839092235311,-1.871101384221066,-0.7579781434008263,-0.15586091805342034
-0.25577738541874906,-0.24710348420339914,1.7510632038565277,-0.34206834857555235,0.6655721090877014,0.4117336114019507,-0.3065093638949431,0.03627507606691268,1.526203221787108,-0.652590271809631,-1.3894729960914374,1.1844621840184373,-0.2816773803859215,1.7905629189665133,1.6717732782811525,0.08817192031491505,0.8690904955423256,-0.6648031799023824,-0.8402932546586355,0.39920609195834467
-0.03229750924169461,-0.015693669826881054,0.10301150783178806,0.40167660688406115,0.62764273966048,-0.11867100313915764,1.1537634386936721,0.5323261008439305,-1.0987388853009372,-0.9334854791581335,0.16333620483539366,-1.7470266037567308,0.32653288638534916,-1.1038432361394581,0.1603366974222629,0.5602295987575665,-2.0455411876255805,-0.5708108376029357,0.8807916843811944,-0.6615252434057372
-0.9420466510551664,1.4696921951287425,0.14126144835502247,0.593250618872018,0.5114667998352268,-0.8846880108418704,-0.42440066848554586,-0.4727997163726051,-0.17671036425066308,-0.6236597749759374,-0.057655860807732176,-1.0276387305841346,0.7069175359709617,1.8848304957789568,0.9031014024510993,0.8634981506426862,0.2851155027608034,-0.4994388996894913,-0.4011086992838604,0.2812020442931314
-0.3935629597169361,-1.5434048970816627,-1.0140576784699877,2.2402057159318938,0.39122433100054665,0.2431318530468537,-0.21238880212078906,-0.15569065303439816,-0.40362251330518795,0.8677826861723983,-2.029054589976939,-1.121110370797959,0.8814797392327393,-1.8358690307815977,-0.23346604966958637,1.0133705945170783,-0.8691826594460702,-0.7981605959417869,0.6623384330637384,-0.10156839904719386
0.6762367103489639,-0.584622692883516,-0.7216162915486312,0.2825739693416293,-0.4054081963925702,-0.25832692434590326,-0.7615668244716476,-0.6623527411179977,-0.8008436778270094,-0.26437726066136835,-1.4627562898234236,0.3847971638775385,0.634508476474409,-0.3572127517685801,-0.8994505301813205,-0.8086343199961714,-0.10531178265434966,-0.008677465754105102,1.1667981292865541,0.5351014276308306
0.43818676412849544,1.0467419534500682,-1.1965048505211664,-1.0668018789381661,0.8449655237362462,0.09795180941059939,-0.049654294141183886,1.9210582256204718,0.6263006785283711,0.10287193266234289,0.7370741790190412,-0.4177941360245363,-0.5455513143260106,1.0090467024155445,0.2430562325858985,0.5296809733423655,0.9287563289335657,0.9557878435112365,-0.39666020093260085,-0.969201993551313
-0.287113428184845,0.8407028720338527,0.7212103908914873,0.6635720895584936,0.17816446287141657,-0.289901686507673,0.18380210819252468,1.3840634746452332,-1.2719662989572167,0.9764082435403758,0.5175487433768715,-1.5211735329131455,0.17498002462302462,0.6989540394535873,-1.064752421980881,1.676803347584694,0.23894141372111827,-0.21717740980277558,-0.880066261536018,0.5336890359124146
-0.062048550812455146,1.1566082677799239,0.17729302674573993,-0.20095828590061468,-0.8421767543639791,-0.6384517980454142,1.310162407427858,1.3853745904275907,1.6176640239737066,-0.2015196761253292,1.3821095843170814,1.3402373777457144,1.1768015642825151,1.3991088070383901,2.0706500020478718,-0.008896753588085525,2.026682367379677,1.0399468816660713,-0.7455366820289584,-1.7950993411432603
-1.3258546790642731,0.2559599249112404,-0.23871900803722013,0.08280884195143456,0.35947745038577517,0.7287585229064528,0.9695061046389624,-1.1844082297624905,-0.7542897638898136,0.13325976619115285,-0.9970414225586037,1.6717024246914376,1.8028927517629727,-1.0492005262669983,-1.5512793675998173,-0.030994761639489526,0.75855137615314,0.35768441040491145,-0.7871697297849267,1.556241669975815
0.7618239742424258,1.4410018233175084,0.386531395124426,-0.06236586073908967,-0.9179241719959499,0.8132349736494752,-0.5548671070047346,-0.8174502444005696,-0.9579930479931432,-0.45432671025201077,-0.15770991635405252,-0.11847529044344292,-1.2750019482905603,0.3503962837629558,-1.1654675283298181,0.5581432110397274,-1.653020728531319,-1.3289706795408038,2.985476551908974,0.381006684092799
0.3989907363257354,-0.6179496201272087,0.09936197432060599,0.6979776305491391,0.2167803985951663,0.6202706787022245,0.3291982344377257,-1.4324165691502773,-1.1674838099978728,-0.6124913893814169,-1.2826166201348614,0.6687729444320021,-0.7507489398988767,-0.3172336461019843,-1.3246783634866353,0.5393581473946599,-2.3469642823600605,-2.1608020801980925,-0.2413875590043994,0.4462315636733146
-0.7454415789640557,1.7641755862632964,-1.9666072586501748,-1.0843335053531051,-0.5622433090667865,-0.13393284552283286,-0.3383098918393434,-0.7160928176481384,-1.560100487873876,-0.8956193971528204,1.0097001353787087,0.4900201780142801,0.05640439432855402,0.6687567450464456,-1.1946324698560098,0.09463866448722723,-0.4959981989792488,-0.6885968225704147,-0.2450128086394714,-0.5430462735219987
-0.5327705049888255,0.23097657571075209,0.20990074867013733,-0.3919362106143453,-0.11802004847204024,-2.253910302092384,-0.49100815530663283,0.2282844874576646,0.0556033796119006,-0.3591566796266789,-0.4790837806009336,0.6950334391499183,0.6473768819493853,0.30497830753062033,-1.1925557236393283,1.6896462501800698,-0.7330408533509905,-1.7425361171507872,-0.5068590995688287,-0.13235999728270015
0.2607271073102246,2.132176539760963,-0.3869311802100593,-0.6342872721999556,1.5826180914476917,0.05098881495611766,2.1906477537386593,0.893810314264142,0.01675338863536872,0.15771255009230015,1.1021783821267255,0.4704429181215418,0.8761076879157731,-1.1125237711088338,1.3871586577412287,1.3680878916979864,-0.5631493180316627,0.23084821516891443,1.1682307541926529,0.41973630744485035
0.06314672568309541,0.3305648600817865,-1.4888926150528399,-0.5766451738739803,-0.08125727738085721,-0.9503485861886951,0.9241478105700272,0.4183727148767969,-0.4580448143363653,-1.053434396676119,1.2784323969316118,-0.45707697419102533,-0.5049856309106157,-1.5264914233945255,0.8704150651611386,-0.18851664077007918,-0.18872980495793235,0.9692720661366158,-0.4473957790806555,-1.3351112310317983
2.003699897615311,0.9707860581865103,-1.5234241278064227,0.1839919574496419,-0.4874654833342387,1.167459762203596,1.596926816899649,1.7030991042862125,2.010269267375337,1.2070963318715338,0.9808255583501699,-1.04665653272967,-0.06382022243138646,-0.6995637272713439,1.2095501575680614,1.809124198266547,0.09285009618521012,-0.7386426214585458,1.5363025917888584,0.2618556998092097
-0.5519594266148091,0.7189212158474161,-0.5863524412863205,-0.6569208306781601,-1.1666618617174993,0.38924755888143875,-0.7774871217774976,-1.1226459142813396,0.2823300262644767,-0.40177771095070036,-0.12338872075267114,0.7394700342751315,1.6553306577313343,0.40160686039628973,0.14976343178461413,-0.9563893352106696,-0.05280237990752719,-1.1843237106251088,1.4832542786891898,0.036543424482260965
-0.684025205642278,0.7069735695528155,2.677805608516214,0.5312053225733449,1.2449718199370636,0.04277896879933018,-0.34382205627951656,0.16686262915628813,0.7592103937285538,0.29707770588858023,0.03584447204730185,0.6596301858340721,0.7414085751058098,1.3385095789065524,1.605008584852794,0.9564220534990798,0.49577277375163914,0.06539472980571452,0.07690019449902696,1.302273205301668
-0.47543626612552337,2.8783332722103525,1.0746603470976768,-0.12275695262531415,-0.258165207499192,-0.09847810425934725,-0.8417916028217488,0.5539067745053852,-1.0803023881549512,-1.6693972062876745,1.785450378693792,1.4687974081768782,1.9006123025916701,1.8592147063922007,-0.9620635484223571,1.4152768255430053,0.07304535277350852,-0.02338826700700826,-0.10319884922339562,0.38941153696393893
0.8765952735915867,-0.5675335208365664,-1.7009441702293997,0.2938911759661359,-1.2168848640058765,0.7058210731004294,0.6147836553409313,-0.21098974113036167,-1.4006506559499516,-0.2936242769690891,-0.6021879378185642,-0.3927065114766823,-0.11244954477497987,-1.1322607541895753,-0.4714967896407758,-1.5730326928723135,0.20552528843396597,0.6651639757486458,0.03272259253903417,-0.7476746068276785
0.5313778437172066,-0.8810775322200712,-0.16601887447282876,-0.14552399461377014,0.021402224527462373,-1.1035576073546247,-0.11822902199686812,-1.820121482991578,-0.19577742198089593,-0.1438987793880575,-2.308827046131554,1.407239424252026,-0.46740844979485346,-1.0905227856495698,-0.26981864703374403,-0.5291709496916789,0.15606617981133533,-1.5288988039460292,0.2930176189192454,1.6151567718763913
-0.19121511521851126,-0.9580545947480711,-0.051298807709103396,0.10781001033582692,-1.5480089676520197,-0.6893132076481169,-0.25861993205796435,-1.0135265869486585,0.16503044668858605,0.39763603557281246,-0.8527342696688506,0.055784423021740324,0.8398272516834502,-0.386048774934262,-1.3788605606765436,-1.6337171797277852,0.9346929637708223,0.27184545388554227,0.6668182289344065,0.06143874607836895
0.24907310955443093,0.4145305938923901,0.06419965141715152,0.1396593537600858,-0.2625780953669373,0.4560115846393646,0.5358085482154733,-1.2160926030966142,0.5842468559804097,0.53295903432158,-0.18818438101202445,-0.44065720271651226,-1.8296321378921976,0.3670172468172394,-0.4785878166148996,-1.564188909325196,0.2236447771919661,0.41036048502099703,-0.7690268236770392,-1.032967523234783
-1.1245594936772798,-1.0142010669991715,-0.6323949581713243,-0.36411492245563226,0.39112465982324024,0.3951522583579512,0.17046911898595915,-0.9449142366773303,-0.7508059553586697,1.0055131547908047,-0.008861450071286147,-0.43654268622995246,-0.23100195166153134,-1.1866138631436474,-0.721042421141471,-0.6812607966216413,0.08182253671005538,1.1709960421003587,0.6876723836501494,0.93415324632199
1.735627164991194,0.9467088309394038,-0.7005872595055411,1.3128986729341694,1.7127880208596953,0.03619671351217505,1.9432729161354139,0.9969000366907209,0.37311682916968464,-0.22107360618652358,-0.7977770231349021,-2.3754154643680017,-1.4186667520025218,-0.5797885779648948,1.8901105418887145,-0.5323222405224501,2.432304570250217,2.5846852339174258,-0.29185854666789324,0.2749658941849024
0.6424888315072939,-0.298652676104184,1.341770347215668,1.4360358482164328,-0.3583007362426894,0.812314131165946,-1.0668216628515719,0.07242335177306986,2.0911611898826346,0.1137848102766726,-0.17448476828041135,-0.29435089424728483,0.5819492453942499,1.0966865974186428,1.82647647266732,0.06145851895471628,1.219447669899854,0.3488188172861469,1.2612758613009774,0.6925759917436123
-0.8590453325939507,-0.5324446868014091,-0.4236996409304456,-0.7002762109649332,1.1909590202422933,-0.7759617031976197,-0.42912245392529286,0.5168115541146016,0.19489290677509866,0.47925163228384016,0.3964375122008585,0.21330856957411942,-1.1369438915541275,-0.6644027197599719,0.13934140155593364,0.6795835219815078,-0.27229008930417753,0.8530944160443832,-0.2940784256912088,-0.7417822627458237
-0.46451504644939656,-0.5019551143514547,-0.7399954565207008,-2.5139114779824228,0.041785406813088094,0.10246240738674077,-0.3073768118653808,0.6077556324246022,-0.6005544134232178,-1.2640398845201433,0.08785891832109255,-1.4536610204582352,-1.1470201434930751,-0.14748328348501089,-1.3612472790242853,0.12231119895547729,-1.937173853679091,-1.2803541856901852,-0.6233722370325634,-0.48583939507888
-0.6309513272429278,-1.9008485152569656,0.2726402931664376,-1.0888162527836756,-0.7334869182242746,-0.3275633888315859,-0.6780768361532185,-0.32341973174987293,0.5408824464334909,-0.6191559641534309,-0.5143566330548431,1.0862836213732645,0.13174883069441246,-0.913585254567574,1.3327626394817436,-2.026436908170699,1.8733234621533574,1.1729469959281305,-0.3507682477823886,0.29171221075609055
-0.10842690779239558,0.5582393358893388,1.395573321956699,0.03959892897646732,-0.08486239835013268,0.0067450507842886755,0.21498181108991732,-0.8277644904238396,2.0672312964291137,1.6537085308857065,1.1106051220800717,0.016069676507807634,-0.6171788800054975,1.0204134880972646,1.5283453464640713,-0.5786021767278726,0.6065969503838972,0.06085397464932202,1.1081588365747461,0.209161352099936
-3.0092834437135525,-0.5737555572927229,0.9733881146530529,-1.8312759437539814,-0.5463504406864798,-1.0645394815967393,-0.11399763301441768,-0.7880677664316175,0.625243721651275,0.9475139394147853,0.36615385021236374,1.2470413082616838,2.4330439442397376,-0.6378410239149328,0.044496745311261146,-0.8783364422852445,2.0272051731803673,0.5144049398981444,-0.628709351302841,1.370678597138124
1.6140656053861773,-0.955742301596349,0.10185224559546521,-1.1604249172513996,-1.6184932258022122,0.3254658133308985,0.10048027768117467,1.1412806403908757,0.862415220812514,0.6482529516036328,-0.2107893851104727,0.1635475609839652,-1.392585449323634,-0.20375414198012107,-0.4749671133071474,1.046544648796323,9.309073942971862e-05,-0.5963763266306964,1.0628626564799561,1.0397725679734973
0.7310818997095946,1.4418720543905872,-1.0386376356809255,0.34178081691981965,0.06193076216797418,0.5113705771873338,0.8436916320912885,0.6509162857743132,-0.861252484780075,-0.9009836934282152,1.5925849981724034,0.012872252893381727,0.6229240388765035,0.2915021874260142,1.0893042397953143,-0.009483218188464829,0.6666969927943617,1.3675274653212803,-0.8838358558072086,-0.19973483709012727
0.54546767608072,-0.9042630943474557,-0.84240778204897,-0.5309741080612261,-0.23777906157655043,-0.46486231527119937,-0.7428940153545169,-0.7370762688364164,0.4927387637763064,-1.0810332886615426,-2.3703302701208124,-1.4769345882390768,-0.648149046216266,-0.4745295036245551,-0.3615318772917925,-0.07466072909898755,0.19040685550407022,-1.4051108796614493,1.1488636643319377,1.572548980725683
-0.26002850383345116,-1.7477828790143661,-0.5184378572706833,0.02649903244965975,-0.36992504346874633,0.6271424761311977,-1.844560353369779,-0.7437251420644427,-0.3381982160377687,0.6248122846642071,-1.1474669279701295,-0.6533033481733744,0.3710244624732222,-0.7464110737131302,-0.07353462302539947,-1.509923893436474,-0.3126901007009942,-0.32614550324551905,-0.7444952345419605,0.2478787849565271
1.0432742088567089,-0.16233375313015294,-0.625806843604369,1.6023705733909877,0.19686654835972506,-0.2303350923896782,-0.4158505129360161,1.0251133767647547,-0.6004469346307101,-0.3373017037971437,-1.3135999647397203,0.26486436022892373,-0.25105478743260196,0.6388717998706853,1.4160925854894095,1.8756783944125224,-1.0947436727333555,-1.2205674523843424,-0.06281098745759094,-1.2771675775644682
0.9116194273651295,1.3999123341000266,-1.074441668579391,0.04452531108456089,1.5893537283092671,0.7791555733032148,1.4320541838741825,1.2974494923947923,0.27268861364424307,0.5070715512748107,1.2071520876958162,0.3786909452285786,0.2754498804024239,0.20928480369635327,-0.258808689954361,1.4769148243180596,0.5886262168310191,1.2148021331727523,-1.1868239032973646,0.8684126714330592
-1.3640898866109463,-1.4435296475046915,0.40572548988134394,-0.28768446339603615,-0.6586493333113314,-0.6345104632998763,-0.39599300047899494,-2.6486458149587855,1.950604421038316,2.6125377655383346,-1.1633719427390956,-0.28512055352694793,0.46740655630455635,-0.2804149448192052,-0.5649985957868184,-1.895031523617315,1.6147785454760277,0.3234658128211825,0.39587919350511713,1.9903475064542095
-0.02177546133045947,0.30681373021009223,0.49667237864085856,1.5615195757203513,0.6088924552079219,1.510522690458832,1.0228057230465397,-0.5786131106238466,1.3282797811777725,2.8952699853472126,1.335762728948104,1.6383608384443313,1.4742651881002085,0.29017807910789645,2.8271224121136838,-0.16740591581960754,0.6762052671994032,1.4217625359459791,0.4423468265471751,0.6701500760934302
-0.54906894533739,-1.0997003597644168,1.990116136133479,0.24655618246608657,-0.8241793360428533,0.09011148966331732,0.6213574024787737,-1.0367910973390377,-0.06996167368960828,0.21441390196903787,-0.5541510282419498,0.2741010940707726,-0.09450008387870439,0.0917593715242708,-0.6463893485483141,-0.9580704223840082,0.3407260946937361,0.23186375571954781,-0.16125123497827795,0.8565087599896397
0.5884408461131998,-1.3972678852994411,1.9329939879194826,1.4656723333129362,-0.9865034082428991,1.0021837004492555,0.2892537385708654,-0.925734771491434,0.25571315472316886,1.5569909586627084,-2.03156766008323,0.09268941886478653,-0.028856013187359527,-0.09542126397149993,0.17668892305645087,-0.11975549064092754,-0.28520645056006744,-1.7526619325678394,0.8202599568140547,1.369779427915927
0.9832458824544315,0.6136335484808048,1.7106366877690855,0.03177258322276672,-0.26056717910863597,-0.9937529661222768,-0.4179309761171356,-0.9270794420182613,1.8149757544076368,-1.4522320550833754,-0.568323840257985,1.8310676668093493,0.13463270867757263,1.7319013510227919,0.6024295633044002,-0.49788451476017737,0.5609596155476959,-0.8477188784097767,1.3461744648645735,0.3592942035320171
-0.8720222669261862,-1.0000896605004954,0.41705281798386,-0.8158572130507111,0.6031267067271776,-1.7265927283963156,1.1029956068679672,0.515605172569182,0.9080100979898231,-0.41600215967522874,-0.37136620352807415,0.7345164616493883,0.19083961864286839,-2.4157503526235,-0.028534748498166267,0.943314209787481,-0.1023967362200688,0.10751499054778715,0.278690418443455,-0.2371955170799653
-0.34798685287950065,1.2175839814072102,-0.9369101898428946,-1.4046302409450944,0.2336313907618196,-0.14114467627224636,-0.7752627948453384,-0.8007614993842487,0.5943333237998311,-1.4229701041455713,-0.8079112462836011,-2.5117983334164324,-0.6368870798106405,0.13556509504235217,1.8346080438327184,-0.6241165909574555,-0.3546893895581777,-0.8061282598238867,0.6105736487628433,0.167263820785892
-0.4637993847341923,0.08407492917028193,0.7585531003589022,1.810251151928216,0.8385302350511782,1.4131645953755891,0.5426456871446711,-1.4734811364363718,-0.08281606316951572,0.6513638454238627,-0.6613563879426683,0.915559338159634,1.2446884489227021,-0.5927202111152089,1.7265366335898957,-0.3525126199895293,-0.9385051454280942,-0.20675468288681026,0.9748198986883188,0.3301678631152772
0.593286869029479,-0.5882388697398467,-1.1820613197789225,-0.43944120767627415,-0.5914972068890968,-0.006194636867539197,0.19877687071381492,-0.3617427754872396,-0.043989494054205436,-1.1631322982879078,-0.7867181216131726,0.15564209319105426,-0.5937680836477147,-0.30967351430705414,-1.314090819875487,-0.27893309581165404,0.24154649067523348,-1.1501858950133146,-0.1965594940508641,0.1668867231678169
0.02238794350276431,0.0689490748618086,-0.10484686641864863,0.4626376910952534,-0.8069883265803027,-0.37861416527402947,0.7806248755179763,0.5597083169199765,-1.0396665725021619,-0.4856975622556375,0.2571658150494205,-0.5460066099501906,0.18144796847426314,-0.5186520136177776,-1.314750417028533,0.24114287223271016,-0.3316208318129467,-0.4689062414506644,-0.4925515916096557,-0.9165830022839481
-0.09244766899244945,1.272390172802741,-0.023505865432312985,0.033962952736711294,-0.20356215844628192,0.9951992197452759,-0.33145834462493723,-1.122767831864431,-1.2022700573834344,-0.47155983321273703,-0.4476552962263571,-0.9458269071968073,0.3217617718114166,0.4472669620162299,-0.07166295249014039,-1.4382077200228303,0.22285419138627982,0.9957451645674523,0.18633171308858046,0.7425662792543513
-0.3429279255129697,-1.5254568971193143,-0.8119346182103607,-1.7880020624245196,-0.519594049551138,1.246334308298862,-0.4972773797567741,0.13593125578213971,0.2086588875824363,-1.795181734415195,0.8782574291867837,-0.015711259866379904,0.2522973157046248,-0.24618793011523707,0.45132154613262404,-1.1158726562501278,0.21831079745698498,0.5605278725331841,-0.7131937880956217,0.6045240467943297
0.3951091535453329,1.2321763851214929,-0.5253345998739107,-0.29163539989020176,0.32637028025346193,-0.05040073232269361,0.07500914213940854,0.23813786011062477,-1.1593071249030797,-0.5850510806563707,-0.11277263976574868,-0.15978316042825627,-0.11398764455507045,0.9204865585019485,-0.6384668708646739,0.5115536187620596,0.2024269890741325,-0.4355778457587249,-1.3426175749111,0.7219148255252457
0.23892537176413411,-0.5558018168429831,1.454836333086658,2.2521221162334477,-0.24834189636017653,-1.5279384219992167,0.7695804712694483,-0.463201001629747,0.8987639313831421,1.0619462751279645,-1.2558444539706741,0.320316290898698,0.8293684135327686,0.31903052532929893,0.785866060691982,0.5807747567998944,0.32004305362534574,-1.2312908898682715,0.73131303715352,-0.2383872607084802
0.5327591134825548,0.9880685540101449,-0.4133839880182445,-1.259113255417386,-1.508098607484529,1.1722268782027163,-0.8655518993226066,0.32894366704209477,-0.7564665384595612,-1.762966692249254,1.5309312482831157,-1.1057085157885695,-0.010702183233904813,1.4209389733040387,-0.9512388566237185,-0.8750127636486158,-0.9766160778900738,-0.46855357485659105,-0.14952150806067377,-0.7178820811119901
-0.3181969512783126,-0.19290796563360404,-0.6639310652585838,-1.778552632724902,0.35607878007969324,-0.5907933132479036,-0.09555016076005067,1.7576566419916033,-1.2551322966918725,-2.0859604286026125,-0.919767187957735,0.38691316040604495,-2.054356210957872,0.10899764079261642,0.7807085190441239,1.5463310638786631,1.4970926761128176,0.5985182541178282,-1.9060581479467877,0.13689733373629495
0.44556494122894436,-0.16049832333562994,-0.06801297163625955,-0.2600129126659575,-1.0633224637824081,-0.9049730654579455,-0.2924717147831937,-0.18328270502452904,0.7918143760396279,0.2509367828522439,0.7425325152036601,0.32463689086748015,0.3179836709471708,-0.13866028581934306,0.5157627237309167,-1.0325472560638536,0.5036131341567402,-0.05707835635010678,0.05542895498513857,-0.5630062071477798
-0.8369349842621918,-0.3352500600094499,0.04360136449322178,-1.596101934357748,0.16537396980549038,-1.0160562732714955,0.2578864695915989,0.7449113689340434,-1.2691552922228844,-2.3380661599971866,-1.57900376100832,-1.581624790564789,0.6924454740574669,-0.9714750156335626,-0.9128386130480833,0.03750602613494553,1.0902494432808225,-0.3913975168980214,-0.4137854316949662,1.7099481752133325
-0.9222165229350044,-0.28663605262006725,0.11348162585755812,-0.48837922744691464,-0.5167507199688679,-0.30570234152372344,-1.5949953789594096,-0.8234062191402254,-1.2563816787826694,0.15166079375234653,-0.7730523922705018,-0.7292320399151353,0.01039431203465222,-0.34447557317879274,-1.3272451871958115,-2.0504817857375484,-0.2309160597255806,-0.08198868140537141,-0.48904408490020257,-0.9485445426399787
0.27701090856096644,-1.9649451913415157,-0.3297464545230738,0.2811418697204851,1.3231516183977872,-1.5325959108432483,0.28613089420157295,0.840899395767543,-1.064912909351946,0.9331643101263117,0.42913420779684025,-0.010664101599708181,-1.8762918761849579,-2.6137926957872857,1.3018225463854105,1.1070357005582703,-0.9783127803467825,0.2554782657953433,-0.2718104496446998,-0.19739657717190964
0.782674351389191,-0.38790740654604694,1.4192720623016952,0.6753825108227206,-1.2188802787564668,-0.017408183125955667,-0.6835171687743383,0.8300225687088989,0.6354463357398847,-0.3589589957084236,-1.005509207885951,0.6797894491345978,-0.12636761582589523,2.393842287548097,-0.10352125742397761,-0.11363853095732226,2.460636689400139,-0.4415435994163008,-1.9065211747590554,0.19736978576524417
-1.0876758628363363,-0.36891260887628424,0.40838118526784645,-0.7382275365126983,-0.11032200732379137,-0.9407733515568683,-0.27994314777751356,-1.3765973196402985,-0.9200063278094955,-0.3647033370926099,-0.03736375125149822,0.47170045212101,1.2362478946298459,-0.3348760023270443,-0.33409352107823703,-1.8912690797766938,1.4673514847169498,1.653354857895714,-0.9597988986687441,1.606716075677056
0.19884089563658677,2.491732749894679,0.2181894532141434,-0.8690854994212119,-1.9515364386263596,-0.4097579856299652,-0.4266911615902262,-0.3770984975107752,1.725906102265207,-1.73299784964051,2.4521232716470838,1.0982179126138492,2.3221523705101297,1.5373146193903517,0.5571281655738751,-1.101435784800648,0.9074561241106377,0.455907509240388,1.6489458390162437,-0.6813547952054697
0.32904557848878363,-1.3229272752495094,-0.3003574622281347,0.5081984712887813,-0.8238947501375097,0.4210423585359767,0.1689581244685335,-1.3712246107929604,0.028217563690327747,1.2192157749470944,-0.9396962336095331,1.1468164152253268,-0.7588086579969197,-0.3278086844620408,0.17400964069268918,-1.2283358136679545,0.6374454215486364,-0.32699980872911516,-1.529746782617414,0.2837697093677996
-0.9879700225903796,-0.49446421907963745,2.0155320687517895,0.3440982287553134,0.10581370659980278,-0.4040161864619508,-2.1576347758480616,-0.767052672638704,-0.5591473175532932,0.20172449245426163,-1.9978479249353969,-0.11920546293179224,0.0702648744476738,-0.2090208099371257,-1.8600647071042085,0.457829568844656,0.4225981920534478,-0.6477888076015343,0.10475770383697705,2.05021051873419
0.3073927167340219,-0.824012084877376,0.7868742218162532,0.6263090446074494,0.17552398221481755,0.19930720929271684,0.7897027461767233,-0.10084450249856397,0.7800269439914697,1.1686246899147048,0.737089274194732,0.8450555996561083,-1.3993914316256844,-0.45349232982198423,-0.13807615740127843,-0.12745074649905902,-0.3398819865129616,0.5958039032262579,0.5242495849510387,-0.9409575070140318
-0.554493909641951,1.8772122269339129,-1.5741135062317506,-1.1518163963852652,0.635805169292609,0.3417027924187461,0.7560845695607291,1.0200605433033771,-0.3531009319539288,0.8150905786966168,0.3957230924122278,-0.8602880114578687,-0.49754754875506785,0.3987254153829827,1.754243947585159,1.7164873185674694,0.3562165364937888,-0.14679418290520546,0.7946081481465523,0.2895378656851089
-0.843255261221866,-1.6070322444770448,0.2632354773504219,-1.2321689293226579,-0.3061543243647325,2.6511729900484666,-0.2462861866051607,1.3881373727443145,0.32790347202802167,-0.7518966707518294,0.0380029592736538,-2.0987244113693286,-0.18119550049313862,-0.31546521140800776,0.2117556422708536,-0.7405158811245793,-0.07273321657933703,-0.1821472045467867,-1.6168879553972406,-0.2347704245345391
0.4030412490811787,0.6078899609306248,-1.655501361548436,0.514395923409525,-0.4552032057767675,0.21130593159758398,-1.084201587286403,-0.06492436472679816,-0.625875873676608,-0.5431093840480984,-0.6414604668663494,0.21945589240640706,-1.292568343529273,0.06330492907504312,-1.0041955816657617,-0.5647864114715643,-0.32258119201895047,0.6180176963344063,0.44022098645642754,-2.569142626429728
-2.2939572320784474,-0.6058475912437027,0.46620862151294634,-2.426333816490051,0.35694701317458716,-1.7250154334373773,0.16372773683199293,-1.0121901237193052,-0.932497991595697,-0.21383598652488758,-1.170738712353403,-0.9817178083184451,-0.868412198976159,-0.37156391547557,0.3118446486370133,-0.2458653405133856,0.3409702461868149,-1.004897830265355,-1.359335071921182,1.5442171873351853
0.15588375416904723,0.7807659300202004,0.2868096141455913,-0.5734745430958571,-0.8117751605815465,-0.44241712027224545,-0.1538879553739034,-1.008280374810716,1.5628641586483871,-0.34708334415048114,0.6004757750759476,-2.1958826802987144,-0.21865146546867983,1.3439378751570603,-0.26632836219851413,-0.985030486410179,-0.28472376329472976,0.19652548394735453,2.0887853067764253,0.03584106785363884
1.1868183893004316,0.30346283297211657,-0.8399447878430789,0.6355011110116717,0.21237375172794465,-0.17708133735781734,0.8973849408479936,-0.5716721555082004,-0.4753786073221285,0.39159191850755104,1.186766219797363,0.34156662991605524,-1.4327190236933531,-1.286114252980216,-1.3416018186771745,-0.1622686815537702,-1.9591112209746935,0.7839167092666101,1.853369202918748,-1.3284182204393682
1.4865351114878644,-1.5750088886800608,1.8980272273546896,0.4640733843090571,-1.54437642519689,0.46699710151641405,-0.7595070967853911,-0.9160167412064234,0.7501568612357498,0.7559081884810562,-1.530093640881558,-0.0013369075726676722,-0.16941855035584352,-0.018314220362288493,-0.930634253040185,-1.2761723425360385,0.3627652459134905,-1.6570025792052876,0.3543094557878145,1.8897264031011887
0.8619783230926297,0.6005730625844083,-0.1648838161467466,-0.4101358318221811,-1.6446358994137311,-1.1554000002823974,0.5505237265088495,0.44975226052381534,0.006448618059362395,-0.26143374204257996,0.8345205268457442,0.35143353199544286,-0.5324768180582847,0.12887742611094358,-0.647432681962811,-0.048286658584007824,0.16764791576937818,0.05011941217985647,0.5185885636661578,-1.2113253655257372
0.8921829482689531,-0.47308825721534825,-0.722050722535098,0.28516933319980103,1.0163560354897847,0.3009076218488892,-0.17220973524049138,0.10146978440610811,-0.05620560704542249,1.0353154839362784,-1.1235965916358046,-0.9768919628248314,-0.30978686420360063,-1.1662381585725095,0.3743281482262731,0.4372633393380459,-0.689405739134724,-0.22849332216212848,2.0643915138206754,1.1502687239856668
-0.25142031819211885,1.1541068618464463,-0.73451632334029,0.5931482811594371,-0.3723381766011536,1.577043509098906,1.2854209448781433,0.9920090864523107,1.1852517948207724,-0.00838526647864578,0.8616154380978085,-0.44805000247018223,0.7365408068243607,0.5786389300916962,1.4284997561350088,1.090199836574896,-0.32973202678402647,0.4265279407209119,1.591415513936669,-1.5838199002322801
1.1318791196678657,1.4326448048868061,-0.4940005703810874,2.5387380578240584,1.1939261782093795,-0.09673188222709087,0.1515691504684162,-0.3723739360949031,-2.895410711883912,0.2750626805551292,-1.4458783240510364,2.1930166800724478,1.360704728334896,0.835420096098052,0.46767891173452425,1.8305192485988993,-1.3086603757195543,-1.840128287669235,-1.0066278519051661,0.6921465636109647
2.213576462888831,0.21855338428911072,0.21456152683111088,1.7778594188812153,-1.0179691818934318,-1.089429126755208,-0.42674369447681865,-0.14594203295237881,-0.4431574673402611,-0.7812794091580832,-0.9990812548762683,0.7285840701222531,1.0166371934446206,0.36544967240184917,0.13912759111343095,0.7265172686263023,-1.2783196430806252,-2.5584328941013945,0.9450142565728059,-0.11955467219784205
1.159432233187929,-1.163504454337882,0.23010639701617738,-0.2657487170059813,-0.5408954219020088,-0.7897781084854874,-0.49523464167202547,-0.7372381510847271,1.3725247733164838,1.1956467332494871,0.5449831282046661,0.1678914347337489,-1.0253275419799381,-0.7584922200678743,0.4336022504947361,-1.3502530778594681,-0.6062889509923719,-0.40238364837829416,1.164860641130449,-0.3244821608607226
0.30676833748486465,-0.06387439952348403,0.002963077096060563,-0.7907250205237782,-0.12873907262351197,-1.2011657545873675,-1.284123341337766,-0.4004702140549607,1.5234311558861342,-0.7536182435357986,-1.399074868758637,0.22924348912248124,-1.4423084270710522,1.424480612244378,-0.07912536198963806,-0.026202819148689497,1.1184485575433618,-0.7687737789801328,-0.042160324742303634,0.07439985973561263
-1.0875726653278721,0.9941642408592064,-0.1485443963527774,-0.12503649889965743,1.006446978607783,1.5166342109875517,1.276561622797486,0.21377633185744815,-1.378457415636251,-1.1240640888292908,-0.05232905567739436,0.3477038600632761,-0.6936900988766008,-0.31315754008613533,-0.3710910880886113,0.5616125977079508,0.10439660906903246,1.268224842404674,-1.4769800066328647,-0.33216795723222214
0.8107708028433485,-0.4920115449235669,0.2043960848583476,0.7978189861027324,0.5156038482922248,1.8883095046427465,0.41088921180574184,0.15455347369773714,-0.7802733130944774,0.5082739669029657,-0.09966930953939747,0.2287217321615478,-0.8740837883318582,-0.30520506368423217,0.15865798143388352,0.5086064093556364,-1.0163675784482973,-0.21605520324896163,0.7171244085850845,0.6759603573275851
1.2102754677013787,0.603991507865633,-0.41414868801939647,1.3681915388900179,0.2701047424400464,-0.7233562533546526,-0.804265302491905,0.9047897857311721,-0.7379233707829095,-0.45007036437122916,-0.13910331800113698,-0.13683391573752055,0.2550747227862905,1.556359885549691,-1.952900884910546,0.4827967840776401,0.30844005379157957,0.10042026706443177,-1.6457738957272283,-0.7608147374317233
0.3139777001219017,0.8130026361226482,0.024399347714850344,0.5826859274894225,1.0058098647095326,-1.206118796505311,-1.0873052271462729,1.0873035429284161,-0.5314635215828851,0.05721324549119968,1.333672730711563,0.3570126805599437,0.9400072752165871,0.11845749917663059,1.5765614627383733,0.4425481262524491,-0.08688056426395756,1.2017730513846865,0.7617915354264924,-0.739695779970042
0.25553808133802197,1.4236092241834026,-1.6150700757467749,0.23451253227113755,1.2902807774782783,0.7260763376648218,0.18721750537542273,0.8224695580077876,-0.4354625385008003,-0.7531869664888032,1.7108375240664446,-0.24928622918333418,0.27555458922809756,0.332991428287664,-0.1450135459863214,-0.049801995732187916,0.06547355093956456,1.7665508092161946,-0.3371484538232014,-1.1900616369969192
1.7562714492000002,-0.5069502006543053,0.0228949387630666,1.4278013503914253,1.5823636722028442,0.9376269746925734,-1.737765536427259,0.6985093479285507,0.21567099972799395,1.3399466353314038,0.9200134700729504,-0.1090251335982289,-1.4594438953793145,0.82730724235558,0.06392482139176668,0.22871918992441503,-0.9485166505691622,0.9942163956389208,0.003556105956293151,-0.2891584438284652
1.3103753657920203,-1.906112033888757,-0.7579101069450808,0.45686487287000765,-0.5318081877562346,-0.2522310529083772,-2.208512564026676,0.48967298500490597,-0.9449823602865837,0.6638449682161859,-1.7728355247235863,-0.3039472365967687,-1.1391654125453825,-1.2646872270317258,-1.092460063257441,0.07805218721760783,0.4849585843206367,-0.6556649669392552,-0.9616157739436202,0.9826298052532557
-0.7400454852460856,-0.8521970080123468,0.6044026831476861,0.4716826970869956,0.5336474104419288,0.4056849742127069,-0.6329474341552129,-0.3939999034844697,-0.07618120118899692,-0.08933961845469834,-0.3855914104988213,-0.029140498395386443,0.4306526096188273,0.4194397881553802,-0.2719098009539139,0.18385013611348813,-1.288185402986715,-1.9782341112601955,-1.4048208869422607,-0.31587598365124975
-1.095745541924445,1.1883404298152849,1.302111911408078,0.051656766488962974,0.9257521194457562,0.5627135691921902,-0.8909502917007258,1.252503125709673,-1.3597071418151334,-2.008069908200558,0.46278676350158277,-0.07051481059465045,0.9087199516283943,1.9782627603367322,0.13507048966445984,1.0810135259180405,-0.545646384405529,-0.27343482358071713,-1.6060794196983177,-0.6885347212169783
0.13955330371500843,0.8010649031901359,-1.777269651249217,-0.06584992195318762,-0.3158101258992137,-0.5226306253987354,-0.15677308682484647,0.31568597811599475,0.6003826707849329,-1.7668209775947195,-0.0038579408706513624,-0.3677009092551192,1.7887599622836554,-0.18019346151374657,1.6063476079618624,-0.9807338453847285,1.0233310169891574,1.1536903733627513,0.5937799562273417,-1.2461369367788295
-1.208526536031067,0.8623181441850326,1.2831681596491766,0.1089899387287543,-1.1397773836576186,0.1440243933197139,0.6476335546840627,-0.40811162627886644,0.7790598456392414,-0.16482260879874272,0.7930680492420412,0.5221831161626076,1.5012243701648573,0.890359739511176,0.2986208973595248,-0.4539068053731318,0.242971055382774,-0.9086362574392177,0.053968367466375185,-1.0108890855013868
-0.4354195060458179,1.644264547036287,-0.41719328351764956,-1.7421496121440578,-1.1568898939298666,-2.8537843555744904,1.584675729655962,1.8650968207404437,1.342810214968754,-0.5387671447354242,3.247607432782563,0.6452312410143956,0.6358070516633999,-0.34139019573394563,-0.33647883996924444,-0.02583226779336965,2.678654224291377,1.8062183724417835,-1.1209536706676604,-1.994495282001063
-0.46606956765612306,2.5742763399924082,-0.745329376652303,1.2225234557744489,1.4680105987684602,-2.2770563802932626,2.927674293551986,-0.40277203344963053,-0.2189534980877112,0.8878256001578548,3.222896527461207,-0.19299481804928428,0.6157776375305921,-0.9730618091070835,1.0230023968901971,0.183251024643206,0.03242968329590551,2.732001930767666,1.384581367675593,-1.6384806674308172
-1.8182185576841912,0.4873216923260201,-0.49303753435895964,-0.6587393152929538,0.5614771555810512,0.8027479138442326,0.9019187149310969,-0.5452789873543875,0.12682997707702545,0.024948080226571415,-0.25259626154512843,-0.39936695322204974,-0.3042212246744978,-0.3251326263624748,0.9957996972003315,0.31280596031988483,0.5673567902263381,0.06861200687669095,-0.4242847338723518,0.27522754597475835
-1.8019586889211623,0.7375126555171628,-0.615080774064164,-0.9108694029628868,1.5139013246276145,-0.620291574110452,0.6563897637023675,-0.10407185345728627,0.21278043883127445,0.7002711417952514,-0.1838940610990995,-1.0614566840063273,-0.6827261730918052,0.3359239111212242,-0.11895432566734161,1.4110594496104514,0.8024782160242305,0.21650009704999812,-1.701388599970285,0.9576818395525503
0.2873987750647813,-0.6302515238286281,-0.918827704471804,0.5522060299653586,1.484430464725907,-0.27318720762935944,-0.2057404828328158,0.4494988048527862,-0.9119102697311364,0.4728870934608018,-0.5039334573538333,0.7072096563115704,-1.6100756755855665,-0.17904043103736542,0.12873525875397338,1.4845740992256398,-0.8792867228422038,-0.14517014267742678,-1.7658566396213093,-0.5209541174618502
0.427331768073474,-0.915028500226431,-1.4308660359619678,0.8850066965014124,1.1592203164074317,0.12370088541059641,0.400862887079969,0.6159263626838927,-1.1881475861030764,0.5660849681416539,-0.9458370785264438,-0.23230046373883845,0.21625888157760179,-2.1259109606158986,0.9182332290489394,2.1397710531690763,-1.507152939281297,-0.9311617976269363,0.6419370343757542,0.9662439803338452
-0.019596179992929258,-1.4999949651510913,-0.48268051471136925,-0.09058838050160396,-1.1815917511888754,-0.23425531949025583,-0.5963840847815326,-0.9528132153795619,1.3044653373562762,0.4243004845232529,-0.3128371799445023,-0.29635527290798763,-0.4432376576135641,-1.158510168857114,0.3226636362353242,-1.5369394699921828,-0.41759209803372516,-0.29147938354033587,0.5777701470721184,-1.2589723061036333
0.8206447633006541,-0.43484444806252476,0.24348563005266408,0.3729906271810633,-0.433204632484963,0.19419186900102509,0.9275162852208381,-0.44658000488181215,-0.10068471386515303,-0.37746394168280906,-0.11022244682429302,-0.41645273080595235,-1.605084807900201,-1.2774159238963465,-0.812014944074899,-0.49402362486659335,-1.0029649769251723,0.10632936484004107,2.033131287750583,-0.8428819043687562
-0.5383857922234944,-0.058565010004658975,0.9242423090922095,-0.61560849828353,0.6466722082787368,-0.5868066006297769,-0.1477759949422533,-1.2186720485835478,1.0582081072514067,0.9381677003610981,0.14935887121386984,-0.12844517897998628,-0.027835000004594348,-0.2742173898460218,0.30344774844365113,-0.47250302066835054,-0.21483032148630493,0.42224176204711034,2.4581001756855576,1.413835045214347
-0.7862676868970254,-0.5263192719567695,0.39202565123696353,-0.0750333338277383,0.38219690505726117,0.5698579726578745,-0.5673034436103208,-0.9545752169794978,-3.3055628455758406,-0.4034121098985762,-0.7530822595016133,1.5197657280379175,-0.011677464147369731,-1.2751370929193693,-1.511130089716284,-0.32698981876232924,-0.6111246373608471,0.3272087362526337,-0.8017891984966481,1.266254898230974
-0.7385371347871992,-0.4788345884683251,2.0628816162672314,-0.9148422380950675,1.0437964436807265,1.7005623602195772,1.1023980492228274,-1.3147602449408125,-0.1149900023138672,-0.2587477826641871,-1.4889117138317136,-1.4277051925122264,-2.59533085520048,0.5232729677219339,-1.7094406124204344,0.43231302315894554,-1.1672991376720248,-1.1573516157346617,0.6701184129497922,2.352454307151087
-1.0542862375946127,1.2896803752680626,-1.1307743496011624,-0.12494118505703646,0.10546964846871565,-1.37235382125629,-0.6052894510498371,-0.9134663228337742,-0.8290965079772342,-1.712531931238847,0.21194988799253908,0.7081845270665975,1.44756358356232,-0.08327517039515006,-1.7239702970990427,-0.00552534592338564,-0.43614098526897105,-0.34233824560048487,0.21474347854148002,-0.8306299605796641
0.1811616452288729,0.48394903915690385,1.7709439595836811,-0.2855537663976081,-0.4003282007704072,-0.7773526110704378,0.9886612270205276,-0.44689170780448134,0.6516880469815087,1.1570906315185334,0.18134878396371581,1.6488962782300738,1.2279611867537354,0.4565791703619943,1.616900935150182,0.056863909875190084,1.3457121294121244,-0.26921656812980554,0.7807771983380624,2.199759971121229
-0.02962444274539398,-0.0025747985569686146,1.321555669561889,-0.7591636429731957,-1.0759233373684978,1.094299063060578,-0.7677162145213203,-0.3991450015224961,1.5489344129630165,1.9386398437390386,1.5862594571514215,0.77555001999772,1.7585620356196345,0.7929914286125767,0.07513227928463632,-1.8857551376893558,1.6387797064652714,1.040725389596142,0.2535458543712331,1.732798643332517
0.9842335291116918,-0.43927137111164066,0.14731628882430783,-0.9985984088946145,-0.8011354128522039,-2.384606448167851,0.505919824290556,0.02833508385173682,-0.8239486446902198,-1.2943526466709694,0.08582827580980543,0.20430897571905324,0.3426136235459705,-0.9627845873788952,1.2965695157675816,-0.5828278700989384,0.8762141691807299,-0.1920236814877349,-0.30124558962961234,1.3739991649286785
0.34572846484765457,-1.3460314395395012,-0.2606884392017358,2.041522030636051,0.9026140882872097,2.324448476382572,1.65738592513802,0.13238958703597165,-0.9617435348539226,1.5564193547827856,-0.8419145817247365,0.06230551666969387,-1.047574181591658,-1.7229920635442895,-0.27188337419958625,0.3889267642947239,-0.3290072200627652,0.9042291122052676,-0.3527666351689904,-0.09649244079426243
1.1376836964803483,1.6182488256632115,-1.1424369764606757,1.2457458694070094,0.6016003956973324,-2.42628456034745,0.7978983382435642,0.8536944731583281,-0.6562882327128035,-0.6908019804244934,0.9017377273357235,0.7151367133716853,1.151379786224689,0.07967145887345481,-0.7419307562337744,0.9373699676660434,-0.0745575007720326,0.13740480031199173,0.3671851687846239,-1.4857358647056642
-2.1760550073336087,0.042545075675753975,0.8371276186796656,0.5500735170829786,1.76124895646595,1.2879570860962268,0.28676888602402806,-0.4075562886091409,0.3293414483875275,2.3834202231093706,-0.6135356583393778,-2.09405362221413,-0.243931832893518,0.7876908181936372,1.094297655859659,1.409829733269487,-0.1803876867904533,0.01909722443429067,-0.5590922498401762,1.5978815030016456
1.1912657473572104,1.2239368793887564,1.1250192481913281,1.4821974293524962,1.7695033900208763,-0.6998955019189423,-0.1374183938318095,1.0091313754453928,-1.067558228117459,0.09210688758184371,-0.8833851343085075,-1.6561240698437656,-0.15575164855994347,1.6087446694684828,-0.4645970246448856,1.1513279086404817,-0.9373737712301725,-0.842270680291325,0.1847765056756023,0.2567299073947294
-0.1500939280981262,0.05493066966999824,0.2798629156965576,-0.22741698306474184,-0.366820347586403,0.05489432017005475,2.135284264084215,0.2578382743457051,0.6955239902980719,0.059394898873802865,0.35344698793957285,0.4846282164508701,1.3973108087443613,-1.5743194801280211,0.018920438256692085,0.22927694326784026,1.0303015284982926,-0.004898429651108038,0.10861046626435161,1.006855666051322
-1.3039712656936029,0.2345311032985668,0.8097660533635099,0.6462981563410939,-0.9806481579014519,-0.19401863192480312,1.8185314491952198,0.5150886155407882,0.359316858673359,1.124439108018601,1.2614039419420502,1.308441555079939,2.8087002590937535,-0.07297291907745632,1.8229527047044152,-1.1088941032967021,1.8571807184864497,1.3757638078401107,-0.6756947644304749,-1.380946060786238
0.5223608042689227,-1.7113662854939813,-0.1984021531580137,-0.31974635461193457,-1.466325290273613,0.07371902169727772,-1.2383805727080286,-1.2213029819512773,0.45593974092230505,0.5215379142455862,-2.055992788412585,-0.428389118487086,-0.9193933776923673,-0.8969277879883725,-0.13232322223215268,-1.6413046852598736,0.21542776114748385,-1.1936968493525741,0.2990028660476832,0.436948887916493
0.010434890012200935,-0.8205354602213898,-0.3460743883418701,0.4796480083239558,1.255242914680925,-1.2825789757652195,0.34228285773480355,-0.4780559522114418,0.3209987796999973,-0.5921969032298409,-0.6419199132730508,1.5738779076472091,-0.1457657394588365,-0.7817456352803779,-0.23997965923325765,0.1996784185132473,0.1506367846781068,0.5506718117012842,0.1957393313757162,-0.28219497051345327
-0.19502326168003045,0.24507982448147825,0.3599124457707128,-0.053730322245980955,-0.18997419747552907,-1.095652972211904,-0.6138340980042789,-0.7019594125791594,0.17239792672750004,0.5482517471605238,-0.10226169776197583,1.540590203977934,0.47175554037041895,0.9760310312086041,-0.1466226997896726,-0.0967547327338523,-0.19012700242913558,-1.3975001049085516,-0.8070000228297168,-0.27903172964490525
-0.2705396259973142,-0.269372922387844,2.0284652978322586,-0.5629288291840943,-2.107429953921691,0.44194505004762813,-1.7531659894306104,-2.4887504448276836,1.0100714643873598,-0.4810837253256481,0.5187004345442864,1.7379850394523162,1.5696672331936663,1.9818426070797357,-0.17724215189503167,-2.010236254900386,-0.7300834999195454,-1.4223551865091708,2.237176829587635,1.122017415887811
-1.4812616291034852,-0.880186402103969,-0.26768481468214544,-0.4578625144625253,-0.26089025895789153,-0.409005278884263,-0.4837398201760075,0.030208531637288486,1.6228561121994238,1.4347096387241614,-0.01790411817501532,-0.18438044241382942,1.312513051033987,-1.0895480085178082,1.635997447170272,0.47827345063232013,1.0999505290963147,0.1874637124546475,-0.3504279876934371,0.8076122546251451
-0.6298665624882206,1.727377725407585,0.36433138613140437,-0.15719696722476917,-0.16597517190027486,-0.36321727765441075,1.3822359479049784,-0.23326884489493277,-2.036978011556756,0.6809732528104936,0.7962811551223008,-1.2848308696489983,0.536111595987371,0.1501586730678867,-1.88150380171213,1.862696421187999,-2.146379074037278,-2.2795785674821794,0.7876637617684051,1.0697488291331267
-1.2822718979128953,-0.22581022921187294,0.7932559549493956,-0.895455391809066,0.6038475990368983,1.1588310562897248,0.05913499419313762,1.0092964348384252,0.805897367378282,-0.27273596954614976,-0.08505265564001135,0.2824257696122865,-0.04915448450822252,1.0930758574226704,2.178977918902193,1.255317790318339,1.073581454165284,-0.20828192013642224,-1.5098688328051622,0.8237884868927193
1.1042495801346677,0.7049699320839432,-1.3108080806523261,-0.051163947459590194,1.7611735005285853,1.666539938225049,-0.8805602347162922,0.8526395872721878,-1.2216968164002582,-0.9075525715898018,-0.43745423658252786,-0.9818506576816697,-1.1577770741710622,0.6342008185645784,0.4601655671622168,0.8333832289224099,-0.3961119765433428,0.08632926423130072,-2.49604240275698,0.9824225080307659
0.07854832871976597,-0.7856203897860262,0.2868824431171191,0.06249620640583049,-0.620770704783222,1.1244153175348641,-0.7130729656934297,-0.4581021516701985,-0.4549078095180581,1.976514360154999,-0.5375427715685543,-1.8655889764177636,-1.7053303856370798,-1.5791305723672953,-0.717280627659214,-0.937807304344431,0.34631346974933575,0.5341735149295173,0.8257940192011167,0.9986852796004662
0.2941345587610625,0.34400011226755794,0.8452540799914904,-0.6424180751489766,-1.271750013178092,-3.222068588410853,-1.6030738470380732,1.1190356831543866,0.39874744114776,0.11624813578191272,0.6369413565930608,-1.7174136415021726,-0.027722902620008583,0.8000068348498387,-2.1032691066072795,0.43887792174071605,1.0567922862568595,-0.19294885459602631,0.9563979909102455,-0.008483872431769417
0.008435074217412958,-0.10928073861780757,0.7084321536902882,-0.020660667453823067,-1.4891547658833904,0.8131081396823601,-2.371256510873835,-1.1194104363273396,-0.32110826020303074,0.22623461603687867,0.24255555004949142,0.9276719487170166,1.0059833880737248,2.159910489501959,-1.358846386296655,-1.2068790181023312,-0.09254363052080267,-0.7332911600630665,-0.7124873025265734,0.7665047333838202
1.1866856925629174,0.02461726488835599,-0.4167823443870268,-0.08418158356121329,0.32404974648844265,-0.7308183562137521,0.7063196840235142,0.921832553555585,-0.4514045546784521,-1.4405990773223694,0.12605426731999034,-0.10143705345105165,0.46487581065276395,-0.1830779932088158,-0.4201552082796472,0.3710189591193809,-1.2227140397289824,-0.27338194179588454,0.27388329391278066,-0.7394063352157256
0.29811456255446106,0.4216846321122003,-0.0008039519699870796,-2.158617266364472,-0.7286078567024548,-0.3937601201631402,0.6265660839110826,0.4008856097533014,1.3440479196838633,-1.2928338982411467,0.5500861746397416,-0.5678938857169403,-2.1877204775685066,0.7469810217241875,0.014072158411150526,0.19067888531599345,-0.09609999341097787,-1.1287238310882515,0.9000466706719067,-0.6230067633553007
0.15246000941692656,-0.4520473660677514,-2.3796305093009895,-0.4871102907772427,-0.49236767436514084,0.3835973703750017,1.5333480204303032,-0.6732069261950047,-0.7465756550681494,-0.0861839045419671,0.10205661633413023,0.4711724771799733,-0.9667272605313412,-2.4459847825686802,-1.1460403881113466,-0.012402673616358629,-0.9760819736243914,-0.25702613554500225,-0.3741158453373167,-0.703991667378631
-1.1831002354515994,-0.9001646621144674,-0.008742371787834272,0.44000272168512805,-0.04683053529916143,0.8915327886409131,-1.5997995978301418,-3.0757061650054602,0.6765057502863921,1.3585863407695402,0.21562272630765678,1.6774094271294528,0.7751788015673858,0.63706325503341,-0.774194289004393,-1.790717643033525,-1.9884606911128169,-0.558715125172089,0.5569932539800481,-0.39601927571348033
0.7191163343094366,-0.7426776256171175,0.3046724294809564,-0.1278529749163109,-0.9244572832805104,0.16823865958747583,-0.8214384165073209,-0.1362962309484757,0.5949456555286793,-0.5230341152160188,-0.7827804197348122,-0.8018484594626629,-0.15483502268960908,0.45683059554609456,-1.337149833417128,-1.5519525757676573,-0.4588735765682757,-0.4812235792177546,0.6980160849363604,-0.9294308716736077
1.3429881056281288,0.5082905451900732,-1.3719192073930304,0.4220093719618762,0.48178361608394377,-0.5168851548665454,2.195607959383002,1.7522566562080046,-0.5158547390030019,0.3535738939624767,0.9328318750999951,-0.09255375500218939,-0.45069261237157837,-0.7980906220528559,2.3624257404911804,1.0541465554320717,0.20354848015480823,0.6930366401151156,-0.32775882505778503,-1.0009529062587403
-1.8055136324134007,0.8421097813897884,-0.08923273512215026,-0.5439618858323192,0.7787749520649493,1.052766732172055,0.22439069160226863,0.2635505225839869,-0.8855264352600849,-0.1806925349786226,0.4986951504014562,0.47425424598469607,-0.1864429926660374,0.7504999280813054,-1.0589184824460949,0.7715669715724878,-0.2999886609618391,0.09748277756458604,-2.486940735389698,-0.8247193573303118
-0.12868425244640366,-0.3451441511770047,0.5394714108182975,0.17250226191125426,-0.42013566163038696,-0.5663673149043202,0.4360451945010676,0.3223248638454969,0.4126422299365246,0.24753543334964628,-0.6521186480763682,1.0194811701302913,1.5488934634796179,-0.4297761997900533,-0.20646750962935054,0.34366711702332925,1.5465694652953597,-0.8077470819524465,-1.4585938173876403,1.1773159343608899
0.08430345848002793,-1.2563006953632774,0.3609614470629072,1.0386406043331702,1.4829968611142177,-1.149844328568868,0.1910137549717945,0.02239756201663291,0.6333456979806896,1.879184156736628,0.9053206839159992,0.003310140971161603,-0.17163738012411314,-1.3391810931332544,0.3049418241123786,-0.5229551368829888,-0.022134727924843507,1.8217268091128551,0.2816048341169015,-0.421707828809718
-0.8603379546358705,-0.18955956860811712,0.10139402428719775,0.5234094883392476,-0.33184381381773087,-0.68581204802996,-0.3583133700078742,-1.39943516643688,0.2811341961351634,1.4339120909197716,0.07717176374777046,-0.9922335548808471,0.11027361472227937,-0.7478833948010262,-0.5096404078631015,-0.7599722766491165,0.2997639704046722,0.17842496008547537,0.5347581574543238,0.4567747640265546
1.2204706167690473,-0.33268903703862374,-1.4605327222853348,-1.9301671550066277,-1.476631040296142,-0.46306441372396223,0.5024527010293137,0.3288200365900852,1.4443391331050683,-1.9702490991492208,0.421037586615796,0.28270330189995324,-0.5026620282453637,0.23718850058602245,0.6287630926189868,-0.8777653972394831,-0.9468752553860054,-0.8248195991316589,1.1133520081001453,-1.8950515044250578
0.4079030083958205,0.11249972150551786,-0.7631754311091418,0.3193650813643382,0.641534210914739,-0.49713767299125333,2.008208928672985,1.136971246683036,-0.309602535968079,0.36600667681792587,1.3077708777859411,-1.8263421090027208,-1.1647378346335322,-0.8196271121521261,0.4084107276063191,0.597100199738089,-0.5451997607387052,1.28987878066814,0.5595167076648673,-1.2590366471064558
0.6387353317109203,-0.5194305726011899,-0.5015491182274106,1.187947159828575,2.260265628989546,0.5892960802887203,0.21937851533247446,0.9569320146893621,-0.6855776595981694,1.0745300659809884,-0.32438647804418674,-0.6867807668592419,0.13846895083615876,-0.2902632623842751,-1.0114389268218502,2.079443312452326,-2.3808190832509686,-1.1604390174862356,-0.604047945095497,0.359449457858873
1.4849773494570055,-0.2256038576230073,0.015545355625325608,-0.13135835039618088,-0.6461997068739104,-0.0829599031158681,-0.4066362334892325,-0.47518914501117765,1.3183441426803775,-0.1796588137876566,0.8628348275969832,1.7581177738810114,-1.0275639661292437,-0.7616416762293321,-0.43265582168807104,-0.9617600024934195,-0.1336718303025107,0.7031269451775326,1.255946124532579,-0.8338670329622095
0.7342606146079849,0.34528329868388535,0.18885096935943135,0.019335801159941945,-1.3407913630385175,1.5207710199869886,-0.1181860212446197,-0.13934241170919784,1.330277937672231,1.046551732622841,1.3156583284231917,-0.032947703535764754,0.2517487018024571,0.8286679243893825,0.7889536389816393,-0.6157083350238787,-0.35931721543525874,0.038541457354542154,1.0514559097280418,-0.2366584259995695
-0.12271602260195624,-2.0991348942975128,-0.3296917613918753,-1.718900704420669,-0.5458048429400697,-0.9932013404682782,-0.8210556445390361,0.617792074724638,-0.421156835204872,0.2157631496703378,0.40555756261565024,0.9237297515103939,-0.6006492561088749,-1.0718562948685963,0.23497872529358568,-0.9270069059491904,0.0920345951697818,0.18145395375384402,-2.3067779110109643,-0.427994135001338
1.1665583920832754,0.7613539084703572,1.2273038976860928,-0.4897655612505078,-0.5651196676937804,-0.016893053525732026,-0.5627365270118607,-0.3896634033275206,-0.36629214972858065,-1.2326004977840401,-0.04730864067831942,0.5675478004639194,0.5892857818072871,0.9217671620881621,-0.44648386758357533,-0.7649492322437551,1.001284077497136,0.3716998019760985,0.9443021468320248,2.209289973345195
0.5525435736149669,-0.9686010577109757,-1.8519404987066101,-1.5032727044282004,-0.3599018339060454,-0.22668358898169827,-0.21528687221026963,1.011001800935897,0.9124671748634379,1.6219901524528868,1.3939760872698206,-0.9273740100351477,-1.720506315137257,-2.182189426512664,-0.4375797634520724,-0.8634702952736607,0.40074892796287537,1.6950593429471972,-1.1780559650511726,-1.0360871683397617
-2.222524743367538,-0.6948958421444403,-0.9060155090820595,0.22759492871693351,1.8135085463936589,-2.1911631159432887,-1.8917447766215183,-0.050975976845763035,-3.162035491666414,1.0907807249551262,0.31213258654008735,0.46662289244330324,-0.4497464503072918,-0.5448692308936709,0.37346148541302776,2.015157675158262,-1.1266625985651693,1.067141921276966,-1.7255918558139924,0.09989743462461874
-2.515063873269458,0.15566816722645269,1.8400325491977931,-0.271916466441647,-1.373258883812365,-0.1496420348263991,-0.6991058135730533,-2.142941804918376,-1.2492711496023094,0.572038931331412,0.2268884249475233,0.43711557343554,2.0143852852127884,1.4590121592741554,-0.13100332901206108,-0.9615625834719681,0.5435674892994926,-0.6338612104285974,0.42963658265005417,1.9007223299685243
-0.5397235639071846,-0.4419709623492895,0.686122309192061,-0.6746126885644451,-1.1828968300594331,-0.873806962650094,-0.10863702383945664,0.5256684872835812,0.9327887108352605,0.010082699852104958,0.37261594047985636,-0.35681530340860723,1.8266702171445692,0.3920743222871904,-0.6260109892812766,-0.31439119512550434,1.2599093094649925,0.43225009255736774,0.7658394407320903,0.5921946060935317
0.9086516033063302,-0.8427806607613206,0.6336703747505782,-1.0389551995056796,-0.8655540918747454,-0.5702562738333079,1.1565382651296305,-1.300266839889015,0.7663066116003763,-0.6514913368261892,0.7270593897089305,0.006264161835144954,-2.484992753055353,-1.6353247297760323,-0.4803835268339118,-1.5329885514684483,-0.252765145893301,0.9746576003536975,1.8503504767785541,0.3483616659058507
-0.85190420827775,-0.30471478729815216,-0.5561299531097603,-1.5835509155084362,-0.1369404444048725,0.22522205865378928,-0.6319415113085055,0.6719668928475784,-0.16934808671099197,0.12354217822300852,-0.263334292859667,-0.8306531558599597,-1.1619708066191796,0.3693851880219035,-1.0604045108909759,1.3653985544424938,-1.4839309022435188,-1.3444630533804813,-0.12639859280556703,-0.3510960892796939
0.9460699176796329,1.3536473565250937,-3.7291971519314835,-1.4406061298101882,0.8069866954643257,1.3118680350804761,-0.0539035124635531,2.9146598193677544,-1.4104587255208365,-0.8698211029246529,1.170785470249572,-1.2253893793999269,-0.07565219375966721,-0.3219198074815239,1.9901732082439032,0.9462393818382963,-0.6740510310114506,1.1465371353583167,-1.137540906088744,-1.6671555741462154
2.0861501690945854,-0.07151254753006506,0.8820538898003738,1.2391890684642657,1.648674582272099,-0.9484691997632817,-1.9393475157530335,0.396318903079517,0.6171512833894268,-0.9314086336550856,-0.8948433589498062,-1.129987012745403,-1.3932643346485776,1.7776504485061986,0.8489588412584221,0.37397898049468203,-1.6806292435001429,-0.728668636056569,0.5816475000548095,-0.6066381344568709
-1.4302636579742487,-0.34216843546580905,-0.5941177815274205,-0.20292169941943838,-0.011870068578970633,-1.6846676441758939,1.0567936036862835,0.3908705534648968,-0.7780094670379076,0.5014420922170422,0.6462466277125732,-0.68293767648668,0.8143644464423675,-0.881824767888182,-0.6582778928927815,0.2439414161957851,0.8600909227352102,1.240222808299518,-1.2401104081854937,-0.38138721887101634
-1.2983393060443966,-0.23991516226763537,-0.5661537729752429,0.284009177103652,-1.930496280289766,0.015027486116386143,-0.18361336251073893,-2.7251033630126473,-0.7401598278740362,0.4150466011309864,-0.8047480787675829,0.8401461931245477,-0.05806488876351785,-0.6292808756853371,-1.8963472091532914,-0.383233665104469,-0.5750999204684973,-1.4258581316276182,-0.23720456112306385,0.34731957861234125
0.5752064011259511,-1.0425929645369072,0.8341891032861132,0.9142121465857856,-1.0294468116634286,1.304618640524293,-0.10834742791736252,0.20548440478714144,-0.43895465444323567,0.43873099049215086,-1.3253251241411212,0.0833991671126437,-0.36187791276085635,-0.20379725570285637,-0.29954187121097714,0.012073334428076959,0.43667464946097834,-0.8718178728441112,-0.6200362212233047,0.47644541720050626
0.46657341727093576,0.11023497221190355,-0.0031832011847571003,1.0797357463285089,-0.40829129751215015,-0.08840457816031025,-2.1757336400703093,0.017980839807414526,-1.8054251008805289,-0.8558498871908662,-1.4821714574603586,-1.6309492298780965,0.788535065596794,0.5529642168873021,-1.1548300097627033,-0.8275087980090212,-0.6468065548380578,-0.2336120324417515,0.43627064491371514,-0.43556979367103854
1.1331548814960635,-0.3783396447269683,0.2050735704927118,-0.7648733854706173,-0.8404290582022818,-0.8654380284660298,0.21841660546280567,0.6615611344287733,-0.09554232692931584,-0.2082224992110709,0.0461848826980937,0.2776077101236983,-0.740450787495771,-0.0723919880868405,-0.3458494950182405,0.7302330814116628,-0.06225219094898713,-0.9345524985097204,-0.11261190849751947,0.7193892285061623
-0.8680469030683071,-1.1229117744232155,-1.147209607810547,1.2897653401337925,0.2923641604223881,0.8280759311340528,-1.9131550095906857,-1.48540785906455,0.38149324136732404,0.8752542787756477,-0.467679185336277,0.630675108801737,0.42101189337850015,0.5250264941159788,-0.028613909087116293,-0.4626391459378889,-1.496118877867709,-0.9520800270772525,-0.5970502785369431,-1.2583094755236939
1.1238832611140552,-0.08027716461745632,-0.7538382864749819,1.8847263578944917,0.8208475571659601,0.6698022626662417,2.178526055112842,0.6493223743653241,0.5353224548468949,0.38631019318145,-0.2051255643021145,0.03639582072247007,0.9382064227879778,-1.3704748744363682,0.3381871701447682,-0.5605033656455726,0.43093539151026,1.274173025561811,-0.7149846176939407,-1.21805427431039
0.996517752515918,-0.7132504239242938,0.1646763057426444,1.8352612256170953,-0.7291807195965933,-1.8723489926186263,-0.4020983530471009,0.15493744418296954,-0.9294118564250068,0.6091437449657757,1.2758157430669241,-1.7053930654670222,-0.2096082565437669,-1.118055068028709,-0.6368256569856012,-1.6061282825465737,-0.7317973036496654,1.7199912817764087,0.6298876694232328,-2.3519417149122654
-2.2486748646072896,0.9021420870299589,-1.2869990772760105,-1.4816891264757936,-0.5940363405225574,0.8960068366248335,-0.2450157556562969,-0.6214050738266143,0.4985801600663371,1.8524427014203142,1.134103298932259,-0.6375274652434254,-0.6048091851289238,-0.2638386421711026,-0.670629246285176,0.036624196894610106,0.11172864644629486,0.841341061733685,-0.14697782662162365,-0.742843691386717
-1.693008986843453,-2.004617841538494,1.5665260724110548,-0.8037019887926311,-0.7652842394179881,-0.5746573564626251,0.691163856929688,0.5944108055339519,-0.1787150418652402,-0.18632303194446034,1.808992192244444,2.0509011993184747,-0.018204628856715758,-1.0386320283855188,0.01049971062414931,-0.6309913166146925,-0.3268264379009907,1.0076503805772346,-0.8594566238163213,-2.0999473798410437
0.07007521795720324,-0.06949785540248216,0.4592097827177321,-1.1537056751760049,-1.518960018881388,0.032800257125671965,0.027448504634233626,-0.0603319269549868,1.5858490348174972,-0.8708788267037179,0.24589860530260924,0.6549378809004175,0.4155951163757687,-0.02785759889697159,0.9967096224240698,-0.4915780551546393,0.4446605391254328,-1.3345610546260371,0.7266168837935948,-0.08585636732887182
-1.2655999015861028,-0.5786235972896946,0.7465634247416705,0.4924221854636079,-1.9555464126162856,-1.1298811686164516,-0.17507764044786844,-1.587870457541552,0.4665854850868259,0.6208315481281408,-0.5230515927467438,-0.2656570815390828,0.0782523120318058,-0.644944081094414,-1.5705417443859417,-0.6942130697245822,0.611015283276071,-0.5221696482158193,1.0569023726299127,-0.3407249189727824
-0.4552351630860358,0.4744262426164443,1.2056653279477245,-0.6477969135869236,1.7854980221597099,0.093206185344771,-0.696866140815624,1.3012676817082907,-0.24986258158097738,-1.324731953855006,0.3565435202491386,-0.2904700681543142,0.3300943466235165,1.3555382114014287,-0.9911875880265498,0.42366045886248144,0.14026707540436545,1.716667240573495,-0.4927260632223974,0.31307757105439654
1.1457040010354935,0.009596339485651053,2.408144803931108,2.496697197122699,0.0030606366164551667,-0.8665949527931331,-0.20261316297855483,1.0146526998320962,-0.02337756581673899,1.535934282008795,-0.16810983306751337,0.06183913140621237,-0.3790346340916241,0.8156129215519801,-0.49788305350081513,1.0802793618090976,1.3441222229884124,0.8181466283557285,-0.019496862299591848,0.3827505650105377
0.4368677736417958,0.25278522753251864,-0.17251355994636125,1.1243658347648995,1.81352932185445,0.5629488410802993,-0.1244406185269559,0.8999343713160183,-0.08395826331861414,0.05583273002622455,-0.7404804218241761,1.8700435495112797,1.213626402882032,0.1261969189483881,0.42056473906369335,1.4441472476197366,-0.2093461289061025,-0.09684941779260628,-0.856381009340641,0.1552027691164245
-0.3487271082931597,-2.4166704841575233,-0.49774206030407236,0.37037480420137575,0.42499088029831594,0.7119110007202194,-0.7843658444370554,-0.27024542528556833,-0.618145370395691,0.5995769379961698,-1.1567046091186006,-1.5799822380031876,-1.0972673369426615,-1.2244727296558306,-0.107161861123574,-0.10641672876742006,-1.26312898027731,-0.831112894892188,0.01859408336920255,0.26665392905999163
-0.7727251882384288,0.9377334595872742,-0.6523071941948337,-0.9210291427755811,0.36525200313184214,-0.6553085051815405,0.5069659315414206,1.4734569465958414,-0.4859828233907305,-1.1021561729187568,0.8959183625773685,-1.7150505836090046,-0.18087473354558062,0.32575577544402073,0.5375271615430472,-0.22018170520924454,1.1269170599585883,1.4400857803187679,-1.6267043229570881,-1.4326235888121266
1.5063090249780111,-1.8982678911511133,-0.14949599302870079,-0.5671327897744265,-0.6119356234148333,0.4410777015481522,-0.5296477078836765,0.6872664998768803,1.0134332090432896,0.2736693626259982,-0.6170408215783046,-0.6041381000862269,-0.1632153423602886,-0.8489627884146055,0.41027332605213346,-1.3639451982613682,0.41567505522094156,0.28777097566293336,0.1931513264543935,0.4830456184936936
-0.7080274970552484,-0.5805500168687496,0.7919307417033936,2.3841530500788575,1.993483594857579,0.779390508529893,1.0337681265017702,0.5912347579336443,-2.5423901571453444,0.8479265852894939,-1.3565346313076512,1.6247792004805022,2.329448034419831,-1.0184445387627863,0.1744839809020072,1.2122586594352325,-0.20001515141265402,1.411511699010763,-0.9842846107393902,0.9184517036333368
-1.5442621669062044,0.8508226129296522,-0.029578427401611786,0.2180216033288865,0.1340436246268498,1.0461917751516763,1.750203840121682,-0.2320941416453017,1.0027687673674794,0.11965703142600934,1.365943069293393,-0.11320688040931912,0.7978837825854334,0.49143398684968687,-0.7627019628806593,0.2347359736302658,0.577721933167809,1.3272951912410658,0.4167380909587649,-0.6194456637381192
0.1777462718398107,0.10087519527958809,1.0110135349346396,-0.447172663042343,0.1568336279550196,0.6965339594473567,-1.4168165795273917,-0.6463331668067352,1.1451856131259415,-0.5923216707307654,0.8533429523465611,-0.9599798646621401,-0.5898457682585716,1.4100808185189915,0.5711628447809424,-1.742645496497014,0.808894018834204,1.5290952180398782,0.1597423657001236,0.4997544794241123
1.098509259046871,-0.7639026632135698,-0.6971669573330496,0.4809412744980495,-0.09423454051095696,1.099351900937626,-0.6008635563244114,0.2840450547890619,1.0224809134729604,0.12855885340940665,1.2082447783178618,0.5732143917355578,0.5753012159410503,-1.561111036709425,0.7464168577960123,0.37860172856491164,-1.5028011916994757,-0.6058110581043121,0.8730689057658408,-0.19004568954206322
-1.1031450697338816,-0.20186782144556228,0.6817958633653033,-0.06096355951087702,1.181533820215891,-0.1416762880540857,-1.2463984448895526,0.5624963935879372,0.41738653049584273,-0.5946944227046874,0.18741639801110446,1.4475554339694316,0.2588404806554302,0.5266724184346657,-0.03250836664074475,0.9316616371153116,0.1284141513348524,0.4188126227034393,0.1705454679816317,-0.4737601738590694
0.7137761824741945,-0.2916364736122047,0.08367898067614395,1.227566941805591,1.1679351821941224,-0.035639890805412064,-0.14436491437970084,1.5566043320752458,-0.19225185482222026,1.0497365386483575,0.30087941976123855,-0.3192371194912689,1.1792949136770459,-0.5540225205069755,1.2758992703913314,1.893668216254867,-0.9562237020980442,-0.29459963463790834,-0.15982870571805197,0.3806947114477551
0.758281079858982,0.03068209817342573,0.12024705207974759,-0.035182513920913074,-1.248798098484499,1.281176171556691,0.5034173716498105,2.591849524467925,-0.7752075191418103,0.5545138585645242,0.2659553165706359,-0.8806779634017474,0.405220881261037,-0.6693837319838415,-0.8896677122086184,0.3841856206845749,1.8755374576961223,1.119738648447952,-1.569241933861522,0.21082453329808631
0.400576042842671,0.27540046417409497,0.8780676145076665,0.8518269167883518,-2.9132489852150454,0.7880010549506528,0.662441836745389,-2.417610524656494,1.6332168662519262,1.593203588669587,0.6907025609016374,-0.05733979310410078,1.0509182627144977,0.6101972865651248,-1.2091181538975337,-2.4454066962337997,0.16632028228797333,-0.6342519643545875,2.1461914105201254,-0.02967590864167586
-2.2047633726977507,0.6653395480778657,1.0664286041779603,-0.170560236408683,0.7888146141860273,1.107711281592762,1.3617426676848383,-1.3884388628176634,0.2233014142466896,-1.4166418880553369,0.3838947496737223,2.4330061956793076,1.0211071105099487,0.606166674936445,1.4030376049258027,-0.10897546405687987,1.4960195816140713,0.8803367899056748,-1.072976861548335,1.0774874283991767
0.6560371901402254,0.7904843385124861,-0.7717840942988224,-1.1340926813806949,-2.641799254375015,0.19858186033397943,0.12959840047993587,-0.5227453928825402,0.43043911848488753,-1.5328825145407154,0.2972033000300189,0.5187456058832047,-0.2989140646108461,-0.33405472035682066,-1.4340344670181084,-0.5426021949243118,-0.47723855672997734,-1.9792162078260453,0.6284305784365728,-1.0171972412483752
0.044643381724521584,-0.2388107572573762,-0.0023045214174303814,-0.4203442507397399,0.10738760076215666,-0.18678601260033653,0.2588982836181111,0.16000922365410297,-0.9419850170090837,0.19531748533409998,-0.6377932341937727,1.576751329632755,-0.3646912753935286,-1.5692166704310544,2.2406599470764776,0.10973501972087622,2.0585166033447226,0.7891428175956428,-0.41239609243422326,1.663770038107296
1.141142113625392,0.5368958810999864,-0.60051613229868,-0.6868509187439061,0.19329101236197274,-0.5184004869912138,0.525766129324741,1.3015346952660163,-0.6890860481957093,-0.22889391016207186,1.4754365785317531,-0.3187960458977105,-0.6867762017795579,-0.14873410487226812,-1.7369152966046661,-0.2563164969506337,1.5816711673695718,2.1647693811176514,-1.1963470616138363,0.5316303433690667
-0.4070111377781043,1.2342879232126158,0.05595708975539889,1.4494139794288825,0.7802728073985973,0.46610836775152437,-1.1552239126012427,0.10010623994489247,-3.0548600908684764,-1.5422273609410881,-0.24858665607750402,-0.06683639679046711,1.5011657124757867,1.1883769176039636,0.8417281185909209,0.05522911000539198,0.253840487647606,0.8968760140799344,-1.4606340936952504,0.2651754762008805
0.3290678497348676,-0.2801288194525493,-1.5983245464533977,-1.9813971175069336,-0.4389283881630984,0.6674643347722188,0.3136772401022577,1.1102285295902412,0.15737575814311755,-2.288547998424753,0.07847871764406363,-1.1063005937345347,-0.060293856720602064,-1.0320450424779926,0.45763195653433847,1.306086159296677,-1.1616157728417782,-2.3096017136244025,0.6984707322671855,0.6609768632863597
1.1108187059351515,0.6232338707866429,0.1469820287226434,-0.3943971562525379,-0.31368702372513557,0.110142292863808,0.5823204948247359,-0.24017160787155284,0.8959974885221825,-1.7306251776710144,-1.2829973739382687,-1.0302090464549836,0.4893921830939945,0.27724335426300173,0.27348254128024635,-1.3573580642961853,0.6371763427738454,-0.7810799167071585,0.33855600011179454,0.36415202274337893
1.0157450736144353,0.9031319123866168,0.2645231848965598,2.1245242296586273,1.2123357089147133,1.5520819256236325,0.8689531338648441,0.4872644836161723,-0.34431632337959484,0.4416548193865432,0.9255954961503746,0.791502841335702,2.0583372553774995,0.631899509245292,0.07531285676163081,-0.00037446761616951295,-0.48794760509021484,0.6831862072105884,0.13065988469446785,-0.16617916619478737
-1.2082533252567789,-0.3010212014020932,1.9937543939056195,1.2621672393492782,1.8607799926266497,0.20756236252788826,0.31777618589176604,-0.1531351049660199,-0.8205023472942666,0.7826456306697005,-1.1023466464636837,-0.6873081700140642,-0.7966010484262693,0.047728462342471675,0.18080946980718937,1.8323114701929897,-1.3785105163060423,-1.3820110389634697,-0.6235078158838041,0.7073657159129588
0.5951239262397392,3.0276066924617377,0.5557446483220834,1.1623854645789604,2.6372402360871674,-1.1834748323213946,0.5950277262209274,1.1099849071708938,0.640134247418258,-0.18076677663739685,1.938617490378434,-1.0241044613258832,-0.23950939833775162,1.818684715325866,2.1011074409885753,1.2332589267061302,-1.0694683464862325,0.7454226223659827,-0.11563150775402178,-1.940748372694268
-1.7333146721534731,-1.3335717233301951,0.7918014790343185,-0.7349233353333444,-0.32403395955182335,0.8289288424621761,0.5172663786127882,-1.10747587094824,-0.31027000348567807,1.0356013309319008,1.227283931306748,1.7856747134003808,-0.8272390330914718,-0.2527718066339477,0.1839162730475321,-0.6463871362468405,-0.41628654821134525,0.755758335147509,-0.32823258302179936,-0.2077727881648653
0.2951379607549358,1.634113301841235,-0.2605602463176559,0.19131227676587656,-0.028643654717171525,-0.1510600012875842,-0.6464500488497995,1.0422234819690708,1.0542226359299545,-0.8949091691278429,0.6108433797102726,-0.9704097647727523,0.7416213120508622,1.340816050638275,0.8582888193145023,0.7122130350381892,-0.2552128872233011,-0.3644610458858232,1.0907571262002496,-1.4148885688292983
