X1,X2,X3,X4,X5,X6,X7,X8,X9,X10,X11,X12,X13,X14,X15,X16,X17,X18,X19,X20
-1.1228105327074795,0.8334028437473302,0.7091640744413739,0.052466874862009245,-0.4034335346408571,0.6452265722398903,1.3513591936680225,0.2275246429709073,-0.8623261272682526,-0.9058823366394221,1.7406672516673534,-0.2682550533034446,1.649647468880587,-0.2760886944812476,0.08393368628915078,0.3458319330849299,1.9546602227073697,0.5197257426597912,-0.571581430634782,-0.19134668617744977
0.7142898913627022,-0.3410609935767881,0.6590347089966124,-0.15565281931596858,0.7189201887506474,-1.8162087442838342,-0.4745471213748125,-0.9958827092389472,0.05974642685898235,0.4572828123541998,0.19873220652603177,-0.6405115189064446,2.749214616578941,1.9104758614529862,0.27358545757632113,0.2835569068766519,0.3966674795610747,1.7745897618641582,0.1579382650367031,-0.8741897011211954
0.30465575835651093,0.7958844459100574,-0.6123858825902327,-1.0384226705930535,-1.9554948140023514,-2.315858695321255,-0.4623581565775459,-1.0426058886233065,1.2665175858586195,-2.2743444674110838,-0.7789615353352985,-0.6679741808827928,2.753630403373258,1.743563505414575,0.540753610255601,1.878056492879758,0.4525981305921636,-1.0069335653229745,0.38275738835131806,-1.5908113823887975
0.1799547175675237,0.8467397796612438,-0.4439197402437577,0.9995409022419514,-1.0706174327656548,-0.0266248891880802,0.8290819534032831,-0.29367127570163115,0.42159486060524415,0.1594077433232302,0.1211031676730581,1.3184257896758305,-1.3894327771720807,0.9843700614876804,0.45755586249761326,0.804342405435472,-0.3003316232850936,1.2860908223199767,0.267860270949104,0.24460164138853202
0.742878459050265,0.3949295384299417,-1.2882008734191155,-1.1329447602036582,-1.3456852280708886,-1.3063301469873885,0.3971026117301014,1.4332295038018235,0.20595926946021179,-0.4215506343815999,0.04371854203174039,-0.6096971065753057,0.630340260104131,-0.4304084317631292,-0.6943119713568713,-0.5939371041107634,-0.16337293580428325,-1.3300296175628152,-1.3587644491992994,-0.45538090510732293
0.09065196107929033,-0.001090371363165302,0.20637901273744932,0.37677899657829345,-0.36838651024241353,-1.3354213107658883,0.3913435239743458,1.4499311717781627,0.6590935734200443,-0.5633825525769568,-1.5125617348500615,0.9118388638831297,1.0442942423364805,1.3775600945776898,-0.02701084588780312,0.8063454213948149,0.12646902962613027,0.7562613808588661,-1.5545104520419133,-0.31835780864886076
-1.2885907220415587,-1.1876875905084059,0.5982925118222481,0.9070680539331816,-0.15151866205831557,1.119892246552028,-1.430882982783909,1.3565166337730128,0.5882926234222868,-1.9079674099497952,-0.19453313032341416,1.6334416388409618,-0.9552410988956641,-0.8904780744247974,-0.31214159645442596,-1.47687371248073,-0.7036723638346107,0.21217309607591023,1.192084117286787,0.5474606091577462
0.15299704891108443,1.9966308639790271,0.528126870441764,-0.44946688418232716,0.15278970536077355,-0.38956043287774356,0.5800020158805348,-0.8459610031390937,-0.6686936493699666,-0.205496742016786,0.5680170412252218,-0.8252319246526402,1.3666955217493413,0.3668118070833939,1.600981048540487,0.23718994875731766,1.0429247560548962,-0.07192156647308044,-0.3008928252920052,-0.6008089902765759
-0.8517862004633933,-1.5106164990134483,-0.9159093800862463,0.4076330993145968,1.2061076962960198,0.26900264031831733,-0.25486671842649966,0.9583996252768857,1.571777986991511,-0.15293739656550143,-1.6387760681311059,1.290318324772041,-0.4059777006044034,-0.17770400671740427,-2.244714472201868,0.8598750990287087,-1.864385019055483,-1.4313808189096489,1.0008413810536985,0.2511762101328381
-0.605991659611095,-0.8262985875115954,0.789350092728338,1.334467792346244,0.5705835001052784,0.3837022263961657,-0.003249554647617174,0.12493365941702128,0.041784742085659785,0.269622278351083,-0.8718020631843676,-0.08759111899030167,-0.4536803560481314,-0.26606195265080107,-0.012057939538613852,1.8408036857078311,-0.042107089245599666,-0.8600645371607756,0.7854471685863075,0.09740138887368707
-0.8930383797420417,0.8803878342507896,1.1246411888401933,-0.6468693601662073,-1.5111532778752417,1.576120330268059,0.9879579724764845,0.45639406888883893,-0.9738329483639186,0.8372273064860489,1.1969432237994526,1.2483929524079278,-1.6890876285277368,0.6826501319268179,1.0301041440407797,-1.5992662001813216,0.4717109976533916,-1.3328333708847455,0.7417354809903987,-1.0447008475501047
0.4022397111448719,0.35341067330306863,0.535344011991115,0.39322933676731586,-1.1404433408639512,-0.20169393599916496,0.9275672334084603,0.9774613587673451,-0.7173433092336033,-0.9885543984914044,1.4466126268001431,0.17215171862960735,0.26101595251236065,0.3165532652217036,0.2834359584537815,0.30827685888281725,0.8265582957863631,-0.6059024594645608,0.25753026131963386,-1.1157439652702734
0.11900999041627838,1.78454634379014,-0.6687273203813449,0.05712804026671441,0.4569048262357723,-0.3748192479208858,0.41033255546556685,-2.937380450064639,-0.5824579429949558,-1.4388972547853875,-0.010404437644993747,-1.8512387360934692,0.769257439859493,0.4887125635363269,0.8876340660639271,0.9387041960285463,0.32030741178343974,1.6406185210656758,0.8368887806614868,0.5495856242196657
-1.57380420425966,-0.20020656292673625,1.7329119319054114,-1.789615211316157,-0.7466113327023288,2.3949402790465264,-1.7272792177670233,-0.21965664248048838,-1.4186430962481786,0.7478438066356021,-0.25098684631162227,0.5133127136987268,-2.512054471092359,0.3157792251058314,0.6007016017599106,-0.4788933430401238,-1.0984833249774506,-1.1462202157109693,1.2466059341882971,-0.7315162241389622
0.5249047023906217,-1.667960812493326,1.7039976073854073,-0.3161142799681691,-0.462323996330766,-0.8812396962924429,-1.235540476753387,0.9454365110087957,0.79839682413339,0.13794521958327763,-0.11270751865225213,0.4714654407504918,0.8906074853048017,0.24585307302642379,-1.901699566585431,1.415959503013122,0.9549592682168766,0.728839623502632,0.2542721009752673,1.1828843187086264
0.5638003529517822,-0.3720147062289529,1.8820071480853844,-1.1148777054534404,0.14330236008226419,0.8733248313380825,0.175202403781646,1.6562191088848353,-1.0110870503514442,1.6621982470489813,0.3511119635153205,0.5098066578768221,-0.7034430458554656,-0.8355571956297279,-0.5286625248502032,-0.8879030111337547,2.175857227601069,-0.5428075928415522,-0.6440311415556469,0.6475107494685395
-0.42565479230939707,0.557662232612467,-0.27400806545441836,-1.067495876250126,-1.3685439430045552,0.16669576558669197,0.44448653563301277,-0.6099819192231514,-0.003329427262248457,-0.808827219375372,0.34689817291306524,-0.7169052695839647,0.6895330681046141,0.23175674778832192,0.5001923030478175,0.6295315788898831,0.5915572611002105,-1.204667734274468,-0.23879087984321526,-1.185823548708247
1.8461753332814976,0.27999010009781883,0.021347175136056693,0.3714620367615874,-1.2005758094280785,-1.0864741973863368,-0.025987673003242517,0.34007284354843287,-0.8554626683311736,-0.7817054201570456,1.0455295691743296,-1.6185021426465975,1.6269308651441967,-0.6648940297449496,-0.24107945158905034,0.5447325658776832,0.30780055434571707,0.767899045394719,-0.48758242311597877,0.6859888948288083
0.480930126742993,1.1211023134989506,0.4497514240105668,-0.05136526991951513,-1.3995156213924094,-0.28464429529900953,-0.47214824931095173,-2.7625748692897303,-0.19634297048003677,0.2830372729445244,-0.4273266032555686,-2.9420653654647846,0.9038851055959295,-0.2691112280874018,1.0356066182929078,-0.8110249872105736,0.4611123700119318,-1.7045678165846718,1.432182238706352,-0.4252607435379301
0.09982010671822891,-0.7184006779058245,0.577877656661673,2.069571010134779,0.9548920180469497,0.6684893440127638,-0.7520595112630797,-0.34325109116745006,0.6821717221993427,0.45488127524457705,-0.19033658118035446,0.2789370981678271,-0.36083505519650083,-1.3144939998683405,-0.37558171943977625,0.19916445775703728,0.41893629573810315,0.8383434031783676,1.579110406279382,1.0668484683326211
0.8294927274320478,-1.4950941117675554,-0.9666054356463872,-1.92038023163484,1.2484140998175965,-0.059334559908378326,-2.0583127839591753,-0.6606950757511398,0.6852322969451415,-0.30626791329183417,-0.2047632393827285,-0.46355679428341334,0.3914790862760949,-1.1036163037134998,-1.3927252553206264,1.7457456080149159,-1.9348985408226769,0.5316537928079327,1.3953146100327611,1.262244971777519
-1.6716498403022328,0.5860653870995127,0.2783292546062598,-0.7507523754854928,0.425775516731737,2.1271189018964285,-0.14060967109859704,-1.214874856448239,-1.6175090856561118,-0.2699208646466857,0.7267528042672883,-1.4280174092941789,1.3465835948718825,-0.9395822740081261,-0.18927876503401456,0.9840023208299572,-0.6363912408318445,-0.1705610349210813,1.347621606533652,-0.29104216158801666
0.9365766344802018,-0.9773534793114536,-0.14212076699788043,0.6274402218306607,0.5504778421026015,0.6301714246408385,0.8211663483810117,0.17596817587886515,-2.047690142473432,0.10361019365675009,0.21251700461330458,-0.5457749206373839,0.2708191165106577,0.6154308845431543,-0.7689927025670708,0.897082428567981,-1.1164190998223975,-0.15719992896302895,0.6359241098970037,-0.7787181754282069
-0.0008564672344701913,1.3093210436994565,-1.8725327454936573,1.122693040064942,0.02549944567604179,0.1642218250420846,1.7485721520008237,-1.4364989408363438,-0.7911760357235218,-0.9900777626290752,0.368320342079703,-1.6987386726566236,-0.01581352591187967,-0.8195959777090094,0.42413487969258895,-0.39735296622663985,0.25961621593156065,0.28524626638678496,-0.7888087184483852,0.014547845344733476
0.5680781939057528,0.1881238835931173,-0.6378501467086519,-0.9569112509894849,0.1314269784247795,-0.509777142314319,1.820862341314254,-1.0956784206829278,-1.2765715327384004,-0.5951034595539646,1.1870708612530672,-0.39662331038644166,0.6350738062851474,1.8909204780949376,0.5203562351535298,-0.4395137186657314,-1.2340627551279184,-0.2728109758008316,-0.46050603755099273,0.020069618504149723
-1.9016469238838647,0.5554021764777409,0.5192362072122093,0.26867300631064833,-1.0191878694900713,0.7882219552708476,2.0605453971759764,0.4074221313219185,-0.058659456437756614,0.4954723271426489,0.3288393048175168,1.227083659876578,0.38598346499207364,1.3920275965167728,1.3412567447013362,0.772038787964088,0.35960059264993144,-0.366289957609905,-1.6384686686773096,-1.1664209072743694
0.2154976712647179,-0.8544321703683068,2.3350221932319712,0.5908258919954107,1.4610558491030567,1.0953097429699008,0.14032823161373198,1.8905835870369907,-0.8132340083892243,2.2113725879103425,-0.1930194446216072,1.8460192029180165,-0.4749658798278043,0.6574886049417068,0.05337704149157853,0.9651713968745195,0.23397458374622607,0.022684568969911625,0.8778748608852692,-0.545314026230046
-0.21854511649656205,-0.8466575078961973,0.10454840651120499,-0.2599776977605224,0.9726062529786674,-0.15444801234437644,-2.6302820756289593,-1.5902082928260886,1.6935100610054847,0.049790831015542956,-0.5696222223057062,-0.049340309975929544,-0.9015872544813943,-0.47182170910477367,-0.05638031557305764,-1.465125041622733,-0.6770684757275431,-0.8722093079795376,2.1160078165321643,-0.6468053435827369
0.2641277086767268,1.990778656600563,1.1079362234246024,-0.565043217590028,-1.748478139386325,-1.5819567031173756,0.5397184713504877,0.16631822130333077,-0.5101945518089792,0.9843537831584996,-0.31455279595138297,0.4312274425982658,-0.3677974035008673,2.8946192879597294,2.2835174069436355,-1.1539271073149904,0.859110180256357,0.545079843764443,-0.38380159579643286,-1.4068580849620753
-0.1148439292420721,-1.0350536474115226,-0.7798810399376548,1.1746025065117351,1.167975360633008,-0.45194005844936425,-0.4271599157080031,0.22461539010814685,1.0416171548186595,0.4457003388286733,-2.037510044990892,0.46518398680184525,-1.2059244196136212,-0.455452701542042,-2.042905750700309,-0.32157730830870707,-0.08903197023719342,0.4177899641428991,0.9847835313807054,1.6355083224834512
0.9209266642287661,-1.127824780354343,-0.6756943580292051,1.7848872601114016,1.1049792707642359,-0.8361332580662104,1.4428689865757052,-0.19723403000987677,-0.6501127921810094,-0.16664892987214294,0.5634402396537008,-0.560292229200909,1.3862351988635866,0.8354528556565083,-0.7519592570581286,0.8721857666198504,-0.9578129059268063,1.2655935317590585,0.07386232364307188,-0.2543530107717579
0.029899744846448084,0.09225008659049713,-0.051171260010059456,0.6783036573423956,0.49471930581311335,1.5612412627237229,-0.5791243108618348,-1.8912123880287142,-0.6159879354829805,1.2343298680425967,0.5681939500131058,-0.9409830218254193,-0.6560290327724896,-0.703847404220687,-0.28263460035335225,-0.8604672617252701,-0.08685847660190454,0.3453259389081182,2.8060956140942466,0.05042806652707102
0.20276651837827958,-0.3023996591946284,0.11129005926736084,-1.6283441332161397,1.0820403917445915,0.9695699313938869,-0.1105707476296462,1.5117812658788843,-0.060596821692731645,0.7199115051819527,-1.177401482124779,1.8321062816433598,-1.93184790963166,-0.10155844068213632,-0.5809446204441443,-0.8081527094570713,-0.8099404703574151,0.3874540861678328,-0.3960993718493593,2.21351074249156
1.1372369952920176,-0.23322150862682764,-1.2642670045093067,-0.3229806711984172,-0.07579185370736799,-1.1536979600873154,0.2882622964141253,-0.09759717896578521,0.46206500852212323,0.9417239641908218,-0.6750999079341946,0.11648548213390286,0.17298230754520103,1.169899373501043,-0.08837204862232592,-0.24253790245122125,-1.422419775155826,-0.6222162464686372,-0.47529989774717585,-0.9435910616609137
1.8024437769882826,0.20159962713564966,-0.10863091408344325,1.2402938189719186,0.8745408368871866,-1.1720310930860214,-0.18237950654245974,0.5327647637836563,-0.24848289114687824,1.8510602967751875,1.705591130699271,0.13225938034568774,-0.1958425289315491,-0.25103917121496394,1.0631504707830173,0.9003352433316677,0.469138299546889,0.43261157786580984,-1.6984144347455659,-1.9619610555857212
-0.3874916188175242,1.977543442879727,1.2869478671855443,-0.04573712491184028,-0.0723060927928281,1.033318570381397,0.6602503884078113,0.7013380502061822,-1.578185991851847,0.6652555043829608,0.5071028379801793,0.6308764134019696,-0.6539917799852587,0.9655315019008193,1.1629025471608627,-0.7689076019236676,1.43623280530471,0.17102626246269195,0.9698798566486565,-0.672939343776744
-2.4949222921365894,-0.8731947276993423,0.038749403819532596,0.4265690621083226,0.7033978156570344,1.0909198007386582,0.3704027734893204,0.6293505205016379,0.8921324965070205,-1.153751815880867,-1.027077014146725,1.1423558149819557,1.2830602960023576,0.12559835518248494,-1.2781438660461542,1.6440693778138842,-0.42258996167718116,1.051175854488745,-0.9145262253770248,0.25375177440352237
1.4558453143476373,-1.8668021932738967,-0.22597304446465766,-0.5665490282729373,1.98913861060873,-1.0420621398859236,-2.141544361316971,0.07175497705542594,2.086064832966518,0.22225417688602864,0.2183610858067736,0.44482716189242105,0.1231159170062728,-1.3126035046122708,-2.6046012321441925,0.9876199405753368,0.15629559673551352,-0.42072246335614305,1.1237513296141324,2.125468098733409
-1.8141504609286345,1.3808992654779484,-0.9364701816669257,0.8531627685327954,0.0412937359752878,1.6620373025489885,1.4323285088014486,-0.19500392459378435,0.029814194794221725,0.04720190085749509,0.23018414839558135,0.013495976858384166,-0.9840639979094444,-1.004213461269859,0.28410429886092065,-0.005663103077801047,0.49264312987808956,0.5921426011136097,-1.205707844149375,0.3427848808862227
1.3747156189298577,-0.5843449817353084,-2.235466854644494,0.2087202865196502,0.20413081416730494,-1.7612742508747288,-0.7541715326849647,-0.6028409705119199,2.4850520878215825,0.5522951607706207,-0.27245994625099434,0.15927638065533486,-0.2154566336756246,-0.5847856862941909,-1.0173748026004066,0.05774629794643387,-0.9969008524465652,-0.14290260014558845,-0.23391983606169497,0.7766912012179661
1.0242004126338689,-0.8673997147434566,0.1642344544588096,0.013451721044831163,-0.16895771124503964,-0.09119695582196777,-1.1743954578723723,0.5074833626779972,-0.258737701073092,-0.3684791585963019,-0.6410127739844315,-0.1785292817461334,-0.006762938002745607,-0.5654414302554982,0.8405139256014896,-1.3554613454409583,-0.6342362589780539,0.17665316760597757,0.4769497464609814,0.26837064253695586
-1.1140920485140768,0.04646002022455389,-0.33347365453777955,-0.3184453355862194,0.9088134228640258,0.0325588299535194,0.14370202614709002,0.7714891374927474,-0.07532942930418664,-1.6041667099525143,-1.252076000428346,0.5417727145695468,-0.6112737939768919,-0.08205322262543761,0.18323058550044524,-0.6952981587370282,-0.5166026759818452,-0.3335420480216605,-0.7850905865212671,0.6343848502320321
-0.2742780453977297,-1.1891651110475334,-1.3387805097547223,0.10086007696425776,-2.056624653653858,-1.4544740686372994,-0.03292425238212403,0.2786683232124036,1.9187511301086653,-0.6230541456286354,1.3840251057097515,0.7759785904578859,0.6688569163642032,0.6295119867693055,-1.7802722834651394,1.3562880946045341,-0.6528035515356849,0.7841442948182028,1.3854352973567672,1.2508239320024204
0.036848799399164314,-1.9507323503780336,0.6530259962089939,2.0131474297325935,1.3000282518146422,0.5675651905197662,0.3026354634863915,0.9280973359563178,-1.0078808466535258,0.015071897230569096,-0.2661877309560421,-0.8084601798798681,0.02761247118661991,-0.9234385807638753,-0.28757311079945885,1.023827229360277,-1.2147664353309955,-1.1677864015576864,-0.2891048484751155,-0.38510135495345593
-0.18469391530640045,-1.2835432784668457,0.1453516006427048,-0.004049958311764368,1.4385807719442485,-0.36344537683072936,-1.2413294551244338,0.8992737833336794,0.8954195683878532,-0.4257705887697703,-0.15591218434093898,0.7227622151183719,-0.17871933820680827,-0.7473931272283656,-0.36840311460317104,-1.378978704245801,-0.31418316743317026,-0.7469167430637641,-0.0607645723870009,0.17325936267904798
0.4169813813244116,-0.5552344485716224,0.19029586223793127,0.2949707009114287,0.9857072017777365,-2.2158587698885372,0.6797322708815056,1.9824870027586392,-0.6150341718149439,-0.14928488254006442,-1.7767579187608433,-0.7648684713119817,0.8597216647428055,0.05716236014912989,0.9708734688297868,0.88857457549748,-1.234142189979414,-2.9794628735058986,-1.1847851778604754,-2.282287732839864
-0.7647147862527944,1.6471944349466894,-0.13592649161867804,-0.44664866073085197,-0.6862727294828661,-0.7902763427930444,0.7245065229924698,0.5411693226325038,0.3642625944491899,-1.1169295220725453,-1.520917111515654,0.6739199809615782,0.24641015394223817,1.5627559422641213,0.7534925289191589,-0.2900848026347266,0.7424971195860295,-1.3426314510434838,-0.49890964238771984,-1.8070029931864566
0.09353758828969974,0.739779989917324,0.5349481374306109,0.360644527846443,0.1707910745693575,-0.15067153991068252,1.1963600416921532,2.8578558788348163,-0.766309369963359,0.33035251017572986,0.8409242964976072,2.0995074284650763,0.3601034028373121,1.3102723675309391,0.42311903019369057,0.10174600221278988,0.16911941235934747,1.869349278505305,0.019329578161557486,-0.05551884839814533
-0.9170532471994771,-0.24552697298689197,0.5481406752368715,0.3748723753612806,-1.035320999828999,0.42278319881218784,-0.5902992664286525,-0.07312537580675951,0.640329282409704,-0.5038161169437935,-0.9586471291556304,0.06621687620145854,-0.19596025147206,-0.15398779542736682,-0.13743746013021865,-0.43935181645160953,0.7376467850728889,-1.0861879599339568,0.35481328330922224,-0.10267409759016684
-2.037267355346477,1.1644303142035937,0.40466614590074385,0.2859145988439179,0.06781082260825008,1.2320166538851127,1.2064279492532108,1.1822543563061592,-1.1714009262107197,0.24264319368677645,0.17151640593155945,1.1635876600974564,-0.23794066150689341,0.8682201120895998,1.270151105516358,0.0858756729297239,-0.03352545614446873,-0.5720572400998103,-0.548276740436267,-1.816377969814828
-0.7766245771690546,-0.05500186179187471,-0.5883990475567763,0.2577519555200954,0.45100225886067324,-0.8512680335192344,-0.844847995712051,0.0432280000780621,0.565143624789159,-1.4963162418535774,-1.4488908797837214,-1.6042161243597766,3.515071070573169,-0.8514518192627232,0.743139647255494,0.7470549992147943,-0.06885502618407835,-0.5394168822804712,1.4526405048061095,-0.9091554096663311
0.3023368463733759,-0.8878743209084875,-0.6827069656813683,0.003101405874752991,0.2848679282778176,0.6713916425584423,-1.5870381839453853,-1.0289273185450247,0.3040983846926157,0.320801775415916,-0.24140836170989774,-0.6162192720462571,-1.005706699403665,-1.2188571490586129,-0.4265469011119896,-0.054290671556501184,-1.1048692938012272,0.3270416220826105,1.3148198748366395,-0.3089935721986009
-0.06535859256427769,-0.520744540163453,0.21436517188215043,-1.3402902858317194,0.4218941664854726,-0.0007664790874874578,-1.319920667987982,-0.39957624759286486,0.3022595332050071,0.735508319307354,-1.0037778284089582,-0.2853992165350514,0.450843621192864,0.42656998324723006,-0.48355782279191584,2.343788724243895,-0.9415095982260088,-0.4786436189978501,0.2906308950698182,-0.678832023176849
-1.501504752961454,0.26057032717194417,0.970153595033857,1.8692075691558212,-0.3727351403892517,0.4134632027174692,0.20152690242853694,0.2033023727491644,0.5055006496170796,-0.8508058251441883,0.4617386846128684,0.6731655258122153,-0.8247519804823253,-0.4538401899707763,0.987617504590653,-1.4013943921709655,0.3428678710368276,-1.0450384733550855,1.1255543136620432,-0.15641700024392582
-1.7109110998090964,-0.2756471819031985,-0.5444855569141858,-0.07980884942132979,-0.8700125032383175,-0.17867964644548073,0.2284924221751058,0.44861765362128897,0.9650793240558032,-0.3296667727392325,-1.080486978215061,-0.06500718416162726,0.5690181330932376,-0.4403701005755153,0.5434756978958454,-0.19398870011343966,-0.7459108711436049,-1.4226267152795926,-1.1432122898810488,-1.242226799170141
0.6010593980063322,0.2052588928514011,-0.17536188294527688,-1.1742096173522019,-2.5213617087922913,0.05137872150446464,2.1677187937810096,-0.7325585512438617,-0.6625579821471027,1.21145920407124,1.842279692623148,0.3126633924115111,-1.0525074994358425,1.3587336097540197,-0.040203848955502525,-1.224044717165465,-0.01267161663654122,-0.9073596732637454,-2.0185437801206643,-0.5048380822572227
-0.5491199681006311,0.4292215262957367,-0.15413230258163252,-1.1795218020712406,-0.09550685070345247,1.6433925171184065,-1.2319218808531933,-0.4585841015467167,0.8070574549598192,0.3275844691915606,-1.9649841619147956,1.1333604977187728,-3.1694495107235734,-0.23802359823090175,-0.30737928797301917,-0.05093449579318086,-0.9479985017542861,-0.9932615985455724,2.2077447536199712,1.1658370916185135
-0.12183174892054045,-0.05460725588851507,-0.46492795468570774,1.0195054019644079,0.22315430410796058,1.0736424298254912,-0.3102168940179702,-2.3907794109148295,-0.7986662424332974,0.9827670245707739,1.6391832972791804,-1.818584805882453,-0.17479441041475202,-1.1849401218523812,-0.36109167230803646,-1.3978582236474473,0.6985618106491545,2.1198641244705754,1.0707161091597777,1.0831426980984695
-0.7411030313439706,-0.579208305338454,-0.6073835588540931,1.264179530022574,-0.2973855179613006,-0.700082587154769,0.3469490337876209,-0.500147349673853,0.15587190271388504,-0.2991347867862634,0.035357740103192314,-2.1179995570945938,-0.45672900020919377,-1.4811855720728138,-1.4183087147313866,-0.7031201865639964,1.1450286212644627,-2.384177230236068,-1.0406155492382707,-1.9739353553921573
0.41073956016480034,2.102087768551785,-1.4605256479495787,-0.3828651724997136,-0.6345496433589651,-0.16718070937981874,1.2938283165658448,-1.795681372393166,-1.610070271891852,0.596407027091141,2.282929546998474,-1.916891695321278,0.2973664349846455,-0.06793817748112521,0.5556925597195695,-1.1016562364192197,0.363359947729027,2.1608397856170685,-0.10732824564424408,0.6263703329394813
0.3932081638826731,1.3403888858392683,0.6338213942238776,-0.5691210915298547,-0.47058890913389856,-0.14354330726765932,1.518893509918936,1.8887675908067119,-0.8043034796504294,-1.7059371417102045,1.335784287995859,1.79813680271075,0.3729381057143898,1.5615621422251331,0.30658798174779006,-0.4642237560135345,0.8542559321516942,0.6023104036603452,1.3370323392750052,0.5907391706871705
-0.2893348833243523,1.6911327885572425,2.0355528522213,-1.1448123389518592,-0.07813942628304185,0.009297056412202196,-1.1297498737642087,2.0247094440266435,-0.25345483817664594,2.121834451756659,-0.7091178287623191,0.5629601216135712,0.23059991027141047,-0.8798716267795166,1.874779582444015,-0.05551910424377768,2.0397779500880295,0.19015329402044823,0.0011927653524130863,-0.5441597264021192
-0.6464728445157503,-1.0813087779810504,1.7386388285133385,0.7215397108187764,0.4185422919803753,0.5597564067109962,0.7698819715348854,0.29628073236652835,-1.40587563738712,0.28067920437562993,1.92120048326717,-0.6872987680477257,0.5422411381141657,-0.6656282534489941,0.4791923932034033,-0.6928924549941499,0.6075432033659687,-0.26631032311616426,0.4762852401050812,-0.17974363216252293
-0.9300350812766354,0.6644683655595356,2.0552187373462094,-0.44996474614942983,0.26147076054673674,1.102967408748007,-0.7084250226735588,-0.0018017081140008476,0.45807177377962344,0.3599712902265812,-2.561691932937281,0.8367098338442711,-1.7062273501677472,0.713054043549899,-1.0318803804557781,-0.5338596425683461,1.8669867484527152,-1.799560538215472,0.6575933707767698,0.4984336839796955
0.5683871739513375,0.07116176079618859,0.443011723033772,0.911577672783647,-1.0587394673453394,0.9686476088805852,1.5471341308380329,0.7276157257456304,-2.0429485875407534,1.5808442275309378,1.0678901953986553,-0.299129763136287,-1.2272084591517656,-0.2933467257797928,0.5424533140628531,-1.9355584501409835,-0.5501830391551852,-0.5566022730094611,-1.5271317435732608,-0.638072373656476
0.9271122224098591,0.9326011741169405,1.39369302598208,-0.8142249843596691,0.11260496614908161,0.5947572413209413,0.09628708680369091,0.857917847594002,-1.246732315108301,-0.11929396366876781,0.7955170990528981,-0.33713569535422305,0.3228626952235732,-1.036317254235986,1.1189936853737887,1.1757332493900063,1.1218807900323273,-1.4499273800544143,1.2680893323595168,0.3306876542483683
0.3135836741433233,-0.17916852589129703,-0.5465254065208355,0.4200211471522121,-1.0241271331919815,-0.35533751351478954,0.03405253412424205,0.008970033130663323,0.09420851075063433,-1.2207836915290688,-0.050590514623959575,0.14076654742882264,0.26584865802785046,0.17045054337423632,0.02389225074307707,-1.017295697360477,-0.38665879656398244,0.9588620284792646,0.6745503077255803,0.4578973996725475
-0.044900111777840014,-1.5763053367956408,-0.48528666403622633,1.0030582621482371,1.405548002919984,0.6058179692240221,0.7372473153075023,1.4568367851310462,0.3819558234994102,-0.8853865586473171,0.79943043742349,1.1951633361375342,0.12277760677068238,-0.8037094837489854,-1.4710655574276688,0.44946637944785434,-0.9625156689225453,-0.3017445338814434,-0.16814606323356715,0.45155131416115746
0.4230073128421321,-0.457681766649825,0.24031920865025921,-0.2371199841227686,0.18557836308209125,1.017653689660145,-0.1231086199265924,0.24557275513338764,-0.1540178673210441,1.1105344089506315,0.8184812313169925,0.0565456387332415,-0.123769421244408,-0.44545683627994426,-1.3418774026173903,-2.0362419462617978,-0.011035678259600553,0.16518790521970886,-0.5558646364751082,1.063264530246078
0.9766198350080776,-0.08342090866948963,1.072562692756209,1.6661485781026182,-0.5527295148097127,-0.7758690041217922,1.741058489518296,-0.17246100582427362,0.7478232265898981,-1.1370689349200684,0.9942906992573656,2.0643797798857566,0.1640707042912852,2.600082603929497,0.9396968713397128,0.11714815904489931,1.0963444409762597,-0.189602659398329,0.7421789433410565,0.22372166709461197
0.1510997782073774,-0.0530001020817898,-0.9135147904910103,0.06445776029287498,0.4599076140903434,-0.2966523797738804,-0.37918945680347244,0.307419796389886,-0.07276843694612815,-0.09829847828561888,0.9436169824813486,-0.8719139745127844,0.20179569239495398,-1.404806029403652,-0.31302993186722716,-1.3715780235328876,-0.2161887377122479,-1.0214829323506445,0.249141664706621,0.027525990303519224
-0.5525793174858595,-0.7258698068922754,0.2087071610969454,0.8166743334677348,0.11422764706051713,0.1689133605955776,0.18395372169082316,0.3586746510727245,0.5132801599029339,-0.08071984007807091,0.4606166361187133,0.3132193655280038,0.8986485953905062,-0.5396319057517065,0.19241377097725743,0.3547584333429738,0.22416665932731802,1.4665706842103305,0.6465876196380896,0.3975432614174578
1.1650679079240105,-1.2808576045277575,0.5321315856895616,0.15611761892118234,0.3568130460614225,-0.34082388787931933,-0.3529829423672389,-0.4075255396275857,-0.4662310501095865,1.4348173770103372,0.303709679855828,-0.322710065074632,0.14988643389223857,0.34554231881486236,-0.9500746337590809,0.675286837561487,-0.393997348490609,0.5589731002884082,-0.6451464986221277,0.04909552668397369
2.0161328043468396,-0.6198389223958761,-0.0494437139972152,1.0514533127827288,1.07710906289048,-2.0358847972428835,-0.1897020127425133,0.3519495896363909,0.5513499339754241,-0.35402894865666107,-1.0506875670312092,0.06037176588582736,-0.03124100124507439,0.9237717812663473,0.6800309829196444,-0.33953609418797603,-0.47610734463765514,-0.882513741389262,-0.4595519771880844,-1.0576995356102814
0.017924919944587853,-0.5451046096415025,-0.8592894137261926,-0.3538403610361599,0.6270793346747832,0.713292718260268,0.5934117390196708,-0.7219181003533384,-1.1937753338049004,-0.48863879086440787,-0.8731153318006215,-1.7957859872178945,0.24398041447693122,-1.2501031773763682,0.42033125383171166,-0.3382287808401867,-1.0344389964528373,-0.8554656508533245,-0.4653335293106061,0.02403127124041871
1.0370433567978792,-0.8343547402121065,-1.8154542913344067,-3.628527963543634,0.20215387554956113,-0.6156532231803341,-2.234095812858033,-1.236396937134388,0.9763509481100722,1.3518164215127761,-1.3282827119381475,-1.3044690737853735,0.6633811427649404,-0.9798039106347568,-0.999352562387518,-0.29594012917621776,-1.8619743858101352,-0.9620276469258382,-1.1265067628944132,0.3737200618322613
-1.7897180993908104,-0.6241362906017379,0.33330658541538083,1.4080691761923343,0.6158875535704793,1.6194242446790141,-0.010844443061591333,0.8869965270698555,-0.2674294806347295,-0.4009613767463581,-0.4219659765661605,0.5270677506250923,-0.31280895107346046,-1.427495362584159,0.159346196720559,0.8601149115680524,0.35365972207906216,1.8565729755613678,-0.9152751185839284,0.3247679921782206
0.29678748557229284,-0.15237646439781918,0.30749983590075725,-1.0499085247267443,2.147513486472961,-0.4064738398585503,-0.4921198557895168,1.0644095939754894,-0.27508918067591465,-0.47343289919005555,-0.06092326269995855,0.04720519287252814,0.8434997904472167,-0.6053510360890422,-0.086592890049569,2.754811387462453,0.4400640030970855,1.4786946080628787,-0.8136045693862287,0.6885085501488056
-0.24395791332137137,-0.08461833836841871,-0.7760018444831412,-0.9733700977094137,0.21739000183782942,0.7930935849696683,-0.402558886192838,-1.3422445617456007,0.036792373583237704,0.2031432374131813,-0.02471577755164099,-0.37320647019606173,-1.07148875597213,0.46806230848195685,-1.0619004895684865,1.0747916615944884,-1.8776883110431746,-0.5885427016897453,-0.2084980923117006,-0.7796247565864943
-1.301877571298294,-0.13760087791030612,-0.12670812357541003,0.1266500655216418,-2.601007981827542,0.9737595919463367,0.23714450084000688,0.2110770618050804,-0.20475524083716054,-0.04992813286857848,0.1642439265059763,0.8854891824811278,-0.6658192899286581,1.4030132638331605,0.458499881959138,0.39408750837453893,-1.2615590318786467,0.3644919144581867,-0.2718027597378803,-0.7067731540526239
1.1254814313325778,2.120920790322123,-0.6162743497316965,1.3258597374518077,-0.7436159749312213,-1.0881550577933063,0.3938928317004513,-0.5799925527448083,-0.07303288992191617,-0.20158884927997237,1.1930340367966,0.29430616774838,-0.9143970408307132,1.0639768465796906,1.6590609281727313,-0.39265052913555154,0.7163844240527335,0.25088514905869125,-0.5913195257703218,-1.0910509400743258
0.026317328525873304,-0.08693118015123205,-1.3142514832311667,-0.3748965532277387,-1.0546058290612728,-0.24749645300121387,-0.8754971550852942,-1.96709456419717,1.6587617334276286,-1.5600672902753758,-1.136676170124358,-0.7430716749699686,-0.5786450705857611,-0.04285664488779373,-1.8036837496852056,-0.4066668301832377,-0.06535478563670784,-1.6903921270849467,1.083451573006505,1.4634656355077373
-0.7898796435889237,0.12678869651191868,0.9189002550056484,0.8760173776759294,0.8438687619750358,0.5838617474153937,0.4028529851288131,-0.6658448570765695,-1.0830331426601678,0.19848518578424934,-1.4180988682051654,-0.7347794813426317,-0.35171131539773404,0.373271745658704,0.5225853078766469,0.295084391840448,0.603795301173753,0.013433997452869518,-0.10898706929831854,0.44969507700180666
-0.6036661541965018,-0.10673142914921727,1.562847221506087,-0.5170881906895584,1.6592859314784056,1.582364690256113,-0.0658403875816177,0.17282989212635055,-0.8607348177527626,0.4661695455046059,-1.7954382148974546,1.241469956484904,-0.454651444639228,1.1180583163870583,0.29814663541313075,0.3729872365713322,-0.42223191586959724,0.16406393779310113,0.6070791964689595,0.16994102508535697
1.239528103734492,-0.3790882772749941,1.4042125508335106,1.8340880422433585,-0.46683841450491936,-1.1486196340325,-0.8688194177482276,1.0056615575084056,-0.30486391151325526,0.1777735702177843,0.4901829036158054,-1.1681251166231092,0.15733317203065383,-1.8777848159093555,0.07709110569343491,0.6563038950740119,1.481334743838788,0.042826169047615256,-1.329468388659635,-0.8308765153169907
1.914592205853753,-0.023208571619463235,0.3906233170367982,-0.6553137362413842,-0.19292157067336396,-1.1226748741204928,-0.36361354231309295,0.6122622605796774,-0.12747204923655567,1.7554532668072382,0.7995089519858114,-0.4738506760829605,-0.5082680285779917,-0.8860118462052119,-0.32788854472501006,-0.14567617810161343,0.36011601787808967,-0.9110847821736825,1.63895035283001,0.6771182931542428
-0.5015795854237893,0.6502885181405326,0.7768404117339373,0.4168696407242384,0.29827346126376336,-0.1923750139257971,0.718775842273078,-0.6045899556645916,-0.538621357965882,1.8336267492948657,0.11620946754286052,-0.06512558453351336,-0.07447201063530531,1.407846645458145,1.7915496511345592,0.9598906448801017,0.11664904915271887,-0.8545135178848139,0.6085362190043152,-2.069094811254458
1.3811240657055235,1.046189985612998,1.4013165446033669,0.9557001492638448,-0.5531247387856747,-1.180474777852098,1.2315455801000796,-0.44895259633778056,-0.042589197956529795,2.1282831186797098,0.5030844504816937,-0.3175186929867422,0.8456555611114901,0.8168207099910348,0.6156668708757661,0.8590115594732872,1.8064670508062404,0.43943948181587067,0.4561021349098031,-0.0364878118374852
0.324263979345519,1.6343200723331421,-1.3151306569358143,0.41930428207361725,0.2326507989731655,-0.5235642436742343,1.212403661762476,-1.775767163398647,0.17709336701196624,1.2615197892645398,0.85852630132955,-1.8983426839958377,-0.4640719284804424,-0.7279623830917271,0.021244176058321646,0.7126664888550277,1.064709738922319,0.9210163278580954,-1.2896703096470479,0.1902254913664841
-2.647297690045097,0.45224311889026936,0.40650113607534616,-2.0567779238428483,-0.21047456042605772,2.278433334412215,-0.18531780266301526,-0.28075197422844933,-0.9364265875884666,-1.7956446066214111,-0.09472623260454856,-0.9345579683004069,1.3393967567603033,-1.365962695310885,0.2098489108183532,1.257018339324183,0.6135392134161918,0.6620994632488647,0.2162206933669447,1.4137856794204873
1.8551015438521976,-0.863639685314555,0.004587742031646254,-0.030522128748199005,1.9160706764678916,-0.1548545875949281,-1.256137396369851,0.43072264607149513,-0.8782775450486542,-0.6117305810092284,-0.5995815636731077,-0.20884796632742034,-0.15496058471475876,-0.4947402669722845,-0.5762350532230379,-0.40714741111066405,-1.0223301339039188,0.8882478583617464,1.6540736257646562,0.9776466319527788
1.0321405358524567,-0.8129222953436754,0.7385275170121043,-1.2063268594281529,2.178375449369862,-1.157165268321137,-2.830559758023789,-0.12745558557855774,2.200035180956736,-1.6672977785170984,-2.5614824015610043,0.8842382135171905,-0.7691415046267568,0.09090380840574681,-1.6175338840069082,-2.037304469780039,0.9344359456635821,-0.7383911833064963,1.4499930794583151,1.7575968976499898
1.6747769690853782,-0.8762647734624276,-1.3042366663508638,-0.15132161741337802,0.5985445188120342,-1.1657426573296557,-1.5419963284230467,-0.7507338663458132,1.605065998177429,-0.9172199371997941,1.3096884778843958,0.07742909450730581,0.1966237209136962,-0.8663120041577516,-1.9829364928331925,1.322029330981947,-0.19335372176581625,1.3414547479593324,1.420169544177666,1.9507807056594062
-0.4881374040189946,0.20235865908883371,-0.0544542439796208,0.7447145147643452,1.7862559811179053,1.1937544569523866,0.5319664688307831,-1.702402736375863,-0.7942665053803176,-1.4715792858257717,-0.29624459970110806,-1.153289759823686,0.0940330642948784,-0.9049469155058234,0.2131524535792645,0.39715478314608726,0.6376564790045536,1.4660979896808883,-1.1133582735960732,2.2835137049917686
-0.5247403108930888,1.1869238467425058,0.48594223732871106,1.0460431605082021,-0.9181516035618195,1.2212054112681112,1.899104808244506,-1.3686041150667905,-2.559461860371886,1.1698730640451613,0.1534579795355649,-0.7345369727630761,-1.029361697187216,2.090844920792463,1.9739940628906676,-0.0668878168802542,-0.6444480743517882,-1.2319910292278256,0.8094098441986383,-2.0668103587936386
-0.17537267307958582,0.9509441729568837,2.1805380930357137,1.5814116170488577,-1.5308168429358275,-0.35262741185471647,0.6617254305131997,1.9987692779503556,-0.5004860348285688,-1.747232415503665,0.16203361230771382,2.150265956778309,1.034524052391867,1.8929501483858648,2.2910523855191536,1.3486076477403026,1.3390938813920847,-0.516603800796058,0.4059831127329053,-2.1837472701144414
1.211837962259265,0.2369034302724843,1.3358797519205134,1.4013434547579418,0.08861422891883247,-0.39600182596797595,-0.09805110839100234,-0.19681266285605037,-0.21656122353450116,0.8408809017362838,0.5333944594050137,0.32946715099227647,-0.999884943478464,0.6214105453784797,0.7583643556793574,-0.76758018551406,1.209745188566117,-0.46637151552524375,1.7827253926148376,-0.6450847569306007
-0.8508092681079127,-1.2278033190012367,-1.23312543836931,-0.8564018998123633,-1.658635104283716,1.1642836319233887,0.3022543282922682,-0.026209190752606335,-0.9851245291550855,1.0764828138758538,0.722582129144145,-0.5088067627032355,0.10001819046935133,0.29887111158064067,-0.16047551431671686,1.3313815944797365,-2.944425127931528,1.4038513684710454,-1.1695585946134968,0.5686400660231737
-0.8429602787905831,-0.1491606830850529,-0.45001288877327567,0.7761653563313848,-0.29358241712733457,-0.2065274377595299,0.16061711463926065,0.9283944891453533,0.12771914994379416,-1.3407016710226718,-0.4190660072975802,0.6964358876490103,0.2763957839270602,0.12998763795713353,0.6625332023587003,0.3278608316638866,-0.25617839899106143,0.7632642933943415,-0.31367925556586,-0.8301977087375372
-0.7721071056910612,0.12037985151478638,0.6572763841557733,-1.021330982478292,0.7003129908959885,1.0888581987726877,-0.5900289817198815,-0.4918600081734743,-0.8950380237797448,-0.587890837362868,-1.034121089075848,-1.5543070629309286,2.1266230906076644,-1.5579108061011013,1.209298108167091,0.44542168347826433,-0.061086169912587925,-0.21327785955704176,-0.330061447942905,0.923186245915295
0.059562926486015265,-1.701167957703939,-0.8922292228350162,1.1145711729519443,-0.09224663822769513,-0.4184489533862066,-0.8391094465438373,1.1622406429030347,2.4562562524183567,-0.6230680385808735,-0.7115700985807232,2.69113185389486,-0.8337800419823568,0.42575049514917784,-0.9358143350987738,-2.2600418802277016,-1.3194838244833724,0.022673389351082224,2.5156914515991833,0.03987453058402123
0.06407968345231431,0.8086786645107377,-0.033108292437261204,1.2536653382127427,0.46926238354716326,-0.5231291075116589,0.11021460798366645,-0.047367312036441206,0.6088747187974378,-0.7028464066308627,0.14393785018389185,1.2672717533313744,-1.300525580198963,0.7488176273782843,1.0817484224631875,-0.42487319571224563,0.4468385096900247,1.0582888517339677,0.960114905329699,-0.10351809787521703
0.6241428753862848,-0.6180944057661425,-1.3809863516075955,-0.9842159770247412,-2.818481716469025,-0.3539080682896654,-0.17661429774872492,0.015825882791417584,0.7251573884490644,-1.6434442110915732,2.2227627892024935,-0.07701689832023714,2.3621644184486157,-0.0582905249585914,-1.163051285638456,1.6661331322726154,-0.520415972025838,1.6771224707872443,0.13256676066573114,0.4354296197047114
-0.4725342767215875,-0.7327032918204559,-0.4234558165421153,-0.8426255712470995,0.3127495305550097,0.24825934964844756,0.928417255188009,0.4619650905914789,-0.04821108795062884,0.787567723917113,-1.366016304985289,1.2280272783760113,0.4686312765139055,1.6546036069118273,-0.01056235923589667,1.4086992888076713,-1.3886074422946084,-0.08334973274400155,-1.9247028909418358,-1.7109450748137047
-0.33658313320266764,-0.5280156078903803,0.3220267108604726,0.20735913764345273,-1.3685966921581871,0.8797030938434655,-0.7757978025490139,0.8399324036073939,-0.1930158319324539,-0.17028599346503315,0.209155637211152,0.6714346058513971,0.39763425146249676,0.39061478966505697,0.10247166935069503,1.1022552130985965,-1.5282025187586497,-0.4249028732994814,2.329345234895941,-1.0937170203089244
0.18168273330836157,1.680910916028138,-0.02737466742258667,-0.7251400953709098,0.4612200281982968,0.6993267524287732,0.2005464992035083,-1.6609808668794135,-0.5024819956268113,-0.11151501672480023,0.5130797170075324,-1.0469182917893967,-0.9175102663045476,-0.40445553269560275,0.7318315635995555,-1.5303866172903562,0.5901208132274479,-0.43969339105213984,0.6395252894438023,0.5295096174044569
1.9584893096226617,-0.40057907412287935,-0.5369270243724333,-0.4883406254431521,0.23913278288447123,0.2179402643628067,0.3202197462323165,-1.249380324572138,-0.4170857912898631,2.187324255626826,0.20681556298092577,-0.6063692287991012,-1.337135706651362,-0.27141967716423815,0.05416118674044851,-0.8697606648596814,-1.0480418478435902,-0.4066359873265369,-0.7782691129925398,0.31663737962958727
-1.4218089890757064,-0.882211823196577,-0.10289916199721348,-0.5898870191619314,-0.8303784091936066,0.1577485128696592,-0.03830641155840331,-0.2769967115328276,0.4984529534106287,0.7413066598431547,-0.035535811315128285,0.09273243549975951,0.05102103214127174,0.43612659925615027,0.09487205229431592,-0.8686497612504385,-0.7759428939579383,-0.8333608437375525,0.02602066977902547,-0.8348850454489805
0.5629999426985723,-0.24108241388224114,-0.12870763752639072,-1.431996645728959,1.0228518951936547,0.9550313375198003,0.9866418846889587,-1.3287482751570125,-1.5618949717899122,2.227340708445774,1.2170184350394908,-0.5090490825919607,-0.5931685067676865,0.2873692575316512,1.231591047961769,0.8813017495047625,-1.1931147566510092,0.34872258598300476,-0.747973133924841,0.8079670873401871
0.45912891614732987,0.8360839068304912,-0.07367625181686317,-2.659167795914794,-0.38446717081662524,-0.4928370233862385,-1.3273983902062165,0.15438062520305965,-0.551996249721533,-1.7862977281530992,-0.07142785252061047,0.16360303508663174,-0.563541149804026,0.7620505966667467,1.0828119865349755,-0.9018256101501936,0.04860505480134856,0.029572731282658492,-0.04034947614008696,0.4110570237160073
-0.11044544194968636,1.9742647386125964,-1.0110806639515157,-0.7567323777597242,-0.46951435642736317,-1.2141032099608542,0.7967692507779361,-0.46026976446147516,-0.8906470985509635,-0.9799052840839693,1.2374573623521545,-1.418732442133232,1.6987325541843974,0.17228703125439895,1.6698232933171624,1.6357274364689969,0.35165566067262966,-0.27569713170934207,-1.825398180083011,-1.3430074682910553
0.02923628912244051,0.5229876763682382,0.629234499148816,0.8707539617144588,-1.2223376971215842,-0.5832890969683914,1.062736274784394,-0.13929608489631382,-1.3412599810329249,-0.07446583334143259,-0.6996980565045015,-0.36521305420752215,0.4966877072794414,1.9383905504427437,1.7754627225061304,0.15220495565281164,-0.33669922376904515,-0.19700917361778839,-1.032417506596151,-1.508389921135181
0.002138926841232429,-1.6203528325341283,-1.208037838094105,-0.4176094146887311,0.8002152179373573,-0.5581222854586751,-0.8818286109056286,-0.14082533598245725,1.0799084849893887,-0.22323692934215736,0.18493950187947253,-0.27057572925777096,0.980394510221156,-0.5051479286117702,-1.687064683818903,0.12551914522072963,-1.0004765438229628,0.30594513812451896,-0.13753379620113051,0.35031281651390284
0.5335530797595065,-1.3809816851038534,-0.6332188760759206,-0.40765443086927666,-0.18564324605057406,0.9580310119795684,-0.7532273124398438,-0.11858383805801248,-0.7212731427168482,0.40637676810017426,1.1743934918459684,-0.21120568594234748,-0.325609936975521,-0.5753187866257332,-0.03130445895646829,0.740908354255308,-1.393910327940265,0.8710228813605722,0.5375942648262172,0.7555855514360131
-1.1857263961925049,2.0575218037833576,0.5594464235046905,-1.1716448554410535,0.0355556945580361,0.855834498582729,0.32273373326939375,-1.4611610189911686,-0.4801766182351079,-1.3795830908215887,-1.8423018439896612,-0.5079580355478326,-0.1283331656947112,1.0001753632407608,1.0267807822496855,0.2745484597928801,0.9310781858546925,-1.9690170082593261,0.04971228129621951,-1.293996820596917
-0.42548675734955693,-1.2526018989153713,1.4887485813118022,0.33620463058595174,0.26358861924028926,0.8949418609177068,0.28016396786439157,0.35834343747471326,0.021409685685030582,-0.5473793763754665,-1.3160288739420647,0.5848723019024845,0.20316670922305366,0.5990029907210983,-1.142720673829614,1.2794548547927993,1.451715494877287,-0.14150658592955578,0.14672265396869927,0.11743601846613888
-0.44163864316739854,-2.390810065486703,-0.7495375775624903,-0.2784931262966013,-1.4346388483784969,0.28141706879138145,-1.3127699371268884,1.276037942154544,1.1620450020459028,-2.5672295019047153,-0.23467708425397257,0.7859697084919004,1.0480497116862775,-0.5248898205854206,-2.14051831431569,-0.10075960148431119,-1.3635304677482263,-0.17579790782967114,0.11730421216836655,0.00392548350434821
0.6667884473587297,-0.3123728044140197,-0.5137613221789266,0.40610749751286374,0.1647476488693218,-1.7349543172296409,0.36312146186674465,0.5328350543653596,-0.40529317663426295,-0.011723290717799411,0.621147464061915,-1.046883958107929,1.174640085641746,0.17060162228437176,0.27203217774720756,1.293555713418563,-0.9058149316767775,-0.26164764455684103,-0.40520638744710746,-0.6938737852888105
0.1841635818228261,1.8705346765214275,-1.1718914232068647,-0.17570408030793394,0.9215114024910827,-1.3599005652544371,-0.09334267425048412,1.020971843852488,0.4464303966995188,-2.2966917669505196,-0.5987556326992405,0.5794422981610503,0.37892703173094144,-0.24009759935034555,1.2360534451747776,-0.17727604452868315,0.04652543030340286,0.730728174809468,-1.647049981537574,0.4986971872077772
0.2513977947220584,-0.8011193892044595,-2.3464284213339983,0.9668637560506208,0.6123548510005606,-0.8221213211269036,-0.24523403580638908,-0.9526039795649462,2.1136967216733953,0.09330438875978732,0.03159937494609007,-0.31697384676074636,-1.7782246366804457,-1.4722056471846412,-2.0300205841674543,-1.8718156023044152,-0.5269449620517402,-1.639504026765679,-0.736768160237571,-0.3010022833841277
0.7522111346985878,-0.8683965886042327,-1.4938896746456938,0.2822441970841873,0.3220749144784371,-0.08824443254248723,0.0581999083677995,-0.11331228603945916,0.8364224785399541,0.10659001575690323,-1.1480289919126838,0.6544771150806165,-2.0181905258009607,0.1613213018031693,-0.21529440911757095,-2.070098355711408,-2.1979182545494256,-2.009964688776682,0.4599706775231815,-0.32542299716285233
-2.420308946808441,0.2259663323581953,-1.3594020326888738,-0.3265908324966673,-2.274538538195313,-0.6931531134742932,-0.5086202498773612,0.956842659362751,1.7259213408950456,-0.5130335452121892,-0.7950809179587701,0.9139345411017472,0.6060687227899445,0.3450961140509565,0.06696065150561138,1.0287747291448879,-0.5206133362942527,1.2417393949268356,-0.9140492180596267,-1.2847498557411146
-2.178792823524499,-0.24778156967455134,-0.13878325142992615,-0.7338117687208324,-1.3152492033380625,0.7831378320739039,-0.021436225805989726,0.4704625737742724,1.674996512947009,-0.6491874542875806,-2.026962739902617,0.9817793964766912,-0.028354684640221055,-0.10827576705473099,0.044872661863233305,0.0621569314138641,-0.37235001888130187,-1.9492299682440797,-0.49698357218251943,-0.3116180929764383
-0.8050403848883568,0.9514285849925185,0.9067351034490948,-2.110920736485166,1.283972003474028,0.1494022147039821,-1.899064265272827,0.6601852541583118,0.19339693224718313,-0.10874898670626125,-0.48094496020494504,-0.11515112862676367,0.131039444828065,-1.251210907580181,-0.2655846245054367,-0.896583068242137,1.7892003084852552,1.033089987570497,-0.08474880400449997,0.6156279934205531
-0.6397582369370174,0.7165077062471625,1.1122135157433295,-0.19112056239353625,0.20991475181975272,-1.2678884010159064,-1.2506949888412413,1.8532420437623465,1.436615159055032,0.8009754383162893,-0.790127327985692,0.9075971198272931,1.3346805224730933,-0.834874103853928,0.6722194893233711,-0.4025424303882802,1.6888150841346978,-0.37054779508047075,-0.29928767687525604,0.4922364110191094
0.6159998265915033,0.5127412724826617,-0.7581939231146589,-0.3572147234415693,-0.8563290419297199,-0.48400922815143577,-0.2195247111003061,-1.096524514179041,-0.35364818330712233,0.09796677693546495,1.2280891319849043,-0.8631041521114085,0.964235346501786,0.29997479793305265,-0.03468936149441407,-0.9450429961535546,-0.5204961628069434,0.8924263497906391,0.4793991083011326,-0.4829119102975147
0.24328667759732592,1.1214481138118482,0.34274977330647527,-1.2460832439769436,0.5607497353598584,-0.28585469196634233,0.5369451683212338,-0.8575253598779771,0.33792962592895887,0.0609940376341276,-0.09300644717535421,-0.49386724312023267,-0.029361184841373938,-0.014603143855903663,-0.9429047916511775,0.2620713175621991,2.612844663547323,-0.03183036803159573,-1.3187930837178516,0.7444520162080097
0.6208587500596783,-0.26547560593576336,0.8366865285914598,0.7118912674463532,1.1114855693772812,-0.23248120134445963,-0.09928925243773924,-0.2666943962170601,-0.26926967617502073,-0.15137973239106248,-0.11488354898446515,0.025848468182663373,0.4540532407507339,0.06434535119888458,0.651182761598541,0.6395889421648102,0.395048873321799,-0.7140786225595941,-0.7551884446369931,-0.4187859405611857
-0.13234642591232434,-0.5579918001869032,-0.5798687197445037,-0.43369091335037996,1.3441560863874424,0.833360218824806,-1.4589288852913032,-0.14898039067523502,-0.35603256993831184,-0.6505515180038923,-0.5406593053672086,-0.6491389785064032,-0.032711231245155445,-1.4872164436977533,-0.8724335859571009,-0.10054433071857474,-0.6411661952793738,0.4990545915831553,1.4346036579566794,-0.22886218407168335
1.4252474344716375,0.2870871640459066,0.24435423189759098,-0.5616861568557626,0.23272341332528876,-0.41146594818731197,1.891023176390579,0.5054161485521144,-0.07337927875679949,1.0281420437941369,-1.4323318895185417,0.9900577262719317,-1.101404139046376,1.132092633642589,-0.9803672552635665,-1.3878235876069658,0.5112859836131576,0.6191677293921636,-1.332266104345677,1.4750014903350621
-0.593721157788186,-1.0160666514587837,-0.310586561632147,0.23340807123982033,0.25021074505397717,1.9593817899205945,1.0298765902952915,0.5959848013927427,-1.3241029247390976,-0.25302313861211956,0.7566690031270378,-1.08855706786934,-0.26233092403597497,-2.333263633789489,-0.928554732265005,0.054171949229003265,0.0417294441421502,0.5866633549375806,-1.0190744738369535,2.045614555681786
1.0338862087156582,-0.9944329002645406,0.2599600157900195,0.23894698861745312,1.4476480513816958,-0.24264870238121772,-0.6566826689377331,0.3858188289182477,1.2114739486330117,0.5424938202949687,-0.07370436305615892,1.840689445131165,-0.6096005392469125,0.2122133296824591,-0.2821308535185051,-1.3607424334044247,-0.22938984716281505,0.18045049038870078,0.8428529643511807,1.4294539031798348
-0.7537680573309021,0.9150585229786623,-1.0321423180103062,-0.35495746441888915,-0.7260805981128615,-1.8567496961452856,0.88307295985297,1.3153646269473962,0.7318507912172549,-0.30984378761558173,0.6386402736350204,-0.17284094169888717,1.618772103399345,0.185665901149073,0.5622335879012056,0.4710235445707049,0.21883848707809553,-0.21602187311771243,-1.5663737555511075,-1.3760153899739829
0.09733806129789002,-0.6949051778007399,1.2558857374387145,0.22080227867513066,-0.0857581059744481,-0.9489761906625757,0.619387359631293,-0.07215021149449653,0.4407953929470707,0.27420562379816593,0.5966137096389235,0.42693719866557983,-0.5977810189920971,0.8950540706860052,-0.3200408088124321,0.34729290356100173,0.5516396023040502,-0.39094700370397767,-0.04122440529412377,0.8802834900082227
1.9586352993230411,-0.2898480226898815,0.20240458309981757,0.5716536571976273,1.0483254306868675,-0.7309558774209496,-1.0555885887777525,0.22297807620480142,-0.41425438064562614,-0.22755174594251254,0.23694308451136806,-0.5109232112334192,-0.041115365196436965,-0.15988525118439925,0.0768102139845142,0.2209811221751125,0.0496060285086608,-0.005491069130645808,1.3902481914732507,-0.6061302211532518
1.659478361593084,-1.4147240870059825,-0.03364682826005431,0.06726594274430417,0.9209671351937168,-0.3903027533249468,-0.27673535804769295,-0.5995742277611756,-1.3580737947213566,-0.04615974877293844,1.0542176388832585,-1.6438288750791823,0.30813942138045775,-0.9139452886040125,-0.05141768789621428,-0.3387181558419786,-0.35255027310021353,0.05188999042595071,-0.5189454807000302,-0.744355299600619
-0.22838457071087856,-0.9404117212393767,-1.3818304159204424,0.7576891543367498,-0.37312961330373945,-0.4386797722813518,0.5308309214860877,0.1851611964782839,1.4028793253227592,0.37021097427969263,-0.147909805468287,0.9565929404795206,-1.1152711658457193,0.20676077535961013,-1.1203027644694452,-0.8301407597292054,-1.5665452271503502,-0.5031690762811779,-0.8634696160067116,0.5647662469674584
0.23168119724966052,1.9229414464990617,0.13458062236610874,-0.5502660072413531,0.16886039031626895,0.7354749071693023,0.7858705901885186,0.6766865493175236,-1.3793942031673518,-0.0357764712356214,1.3436552906812012,-0.22571439482034672,-0.9462059267525317,-0.9214545413863227,1.6953792579935596,-0.26326775923659923,1.0926230015385596,0.1582717762822605,-1.5513211881913884,0.42925603096363724
1.0015381885282308,-0.0004459927590010864,0.8995084904671976,-0.8230396041923222,0.20481220085688703,-1.1892208643037006,0.08738268996250902,1.6380336925578511,-0.04205616285299572,-0.024618623098157644,-0.10052124517417088,0.17680621503619895,0.6162756168773881,-0.46103611718069565,0.0007438996987123213,2.0965778998342692,0.7023020756882613,0.5194380319852211,-0.5439381498495078,1.4753313357514684
-0.11568286047277862,0.0390320988385606,-0.822544264076644,0.0754190103612482,-2.644374163747394,-0.1889294630189729,1.5858472583520498,0.37810556332881595,-0.28936232694675923,-0.6128953082159091,2.646813288214106,1.0927312478307618,-0.9367183537775229,1.2337948841757,1.0180561276926952,-0.854945948777924,-0.5614536425218744,1.2941983652661346,-1.8402118011475295,-0.24778195563522176
0.3195517605146169,0.5210467415217358,0.6077844147081535,0.575994066955128,0.28312774370206084,1.0667109608040533,-0.23147359897563577,1.0186111953595767,-1.2202373420830301,0.25720883907206893,0.9314493629935487,-0.5401844081456183,0.43306951006231414,-2.1220999931177555,-0.5911626889777588,0.6820342610993791,1.3708883119359025,2.012232951378675,0.4275250209371206,2.343701806547811
0.4625121112593966,-0.14840096129130936,1.0029150627083332,0.10335709067742044,2.018228181191103,0.5764262821382145,-0.7024018491120789,-0.2568611385071115,0.30429117036394276,0.6848356357166384,-1.0158033262852002,-0.4039230385100353,0.3218392628827803,-1.5730358640261903,0.18924662680587515,0.1485527039604016,1.2924319869577248,-0.715607065986256,-0.5176751071676166,0.37420983501668664
1.7043735914378337,1.3275763191464616,-1.202434242864079,0.1329256610797279,1.11995746403344,-2.9976783082944607,-0.5640698589316515,-0.7244244614955653,0.9961628417671587,-0.21033003288631405,-0.8581458760925532,-0.1742413617863385,0.539318165336236,1.4298398039312308,1.5182510788844317,-1.296425125853601,-0.37662452375433486,-0.2910477269100632,-0.719132118793239,-1.2128305561442108
-0.832766326097681,-0.21221279593293788,-0.9136893639033163,-0.5195181901628262,-1.5186748757081814,-1.4724626565785954,-0.2533643468728,0.5164384512868213,1.8334590896476837,-1.143220995038208,-0.6406609716186549,-0.27804728929678585,1.4569484014146323,-0.0522991358612975,-1.0689494877863819,0.02813116026682052,0.3842281561574743,-0.39438337717353683,-0.2798892987126972,-0.25857290651274656
-0.6682708471672206,0.5699805525528152,-0.18451495804246554,0.7598335119042098,-0.43991854395872393,-0.8560724470988924,-1.1199911429943683,0.7191558067915162,1.4285277686949787,-0.3655782710742459,-0.7024787176428801,1.215221069482078,-0.9508846668681519,0.28628826167047616,0.2477081073449065,-1.4778127278305113,0.9253586385383022,0.5495232413958048,0.3709997961807737,-0.27988789797670427
-0.4362131106815218,-0.31870247312066546,1.0974982228576384,0.8536209183162855,-0.09811013680567697,0.502311582736132,-0.42538537870078147,-0.16345764795224227,-0.18084583197790047,-0.06055449898899974,-0.7020775849693209,-0.8341696523835838,-0.7861768391623997,-0.8658030698833076,-1.1809772236375329,1.5374586871367688,0.0665680968954071,-0.8245309611140879,0.7938912844424096,0.410831952000144
-1.505749088499295,0.31369223089491766,-0.8913828961833682,1.3713033590112629,-1.129623952510672,1.5100078421651082,1.6537925343703888,-0.8181422267948739,-0.9105928341609982,-0.4914205743097704,1.750434429658131,-1.064220250008104,-0.7181111114880757,-0.8598525023507106,-0.7031291629043109,-0.6201827574629946,-0.4575551986563119,-0.1596631313841832,-0.1323923859152756,0.4019912548704763
-3.256539396504747,0.34546967891789643,2.015360421914698,-2.711352081449079,0.06734251764289491,2.812550477200761,0.24039862360236786,1.0852144608349856,-0.6602174913029014,0.2505988227333906,-1.003228644145426,1.0735176832756892,1.5699364378314582,-0.359215923999067,1.7926186041524297,-0.14507939015963914,1.5241490650958307,-0.7548571305239387,-0.3900297792132287,-0.21010344220818608
-0.6410351534314254,0.5567191193156014,0.4322021851102912,-1.5363974482668865,1.5238736458788917,-1.5227818816848753,1.2055111622953667,0.8153537536427129,-0.33861584629869923,-0.7740731687052471,-1.8608570303373686,-0.5445885320568705,1.1730653515863572,0.43488304622073065,0.520194911282746,0.09256727775894105,0.9028034958859669,-0.09977743012777789,-2.563583878168956,1.2685764038583487
0.021494910335144845,0.6503261168774263,-1.6192315319312418,-0.7148649694634106,-0.30931214313982713,-0.2468800522342008,-1.6095620122408032,-3.289428996254263,1.0444661991920752,0.6031441359845313,-0.6107760748010159,-2.546794015427606,-0.5460909847565641,-1.1606542679572485,-0.28148290036497375,-1.6670230302571705,0.025044994594343603,-0.42218673238896887,0.39366601145178964,-0.7993420386629293
-1.8983166541560847,0.35152294369410525,1.1202540312412637,-1.3177715961362155,0.12633249955974826,0.34174093054196875,-1.8379912346180507,-1.1621213551311929,0.5316099632612539,-0.3683562703553275,0.024271263898176194,0.04136672578278962,0.2840882928645428,0.41843244565929727,0.5816689110796853,0.3873822561371677,0.18245808351547899,-0.2900648350666081,0.8351867385278277,-0.41697849536058523
-1.3058235517947365,-0.33031369494210694,1.4211946652816312,0.3757588572341362,-0.5542904682415695,1.4028728362583096,1.7833860519378733,-0.43857289520517895,-1.6377547676433981,0.2121284791321491,1.946876647452217,0.5983669813209579,1.063264071670004,1.8804734376568097,0.9347647768232267,0.7994811284964473,-0.49955278852018076,-0.370434951178519,0.6381386102480963,-0.3858946600383993
0.3280684011408641,0.29089223114647783,-1.823351738372032,-1.4468841081912491,-0.01692468303379649,-0.20001729480052316,0.17677784960674567,-0.3183723583732973,-0.9723929121475099,-0.5351074664962276,-0.08198791268413588,-1.5151540103975172,0.9687167260964057,-0.5022299556069432,-0.5817919892957162,-0.5387116538190208,-0.24173531556489114,0.7666402018253825,-1.550788285176916,0.32341530882792824
-0.5560982455803225,0.06909081308684059,1.2454813435643806,-0.05410619353499341,1.325577344110469,0.9505480767669218,-0.17044871204711018,0.6994169582975959,-1.171818009541427,0.3732998227358766,1.4818881732737534,-0.781801684300217,0.9832444969398958,-1.8065031030201248,0.2074766178287339,0.2684726196967218,0.8698920631761659,0.9881166535937094,-0.7389210373763868,0.4085855373918199
0.8809014392639324,-1.1587438707810254,1.1082889863282097,-0.7218388561610677,-1.1598002276662345,-1.8464003288953734,-0.5105015921529052,0.4289933877436176,0.4071083761474607,0.8501522755443345,0.0647765900272927,-0.030263838859020405,0.21969765118151746,1.4428800351437545,-0.9773220140434178,1.7120761167347338,-0.5080868681457276,-0.8727375117724008,0.2450695891945575,-0.9629565634917122
0.4860896891574398,-1.2309879445903065,-0.3715375592821739,-1.2464796612530267,0.6867421589766796,1.4084429412791208,-0.5823658535166661,-1.7146227095086224,-0.7320984562180908,2.3431244739755006,0.1526505555919075,-0.8577952422557742,-0.745693161977362,-0.8205242306090027,-0.6388186520989473,0.7822226782518017,-1.03713698222236,2.2782583571402233,-0.5287568296902928,2.089997603761038
-1.6237926978601767,2.833685046932358,-0.1503243093846557,1.594072185975913,-1.979917446128033,0.4872067627938666,0.4720058630481783,0.19006682111298814,-0.7941285664638985,-0.5129810821843541,0.6513977357179804,-1.3349856500702075,1.3850717811472624,-0.8318740696517999,1.3764784717484748,0.09654050413642346,1.1867757845927585,0.9708382182688006,-0.9728167509629722,-1.2966258534524437
2.027801431545424,0.2891635789234574,-0.2414066883184027,1.1472028328854207,-0.6978020802792374,-2.2725150404773147,1.077027566536217,0.04612288226146582,0.1437432274725557,0.5625826825028136,0.9906458376266166,-1.3063116111469777,0.4272914032758798,-0.31118230405042957,1.0020653568271503,0.9749715590133994,0.283705041737042,-1.5972234319430274,-1.0259316312598095,-0.4205635578207529
-0.6023252312568937,-0.835206619450307,-0.265304259763085,1.267166595042423,0.4096017349945683,1.4478874707374976,0.5252255274394746,1.0659588915587717,-0.4342155528913044,1.6038710202812392,-1.0986495486261438,0.6310622164676719,-0.4543964256986798,-0.8580511227598502,0.094055639832526,-0.4433347018036437,-1.4833571924639364,-0.6840955170772252,-0.7861535547704016,-1.1621627209502627
1.2320033613669163,0.10719611203475664,-0.6489761565398634,-1.3445849963032506,1.2391980110800174,-0.5812633605168388,-0.32872626706064045,-0.340386382034058,1.38590680870816,-0.5262344854439917,-1.0807077928903472,1.175233086637064,-0.48698140148323654,0.6684793690267357,-0.3286815605151209,0.37013746581654766,0.2555488464606205,-0.4771511032178836,-0.2814818789746947,0.7361173641060138
-0.2757600561807399,0.274161427700334,1.2065207874329043,-0.2284867709912209,0.4549431115005763,0.9602250056993992,1.4906074551683923,0.4622075655556428,-1.3992355469842648,1.0401541423617036,0.3909140220852184,0.8676761608352805,0.006736475198489189,1.505783702150555,0.5534445511628766,-0.5697612154368064,0.18617203210495695,-0.7014990646671098,-0.7187665758942036,-1.9585340450274122
1.238784397637379,-1.6569696559446128,-0.6997010655700084,-0.21191458558061133,0.6613721860926706,-0.4772083177189019,-1.792427475635344,-1.1243061837028576,0.9119620514994841,1.7983472971353338,0.6158826619847493,-0.08947865422846538,-1.5132041420661926,-0.7110368778890592,-1.0263972720797576,-0.8342368211730057,-1.7806906330590722,1.6672675732311744,1.2758857381600126,1.4177312104247746
0.23456771325221784,-0.5515759807182815,-1.474064168832503,0.5677942655596945,1.1261724413548604,-0.821212728612956,-0.8019950339728493,-0.4799366361752096,1.4888989787856195,-0.1856608536800164,0.05097565815143421,-0.5320770084209443,-0.06480387270533113,-1.3929716005263544,-1.6674171835280729,0.8150275735444161,-0.914260687018429,0.05284508026020975,1.5200504336704743,0.7419264159825454
-1.8699412440442367,-0.05044367564444655,0.20799539861102515,-1.0309790139249264,-0.4149139613166661,1.6494087774434558,0.20014051573431238,-0.15416910654735652,-0.9527349670905314,-0.2984649536462143,-0.054026117551855844,0.2973947823725905,-0.8498807075802632,0.5169540298207893,-0.6090852165886192,-0.024943526094915725,-0.6160335565810352,1.2453252080417638,-0.8745696113264257,1.1484273878986109
0.609812710288327,-0.8684374117369674,0.606836027728443,0.9530347155601777,-0.7771220650342087,-0.13268106560189644,0.49230441834363803,1.838338878874426,-0.051210768512775784,1.3243481175877432,0.9852994044917814,1.4586811805575388,-0.2697547681546804,0.38861161796973454,-0.3143514300089203,0.19578090776032223,-0.0835490775293683,0.6728459631702398,-0.7800355477399901,0.9074858514555096
0.20681619942485843,-1.7026577383017845,-0.8427028704292966,-1.2450162956727038,0.8589259364989897,0.2368425966312993,0.03563072413249598,0.880167186547764,0.3174784777436294,1.3184517151643256,-1.0486224071303107,0.17589816858052915,0.9935921507048208,-0.5172281413602743,-0.8280409961190661,0.5648308803840838,-2.256644318236809,-0.23220290809414643,-0.8591305013970572,1.5646684968366171
-1.301745051232285,0.16863822267655737,-1.1566016524379399,1.3837437642256507,-0.7686868097482251,-0.07965802755131725,1.482990112157847,-0.6390457324773196,-0.07034492091536274,-0.057796340947138584,-0.29182414207057056,0.025781554581303778,0.9155463346953069,1.0095904738010786,0.35574552632140066,1.3545136517989558,-1.3781962113553343,0.9227371461678847,0.06914740209520844,-0.23977523777114723
-2.3692067601959663,-1.4689849504820307,-0.1872777810905307,1.427187046281388,-0.7780143890080714,-0.08248407546386581,-1.3418112655453835,0.2726851183346555,1.756632614756485,-0.1023256582176851,-0.8558372887130014,0.38495145899581584,0.9416550564747093,-0.15816220912637236,-0.0458569001909645,1.8486568611828704,-0.7202618572592765,-0.0018781687138598024,0.4765170615429791,-1.461288956385172
-0.03137620752196291,0.353574391833416,-0.13161834966929112,-0.4568953646585019,0.17271694160544407,-0.36406239573357885,-0.27384528124983454,-0.15786215818022303,1.1624995733291519,-1.1649031421173435,-0.2161841109583071,0.7879687532725792,-0.8217808435798342,0.23299485156594707,-0.06842230099071311,-1.5237598434177004,0.7076566861662764,0.43700382284871797,-1.0788229773804618,0.6203093420532105
1.243846910008138,0.9125325589697322,0.6879508592789371,-1.1653673968041915,0.029320636826365792,-0.11639657817022965,0.7591810117313914,-1.5262008602718387,-0.08808861175100151,1.8247633191554329,0.6013637112013893,-0.3840507407027355,-0.18038383169609,0.7834565277683876,-0.27606387021117273,0.6808275507504794,1.6886725027631067,-0.1899957724354739,0.03151280089225999,-0.31193885138506017
0.12828329980336967,1.5800092097311287,-0.3014856410386496,0.8910518720766031,-0.38809254612241595,-0.13692986460979484,2.8324843507625252,0.4829592503190298,0.20408827734893062,0.5204974471926104,-0.6228330797324312,0.72248767257235,-0.05487074869764536,1.425915919947672,0.3084883973420217,0.43800368792540495,0.9145777671411077,-1.8678314166736123,-2.0127017900964046,-0.1869017619986569
-0.22464689097607582,1.2778702293989213,1.7520145125125284,-1.2918588923051348,0.7083069840159136,0.6781709141103627,-1.3107741501390375,-0.02848127517026381,-0.3100603382522039,1.8249798301831286,-2.3729889289204937,-0.18325165948949676,0.30291312922607133,0.2756603325105861,1.0308318595962396,-0.6608162039902005,0.6101760639699794,-1.371664066092839,1.6251576682559112,-1.2984676977258667
-0.11455898324064534,1.2186921832191713,2.3510425565720934,1.4452959566824093,1.7910404936357165,2.1286317142782987,0.9297845048187592,-0.17163391385710322,-2.2259707498533214,0.681255420767189,-0.7439122398669045,-0.5912782290493325,-2.7360860688130235,-0.749756122204034,0.5944377542758758,-1.021059384873425,1.693105987234366,-1.474302217219164,0.253319104495549,-0.25104610170512515
1.3216035009757583,0.1661395138729411,2.5589441205945076,1.4419988120042402,1.1718175265862294,-0.8267373453661072,-0.32069562315499567,1.5304869931887604,-1.8925995464821321,0.4082538893080442,2.0041205777247653,-0.3834690275646841,2.277199368410709,-0.13342912223276288,1.9012291014924985,1.1313177641560943,1.2974904297062482,0.9536593362522989,-0.3625753997895304,-0.7472860396595612
-0.761633260492007,-0.47634065402771314,-2.7027990028181725,0.8332433344337313,1.746721758500091,0.2104246862047695,-0.8521849656851767,-1.365102083636658,1.1729900331383554,-0.7582549871066334,0.5057298466640163,-1.262442803089539,1.107415935190222,-2.48666479801945,-0.8793246310657378,0.814026389584016,-0.4468352925324299,2.4676842076267413,-0.7669425612083889,1.812567900711412
0.4155383004590971,0.9902049346482349,0.8654781076339525,-0.1513976769057252,-0.6234929051681383,0.8873152214169159,-0.1654553942344175,0.06752639017815815,-0.6598083096495388,1.7570730316858814,0.44440987540582166,-0.5367215818402254,-0.8979122672998217,-1.014449191608206,-0.3023633486929071,-1.1834589240791988,3.0249200715067937,0.951416884505952,-1.0315758890806246,1.3233296542827733
1.825220819555535,0.24498710035286853,-0.3367387566496805,-0.755439572951478,-0.8091590169376157,-0.9272283161675456,-0.4110806450758152,0.00494743935946161,-0.09798802934807324,-0.09745709999954662,-0.20738273505628319,0.33497930137000115,-1.1462520065711834,1.089289706745508,0.2472802604375253,-1.6815053985994075,-0.28719528989830145,0.09532139570587794,-0.5262670783873047,-1.3839541741862311
0.9466974463373939,-2.7786629826243687,-1.2505590161026503,0.9550835851933994,0.23418707891219182,-0.4456312386619996,-0.7491586799055835,0.24418830264609187,1.715092361920662,0.7941599648789128,-0.23171718772491748,1.3668060977331464,-0.7513388100775547,0.23402856239477549,-2.50570641468193,-0.8844934136006058,-1.578886411204116,1.374698994438907,0.3054064327572527,1.51746445403015
-0.8724824910829985,0.24401450117912268,-0.9360725591857407,-0.09272937625535196,0.08754235785613686,0.8940107351258743,0.7042377900524677,-0.03010566861731393,-1.0723251643705953,-0.24090347346229063,0.8127467304595314,0.19279505657651236,-2.0263035185103253,-0.4486157385788771,0.06456383748376882,-1.9426282285227592,-0.9363957122025974,1.8483109031731977,-0.8523204642882324,0.06005360673318674
0.12423881147400972,-1.6517158240239065,-1.0046536855328518,0.6841920262241703,-1.0619519995085758,-0.4049307832227588,1.1749036909500596,-0.19992907710600039,0.45502809786635384,0.9640666425933819,0.4556851194511532,1.3093911406370224,0.24864037548631437,2.500888297514196,-1.0064602373518199,1.3475315903344676,-2.2664578330964753,1.2976058228403173,-0.1786527823121749,-0.5616929953603975
-0.7960630616019084,0.08368563608615899,-0.3195613890789733,-0.091139453759557,1.145748391270399,-0.011698039268017971,-1.4991164062980253,-0.42641663291849397,0.2776839909083947,-1.7654983758696352,-0.5119976567468625,-0.8121808441292749,-0.6401572442331442,-1.316261645642184,-1.289857714853251,-0.6252340907928495,0.9325049176832818,0.577257771567542,0.045887549624816504,1.1134030282865652
-0.9408903605374163,-0.30614188045429724,0.7530479393974729,-0.5282775668513229,-0.9288883323271308,0.7165418574916609,-1.8266954893915877,0.43000584884936655,1.7886624593633995,-0.9957271853076115,-0.3398974035124221,1.289227737800584,-0.06491399843828136,-0.9061781626809601,-0.8482249987613242,0.16183951706112149,0.3780487193263583,-0.21736090599228872,1.5068434464964888,1.163304347889838
-0.11479098625891795,1.0266154591351155,-1.6553114205421726,0.7236553495701138,-0.6478086000680516,-0.6522100781328973,0.00669712876968154,-1.2791825089094873,1.6408008005375667,0.1671294617010563,-0.5301097031757626,-1.0407104250118158,-1.9037066098513842,-1.4300250148462836,0.7136089855616946,-1.2349391599677253,0.8160350189033613,-0.49572647670591763,0.05880953265407746,0.6026343797583141
0.8586641963994708,0.03548225129971749,2.03120364996673,0.1957104712311169,-0.12801653375597408,0.6292126205509544,-0.4433159130111789,1.148373772693354,-0.6862217635729065,1.9202933271304932,-0.021671996645030472,1.2268933174775971,-1.0383329039161515,0.2366921986267698,1.5288355083182883,-0.47497178248582994,0.6350975604323631,-0.9759053238534138,1.4261759750172713,-0.6772212047053082
0.7445763302332095,0.22458375753948984,-1.6290935530019353,1.2214493079679445,-0.2127258822676321,-1.8170901667166295,0.7858087253995021,0.29381686616607233,0.6991211996106665,-0.6709136603930806,1.1075622577509152,1.2291501039518415,-1.0755043466432814,1.5785288209007966,-0.04207277914411293,-0.23081499355411098,-1.233208235492359,2.509156889243801,-0.4988741407475246,0.9045577908688923
0.3754294767829114,-0.6973187960463605,-0.5440064434654487,1.016226793178071,0.5182692435884493,0.7677934874518573,0.01872811354945716,-0.7951070003317167,0.22447874584425823,-0.15143914226223135,0.34945501644991694,-0.5394935971815249,-0.6665186092576824,-1.1183393471212792,-2.008900213132283,-1.2812945255226238,-0.0018415281111768306,0.11059063967351147,-0.5628648265155465,1.4157496863276837
-0.7962662336585441,-0.11765455285282757,0.4536110287879802,-2.9599628921079817,0.09325635328980388,1.4236615409976663,-0.40817908275661086,1.2551772895850337,0.7438564821720492,0.47964010477441216,-0.8639725357561545,2.1251880209451333,-1.8651820650664002,0.2832211165084567,-1.0994224644160266,-0.9746193410742128,0.4533056501661756,-1.0447648597226853,-0.17089209665653535,1.3822335628065343
0.6682261161171748,0.09668481156257976,-0.2512362126901256,-0.23966591747549237,1.395532932007466,-0.33878353129958805,-0.44317882167217965,-0.4192476132310299,-0.3462309989470233,-0.5416243415742727,0.9946905284580726,-1.2735356527496697,1.509089499817278,-1.2176087022775008,-0.37397810477699245,-0.0007536659493971952,0.8479282839325716,0.29294165640346237,-0.2331267294980412,-0.1305465919601954
0.3261252710265284,1.191987877892007,0.7043007322751633,-0.04293871504958446,-0.01868520238590004,0.3839627011644035,-1.2760688054653204,0.009335167431182997,-0.06467004326906463,0.7482894376829943,0.2991999958580125,0.6036725980957359,-0.24622682248664685,0.16537235043697035,0.8118469790308258,-1.1143253728066373,0.6361472233154106,0.6134663600943375,0.0871632988128024,-0.8137331175315616
0.6918188604327016,0.7998847810555076,-1.910547998711757,-0.8898059594048977,-0.40794905828500444,-1.1046012211163465,-1.1032473742300628,-1.7383965583553362,1.2123195873685526,-1.018440624040498,-0.7111561860789437,-1.2745329044577263,-0.051587175288738185,-0.28413085488982737,0.14726322875009737,-0.16922484894541734,-0.4135492950189781,-0.6188866029049205,-1.4617424571594655,-0.3037547116720744
-0.5265409293109037,-1.0428135870740485,-0.20485461947333872,0.23849089727178113,-0.7469102499871249,-0.1349758520854198,-1.1465310961865802,-1.0302107705984591,1.8179310092032261,-0.5458362416309316,-0.4524135486810566,0.9160538722751363,0.6794620416842729,0.5388149413913765,-0.3512568275882347,-0.9082848540644267,-0.2679899386902858,0.9465140370521924,1.3648466923062406,-0.2304392493595831
0.6132109038337639,-0.5138967598112438,1.0908067342508798,1.0669348897476767,0.8954071825458194,-0.10234899208694631,-0.034256964750057656,1.7756073646837478,0.3733448939927848,0.7220566929324329,-0.8193991072325286,2.0948320959419684,0.4703533028790873,0.8833810503190933,1.2657817551252601,1.6357742793010621,-0.7057155139994679,0.4099340623885546,0.30454192102193145,-0.5071919369039267
0.025686207308436723,-0.856214328462938,-0.8694046436230422,0.8020111525387686,0.17259825453948166,0.08970715397681872,-1.1967938419278674,0.09507570412944959,2.039375868907923,-1.6829159884381926,-1.5078960173581586,0.6265195852879649,-0.29440274728818316,-1.3855862872313836,-1.3135596230451971,0.400395960203504,-0.27107079233553216,-0.37919172367182813,1.0135554339522324,0.5466476723478785
1.55344406553246,0.826974652847327,0.6148806433462096,0.8477812831922701,-0.9798626134175916,-0.735004675000209,-0.6141306402204009,-1.100998116551171,0.36628984564698,-1.1089839242810084,0.4875629903700812,0.30387771747374387,-1.435786977259276,0.813235924389936,0.2907775568410526,-1.587561293103461,1.8454068623531414,1.7325748602468305,0.5860196639185353,1.9121925500477428
1.0705505204092487,2.149265808711163,-0.46187243296913544,-1.7463062132745442,-2.6941595634776365,-1.0229554881182135,1.8341616129176774,-1.0978156938508667,-1.4672169486769664,1.299003555880897,3.159631688629279,-1.2060158782768897,-0.04182528230324024,1.1216228085812803,1.1697307595000326,1.541873723576403,0.8415462341541609,1.2114911304840346,-0.3062549463222814,-0.42173585016792264
0.3014212813384042,-1.0088376037640654,1.0072533229422753,-0.415009940990355,-0.8129865924443151,0.047840319146978304,0.3346053914179981,-0.2603196043744415,-0.539308138949572,0.21629942367646324,0.4637821712014742,-0.9412180810246046,0.9263096285568884,0.3097114680013249,-1.5180199178912919,-0.6164805647628756,0.34864685122306016,-1.6373444128741406,1.6483044784306795,-0.6624764942195275
-0.20908489444526543,2.0840595624287706,-1.1357926299620698,1.5439626656487309,0.4497554124973079,0.19056505661154224,1.6722381877300743,-1.6199877818071122,-1.0262005514425785,-0.8956099441962821,-0.15687220817806072,-1.6830686850375234,-0.14065265656521175,0.2576113549214138,1.2426657730134607,0.10415304664405477,1.0353588201151827,-0.4526869389958569,-0.944521064007105,-2.1421247210778214
-0.9496541143384457,0.6477193193993864,-0.22894490496806374,0.6498654245742009,-1.816162285967486,0.0790233041957575,1.0891433234443233,1.261333409128148,0.19900176870452632,-2.821681840434261,-0.2713491020609972,1.6039708915676802,0.44508592813792197,1.691393241300908,0.3298111132762979,-0.969628598536843,-0.7998594378635548,-0.9294188784419634,0.7136025765175291,-0.19558777415673434
0.47014162164824413,-0.720321525406648,-0.18315011658614092,1.4553406669674929,0.210193272640911,1.2457289005099705,0.34718472923883215,0.07357664250501128,-0.2415538214434892,-0.6301994143876493,0.18594285383916528,-0.2024157536060229,-0.12318101553097857,-1.2492980140250864,-2.2739552274732113,-0.9740450077330554,0.3183949945763808,0.15278104522455532,1.393698998616509,0.7074194707016928
0.27157539680162324,-0.11308739782695158,-0.20128231412291242,-0.7947513804042117,-0.3819801001179539,-0.04940025066297656,1.1412423783366168,0.047691648325090055,-1.4455562744818353,1.1137392143144826,1.361657024380273,-0.5620232951600516,0.050168209815107896,0.2775947354833026,1.5153381235592054,-0.2290476413761181,-1.0110003471298106,-0.8966420264500089,-0.2619090877624193,-1.2494113959774424
