X1,X2,X3,X4,X5,X6,X7,X8,X9,X10,X11,X12,X13,X14,X15,X16,X17,X18,X19,X20
-1.6395216040684912,-1.862193497303586,0.6848958746023682,0.9163905702356474,0.7678798997083114,-1.0904947979454285,1.6246134136250698,-1.180413740783817,-0.7275071920550907,-0.19603121207343033,1.9701582021994586,0.49792163617183516,-0.6503324109884615,-1.027092748170514,1.4602222029971275,-1.018265046220553,1.0292210661009533,0.5358732135114945,0.19262136217057865,-0.5171080452831535
-0.09255286467320277,0.18788744216215914,-1.7409754078100812,0.017760895343627587,0.11646660314179968,1.2952028643872977,-0.585626797862834,0.3573378651887059,-1.1231482423007884,-0.2597226020330366,0.2779822672549862,-0.41793648676580497,0.9307874105821995,0.5592008074105244,-0.4847258092201707,0.48226989934753123,-1.0266708257220132,-0.3545404492121405,0.37986750328814795,1.148110895413452
-0.6183387363241514,-1.5713931365204643,0.45010959831932196,0.2844079196201065,0.6350560221551096,-0.10816937934733242,0.8078129841055824,-1.611887968503461,-0.4283394528890893,0.07499154236806885,0.42159213755399383,0.030050725924438686,-0.6232184285668728,-0.5111476864166047,-0.05824602880645154,-0.17768915553131837,1.5952257561324508,1.2234712582140153,-0.3521618030373598,-1.1714528340801873
-1.2384484296766385,-0.33979652933394255,-1.7039313729725163,-2.022761141187262,-0.6167470862048776,-0.804282935959471,-1.8190662118979335,0.8916401236572181,-1.9884746504309312,0.36113934808888337,-0.6770889980789128,0.8871554894126236,0.8716534901223443,1.0027387478061287,-0.6133187877719942,-0.5847315145831451,-1.1847384471311346,0.4001557107276113,0.043757278797691715,0.09038853270358643
-0.9173775982747167,-0.33870081248021566,1.4489588739145518,0.1500616251795814,2.118880942324585,0.3696355851199389,0.27669177367939024,0.4961296199995647,-0.7372346968765654,1.2896979408451417,2.2657016232278253,0.9012058297545574,-1.3913762035825368,0.8325565402450085,-0.2818493073743245,-0.14067096423641476,2.793483943547607,0.11281633991068593,-0.8320740900849926,-0.09436953093899468
1.1786999138428913,0.8117904609131646,-1.082067192208384,-2.300181231481496,-0.5641008293446546,-1.8292629648173286,-1.2521314180502976,-0.7795999046930873,1.5966893382560685,-0.07804144098146067,-1.8193595312285027,2.840228192516489,1.1814584927897842,0.3370247347067098,-1.6098336611160196,-0.7219288815535841,-0.1644625765419903,-0.3115476799430097,2.1729493212874025,0.15844957443500396
1.9390668998032448,1.1103834733051665,-0.3214789600143482,-1.828815353862189,-1.7429966060970983,0.047430901594805404,0.8459483741484745,-0.3063220200561075,-1.1033605155164121,-1.1250498222478584,-0.8976557061957124,-0.5877245989115405,-2.286364271199069,-0.7942674668505337,-0.6696573949198457,0.876928522091821,-0.7011330969566341,0.8086163163471319,-2.0701778180164334,-0.6359841123606929
-0.7664183649275835,-0.8275043768284428,-0.40761119244873395,1.8172479705457272,-0.656320677926925,-0.804088333134227,0.4938046801981436,0.438110887939581,0.38942459590972417,-1.6010405872373408,-1.1584045188321748,-1.9777915547190064,-0.49818075998502026,-2.1428460003064993,-0.3023559086299359,-0.928188871513283,0.8986808392689191,0.7502176892988989,0.43000886225560003,-0.4788955057671401
-0.002804294883361911,0.6902076397980336,-0.4927962976346759,0.2381021359935037,-0.5646758058161807,0.6689028980656655,-2.418946523366986,-0.20333802642816792,0.11286921248679196,0.024655600331673588,0.28616014261932415,-0.3227534129102301,-0.1656226554178739,-0.01375672837931172,-1.0517014582363502,-0.10895850824582452,-0.651414708163642,0.21104594159270065,1.1526968241014146,0.014580788682919513
0.7504610876841117,-0.15351216312990487,-0.13731448114897374,0.1340954073229559,0.5776831765183759,-0.6200154678046172,0.3188833470445217,-0.6931849706738865,-0.6659237187484444,-1.0732775115649422,0.4007259702322739,1.529983454897985,0.28240959419622647,0.0237915903130711,-0.5058861181007634,-0.2897522096816986,1.4424032427033506,-0.3756325640307414,-1.3037169463104812,0.5683509697416326
0.34400037923235643,-0.4967111757780001,1.2412391912451066,0.18046836530657592,-0.407081212850191,-0.40259455274809763,1.107303073171936,0.8961788770083513,-1.326813177446517,-0.09125124860791166,-0.5276826380551134,-0.8691046803144405,-0.4002342601791783,-0.5526155581773992,0.9601929783221833,-0.4580631076299409,1.1090643866415517,2.298924649701238,-0.5888187331569027,-2.795478000165113
1.4445415406414763,1.601891999524225,-0.8494804603874371,-0.30464202651992395,-2.131371896360808,0.8384367559613188,0.7127477326415853,0.1428890371319948,-0.2296129126825994,0.24162171280306816,-0.863484676563674,0.13534127391804443,-0.3100273561104125,0.29837594037380655,-1.728889613049266,-0.9717824236198908,-0.2946544823940488,0.4148387840949164,-0.03511655923742598,-0.10748920212384966
-0.8785120056761818,-1.6157535772524998,-1.707064369665918,-0.10707201963901863,-0.6808738920617246,-1.8951828783819469,0.715127712648943,-0.5987053665037984,0.1158028745856683,1.1558478344004894,0.29509444801944024,0.21449839849214575,-1.3978069135239055,-0.12749373635226305,0.7623362121680436,0.15268364437004175,-0.7891953220721875,1.849160913456207,-0.4010771995403841,-1.05054056467653
-0.8390494318335519,-0.881580840400393,-0.42294647885539083,-0.3637875253184637,0.898306727037352,0.453969522450986,0.7198321578251199,-1.6646153687955605,0.20006095520245834,-0.3557461884327465,1.3048003591511856,1.4158823595953163,0.7318406635328101,0.7313206747410448,0.49528372923216,-0.4196752910764702,0.12882908002344576,-0.4554659696295231,0.22664427775100512,0.5381195724719307
-0.038407183928098554,-0.48042828435147295,-0.3171876108980968,-1.3821023354420208,-0.19661723136704884,-1.1872247713751698,-1.5549191554569606,1.4319817679787614,0.16531621016242398,0.059369405112572736,-0.3960049160998097,-0.08032612772738391,-0.19951417386353706,-0.06183686461491611,-0.9902987578298996,0.6635383847549412,0.12569507723062784,0.34953675034645815,-0.15605330473299314,-0.27006439622306005
0.1361975716215441,0.7350333414621885,0.40015733342149423,0.6091491552920739,-0.29793274222215804,1.2163736124975808,-0.5611513915001042,-0.7527333170236201,0.3741072744188407,1.5453921061404463,0.2550882706279125,-0.5923845392316069,0.7836646963060272,-0.4076483795433458,-0.29032881323531984,-0.06856330713454724,-0.5945411870996803,-0.019971321596668912,1.8553806572710645,-0.025442302790194923
-0.7175660425460133,-0.9335865981031641,1.433426168822277,-0.07595972654668613,1.5840086066757553,-1.4715025430359574,1.1659481912324103,0.6473581904106211,-3.396472691818893,-2.421876111406547,-0.4543774144551275,0.1313444148755192,-0.22472144988500437,-1.3124372468389576,1.510458748151041,-0.2022035588355474,1.7167699386175195,-0.7227016607728267,-1.1157113981809716,0.0896093189883167
-0.21670757541530658,-0.6837578957310401,-1.1612750565400924,1.5698452873430477,-0.4153802678488842,1.2439975748405716,-0.38602316404712145,-1.2873526282147243,-1.2585330660670788,0.9816749706989788,2.6216003721904095,0.8765694684591678,1.340982675717303,0.7162674087549438,-0.3923517890656805,-1.1178713903223267,-0.6434323024076175,-0.47323833565606294,-2.5268680499285017,1.2685061587831188
-1.8140610623886424,0.9052659640985461,1.0924659501875367,0.13560542972324469,0.6213346341690082,-1.6883426347191333,-0.29536002841650194,-0.021286469745077006,-0.3551855833991596,0.7428417916817075,-1.8367186689979171,0.6182807193341754,-0.9911892334677742,-0.7754550687221446,-0.22494345503037563,-1.8845442805040165,0.7241103976020214,-0.7590728912646497,1.030218196119983,0.2108402668260344
1.618243742591173,0.5054672740074343,0.41562037795329193,0.03472277713956544,-0.3617889879402375,-1.0590880267858214,-0.696674379327902,1.6372781063074489,0.33172979963010146,0.5430147501752172,-1.3477337655179815,-1.1096608106868544,1.061692929878481,-0.49383769604697186,0.23927199636511082,1.4358904843808575,-0.5228399313960995,2.051531848350883,-0.30403787180462666,-2.1434721024518972
0.3882633424987237,-0.5656179252116127,2.170039669560564,-0.36175919648733645,0.03658440941449846,-0.7631532861727848,1.7916103931285043,0.36349327695804423,-1.9566921093422727,0.35962311847869105,-0.2087102209351258,-0.7065364846977015,-0.11343450325787671,-2.2139115743444804,2.060545419443381,-1.6737844795464418,-0.31685946509567925,1.3501766875587966,-0.3600558763398827,-2.084705521184679
0.038357602758153114,-0.11526856100847646,-1.2788783356221776,0.03344443509749378,0.3915279983486691,0.1518774911754246,-0.6570296221066692,1.1580366034810508,0.08196105847522998,0.020112004280365203,-0.421773926474315,-0.9009268243337513,0.6993704805941499,-0.4473238700350098,-0.5264414904037397,0.521738578638328,-0.35773251637690257,-0.8252953916705797,0.44816266354141204,0.9198648840547812
0.7453492506497802,-0.4383874171036984,-0.2144821536227475,-0.8444395306201344,-0.05116092340314637,-0.5542417283243133,0.49387893686581164,-1.0959896591608116,1.1851103609844555,-1.1409826889177919,-0.0013382504481732115,0.7806027364902409,-0.3223429801240198,-0.6331696464473678,-0.10550534069385416,-0.03539565946044111,0.6274066026700179,0.1044507338569677,0.0704089360590445,-0.3692390518074274
0.274347831669407,1.0884964877189494,0.03505721962578685,-1.4618959295642888,-0.948708539317181,-0.5370043530989531,-0.3900277412484219,0.6643507073824549,0.5697549982025857,2.046491978189867,-0.1073422850709637,-0.4030674842474267,-0.5920703208107181,-0.40621547341523584,0.43580843016035314,0.6562146954503992,-1.0894558320361025,-0.12353695276170637,0.8614894356547724,0.09585225706001518
-0.5581985860874322,1.678490688050538,1.0019256709728313,1.3324813060314358,1.5204238951756692,-2.178658272583462,-0.008280099614507075,0.7291100060543582,-0.1654521098702509,0.2598751128119556,-1.7751576497896753,0.47520332163046086,0.8982570105519724,-1.6123683685003114,-0.7885718479536312,-2.0065676553440204,1.061492796020863,-0.9055491810204189,2.473472839365305,0.4140597318524829
-0.8073202929133776,2.391872356521756,-0.005613422615934728,1.393234836353545,0.6249205578347186,-0.4534100416945273,-0.014440716360286182,1.7748547680404194,0.7357844182023932,1.8316000518910616,-0.6095241553762024,-2.5591907948813137,-0.16993676655302556,-1.4808399047958474,-0.656250757652643,1.9870316686832583,-0.5808160677005711,-1.7103293162779933,-0.5539070681532543,1.7839517186840872
0.7496790496508924,0.14478386606256868,-1.7626613684569614,0.44183784519166114,0.0580229897326454,-0.4300115499027511,0.7653101400071779,0.7751291883125399,0.15873314880677125,-0.3026466087495403,-0.12727351154343977,-0.20100323175737891,-0.3386199200151028,-0.4983346357682125,-1.019424837322511,-0.3027398731606075,-0.07129090161242281,-0.571565490381519,0.0973338017401578,1.1279323830763288
-0.41566193152046277,-0.8392280806489286,-1.6479513741801302,0.30199659890379926,-0.5823859464278975,-1.5513975126691466,0.10951523166971713,1.1751791220426406,-0.03500113465051105,-0.5043729225207384,-2.0925812515958304,-0.6250858492248497,-0.6658532811608147,0.7610555356487617,-0.394617307953582,0.4279228514221049,-0.521591136313405,1.5783955918348054,0.49171302254378446,-0.9301426071895977
0.010036694781678117,0.6963617524735567,-0.19913333420147153,-2.3100783274615506,-1.4636534930988736,-1.0953113038439575,0.1859016631296189,-0.3590323963376586,1.1164214537364603,-0.7031127924957736,-0.8206299413299086,-0.17782225223677076,0.08094240328294286,-1.0253670752979123,-0.2781338768929409,0.08494232972778777,-0.8844627345816832,-0.22269353415427276,1.6594572985581975,-0.35841969926394074
-1.2062023715525962,-2.522462439331173,-0.17448308586580702,0.8017918163143832,0.6122782935755048,-0.2832417836095321,2.2854523549917225,0.42898632708399764,-1.453717541901105,-0.8313046822184961,-0.6721239251032464,0.09194406781028032,-2.013098543109535,0.22204335913123638,1.5900666830073702,-1.5178452216306029,0.9803997623062913,1.6332540219237737,-0.5334584864359596,-1.4708731772725758
0.9557191239198409,1.5105129113327116,-0.5475536380246605,-0.5009345622968144,1.0793329490936039,-0.6692283322227834,-1.0251206055476472,0.22726840229875583,-0.21377838958087958,0.4264567606309217,-0.6291278046402302,2.1628233470902694,1.4836891195929636,1.1175836127494259,-1.94930912877161,0.10975494500024872,0.5556488686917067,-1.914248304652293,0.669880447643175,1.7961267833012107
1.8429607422387475,2.3954074258308435,-0.4062575921901968,-1.4180940363156394,-0.4106593056495761,1.5038202521108344,-0.9745763737429886,0.24827509669442846,0.36942632013212345,0.17841732163890447,1.0704259331531096,0.06643647446241649,2.1004296758413497,-0.05111300102473325,-2.026410313015256,1.0932768524448526,-0.05943672101394914,-1.5165433405823543,1.1402704145897253,1.3300126272843453
-0.2838458034137356,-0.5069798993524667,-0.9441606575211212,-0.5134560427098027,0.2084853984224054,-0.5449432482604178,-0.716622882946268,-1.0620433914684697,0.579380690528605,0.2050007002436435,-1.3145986436026629,0.7160177910299841,0.08153872621712052,1.4102424115019945,-0.5107861384281537,0.37971332980153344,0.28930134034655397,1.5371681669940818,0.15476469502010742,-1.2454234031641291
1.2699963642304157,1.6067937806327488,0.28991743150065025,1.0702114543807058,-0.7089154736021805,-0.32537600707362857,-1.0725498655858445,1.0402885741015258,1.750537000110769,1.0541521199377266,-1.523782343317973,-1.1938330234715497,0.058028490766127365,0.36189771542493104,0.49994249816577546,1.7750248400237434,-2.3201893887177376,0.45525698039579576,0.7984281045536188,-0.46786104746123447
0.30730314363279554,-0.4075051118776687,-0.1355355258091053,0.8096431162956821,0.49984190910683257,0.09266716471352052,-0.9278800549961802,-0.09892736836920557,-1.0467448412864027,0.7547413464188705,1.3799913674856241,1.7689523325203376,0.21304627598322942,2.474562940696208,0.07352745783025105,0.5784182046824262,0.17582014352774883,-0.596390979356801,-1.735627608043814,1.003621076933453
-1.3971386961800534,-0.7958483177133531,0.6383942902847826,0.07338158858801298,-0.5031713923424067,0.15508014182269417,0.6288778570519453,-1.2921932484126477,-1.46422490310665,-0.9107049127030558,0.2739839853601561,0.3487158022423891,-1.2493565012216077,1.3935087365376864,1.5997907799808784,0.3634442726703376,-0.820460646024445,0.2915747885667114,-1.7736904068922676,-0.20065972890040046
0.47953904094534955,0.14429124861858714,0.7358202000123576,0.27520309915802504,1.9004312112685597,-1.1093383867234445,-0.541304696945931,1.829500835198459,1.19860550555802,0.5770499546697783,-0.8630789767619917,0.7858978446915502,0.5325498719010696,1.285299517941461,-0.1607636870720501,1.5995403121170106,0.9623148109592546,-0.12399861258533455,-0.08386094463773408,0.023238253078469766
-0.9577627636270496,0.05048784363402211,-1.088742722888432,-0.968568653960318,-0.2943714684611363,-2.1613572140804234,0.41336460244484086,0.29532871693001095,-0.6162802450781909,0.9183255382231884,-2.3008198398604045,-0.13302741084385905,0.034824228144977626,-1.6613646931262198,-1.1591421644884663,-1.5047673774576555,0.46421663458244183,0.7299908642914641,0.5287191622015452,-0.668396805025081
1.1355927229708156,0.2878372960439596,-0.49948614324798274,0.33375601738879124,-0.15525761716915465,-0.8524870056593815,0.7043085893957652,2.7517539196508762,-0.7872027442593433,-0.9704146967647143,-0.5960879231514064,-1.6555544794792107,-1.5285381451808997,0.026137797289119493,0.7384811435898928,2.3854570405623186,-1.0670991547861448,0.46019362890763926,-2.3686948847501905,0.06708769423969689
0.3597245527889057,-1.7323172824891568,-0.34540189519492026,-0.15243099055080472,1.2080036683394768,0.9103428701869062,0.2919748057205438,-1.0647142247731134,0.8220961007180114,0.2888842306794004,0.7882113311218691,0.9266502028247092,1.7857973359989823,0.5275822090048731,0.2636464688762143,0.16924442933682576,0.5092298285411603,-0.04110635763148417,-0.4630333263319189,0.3290161909858476
1.882937779974537,0.9910232354867814,-1.3909417168370346,-0.010701010604664116,0.6894381672790063,1.3941824292388902,-1.2762082166562847,0.1695204444390767,1.2026357176341098,0.22197220688526526,-0.38967950613517194,-0.7081936665962814,2.151015552772688,-0.9857454892447315,-1.1549748121431347,1.331711414834624,-0.4405886556517887,-0.2894421320047235,2.0392721911248137,0.5850429172500372
2.1099214217095743,0.498668368461404,-0.9738369745743102,0.3288982131038377,-0.0718808549531321,1.0128190457131452,-1.5724131337460134,1.2149231167455528,1.4478030823795582,0.7214632975383216,-1.2276793360900682,-1.5514798242629795,0.3361686950603813,-0.24160262139570143,-0.5008919522197426,1.5929150928647202,-1.252757568836397,1.5520224425919094,-0.2962425533927675,-1.1771363911088537
-0.12891883711741442,1.1422291029179932,1.1487340802334431,0.25185015398401933,0.444950715969101,-0.8498548268352694,1.3549807356331347,-1.5399372235741382,-1.6940002777960048,-0.3204807716001843,0.07499856859666658,1.6803817929630027,-0.47435914479039576,-0.6223078770708306,-0.20235220354597203,-1.6121121319703002,0.6442463215628788,-1.3622605490881978,-0.6593073826148345,0.8439218800676702
-0.3609658592087545,0.11653324256726706,-0.8270492120877301,0.17892254555461992,0.16394190853622106,0.6457138780203961,0.313173612756316,-2.121720171342175,-1.0913444715832084,1.5602664061548819,0.22344045823801142,1.0485881629074096,1.5035285733918813,0.00834877895063342,-0.05293929656103539,-1.5340834870671964,-0.8296924158243405,0.18090520580530015,1.8352221532604738,0.4542462870341769
0.4020866704852235,0.2589258579754363,0.19280427964481892,1.2966247652816185,1.0024551153980186,0.32084514586867974,0.5211343572302326,0.3315316377036228,0.0659454548748425,0.8890405298046495,-0.712918428157424,-1.0630021811124024,1.1492248501537132,-0.6301321451209576,0.24652197087271197,0.7594700406905092,0.0051701552013568184,1.0674138206783395,-1.1296879821661403,-0.8849209716081767
-0.690927001244313,0.45579791271476217,-1.2922726253155037,-0.1007896921569777,-0.427259645794364,-0.13822783706682273,-0.0477082011617444,0.06222477242157424,1.173700599804902,0.048938461957535484,0.7770653197069679,-1.02057023225482,0.49253794820586017,-2.3790634028674043,-0.8475982602815462,-1.618365687643586,-0.38013397451507924,-0.8553030309499027,0.44396878922802857,1.0807281459378686
0.2826414613167582,0.3984670238457797,-1.4151104555077105,-0.4680961099489679,-0.9669350131191661,-0.7799690616780685,-0.8943819258642541,0.5898402981280624,0.29951975900993477,0.192088749055504,-0.8117453528405237,0.46901857053974655,0.3632783319629967,1.6832674094051603,-1.4592709531395833,0.5462321205884408,-0.03069492133091402,0.4601938961782644,-0.8690928128312375,0.2804312060122145
-0.8757472958011635,0.3417750597779958,1.6127636750291559,0.5650699812219997,0.43857239169801054,-0.2405768465741476,0.5150594021224153,-0.16144941779281302,-1.419940748588983,-0.23599041330201556,-0.19677469603209216,-0.45788682939981235,1.2417595842582503,-1.6003303551442132,0.8663447851473737,-0.9563285020234458,0.16558249429719016,-0.06157436492387322,-0.3502906000966446,-0.5121799134618067
-0.18907759922570247,0.2955436413524404,1.2754395999298274,0.30357052187417805,0.055099138850778,1.1159788970308435,-0.1467009594020019,-0.09913599817946984,-1.360643673195113,1.4814220822970883,1.430303139451636,0.27132693886712556,0.5793087731877774,1.1232529006480076,0.372650307632897,-0.3773041473791289,-0.24872953469403983,-0.0045392712449936435,-0.13375356010773684,-0.4005980151349538
-0.7635986038740653,0.37133941938822873,0.3897689667718732,-0.09008583687119369,-0.6841246473232573,-0.285655195418782,0.32869516147021716,-0.7638238282352079,-1.4890644135891116,1.3227457898976571,0.03564913968071731,-0.6165902760699195,-0.8437695330392682,-1.0596079681665056,0.1174420779009976,-0.5560773763254048,-0.17059302451836605,-0.010874182962202862,-0.5729080633409555,-0.21288069649653826
-0.07659816036660705,-0.1410277228154067,0.4977568496321788,0.45673881680484735,0.26814140501685674,-1.0693564901149024,-0.3169675122971023,-0.4080232400676759,-0.7866771979953088,-0.2558402866221532,0.9894903709232036,1.0519266756538987,0.5495227534254636,-0.24081180869673283,0.6863389706206036,-0.33349828981926255,0.2697324781531436,-1.277034095802347,1.5290309415446843,0.9958537324911109
-0.019262510851262238,0.4239231094524924,1.5599400086787303,0.10582103031311879,0.6479567834477623,-0.41375073391279016,1.8582029957095307,-0.6139676836101474,0.5068760683229717,-0.0022198162503203884,-0.5720532869662426,0.3943327074048191,-1.449095847885869,-0.01712058093200024,0.9597815749287073,0.5970900894904131,1.4926602286034023,-0.12618088609610925,-0.017742284075632667,-0.34786256326846254
0.8937102599628309,1.187094466057382,-1.027476745288888,-0.7941108585377689,-1.728864593134356,0.3438617750190271,-0.9170375360566155,-1.6412467241345123,1.2025245000497713,0.41507122519058803,-1.1390859799097892,0.2746327155319919,-0.8346037204195189,0.5284281220057514,-0.6177112486780596,-0.3458955983412814,-1.2516906935995813,1.1806868245980726,1.5168918148645358,-0.9335637984396057
-2.375333890166092,-0.9014511342266149,0.3582380908345005,2.1255262354937186,1.037244967397824,1.1709250075282116,-1.2731872199859473,0.4481805892282318,-0.6246272029339549,-0.10908052329967413,0.7760657358207603,-0.7122437810375815,-0.37717185543304743,0.9222487667869403,1.3482808988655297,-1.2399845735699475,-1.0507265280913263,-0.18401429147159712,1.6292482978956684,0.48579242998770283
-1.3064108702425496,-0.34090083660508264,-0.1823026942262736,-0.7350898586048377,0.6537540535914509,0.36877726472554084,1.622427242828596,1.1601378855394748,0.568511389598329,-0.9215466508304715,-0.10451215939266152,-0.03523696113886061,0.5090352015332149,0.1556765981700769,-0.6787404247616947,-1.6146529545498132,1.6947787408422623,-0.33207978431437485,-0.8193275634052124,0.3256570207982722
1.367471610236487,0.8766466122885338,0.7563346209875216,-0.88456483389154,-1.5911160000659754,0.24368824691219407,-0.2397958097709772,-0.24686526242748377,-0.06521594591431994,-0.007587465181307374,0.14689289985228124,-0.6213545963221644,-1.5682971111254098,0.1744533194680541,0.28362744850673094,1.5389886648987035,-0.7842710019620659,-0.08486153224493603,-0.30358194735897875,-0.19024725423720118
0.35407963113422486,-0.794773416223758,-0.8858628997677419,0.08410105775101188,-0.7550360926159035,0.7532334133251107,-1.0522641999384168,-1.157503407272082,-0.2038273983286061,2.191720224127588,2.2172399874804056,1.0831648944717789,0.2756562867757167,1.7612379468858343,-0.9790696827613471,0.5583050317763407,-0.6667735548569106,0.4823748054340751,0.3353418324907071,0.12398474036272038
-0.19254978205495732,2.209420983849316,1.1674852132075084,1.1934837739373714,1.484894766873171,2.2924270763274173,0.19160926766832956,-2.102005655594846,-1.6988656117038707,2.5671447014560846,1.9015648725994667,2.326303973987295,0.38991206011447443,1.6515597694234048,-2.5419382967954576,-1.5826208123083207,2.6165873818190994,-2.4200330293168446,0.1403692425311473,2.5669286325612557
0.516370147273158,1.6954959135434755,0.2374758072970216,0.7511832935181886,-0.062268117502733936,0.5589845504019785,-0.9739110515888387,-0.7132521267708618,-0.1922862988998727,0.6142809649897506,-1.2559865427143944,0.634344753338215,0.2614522804874295,0.15992227535528133,-1.308915635962116,-0.5085979145332528,-0.5364085317359624,-1.222390983337431,0.7682767990100162,1.0996175617101829
0.1078462626287955,-1.4993586593363868,-0.8095988078721503,-2.7751391255999565,-0.42713037433158096,0.23858240570320363,-0.24785294097345884,0.8297001000426146,2.2578332747909196,-1.3461479514766388,-1.8608255830183764,0.0034424433974226706,0.34754459034189245,1.9060827272323821,0.7877397135956522,1.7093337778264495,-0.053438527823730694,2.265386232222729,0.19145141672263277,-2.4203155260148077
-0.7753799846559255,0.5670956084677101,-0.46706088663697215,2.155667962167081,0.6153601554762569,-0.9371405998261944,0.8387903121847831,-1.040285557549783,-1.201248299831654,1.353986058383784,1.5028388884699555,0.8049377386066434,1.0720137894650446,-0.27738622203673297,0.586770448061882,-0.781817928781444,-0.9055825415638576,-1.2398039634793985,0.29070603446050247,1.6738369131249342
2.6261723440717675,0.3867277596304209,-0.36996162933431526,1.3094751260530286,2.714399077742035,0.5913759739370051,-0.07570509612046793,1.5863880501226355,1.6735009996196637,-1.743753668487087,-0.9450732031352419,0.6966001608617026,1.1956739600004263,1.7761584702282536,1.1324830139814341,3.061046424181594,-0.4576517052298513,-0.7358799874643598,-1.6983978884418196,1.0245931072453276
0.6382470052039728,-0.0920110655679974,1.2669113740997335,0.8329092403406401,1.431072223989159,-0.21224925181209564,1.237664079797777,0.6934955040726903,0.9425278404481854,-0.13110773342211887,-1.8066133327021658,-0.6071854798402582,-0.4300565055559442,-0.6031467753772424,0.8502662706882039,0.3497505883694474,1.1994777292856185,0.7155929832488801,-1.0304411742935695,-1.1140769884032802
-0.8284940203816797,0.38733011378190146,-0.2089883592565571,-1.033023055868354,0.49103794057437883,0.9090157755601626,0.8936994897012429,1.1447380161779102,-0.2389382876724738,-0.5955838046634779,0.5840384566781125,-0.6562965413299942,0.2902767759667787,-0.8028011624631627,-1.3716160245310154,-0.46310839782294944,1.2721543738841317,-2.512036137277694,-1.2376131482077488,2.4185516638296427
1.827024015851394,-0.09075905363649613,-0.3169181965389735,-0.03703281831179768,1.5392562760199293,1.003816874660462,-0.9117498184516287,1.3067978289809221,-0.6597678400345067,-0.6302696906444993,-1.6716960600176571,-0.08432831955452963,0.9213727559257263,-0.585353743760382,-1.3392445264447579,-0.542165438302083,0.8528878712762161,-0.11695759293263994,0.6452034331573001,-0.13471040389023997
-1.5893562448282768,-0.16319428747447487,1.913822477582878,1.2163532528905021,1.4972704117291895,-0.03154344405823259,1.220270586036324,-0.35196215657675195,-0.5914555786637656,-1.2374057759018144,1.0128575588597717,-0.4133619701770905,0.31356294907258525,-0.6426158898389489,1.6536851668206198,0.3792907544721419,0.6871092655991015,-2.1869793855823123,-0.19669037956491212,1.4492750312867435
-2.305944346649516,-1.2405812691914466,-1.0909539168249596,0.803110941153949,0.5473513666876177,-1.244200820794825,0.2150178750678331,-0.6880559499252453,-0.500971522213013,-0.0106263086282585,0.31742277708783806,0.6488956338357551,-0.7821043475433103,-0.14235108222909804,0.3829398597092357,-1.1870384388201818,-0.14403644342489125,-1.0403507369294889,1.0759300007315307,1.4531098779154599
-1.0332866955990272,-0.7075708707661141,0.8032021802134076,-0.011011420409479418,0.35594310619604314,-0.5802636423993135,0.48212666961107303,-0.5885936990695608,1.1648074694339265,1.7795490575369184,0.21782182655675378,0.11524747594335176,-0.6224698625300623,0.18729177630272134,0.1495455829645126,0.36557828123078956,0.2020188189851807,-0.29116039788702236,-1.593789244207529,-0.02480791510180483
2.0107294195987677,0.5806509415341431,-0.6045405988034125,-0.35069500558431327,-2.198856417450496,0.19909898427744646,-1.1164348758170122,-0.43579262973448035,-0.8908364646813468,-0.6750461114809941,-0.6288895849225105,-0.4717988877672519,0.8390145103339958,-0.02278173872478865,-1.1149638792196066,0.633055712935531,-1.138960611577285,0.8763079881879909,-0.4479977158359639,-0.9324369749820073
-0.41080843522054,-0.916292195447509,-0.9057518960850978,-1.0034177754447646,-1.027917591683953,-0.4986388536255518,-0.5843452986010319,1.1034583744887971,1.9756991007986786,-0.07396419514284877,0.004436245162673587,-1.0133333764588175,-1.4863345508360972,-0.4529676112713404,0.2997476380154828,0.5685676218833112,-1.0248502368919372,0.8924838250138322,-0.15059864353739677,-0.7064013311503085
0.32759119589216584,-0.632240175338855,-0.5120953670809875,0.6543271253662646,-0.4598862327084877,1.9399082896887514,-0.37362268712336727,0.006428962610354058,-0.46419370856907655,0.40278858995333616,0.5184910874944273,-1.7257941956974863,1.295922755234185,0.02503019692749611,0.6588600464725116,0.8674710661596106,-1.2486354792776502,0.5578047400533045,-0.6699100702076283,-0.3912182653824771
-0.3163159878658288,0.054065576973192316,-0.7028517307003916,-0.0723894460837333,-0.03776027377567877,-0.7217050374342963,1.1668864116491617,-0.23233614476412084,-0.041600772372967464,0.4602350935828676,0.05776204016624144,0.4607490035492575,-1.7172535151783064,-0.3857284087684257,-0.852225451757491,-1.0777699441379505,0.40313966993024314,-0.12968397886568922,1.8860126480847839,0.3782751902320064
-0.5602103014120899,-1.01574003725493,-0.8732906138584517,1.7223384659002743,0.09489783013131195,1.1151112021107994,-0.5544721064700875,0.1751809831529532,0.29890758959595815,0.37659757329708315,0.5986854235975045,-2.2102824668611936,-0.4865719881308203,-0.684753125981768,0.5019274044232033,1.0249181164009205,-0.9161026106592123,-0.021820626097463953,0.11509159987162575,0.47839566967781255
0.1250611804553056,0.25500617058852587,0.6489394742134411,-0.09994970035645757,0.9708428004899422,-0.7016657972159986,0.0568516156784483,0.4713276194820616,-1.4698134082524343,-0.6283624779245901,-0.8206242223360326,-0.7007519386099093,-0.6382619767490418,-0.7506360850385145,-0.46718877917517154,1.05864575350056,0.9430968559426985,0.12390380562011315,0.3842461550796775,-0.3989565482159558
-0.0678740217141504,0.5607907192237027,0.2839076206710006,-0.27329168679666554,-0.12233471146257363,0.7740882705972452,-2.108041541178549,1.5964338047722448,-0.37004654764204514,2.0001862462615856,0.046360109962447986,-0.8810837523183743,1.2085033321186713,-0.2823261445078011,-0.5640187905957471,-0.33730466702325385,-0.9375077507609749,-0.6887588204077251,0.27353079176249456,0.4227677080792465
-0.8614428601979051,-0.4322232413399411,-0.4704831303379108,0.9753931504237221,0.7976637456650523,-2.660139312019049,0.13332903495685164,0.986502427243097,0.5614078293281048,-1.161030132960057,0.28172875065879033,1.2074725919483156,-0.6733048322434894,0.896664614794649,-0.16366186802843355,0.09084140891253409,1.1036956846863029,-0.6678058597343569,0.5342706004258853,1.0477758636311165
1.7213773272064987,2.9599281027104865,-0.7422945139897594,-0.1605963244947233,-1.5286712635565565,0.97424189985616,-0.5226604741774723,0.9764494693416685,1.2786641333442563,0.623572107147009,-2.1663024966826008,-0.981914239347577,0.6209133880275556,-0.6222547301175342,-1.4051061730516063,-0.22100676767386987,-1.5776835399882432,-1.0527217019292536,0.9330470571510456,1.0926032334515547
0.4322789870937703,-0.9742146464447123,-0.5322701253851114,-1.4099212488179065,-0.8998265739890206,-0.5491446088880506,-0.17668258034339065,-0.14595702248862516,-1.8831622160736157,-1.005624583177974,1.0915224496166187,0.8229509588278486,0.26687057618372734,0.5079452907860643,0.3992372841003995,0.8462816034504832,-0.24882774197179752,-0.998872138775554,-0.9820690883774865,0.7654930603799481
1.298955031830844,0.5595827364937396,0.49166521593027046,-1.345464079840244,0.5496654904620961,2.768700582416829,-0.6600290218325847,-1.1024380136914567,0.11472680095875003,1.2402664430924373,0.8678289802360585,1.53067902918257,1.609817822126296,0.5835562148358105,-1.0340773830239285,-1.6050804622184398,0.5900855943412536,-0.8453033044748243,0.8961108334678407,0.24567648165263894
0.47142216994232583,1.0807470718200927,0.47094145069984655,1.1381087352234651,-0.7207443998612405,0.039336712948792804,0.5447493489536632,-0.07173304723876552,1.1507926789137024,-0.004736793310381052,0.3932965719241223,-0.11425044462814837,-1.2303315035955555,0.7621090065536191,-0.965710047276469,0.1647576577395442,0.6244972893015827,1.4941456617730715,-0.20805156335225033,-1.2924590564896292
1.391768884744757,3.8619893931445324,-1.581974246145397,-0.7467235492370081,-1.5862507807094846,-0.6074837076935297,-1.333492964576317,1.4551222287555698,2.238927292933096,2.9140998217591645,-0.6894871627712977,-0.9971614059690016,0.4654455253062384,-0.6861671363874147,-3.4937843238090944,1.2178135996790502,-1.3447860060634746,-0.8535299332695214,1.5305197592253763,1.4834922353454907
1.2927051064422717,0.8502478580076239,1.4707656399321982,-0.7171282056744266,-0.6794379676088966,0.6331757787043603,-0.1250277218360757,0.5511642180093267,-0.08151076398281971,-0.9581677856932861,-0.48962128376578434,-0.3376613682855086,-0.8780830084532105,0.3735233247780867,-0.3416193730250587,1.6091523720089496,0.8898452196698037,-0.4929209954044637,-0.3658575558419221,-0.13329570937169935
-1.5276702264286248,-0.3437838775786389,-0.43513425953879675,0.2703298059225934,0.8941590786152523,-2.303676352877731,1.6412739048466867,-1.575050486191059,0.056585686972108216,0.17347042184580952,0.395699831877725,1.7685758389684723,-0.2737170952176708,0.25225437939616296,-0.21926171058701258,-0.3482006007341895,1.2007446883135606,-0.30956804314882125,0.21766721662813032,0.4713567945316596
0.945427893913184,-0.17153906408475458,0.9888080393209833,-0.8621179770658346,0.07431953951540106,0.23393880421673777,0.44757174435011204,-2.2082395470423326,0.06412593491586359,-0.45495770071948843,-0.36921383493700455,1.6367955667564134,0.8233602175154537,1.0047436563322223,0.9346170329201006,0.7426764800660418,0.29698432426902566,0.49678436189559666,-0.08471430631908014,-0.8611037348976054
2.338016151990354,0.4416342380574152,1.1664341583698565,0.9170200914311099,0.7165740413760201,1.3422281645133,0.3207766957816241,0.4775874864100864,-0.9174266590697436,-0.7978212097606907,0.5315061712506459,0.8741646157311611,0.46231934777584993,1.4785012673943188,0.1995413239037532,0.6592676973705028,0.6826147466433063,-0.5742481006466145,-1.961723446039299,0.4228037672641596
0.6525303917784614,-0.8450368302811274,-1.043923233732759,-1.398278644964551,-0.9632111969551247,0.4197427897395776,-0.049290564805609276,-0.7571390788415808,1.3019620841468897,0.45939786603325977,0.15098383797062945,0.5070516739924791,0.34815974971431485,0.8109170651162931,-0.15987994394228897,0.6304659079144498,-0.6700538946977985,0.9592654895469334,0.32413044164575683,-0.6661554717414455
0.41523263580192116,0.11446058610364838,-0.8592728499078479,0.6177788947798307,-0.36667891682894527,0.4129744096161357,0.15570978253052864,-0.2812856612218106,0.6134207240621693,0.05802337436298315,-0.6522325416100145,0.29535348670542544,-0.17838008217388526,1.468442331807565,0.5365035635998853,0.6569320043155943,-1.5401871771156277,0.4952591073599389,-1.2412782473898971,0.11429937225625734
-0.09121217452754748,0.8925424084268713,1.858956336483178,-2.243259178937861,-0.8426855516961587,0.05700286610619849,0.02865334809236875,0.5002052902821414,0.36745470016306275,0.43882900009702164,-0.6469123595582278,-0.7186965248915151,-0.25929418384752295,-1.3511273968990758,-0.7683009507681908,-0.3516271984684294,1.0214556174595704,-0.3815394259754899,-0.030441404847387075,-0.7403889524076144
-1.1678152389197254,-0.8337524105610005,0.06705179138171631,0.010568817739852193,1.3102938179046013,-0.6460020990154741,0.7070961863989818,0.3431785395190764,-1.443806453545451,1.0360672251911582,1.016248747475685,1.4282223621195282,-0.42643231231172235,1.3159720368349184,-0.6449781627623776,-0.08170238986288358,2.078758223920707,-0.7551999689137415,-1.5481580649862112,0.6933271323274597
-1.4163698421310946,-0.12308916378247835,1.2374247448948648,-1.1234238592073367,-1.0343841742511244,-0.7781969867580035,0.298902094073692,-0.8045747589421559,-2.0324543352642332,-1.638824422873857,1.0190568434448841,1.3945781504517614,-0.4381197989378767,0.22611210558960898,1.5767762958626796,-1.9232358158489724,-0.3169999327578308,-1.0567801304584905,0.2851947806769945,0.5490715491450424
0.18408648240381845,-0.31945616679200717,0.9543655848716305,-1.0237217483158512,-0.21549841450419746,-0.006109591333890676,0.6029757779454025,1.4123231286286106,0.39584680527152294,0.11907369530678402,-0.6067769398774662,-0.6036668229091816,-0.8084369089373451,-0.25746056730983846,0.389229899281125,-0.6021381698403616,0.4635369293210764,1.345590210871869,1.2674678857890367,-1.6916880979344266
-0.507573772696549,-1.0015962532994245,-0.4986130543809342,-0.0006852312919647377,-0.19718347538818892,-0.7215797427996584,0.5253692386975544,-1.0150045400827705,-1.7550125261244252,0.4524705118508532,0.13402884829334655,-0.11216634674435219,-0.06417095682378865,-0.6313250928104168,1.2264328334733476,-0.074158404871254,-1.119674897205223,1.256202795809279,-2.326438736319061,-1.0264172895413561
0.11518826797916942,0.8551506522230847,-0.36686449651750064,0.303139120784692,1.299985256824248,2.6390482937231066,-0.9644647461705681,-0.8592708827333819,-1.0195024684182379,0.356153905668319,-0.4977366756735066,0.28842969657181594,1.4271179452875902,0.6229999171818791,-0.05269982744889688,-0.8565469415835113,-0.658711138556813,0.14726846068425667,-0.4695094553447858,-0.08138673472832862
-0.595580067867226,-0.2657541945739656,0.9344628033943928,-0.3322441641962921,-1.4563186597378706,-0.6290432521418264,0.01333630506617924,-1.814220644084973,0.09998065357769247,1.4047705788000873,1.3499182354868224,1.0570459884381467,0.41492875259837303,0.26593945446554634,0.39274718790290664,-1.0806202712625081,-0.3424473909390653,0.6498786868803246,0.6478105702674468,-0.8392226556707322
1.528383457276033,0.5924827420227361,0.2729704807808475,-1.2739890109525196,-2.4275657643234525,1.1599818773469903,-0.5226446374459125,2.394484611542911,0.38483788837490446,0.5485849632131934,-0.020453072905823513,-2.550716481574041,-1.7582745433668052,0.08423435774684263,0.5439640799729961,2.2289648404090565,-1.6496454623470116,1.3138290821836682,-0.18090117448199242,-1.3847920242011797
-0.804381961422013,-1.7456080308671256,0.13798538773556296,0.5640148683893611,0.9861819056419595,0.6178411351343086,1.4455653213007351,-1.5644599936506243,0.23051237890320403,1.4017354884849407,2.4786239197853215,0.9460282976932858,-0.6770323299898853,0.053775934833730096,0.3001190050566589,-1.390910519608579,2.046300871992684,0.7873043079915314,0.2980499783826739,-0.23193578240258983
2.0111363470582666,0.6008904677140582,-1.265956925850052,-1.074473314045419,0.06000155252452114,0.33276819985046696,-0.7271370395179851,0.4385895546902984,0.04269950019377335,-1.8231986104285365,-1.7647670337986205,0.5133506176811515,0.03313081745688735,1.0469362838537315,-0.7577562203618788,0.9886471755000649,-0.6602537869680949,1.1304430341493579,1.2060291167020076,-1.0211094374842542
0.8391225951299048,-1.1801873898725974,-0.1881944246656283,-0.791519437153802,-0.29256987584649724,-1.1007599380913786,-0.4503828274227595,-0.11999856251680852,0.18039661093516093,-1.8799998495083574,-0.810090129184357,0.3273506848794329,1.247810658360936,0.214831495305229,0.06129660097269542,0.9855701966254512,0.6768272848419585,0.7773663473800114,-2.2778401986887147,-1.0028122478897998
1.644867737706161,0.7132193987072433,1.2892263437175784,-0.6140292490375637,-0.2657820561577499,-0.05739883926491835,-0.7225957108550259,-0.7356839150531099,0.7736777350581044,0.32610533792411317,-0.7716719666437273,0.27849475834392345,1.0297445246377388,-0.14535726017837775,0.011891762055276762,1.0167028401836191,-0.30450439196402707,0.44929130395407413,0.752602744829129,-1.0381596381658842
-0.5211673961153545,-0.9272167671281524,1.1007890991706775,-0.02994742343542774,1.3669818040409132,-0.11710308365918516,1.8839192961577214,1.5133047151401224,0.3992945474173382,-0.6839478305571303,-0.674549566625998,0.23423815416742125,-1.139949850397845,1.4969080866686166,1.4185081002411333,0.0817450154655876,1.2378663883736714,1.4111434530130427,-0.15235370797775247,-1.4427778789805354
0.8479030324817018,-0.5011469694523097,-0.1427857718320744,-0.2960668750708738,0.17714548022447313,1.2351491953706137,1.082869228495993,-0.5246768560412907,-1.407080451042599,-0.5476551880929349,1.055297938229504,0.7361478231429286,-0.07959988357079409,1.1319849912444373,-0.041068799327779404,0.015620303112758723,0.31701126016022996,0.9021815045762586,-0.7657862689041757,-1.0348861008622845
-0.4343722344998578,-0.12888322659073717,0.5054834848817612,-0.7871953674072995,-0.7079372406304575,-1.4794583461416757,1.1606334092069948,0.9159175767009262,-0.31010157894400897,0.5683674407498388,-1.2347674921381804,-0.15038887312604296,-1.861883537547003,1.1048207730638,0.3852109424333274,0.35050733228629866,-0.1432613230650253,2.384515006910749,-1.095715252077125,-2.27911849876568
-0.8322879931450375,-0.5869008869365285,1.9650625936393529,-1.4555011778830784,-2.1845607403356224,0.2964865874109563,1.0099250540268205,-0.383251141644582,0.9143660551446475,-0.5603296397724657,0.5308620771475582,-1.5032329051565247,-0.32287590817705547,-1.0077080162565868,1.3617884164926723,-0.10484870233154056,0.22838177963154468,0.7189902813061722,0.16573334526740943,-1.7162512676274968
-0.7839051094402825,-0.9625235586816502,-2.2151722949647605,-0.7819522026243857,-0.3505799678803463,0.24673102220973187,-0.8742858004194898,0.8012738088672852,0.7989179242350642,-0.0707711461168631,0.4778455003620679,0.2985575884469475,-0.19296429850081023,1.7244414580126286,-1.2160359709629605,0.6051573565481028,-0.13877618151387952,0.6099661996700064,0.07612294168380616,0.6041253675098691
-1.839786873723684,0.015760677659830736,-0.3278986175535648,0.5686131307205744,0.3262784829226598,-0.7242678378858773,-0.7791900759585114,0.7986057835219633,-1.3370997259113524,-0.691135099948516,0.07126996276535093,-0.46834991725807695,-1.2613612400403933,-1.2622910074513225,0.1810484909616363,-1.4480672079089216,-0.8031152463471857,-1.6537936459269786,1.4250307680120775,1.6394616435635834
-0.16621004925396932,-0.9634485409393142,-0.5500420578362804,-0.2790799654013296,-0.61605810315429,0.9214418258128756,0.6060955443494965,-2.050745756638888,-0.17291115459174058,-0.22356282753208692,1.0147607180351181,0.5486313622860959,0.3558122639482352,-0.030692603002702476,0.5493939840629742,-1.136904143056231,-0.2721292468025428,1.334858989244373,-0.9990742354148895,-1.259325600560228
-1.5414433425046226,-2.3327351444251696,-0.2143206512345212,0.24104492494315563,-1.3537811591912146,-0.6180618656974738,-0.6142877359690928,-0.08206202113372359,-0.2186033100487908,-1.750360960127925,-0.19212350082673024,-1.4196572868016517,-0.814820561693867,-1.521764676198019,0.9406270422505854,-1.5446962266355517,0.22343501188633744,0.6162121880499062,0.3636451242199864,-0.7071661562918751
-0.7528767292124322,-0.5682631974593055,-0.6181147433920148,-0.040686888441656695,-1.5848692520046301,-0.518522704923939,-1.0389116470323467,0.7257894217635704,0.2915572577373197,0.21529058471655987,0.34582850904306833,-0.8916293863147866,-1.2415851867537355,-0.07425253861128832,0.43258876364841486,-0.186413118706595,-2.031543476727509,0.11241381612273993,0.709611185436417,0.22328527693431635
-0.7019971222526945,1.694349437340609,-0.6727959969083877,-1.4094778820782312,-0.632201874617837,-0.5537769948056562,-1.6485200971557452,0.6925575164922164,1.8537755348029354,0.7174548504628679,-1.9711943314017415,0.08839820302120427,0.08423424352974193,0.13189054781405637,-1.7384051768006468,-0.6669310524189535,-0.5172314781514421,-0.35984322897037,1.5678885786976355,0.11478300888902906
0.7836668472178486,0.29948187949049204,-0.635879263242069,2.002906036869636,-0.8871563245809193,-0.7563493543101927,-0.6173160841952449,-1.221064042716257,1.7525968971031494,0.31764670196866307,-1.9937887118371753,-0.9251640395090719,-0.8096444204273066,-0.9655959952901302,0.5414801566418213,0.42402305571585347,-1.4269058034091129,0.7831438931178065,0.1664994351585337,-0.19058624269494787
-0.33915819453474905,0.6664193338953431,-0.14902720214661686,1.2278682256609474,-0.7934135257509656,-0.29609752192652883,0.6686048179603901,-0.4507998259643661,0.836964587353113,0.6183542723912231,-0.17115251368310125,-0.7184287896296203,0.0802279383268205,0.08188688203666311,-0.888217956748647,0.7395411146091692,-0.12722943743810747,0.0400449014380063,0.41157344017963543,0.2208907956595863
0.5070295258126153,-0.6890655922367454,0.7968173341188255,0.8459826218506967,-0.4146788414875402,0.9080416029698039,-0.8338057777276106,0.9825619679394998,0.24327714475782225,0.7039766287101427,0.453451113942251,-1.6345940241200552,1.1576150232186613,-0.4854094688800896,0.6847123659850413,0.038624315501303894,-0.04688823816843087,1.3074476765001444,1.0871830514211815,-1.2457805310169623
-0.32680940028837097,-0.9384164591773656,-1.793888902445475,-0.050501691640877075,-0.8504465253919951,-0.3611293303114512,-1.0802457697629244,0.09462119977512222,0.9009542465496597,0.6375368731952731,-1.0052491622041706,-0.8659550360012361,-0.365298363323036,-0.7270541181953446,0.26932853844959226,-0.052567822844904806,-1.8418960537874094,0.10004857969734945,0.7811147842949979,0.33208385715303507
-0.10876221069685424,0.3828534443209346,1.424977642924607,1.7122336932933127,0.8092400538852116,-1.4392888354284659,1.4195655868627048,-0.6803065217297549,0.9010223464883724,2.259744936682478,2.1531365624407903,0.40162807205608425,0.6418984882923527,-1.437695669019144,1.170738974464767,-0.04489888398916434,0.09611754475772057,-0.9196007977197675,-1.0134965904400066,0.49608362492872715
0.6536142403183527,-0.07254180231749717,-0.9904217371917515,0.37338526819329726,-0.3429250472192823,-0.1270916326107273,0.08235479182831437,-0.598036508084299,1.0019874861743263,-0.08607277677816506,0.5274500818887744,1.518917841167554,1.5943174366253907,1.71008798900834,0.18203162977323095,-0.19016369147121684,-0.43519838817256506,0.6530517341589979,-0.6194514083902912,-0.05133576660322554
0.4000938504727366,0.6377518317885718,0.4211910060574871,0.43764728241379725,0.7131229232038222,-0.6798881081815803,-0.2416349866774236,1.2367582935907255,1.1760114418441487,0.3706236548523389,-0.835194231376061,-0.6113010028952937,0.42842903887274764,-0.7874866192156968,0.5935357827520386,0.4103992385667834,0.17403369481530662,-0.9267869220799863,-0.7822953524626978,0.6027007062144428
0.1785514841701696,0.88512523035017,-0.5934825512509871,1.9061907109435687,-1.0587819932036409,1.3393249260525144,-0.5137298507129888,-0.06116463653299654,-1.3278645230085766,-0.8780333295852452,0.10084592626041057,-1.1343277760217556,0.030733964842884813,1.0216714977596222,-0.27650598200777526,1.1481505891612294,-1.7570240310818699,-1.2677762291576895,-0.9361902525592993,1.7210333107537192
2.0047043391942254,1.9184289366934597,0.049407033897226296,-0.4771911783365981,-1.2075580440779883,0.6856464524074545,-1.8713989894806267,0.0014694005938959219,1.3825913199961246,0.20620216897207444,0.014554940602878104,-1.3384630606941417,0.013672702762932903,-1.1149693761428747,-0.6307077723534303,1.6367131934180565,-1.635315297512875,-0.42049139725349266,1.5162023854638815,0.15140938596778544
0.3257749452560654,-0.07548305126800003,1.1574816302400441,1.953522847004095,1.3826974233011755,0.6912450519572859,0.160135829910742,1.1437084809533038,0.009478369185830926,0.04292492877188287,1.5194703507470042,-0.7737533455120607,-1.4925279332062227,0.6072293447152214,1.0780692070918694,1.061543397792417,0.399716114656411,-1.201598895537667,-1.5830194126537287,1.3438767531529678
-0.3166013137788858,0.9073339362376673,2.735029098288282,2.0169472588338113,1.3736318452439176,0.31808274338411596,1.7077493511290067,1.1858297583892177,0.2776829177380219,0.4034702295714501,0.4189539101097091,-1.5173960209912933,-0.5963652401177046,-0.8507182099801696,0.8806322874673495,0.9981338517798403,1.2657759371583814,-1.0300560997201942,-2.864566195619603,0.25670289080937747
-0.04332185428145927,0.2828927391412583,1.294678187022148,0.12024294252279115,-0.25865221601160376,0.3951175026555384,1.780485654163123,-1.7770194630164702,-1.176549135549501,-1.2605430833544249,0.12961560716501533,-0.18148113121046716,-2.6361710832843506,-1.1210372474710468,0.33014042401512156,-0.8285505592726565,0.5247085584016149,-0.521790457597782,0.8264475642440186,0.19804062485877064
0.6949184082891303,-0.4792016836033559,0.07660589330168446,0.1591706422282374,-0.2168416685314319,-0.6014492498492463,-1.4914883106697159,-0.5265366193694058,0.4558411754614133,-0.11162030593484952,0.8354021474140522,-0.8148498583456214,1.1371902306250565,-1.9278854949753232,0.6203430817111761,1.2900369228909545,-0.6774852959197954,-0.20823060871584098,0.41986296244305826,-0.07300711637891849
-0.9625828728591106,-0.6580490191862863,0.3342816747528293,0.45409734304271165,1.3241548820074356,0.3171525362162803,-0.01623434457971498,1.8568652934906653,-0.6535102052835687,-0.5578856893290695,1.2886474643928576,0.9064989997588176,0.6085257661139791,1.5928851199951597,-0.8197681598920251,-0.34505232234475564,1.995036643513322,-1.0706000939376252,-1.6490060614455173,1.385955202378664
-0.31717048440427675,0.39995115286091976,0.7518457951616168,-0.6231188444932284,-1.1934334027932056,0.5471953878922302,-0.03307191924570583,-0.5507670805825169,-1.4709167111665569,0.20667942985334475,1.3153421026589112,-0.41940260158547726,-0.36795517079432355,0.10897918225230403,0.7183692564843063,0.1499941661251862,-1.3383524521422818,-0.42636426830757485,-0.12161073963673387,0.2535337565729705
0.04461415971252454,0.005149285654385899,-0.21196978022314386,0.14937539152275567,-1.9282675529472928,1.0207681707721301,-1.515947874094208,0.7549996150355701,-0.31872419351926684,-0.49227552953198395,1.6600937922768224,-1.6447799972228134,0.46830983012952426,0.7453492800701138,-0.2388172036115442,1.932900050610515,-1.6346538328962317,-0.624818086093887,-1.136653864509239,0.835335508981612
-0.6782295464687963,-0.650808514988635,-1.6890653286771729,1.264747640572866,0.9115911803595302,0.9926238372534493,0.7860095667581015,0.4294675510099833,-0.062329474522027466,-1.7726933780611258,-0.8205179769282529,-0.5369768481062923,-0.5884963943796034,-0.559473237755349,0.025120025428011162,-1.6841552841447884,0.612074788067796,0.7128636252559056,0.2559641037044097,0.04144066181350851
0.7142990253356563,0.8249851708231994,-0.6025160568082364,0.8223323779545039,-0.4591794487443857,0.6457911815923512,-0.118181697788565,0.5926263248343726,0.494358541340411,-0.4136929029581368,-0.6793112848983216,-1.003215775881612,-0.1437606061574448,-0.7794054148596434,-0.7016612067439735,-0.11912241175909143,-0.47918449089035225,-0.5148561544254215,0.37121059075483875,0.9247559355086646
0.3786459449004341,0.6700276497196558,-0.6521871870142909,-1.1676824478360466,-1.526850245802207,-0.5677953646659599,-0.6977015141174919,0.11894045133843043,0.6526733375673213,-1.2021426387756733,-2.3284141851022104,-0.11605881719322873,-1.1210486736226253,1.0585265062254987,-0.32696760556382015,0.1317407866044559,-0.5500985903350044,0.9844614049028974,0.802025072397532,-0.7947628139906083
-1.3338769572272164,-1.354940427878212,0.20996737435303459,1.866197574760622,2.3783850188821503,-1.8615074611514628,-0.17980020050357917,0.5564345179107615,1.529710395887692,0.8437946677181133,-0.9250788973578967,-0.219531479145042,1.9830643314575946,-1.2258626962165438,1.7416334809598792,-0.18508690578863896,0.002974605667476619,0.06955448918940975,0.7114155215805369,-0.032466130741165805
1.750696119581271,1.2419492544014834,-0.0816638622018163,-0.7848372716694142,-0.3285637875233597,1.5612264639445053,0.6715820914258305,1.5972457118170365,0.3563711753381891,1.7207351121828829,1.3596088788855656,-0.224017078125169,-0.08813325238191055,0.5529807814449319,-1.3039123731911586,1.1661111633476604,-0.3973079900716001,-0.5232337847237799,-0.7256730722056406,0.6369780039223486
-0.7982171311888794,-2.694708435287992,-0.8592333760209945,0.598160887252844,1.0712279468242485,-1.0566708966177312,2.329767735513447,1.8399746926413412,0.8145082778968102,-0.6543357215795663,0.5085573935021022,-0.3559667125696493,0.27475468774335426,-0.05305231135323287,1.423616000700405,-0.6458699381320749,1.714468884631583,1.9541610798766234,-0.8632964953039859,-1.4611383563485056
-1.2248599223731915,-0.6714214104229472,0.25057245448255705,-0.16540203445757218,-0.43057879032939206,-0.5770563073727836,-0.6070245054115072,-0.8961456391730465,-0.018057736732992692,2.0809354278235426,0.07892393574067015,-0.591033563680885,0.47065529537535705,-1.079844428205434,0.7813033067779992,-1.003785073044349,-0.7919075324918795,0.9973678789520004,0.5169488619950166,-1.0120905735845742
0.698226651675851,-0.06980367866742414,-0.32170219041710313,-0.46326021222210273,-0.23329030447777913,-0.2719174813767929,-0.22392599343029604,-0.6651064815243489,-0.05546655335473844,0.3124837849921194,-0.4052735487303145,0.35296782266761956,0.2829178546618385,0.5316640424823251,-0.374502805677281,0.8133077024816575,0.07519617479896387,1.5498984102489775,-1.090788694341619,-1.458802528113742
1.120325284224833,-0.11903543137303174,-1.0369175277116276,-0.25725979505638447,-0.3425252853422716,0.7124728373609613,-0.977645701584219,0.7547327543619416,0.2643228342691717,0.5729496625700484,-0.34775565709160866,-0.5357880689988935,2.330008300596722,1.3451944344316853,-0.4083341449788351,1.5856441036947022,-0.8642006117147654,1.6282687802182176,-1.487831295947451,-1.300249541618949
-1.63233259097787,-1.545933472129353,1.8245084445088169,-1.1681122039658325,0.3547080639825656,-0.03105982311437464,0.945940070224812,-2.5165678083191794,0.29244569836203854,0.27515837151468725,0.5155586952984816,1.3495815236068962,-0.14710189584977063,-0.3123633901708876,1.8132057823716141,-1.482649782144626,0.5141393591430444,0.6295325028816122,-0.8047771264047133,-1.6129307419966574
-0.5773757208574948,-1.1439995958954579,0.2785812712388731,0.18979368996895532,-0.08580450684284144,-0.15600337858824306,-1.0677584051238818,-0.39767413242399285,0.13688484935405762,-1.4173552873083604,-0.17771702174120915,0.29211445020505544,1.0668061997240272,0.3939500796235268,1.3490655781459473,-0.6782406569264244,-0.7607149285945684,0.18730315344104245,1.8844187139568802,-0.47907444105363534
1.9256235335756573,-0.7703159121526898,-1.3493390464288568,-1.5534914269322373,-0.8100038289388841,0.5911114043906691,-0.6428222866451699,1.0880499963036185,-0.2530611013982249,-0.4436632894375254,0.4510621793289866,-0.3889234641412944,0.755629591488684,-0.06922565733088447,-0.07691885463705762,0.9195767895108667,-1.1515200552116271,0.48837260136737254,-0.7419739762657369,-0.3898538801950986
-0.07518569627994996,0.6217649825267199,-0.02340576250574642,0.26960269484899285,1.3095058127385666,0.9396927413267792,0.050042263137375455,1.67906205750584,-0.6282682774379862,-1.266788972057239,-1.544351917895068,-0.21314165859067544,-0.14664699615629603,-0.5137442876102326,-1.3098382019240138,-1.7207071972969699,1.158666296759947,-0.8308049502137881,0.634485598842193,0.7333671891757811
1.1992259813849615,1.423496791681097,0.3995960171811914,-1.2874935079934673,-0.7266501843688862,2.4464145132700947,-0.23661076279445387,0.6795657120393709,0.0410404617366587,-0.14493079418011146,0.20765806968860265,0.04234599805989527,0.4293049528194461,1.1458391792698155,-2.1454695312041046,-0.7012625051443389,0.9814516017122661,0.1968640701068294,0.9416448147599622,-0.14639128265292875
0.960581538962923,0.1632032536058439,-0.937971682263485,-0.8231297626265025,-0.6109401368476862,1.495726278051597,-0.7278497466209597,-0.9360561416212934,0.40650234390358575,-0.1676485164241277,0.7219210190285047,1.4675219917215838,0.04012919242311267,1.6406799394002016,-1.037657532781586,-0.55173689861408,-0.07786949580714811,-0.05970705914758424,0.5059026638460713,0.5896214302276178
0.3189968749389113,0.9502984405231373,0.191021668157317,0.39616181412254436,-0.7896081985284066,0.5191592851037405,-0.8373709363077123,0.23720657086506203,0.092085615281872,-0.01062378375153419,-0.06882839304377611,-0.8573674221997504,-0.38992835950465643,0.676422246476073,0.8494600938138571,1.7859634822653387,-2.2033861287879977,-1.149397891039688,0.7941907708362475,1.2212595836339104
0.6567085836052791,1.0576939158596812,-0.3159056394381905,1.2794031609654055,-0.37102504060237285,1.6904046560856865,-1.014565896897986,0.8066115433255022,-0.11840267522924001,0.7453450739852687,0.11451829285960216,-1.1832357726227856,0.9519606541432633,-0.02008458171905786,0.12981736168335717,-0.19414023167088215,-2.073716244258168,-0.7749794462351929,-0.4564958913992388,0.846581593914312
-0.23836779671207708,1.475088892630443,1.5027631121962266,-1.4256454225184028,0.8728333109462767,1.1071472437893934,0.4353877302447782,-1.110039321253628,1.1399345578998963,0.12691152415967297,-0.5221593300648254,1.3119610647615625,0.14854809550019446,0.9680772085232242,0.5891606519166424,-0.05771859860083179,0.2893765473134811,-2.3518820325400034,0.8459025170451405,1.439989960988545
0.10985135377453852,0.4306427950739276,0.8433940585132548,-0.2515795770094536,2.4621393838313996,1.700546836133999,1.4006125736553736,1.7608346910812145,1.6678594041141621,-0.5713225555164175,-0.6393123397133604,0.015998947053608367,-0.025990034878831753,1.7396724242146233,0.4480153650547275,1.6085169490447542,1.4581358043255708,-1.202165408513932,-0.4922988681166608,0.6451943771911105
-0.603490251502546,-0.48454223714985095,-1.7516170102342112,1.6326332634190155,-0.5007230701821598,1.117548806064739,-1.3981752603997677,1.2971060677730046,-0.39647028495779346,-0.6923536575076785,1.404336842530733,-2.179822650224783,-2.3138987887105076,-0.7543939689336772,-1.0704414514855525,-0.07729622270354594,-0.8626980211748114,-0.63930887057057,0.517590486657367,1.665821956665903
0.3754826710281237,0.1809981836449462,1.201763917849611,-0.6402263682448184,-0.5282159212862859,0.5471959284573303,-0.47913260929725643,-1.1975791561460307,-0.13840168170828673,-1.4966352032688606,-1.71342955618267,-0.7619408770077951,-0.015649039055947698,-1.829276860090571,0.21451555061176814,-1.1175355745884568,-0.35778209395455296,0.15274842229560998,0.7167365213009681,-0.920489503691172
-2.0474628944052404,-0.8886129071640914,0.4280636197819751,0.9067782999543562,1.36772138758619,-1.1517133685872436,1.902209416499533,-1.0849934000889507,-0.9802834902441908,-0.12329062422830878,0.332012170059323,-0.5501885347484102,-0.9826003396982561,-2.286235419320692,0.7367952739812471,-0.8333545156987918,1.8113570697965715,0.1614440282167214,0.3067560588629269,-0.37305523053465306
-0.7669285290263675,1.6445785679189673,1.5026339557926696,1.751546501755914,-0.4565075980626196,-0.6877473250206475,0.5243614766351389,-1.5758953715077997,0.23605784872255112,2.821592791858775,0.9067753067052869,0.9999137288373029,-0.9122543033519734,0.6691263572125471,-0.436007910083168,-0.5827444740327293,0.16756595781515,-0.39540325129686393,-0.7231120095186311,0.4458827964536304
-0.9101420058653702,0.11254241401392662,-1.2514191543234963,-1.572424954489918,-2.1221194141057658,-1.2743870711671137,-0.771627637970326,-0.44801194415044504,0.5599881623243709,-0.2861054047207021,0.5503461580431427,0.16521347929655197,-2.5463156848816526,0.2835214246066803,-0.837167366966772,0.6422932485957648,-1.1579997129674404,-0.45682460943650066,0.6922711568702794,0.7438663131205417
-0.1542949971875084,1.5133584640735505,0.5931826376115222,0.007586815971353308,1.124596039029957,-0.06694177185829392,-1.161011027140605,-1.2294864477845093,-0.44216565165637783,0.3209651325430744,-0.23092700758804338,2.8891038823145396,2.5364767869280316,1.5197104067677751,-1.2222861087332535,-1.2406218864296488,0.8263959421855199,-2.1077374457498834,0.5190378251792097,1.56147439216296
-1.5938546871316939,-0.6698792281638806,0.47640539066642706,-2.32346439664266,-0.004600744867856954,-1.3362618250938687,-0.7055730937560526,-0.8704303985226817,0.5235009207690878,-1.085941726839094,0.1801722367071328,0.9108366972602179,-0.6341126089901377,-0.8672247087023404,-0.3785850937729699,-0.39633395215763095,1.084482314303082,-0.6751589737492486,0.8283882680095338,-0.018597374696470777
1.0178802598652805,1.4137023241391231,1.14766579242173,-1.0602256803196108,0.13032196071864813,0.4153961623500468,0.30484593637853796,0.07388411116859271,1.1975145071143602,0.31861707732128586,-0.5037930199015935,0.028921625401653064,-0.7932308612082649,-0.29683405208897956,-0.6180845212857913,1.7457293626395705,0.552782836667176,-1.9210543291687276,-0.07638224632826852,1.5939385724561523
-0.4082882670632923,0.5735734536752719,1.6591833543716392,-1.1651394190435038,0.06822992168173872,-2.0430087114383135,0.6562195540304723,0.24956946007903646,-0.4715474529223811,-0.7094424212064834,-0.10467915721669405,0.41079241673637357,-0.23711027966375275,-0.48834167806388395,0.9081886646621368,0.23991290173937757,0.8411106172488918,-0.2489010288832813,0.006806252732843322,-0.8225427107385597
-1.733379028175505,-0.9978072086697484,-0.7942502122478108,-0.9319363142559781,0.7540291562383846,-1.0219868171222335,-0.6521682064386455,0.6795465649324399,-0.18791326862965643,-1.046621012386857,0.05076710870476397,-1.0812973653047213,-1.3025298978009954,-1.2002112505218292,0.6958022865821119,1.1906170574885342,0.42107139746772804,-0.9001772610135138,0.09785848653171487,1.0392483165781077
-0.11179587144983065,0.7282337233553277,0.4156961679239428,0.20459032742552458,0.04735830396865609,-1.2699426657433972,1.0216262537785474,-0.23327901943456855,1.770791002266019,0.6014931042214645,-2.170494144900395,0.5349603278223968,-0.38669285489834504,-0.703286741930397,-1.2768446380942753,-1.3668703257846573,1.6504401930416965,0.10289794484347585,1.7350099979145115,-0.32178886252859396
-1.6263725682454426,-0.6036306117572083,-0.7043204879474481,-0.4943891461501583,-1.4412255048378737,1.1120778379281573,-0.3487627567067046,-0.9644346573155078,-2.428017549091259,-0.12247909537931763,1.4742103103161086,-1.873693985282274,-1.5965434067066897,-1.8823416109577613,-0.14107799335128834,-1.4274013747869414,-0.6229590862725453,0.7085960555030544,1.1110233883339706,-0.5606418129688383
-0.1741955915704785,-1.2918275315322472,-1.4757581443100587,-0.6073612235298237,-0.31215714097038266,-0.6718767837973244,-0.17965088629296497,-0.04881345739337338,-0.3753078506799295,0.11406850606484119,0.1012380314701996,0.7262250876959839,0.3516961098368185,0.10163902913613967,-0.2945206707479898,-0.5354547605878524,0.1653893891792464,1.7548668598612216,0.04059536916832,-1.0968276367314203
-1.0083872128316569,-1.3951748904925154,0.44047711221554864,1.6878156055436722,0.31159539481417764,-0.08215476753051007,0.7188113243283205,0.06260481485059285,-0.4283055419327106,-1.8053226491905137,0.5198689329020934,0.10933720098014701,-0.22317003596072313,1.538663661943068,2.4478997347260276,0.4643402305709803,-0.9152549307038512,-0.18637138662294608,-0.5950686998030335,0.22510596579817524
-0.24668033595498215,-0.4253157970070153,-1.0742082530553914,0.060442670622423894,-0.9352208076209924,-0.643684796963034,-0.6124128522561464,-0.9326315428693138,-1.1357981475646206,0.17553867127622474,-0.46865024564165797,1.4219173962094596,-0.9755619507316731,2.222867708054515,-0.002690729747136495,-0.8762131875999487,-0.5205314622865393,1.5052594986227759,0.5505498405146485,-0.8902336879282782
0.618011171557888,-0.10830442476797511,0.3812612629375606,-0.33610740884336915,0.2685397950252317,1.2859528788958126,-0.32975678721554863,-0.5873849453505563,1.1877130645297285,-1.709346423973179,0.3362304066128986,0.7134433543622292,0.3665974671177064,1.3567762575826081,0.526713791641857,0.6092925246807245,0.0865866470102201,-0.07457463529572234,0.6240164182097081,0.05005856724352263
-1.0956700123064995,-1.7630582969659803,1.9923861295104286,0.10309162286742919,0.7066122506969454,-0.019254595525806988,1.6242619803750609,-0.3040698458567522,0.9482915835046353,0.3701704733260979,1.1418864240616067,-0.8605197884551048,-0.12732632239015798,-1.1673508352492838,3.0204570202482293,-0.016834066734519072,0.17774258471009552,1.0687736755009556,-0.015398601875827252,-1.9754582830010712
-1.8536944781272717,-1.9299671713955362,-0.5514506764044457,-0.7305389226218759,0.46271427680661853,-0.46956426455164074,-0.7865342353308055,0.24999208800801012,0.9664251693246224,-0.6621033383077665,0.42388110801289497,-0.924374304489737,-0.7889138365840868,-1.1685763950230188,0.071490720999137,-0.6725010898513397,0.6389878957806132,0.04552658123964145,0.5876483591625176,0.07236528873079043
1.2430330945920651,0.9656651978881438,-0.4376289203951577,-1.1739981862136515,0.0684871912161813,1.2983685645077416,-2.656275018984985,-0.5568030390643252,1.3817062466282843,0.3956931962922614,0.2007449858624812,0.2952289327366719,2.211813078350214,-0.5118974622141143,-1.3022039171449395,0.2630676836033345,-0.7252379300702961,-1.3124946613425361,0.9199977137618233,1.1753996257654786
0.9549368198660265,0.59559793439043,0.31660579317309334,1.559870059235688,0.5632499518103596,0.44012050210443615,-0.7237157092356491,0.08644097764286779,1.9083029710781012,0.3876379776974214,0.20863408095228092,-0.57198639327422,1.5769011607257615,-0.290431995034492,0.859588039254023,1.0691517793541188,-1.446178540855735,0.1571300765984285,1.9842609763990025,-0.19877885808625206
-0.0896558999401654,-0.5167428655462888,-0.660575339316402,-0.7463449257223833,-0.3828929570310031,1.2633852537343404,0.8604959395360867,0.33851438074749285,0.1338445285736771,-2.4932848229419626,0.06532030328612536,-0.8732555597656921,-0.27504907039132787,0.22764004464985882,-0.08020446536920817,0.25878360390859506,0.5850221811811623,-0.13453398270517505,0.563953018790612,0.37342237301227477
-1.3028585071045193,-0.945165523591615,1.4709357182843414,-1.3274017043073225,-2.0730056710459173,-1.1615391488249314,0.6168416719027279,-0.39360551347936046,-0.44385347609908044,-1.1988519217667912,0.8065194892084484,-0.1857886471114486,-1.554162417098859,-0.4407082168769494,1.9455525581314561,-1.1729263877331262,0.04945698414326477,0.954863827719877,0.5779849501904035,-1.4436467237718293
-0.14797827735529256,-0.06460842562512505,-0.1937947097846553,1.645439146796529,0.4315544051459441,0.857084948919614,-0.9402730850875479,0.8025651098806159,-1.1795995516624012,-0.6863670213382281,-0.1613248621256977,0.5812603468313894,0.8358552728815143,1.7482595718430238,-0.8554528840818768,-0.6130440037352448,0.7504089483526407,-1.1518030601751645,0.787192355115598,1.5001501987406385
0.6875851240833868,0.20234988527157355,-1.5313918738604295,-1.4028737277567078,-1.9581933165438912,1.6636718106727084,-1.48679918349922,-0.3161008225341339,-0.012799381274473672,-1.2091783908335194,-0.7049380160901121,-0.35456307882331556,0.7352517358297721,0.21141619121701882,-1.9385838530115227,-1.4196651181713755,-1.4143610032885379,1.365197122374663,0.1933424169424422,-0.9810153910789194
-0.03202769656170951,-0.8749623675764707,-0.5390527179796819,-0.03021476939809773,1.3193643093633909,-1.1170471874972843,1.5045328111309948,-1.276557407464934,-1.93214963350458,0.5191141467000526,1.0404189176342478,2.5993487900999512,0.8475898509099467,0.1283811343536832,-0.5083354396832087,-1.090881920606916,1.7860161157486916,0.26328729144176094,-1.3556042873806493,-0.1459508037950525
-0.7715171549851415,-1.704624448116752,0.8665717909726692,1.4261820893004058,-0.4111112288127818,-0.6125751577887211,1.0304743801427194,-1.2517496363562484,-1.077012498599245,-0.822895745235711,1.5563227902820571,0.3781163290416049,0.41754651981603175,0.3676823048108502,1.2210276082076643,-1.3260083528442361,0.41935811805733547,1.9736140113712084,1.0044901522174687,-2.1212473615887335
0.02064493885668831,-0.4905691938166621,-1.1578059090857766,0.14943759054602776,0.1822745483470461,-0.33058418027107284,-1.8260204592319773,1.661921334097294,-0.0809735505344911,0.2490977436670389,1.0038931980766634,-0.9133827090617298,-0.7192141602569586,-0.5607679019543547,-0.03660372043422553,0.20203251664216168,-0.5814192966256336,0.3463293288944997,-1.070664242076768,0.22512882957990177
0.5171925236888082,0.41922721782780475,0.2140149968249224,2.1380060896462574,1.3832687896616571,0.20450621832591967,0.7433004324924877,-0.41608007216860265,1.5725856298463499,0.035431687557926334,-0.9571622041668186,0.4611157700900438,-0.25494369488088003,0.583399431520541,0.13056148386087757,-0.06693241417890751,0.9902576214294624,0.18384087882338543,-0.2331658316094821,-0.1399565231129285
-1.3496489369245688,0.3956481228235429,2.008973237065819,-1.143996227412871,1.381722409220046,-0.45964544167409593,1.9230442055404742,-1.2979420745179528,0.05764602510115718,-2.077233157669473,-1.3695890835667994,0.6581721155665039,-0.34340928726486447,-0.7751191580354654,0.8118960644910923,-0.32087934933585505,2.331181615380152,-1.402080570716753,-0.982042681973501,0.3352467518608755
1.5952033498964118,0.7888621581147846,-0.421716838635782,0.6000289794282775,-0.544738022021959,0.23543130220954692,0.5203228891350108,-0.5427605079227675,0.3059858201834095,0.4651990454409197,-0.11137995115110601,-0.3007995199995337,-0.2564900997946668,-0.3860565420610041,-0.2385309599577402,0.807074476001609,-0.3322847603006109,0.04117037134850746,1.0100886168512009,0.04292302210090044
0.03797152210628412,-1.1260549409458833,0.4306969962912386,0.3657063769310424,-2.56043143233952,0.39109055559827677,1.2471061728402193,-0.6545084752987498,-0.642212829956602,-1.7059068163949989,0.5582557647582572,-1.907471237742689,-1.640649433634591,-1.4825007098824894,2.2099344850734917,-0.4836843327864805,-1.7693437210446916,0.765621886846137,-0.5161043382853634,-1.2969952167416492
-0.7704304260196342,1.1090734009784937,-0.5370085533533923,0.4038099660075921,0.5291394230512927,-0.3818187985804954,-1.3749051948902469,0.7961362238048483,0.6205681781719797,0.7670216169797525,0.08772501505643003,0.2614347056674322,1.4480786063151994,0.08393196058628909,-1.2184057601115739,0.23108476429758087,0.27684997950872053,-2.565158885001618,0.07402615984241921,2.5630952283827266
-0.7603608621936858,0.9394469653010475,-1.0728684243979512,-0.8232525390820141,-0.012988034097320914,0.6984310756715507,-2.7240428044583074,0.3772186957804759,-0.34156250307952385,0.3586950066395375,-0.5502150954045784,-0.6061548188262185,-0.787807095002498,0.30044402340524207,-1.8065778983570813,0.39716808399871645,-0.37632928899414536,-0.7048100555460337,0.2786847514490915,1.1754459189901136
0.34164981613739476,-1.160465988449716,-1.472558216221213,0.458931741691107,0.2851528612779108,1.2179746101022026,-1.6901181906325247,-0.2089106239950287,0.3099534169152466,-1.0986300670844638,0.7887559886385963,0.06283513755150703,1.4561620946956753,1.207585877074164,0.3031169584390212,1.2833481134740052,-1.4581871223926262,-0.5450545499169652,0.7698208019433244,0.89474414436302
-0.5990610714904526,-1.111919212482259,-1.577693439779913,-0.9736316922362261,0.4804064596174778,1.274600265218454,0.3034950060201862,0.7552043934900298,-0.1302054730085357,-0.790800611132369,-0.0875856755837163,-0.8085003406437398,0.4490185184604263,-0.007645151271453816,0.24655659676469585,0.34293693475115,0.5480639932482356,0.5344365135742299,-0.20368242440498485,-0.253720674770389
-1.2760674669153502,-1.5561301856610108,-1.814555689733119,1.2141411886055007,1.4702659737830641,-0.30452056160659063,-0.09971865714230206,1.7224891615709106,-3.1588996508833476,-0.7623914541928791,0.35322487128847363,0.718678049282375,0.19141148985536066,1.4757111859968732,-0.5961108591149944,-0.9490504995535609,1.1263046536957357,0.6310315387617937,-2.138760165960363,0.1355746378540032
0.20017311269402235,0.8356314418112617,0.80839484354847,1.5470409709138666,1.0101373544178667,-1.0995238396705422,0.01398358543849826,-0.0535914363773348,1.6471670997794665,0.8683293579673192,-0.3109712285054067,-0.8025832232634529,-0.1515714160027689,-1.9958765349458716,-0.1720287998928773,-0.0802070218953276,0.41630650312694806,-0.15367777348927528,1.5482434255055415,0.017752854634567553
0.8468073979617255,0.21822714061476242,-1.0781175817748463,-0.16362854525619994,-1.151185686340766,0.11938374107950708,-0.3138049745690877,0.08063106348972855,0.032492453811394546,-1.4163481358155732,-0.31235093416655424,-0.335184214423956,-1.3371399878264485,0.1434861718675697,0.029416057346900802,1.220653811432816,-1.4162678619497155,-1.5985758229959017,-1.2409677102260723,1.6765205298488566
-0.8796375674275022,-0.8507459216428893,1.995019500487619,0.18161002594393624,-0.15594973253864705,-0.629770555458816,1.2463893711443441,-0.9488127477627392,-0.6517637584262886,-2.3542326825412427,0.8697538825767887,0.719551056100934,-1.4900108404916579,1.4682483831835091,2.006111360395023,0.35599114636886603,0.695545782101553,0.4397566428840123,-1.044504287895558,-0.9765854055638339
-1.3731326922868485,0.8643635727781823,1.3817907696348184,-0.38362021502253196,0.491135194074316,-1.8975785799661853,0.9281291740978321,-0.5464992662894383,-0.5538692685275665,0.36961653003360156,0.08584511922880848,1.1152165644393088,-0.2254838505492708,-1.4070271213132814,-0.7479936439150995,-1.4085519642232567,1.051679546517858,-1.2523549471589044,0.5837344587089772,0.5947162626384384
-0.3020099342094429,-0.44082710892278687,-0.41950435194923863,1.1048175271887817,0.24878280643553732,-0.10206659863206571,1.1112680682433382,-1.9492150462846694,0.3716798106471426,-0.2715001299791188,1.5153226748174968,1.7029328181838648,-0.035069664289719915,1.1111011004805882,0.10772136846034955,-0.5273494687092078,-0.12361127934985529,-0.0791444534405643,-0.8610015529481105,0.6908768416396713
-0.3259925794384888,0.27469224807034803,1.6299878673051673,1.0121998280738176,0.870629730120868,-0.30470505876421344,-0.24555991349760437,0.805172148874399,-0.31996789815178794,2.1396757547229,0.4051716046722965,-0.38030157327465564,0.09620080475662823,-0.16365216133933702,0.6194380180917171,0.32891459117849214,0.06414116514174713,0.5207003677150424,0.1681406645079747,-0.5841404370934715
0.6842663955441265,-0.16531778665754518,-0.15479454655328173,-0.542101386024962,-0.18996107392243183,-0.9615345832691935,0.5956270306333065,-0.28063017755502306,0.6954788634694277,-0.8583298239375143,-0.04545283782297206,0.05017615113057788,0.4840458227733403,-1.7122001095889952,-0.1945634794292699,-0.04892432077073932,1.032844456270425,-0.8286051671733744,-0.5964543037809097,0.47898456070170814
1.1253379263115835,-0.1459693103308785,1.5221739827454244,0.7862264794220013,1.0827321621013901,1.9831835164949687,2.5076170391508477,-1.7141480334814554,-0.8468149885934085,-1.1238554800691347,0.8222169256162497,0.9169136630936328,-0.6117076073892911,0.20260580584381405,0.9975546695573602,-0.8860450474698974,0.9719594205850867,0.8064843053850786,-0.7052977857095571,-1.308442944338775
-0.850538429665052,-0.6204946724915228,1.5020757516164054,-0.5812775048770901,-0.1388487021111292,-1.3705353002116005,0.8817873135686344,0.20004733029930413,-0.8125074572606049,0.308092931409928,-1.2733501539941208,0.007950258591023994,0.3915556825052096,-1.4543664192217378,1.2639881966680993,-1.653999278014651,0.713230563211919,0.3596214781946037,0.9132170517867004,-1.3748341089395022
0.893016208446192,-0.18223956536219152,0.2715038341077959,0.17307429723729592,-0.18255050888983945,-0.7586123651356219,-0.31826680700895,-0.9555498086195394,-0.014798732932603205,-0.6221458065473069,-0.7914465511404981,1.5084445801270554,0.015063060995493054,1.2481661828600723,0.9451469984489052,1.2306415839510683,-0.9010443558590175,-0.081835990547883,-0.3590875777173249,0.05146609988054154
0.552943498238967,0.26413996122337796,0.6370262233856381,-1.263660576921029,-0.569668889786224,2.0700951609558045,-0.6670260326545375,-0.3621900526773652,-0.02492750637641944,-0.8088860645844076,0.6720149765595173,-0.44112258173021524,0.6294852732507178,0.19484223580713025,0.051293103340730346,0.6818921833128523,-0.14944092572025058,-1.018933107102864,-0.21027502737714074,0.5486003326214053
-0.061067540063768445,-0.24276388702344381,0.26630947758822354,-0.12441799537644405,0.4908783078626904,0.7392962202009189,-0.08052098173351216,1.1676961353780926,-0.668906248405407,0.08277461856070926,0.18015776028837463,-0.10589262096461953,-0.0922155268191537,-0.647280938645117,-0.35039029191651033,-1.8378066048605923,0.11911071694659724,0.0948360964330979,0.47408446650947383,-0.4399099864691761
1.443469704681179,0.6328447575770734,-1.9385712590390718,-0.6861685324295248,-0.09174150474582562,-0.1900088924108026,-0.5910576709646508,0.9976285122127065,1.0121461219694006,0.3508706241230705,-0.6713690261860096,0.6227344995965106,1.4155672143334523,0.8301234295803482,-1.8486592190734392,1.0389888466320452,0.029712598912121677,-0.4888693313031159,-0.40024407612898194,0.9638696760301495
-0.056284281122201976,-0.6077625642237058,0.3153606220808105,-0.08882016645821414,-0.2305586380974734,0.11369928125106639,1.567355977756868,-0.8087116391274769,0.620719596680858,0.6372385638793185,0.5443536604441818,0.2186386830778494,-1.8895400573417682,0.8793350365506201,1.1392560145389994,0.859656558368445,0.003991229516793765,1.7516857652625346,-1.5326802950765996,-1.5906851982636874
1.3341788899052527,-0.05701499759133949,0.37300906507634674,0.2720219995905996,0.4311245355855217,0.33157106627407773,0.7106429303496004,-0.15531700100683618,-0.38802348338938203,0.19643521734998867,0.7866953161999044,0.8829063117137328,2.094760113026928,1.0262230144601494,0.9218960462214001,0.7458476351929607,-0.297492063177456,-0.19609645022162,-0.4535938941310502,0.27430183534409724
-0.9967351801719796,-0.5630322242195932,-0.33246445815717235,1.4042644341382837,0.952718840551433,0.1782411256677397,0.15150231771138808,1.3122853923403168,0.8009069644820103,0.6021663999840305,2.099460981408229,-1.5050075902391575,-0.5898066322024755,-1.3214407854429702,0.7499656815671084,0.4529427109220285,-0.3424495246197706,-0.5110255352161615,0.01991108504345558,0.8868250550169069
-0.08055345773563104,0.26617949361664633,-0.380946134841364,0.22646706494721222,1.2682164858987368,0.23699496556942462,-0.6956114489777678,0.5611342927546921,-0.7903274172469298,1.3128433452198658,-0.21567999426082896,0.4652871378562482,0.3172246323767918,0.33814806671001585,-0.6578704274936,-0.4083837032231825,0.11081819165422542,-0.5051992400463085,0.1279080452932564,0.7928323229817463
0.7308523693124258,1.1787944725124102,0.29642601115813355,-0.9778212695964612,2.811928814847156,-0.658617849859197,1.2426948765936305,0.23910506808568735,0.8364354736491822,1.2255065381719847,-1.6828074337908998,2.1262364341320295,1.6646852757574526,-0.7233170503390958,-1.9435169074491636,-1.1540500110438723,2.9811401559690753,-1.1332904658461973,0.4111400011109432,0.6296477241752624
0.3616091992672792,-0.21994313920430197,0.3363004480214143,0.2080289307675808,0.16670585678409888,0.5240653586694902,-0.5408970955448901,-0.14724913352812424,0.7112654211189156,0.5657540000996237,0.3066269077717258,-0.9138182422693073,1.8246399871506558,-0.7603735506115228,0.22639505693924636,1.492296750429229,-0.39250984723748145,-1.141413761561509,-1.9324947242765553,0.8985284815836353
-0.4266727230583237,-1.202076553342709,0.2575355586638279,0.47301535098667374,-1.24332356253507,-0.1077744718206053,0.9542512976621876,-0.4129678968864102,-0.13253317883575724,0.6355000731896716,1.6410385716798914,-0.9146966900686841,-1.4491853126961742,-0.5277278474243472,1.1046589871746382,-0.06902654781412353,-0.15280995964805286,1.788441667792509,-0.35503441133365005,-1.3841365973832132
