X1,X2,X3,X4,X5,X6,X7,X8,X9,X10,X11,X12,X13,X14,X15,X16,X17,X18,X19,X20
2.3087052101710035,-0.7252936190275737,1.4710992325560743,-0.5807381941705785,1.1687888384360974,-0.554529306795228,-1.4527689376915265,1.8599023873553426,2.205994397888497,1.3344269995582234,1.685729785121712,0.026434301274044666,-0.6049623625843309,0.8267346450466397,0.9928988857718541,-1.348709220062531,-0.06663836628883024,2.4988925242461,0.6954626590346755,0.8788114223726659
-0.6021032717883932,1.5711972328268289,-0.19086064102205427,0.39948478523954256,-0.4306530459112833,-0.30321610283761163,-0.8045126942987268,-0.6125108958609492,0.6245275772446992,-1.3821061796859422,-0.9052091621540485,-1.4256169567001697,-1.3510035920195054,-1.100388640418222,2.1797947924811685,0.09993126004314348,1.3763041658645163,0.9681959466642128,-1.3319346236211977,0.6799803944909538
-1.107521424219866,0.24620646087862202,-0.08473418244161955,0.07836696329660768,0.47848143444181174,-1.0097624752787273,0.28442985531806664,1.9154676053877093,0.9620290797792762,0.783002803944049,-0.2587084995689269,0.5884504013541395,-1.0691775270145818,-0.6831185508521165,-0.23990300405462237,-0.49925042307156897,0.6532246378545893,1.4345620555051364,-0.20739684910788087,1.55110492035147
1.3449644303925679,0.5898872453720347,-0.4782191726029196,2.128164055092191,-1.0724227556823454,-1.3529597945465164,0.45002614712628397,-1.3436501853891027,-0.9091809103446755,-0.7820652262760736,-0.6189224697725263,-0.9898606762097885,-0.5505496422154792,0.8357845942611236,0.5771250186244654,-0.4856233546388492,-0.36663515834137284,0.49424552830971513,-0.33234458640486797,1.1319328265936086
0.7502359067270908,3.022977238320374,-0.06420447009992783,0.34086038628442195,0.46867175819013257,-0.6345814538365585,-1.0077471887522773,0.1550189183909608,0.6132443884078319,1.2507077643655498,-0.46461299074265483,-0.8629383856749498,1.5574869262733777,-0.1370424641165628,-0.2379400058911309,-0.32295478012410767,-0.26637211042563347,-0.7547605534289605,-0.4350137226634191,0.07449875950078527
0.4699147839944806,1.4367591141034257,0.040741144333071494,-0.23005577249618311,-1.320992411680529,0.6650074072751082,2.4666262206825627,1.500511235988859,-1.2879700296612577,-1.0983754043927985,0.1830308213416126,2.330459363498544,1.12682425445886,-0.026214274269990602,-0.4040520621233351,0.8962302555361572,0.049727125910622116,-0.981638070177301,-1.1516809126144312,-0.48460498281562636
-0.9789560107648797,-0.2604481320772903,-2.0871772566273017,-0.1858419523100044,-0.2198627977660625,-0.25737415055550406,-0.5217869806288308,0.03214111239046664,1.4596435989770773,-0.5332725629474079,0.7850711500540036,-1.1316168532024897,-1.9487805419051698,1.7904698694923762,0.48274239189785184,0.06344511909408289,1.0586788794280622,-0.40506942388099104,0.13298249570906825,1.1977938332863307
0.7527466244181714,0.7960269078720047,1.7696039589200896,1.0919231213690617,-1.07430678587192,0.6157771233198504,-0.24970169633831504,0.35475914254376045,0.03803718863507638,0.27084371216017555,-1.1139894974002102,0.6996393460276595,0.6640758073414142,0.6125839908354174,-0.3159449363127152,-1.7375527754711189,-1.0789070615733374,-1.4464071183183551,0.44336214017076564,0.762925742558175
-0.2975686326121425,0.41458670681407783,0.28384557718599035,0.24032749447456073,-0.5244538131026718,-0.12073171476672247,0.21023097056212142,0.392101896738731,0.7072665560972131,-1.2963561862953379,0.05439108893790538,0.9976856571934395,0.3266134094733597,-0.39013902707477105,0.539244091377751,-0.7014129208300286,-0.1379020654948471,1.836962428743728,0.22751910000494877,0.851947689593081
-0.9253022466659455,-0.056203255978858495,-0.09560536211033037,0.4917023867732183,0.8308595680450898,-1.4062423629167846,1.1263828072557376,-0.10868660846125562,-0.5801326520271043,1.0168286115752827,0.8471335328675232,-0.27043737094920506,-0.5674175578541004,-0.8371655349981233,0.3046101470528392,-0.10137805089782075,-0.15530788027491557,0.6496858959922587,-0.1615462949169716,0.20028356907342265
1.2499915522430554,-0.43487318045453366,-1.2275991542656135,-0.6560248675843905,1.0347222713266506,-0.15122906098046404,0.7692725158740984,-0.7940242364080083,-0.032064317425165446,0.4357524632210973,0.1566410086992601,0.858372565822121,0.20464308847695636,0.07233056242557506,0.01925133585166835,1.1788084640273804,1.2933769559999704,-0.3376503412070129,-0.18430793041299523,-0.9635617785300751
-0.4112499203976409,-0.5296866352417957,-1.156397217982696,-0.15099308346122206,-0.027635075742491046,-0.31412546049996315,-0.9583023504635145,-0.7198091884728797,0.9472950661928369,-0.30111303703144154,-0.9167757406935204,-0.7610985287350496,0.6200907046377065,0.19240285929892584,1.0954489644307113,0.5298488149237699,1.411468630566361,1.0277815400664558,0.2501603690423642,0.2655098765556347
0.11118321104072848,-1.5336720513815558,1.0592536170907276,0.5630498837989876,1.3556934235197757,0.08058288005961432,2.4576383772391055,-0.6395631519727963,1.0484465138542791,2.330996226232253,0.1383516443473217,0.41865439795873816,0.38344076954860723,-1.1817946625213027,-1.2355670238355076,-0.5252418914507381,-0.7312592252663742,0.5915878456479859,1.1698222892137178,-0.6071281162414381
-0.1814684020915242,1.3980601087535172,-0.25766414062519594,1.4804764777190103,-0.4486183971480958,-0.6222105671339363,-0.658892962011281,0.07684223617388435,-0.46542045202740984,-0.5058019881344327,-1.2444744649506427,-1.9009928960589244,0.01282348056884099,-1.5312106364493325,0.6470453787512661,-0.24683046230212088,-0.7859114108678701,1.4609418991807737,-0.21940420104172614,1.7261758895422072
0.07854694523948635,-0.8073146103160506,0.05470080042031218,-2.1316719912253594,0.7838523451587045,0.5158912252150257,0.02023296752113296,-0.17206731942942194,0.46285764323468204,0.49173785428140315,0.5284916191043761,1.0374532008061366,1.3695945047052884,0.25115781559370065,-0.7630716502088102,-0.2845505605032457,0.18022100217552445,-0.29447792383722704,0.45620213537433485,-0.9266553109558595
0.3303925040626539,0.18742386139401906,-0.6119130274560046,-0.9438255434318639,1.2191134280380558,0.22197851450120573,1.6571726942832379,0.09225437659652884,-0.31756488156145196,-0.3076382941316534,0.5050484202650156,-1.3950412675302966,-1.1749720231681502,-0.2771548532137057,0.39316585191981057,1.4165751664351522,-1.2594591082523325,0.11936810025879803,-0.2595763727616223,-0.8821111331946365
-1.430553925281264,0.2213713220029289,0.9372445445815637,-0.04717027615307781,0.07254360455643899,1.0546710413227114,-0.0492744955187626,-0.14046487575747962,-0.13101253615929023,-0.22626774916655007,1.0722414734513208,0.7068963332545232,1.7495609087337833,0.6793070041310406,-1.2069456129296783,-0.11867851011471955,-1.405382503664792,-1.9344130943133244,0.548263668981346,-1.109789956711962
1.9902566027948443,0.4897379825002254,-1.030430405109886,1.9559554723752657,-1.5613306254305306,-0.5632699102820802,0.5472226830987893,1.2812736965316303,1.4203132491338513,-1.0691924086953324,0.29117983873017017,-1.8344774393440413,-0.35778749317770375,0.7230042052524717,1.0263573211493258,-0.14118831100733492,1.1623253923625485,0.5672185162128848,-1.069441264254862,2.2449171554019625
0.7888233238934157,-0.2537734588570969,0.4997616497073574,-0.11523893055728446,0.13858755641397447,0.5123699817777723,2.7302994662322204,-0.27283757658304525,-1.0480476001490937,0.6930289059690313,-0.1339271442492508,0.5436729069487718,0.3055272115915241,1.4117447715062732,-0.2678469608441163,-0.17065179850262294,-0.11623820259734173,-0.8465526352318717,-0.18397650916160105,-0.8579243559185351
-0.6263849261168652,0.24966670049583423,0.8010648309320694,-0.38871218439135463,0.13233321406311926,1.1614377536155316,-0.3490265945102192,0.27088930768260683,-1.1557290371276663,-0.4122202978176798,0.7932968830485859,0.2512509457008459,1.9464959467484955,1.6036592162309249,-1.3766187141384942,-0.23752007891008825,0.06410495658338304,-0.6453196885253295,0.3756002700929854,-0.8956884356527064
-0.40389778476317434,-0.21057707334321293,-0.07481403829380258,-1.382496238371827,0.2515030876760675,-0.24212415532842888,0.2852090428698343,-0.37341623670117,-0.6053049585079284,0.5303723503299401,1.247201405608347,1.5746827956886378,0.5257633707390486,-0.3368239217105732,-0.4562748625935901,0.8732815027527461,-0.1121956353748551,-1.3350284130806511,-0.4958910766682214,-1.7578551010028598
-0.531704253677906,3.050014858064753,1.958476770896633,0.6450695594325361,-2.256421305020814,0.11964269014391027,-1.299777105153461,2.270283055991194,1.7456977572329806,-0.7585084902569483,-0.43781407564039354,1.7391790583100113,-0.8378459718752772,-0.5135264417630728,0.8523967118361465,-2.1619577262963072,2.1098151014125666,1.8738325610694904,-0.40247153482449527,2.0727385279094674
-0.6465525233270257,0.17336761939283077,0.33226895276031154,-1.0659359061273905,-0.6356463798603703,0.9902072693475641,-0.24109462074457544,-0.8890638019083285,0.9070524067069597,0.36795254988245246,-1.1073961631832585,-1.2542112609383087,0.38424396471370226,0.713878703463595,0.9903228925239224,-0.7292019108090395,0.5026551835836943,-0.04011040629748366,0.7700781259917644,-0.5407184650814523
-0.26533420466427216,1.287683239206588,1.1999570353540017,-1.0958015465148183,-0.4491213285061058,0.28658307853079396,-0.9962093980776331,0.6635668057372132,0.8393398231078187,-0.548453535710431,0.7827200342506013,0.39654385760268573,-0.8146277442466758,-0.5758413883480156,-0.7310814042771928,-0.40324335137143874,0.22055076215148697,0.8427747178713823,-0.43233920522900227,-0.3867199975268953
-0.45953820859366096,0.3198718080819489,-1.253506128048846,1.62927667509405,1.2294999648889249,-3.15997876079725,-1.05143897249275,0.02378289071811309,-0.6459758317608071,1.4023935375320642,-0.8661155447685533,0.2831967411876687,-1.3946230687708705,0.07830555968652543,0.3723298128707195,1.3766923591110087,0.2527095289704979,1.7567734214125557,-1.0176154387437508,1.0329578451031514
0.08681371642907017,0.8981489305838135,-0.9102521537593645,-0.5417900280170028,-1.5247924801741217,-0.2079032975026962,-1.0273015852166156,0.34218316431278445,0.5580446184241805,-0.3361119818040573,-0.4654592511800425,-1.0098183728490935,0.9603964762977856,-2.0523013810674025,-0.2816559482781858,-0.6179687535201432,-1.2897164543653103,-0.31928798036400885,0.8102464582329275,1.3332070255738873
1.2451736822144885,-1.4960963837759773,-0.35027835224074333,2.0814647821301917,0.4549860010769761,-2.7979578764675734,-0.32390123620031147,-0.5331832362918678,-0.6616665531965811,-0.1653393108484746,-1.014199299911632,-0.17966021644006036,-0.7282373676741835,-0.028189680970968984,0.4638938632237388,0.20680943381572617,0.3333518268485825,1.682946088191984,-1.9433129683613062,1.0655839910740166
0.8263833278183507,-0.07733874819545362,1.7666141418538366,-0.38093743990436013,-0.5031473478542682,0.3630773172085949,-0.025193832673858177,0.7184681032241245,-1.6487447435109748,-1.1314731770810083,1.1645815361125373,-0.7504179804177357,0.3760176813462351,0.015603836129825941,-0.20771824045035514,0.51863162812293,0.9775131964548956,0.6653594000727562,-2.627597421844738,-1.3993401614982839
0.9283032682294761,0.07013270577998826,0.09336715044298063,-0.9543292735648363,-0.4068529747148994,2.9139957445895277,2.1892081234182763,-1.9034989361332562,-0.882381765567144,-2.135485995963321,-0.3310280830559653,0.6329874647859596,-1.0138545706896993,1.9198014165624666,0.402101509189688,0.4339738208066688,0.6694782321664099,-1.9821290232009137,0.27409526324317124,-1.8836130277205168
-1.2966503418235082,1.1124550564368136,-1.1914891945240218,1.236359116984847,0.5894762783850982,0.4139399144687871,-0.41332249741382593,-0.02045461479768137,-0.14774311836705914,-2.1788166203039494,1.0445630444437517,0.5963634147816551,0.2428472023464807,-0.07829047643062864,-0.6668511207179528,2.0130092140073237,0.04929378268896396,0.6181845049424808,0.04412421161253641,-0.43765307004616827
-0.290893057691679,0.3954663691065012,-0.337595509231925,-0.9016654624153844,0.14968255576340578,1.3234827310364567,0.7820085588369567,-0.8335095701266478,0.19147287284043316,1.5513061128120014,-1.25498171638422,-0.005744551675687973,0.48790783305002855,-0.09046768998066082,-0.16916840250205306,-0.609908191321051,-1.5859233936946806,-0.7585400434457455,2.6913937302697644,-0.19312473454476264
0.8731945186521902,-0.4217882871366579,0.30795687601722704,-0.4706166462402763,-1.065153057408268,1.6459607067351028,1.4152704469619786,0.2960800158894468,0.902937782014962,-0.6047195787852887,-1.4048780019933143,-0.893790111190004,-1.0122983523878384,0.6055324574170755,0.5707327189901751,-1.085017889934425,0.28606215347467107,-0.5701372406991941,0.21010432867533516,0.6695074002525633
-1.1634805495600224,-2.033439120783431,-1.0362412398416916,-1.7039127649810901,1.1911897040040147,-0.23912059683278872,-0.5788161951302309,0.07314382440647411,-0.4870681171165184,0.9190574978122791,0.009247528153897483,-0.13169925202915136,-0.4375957211867455,0.6037634736463349,0.5463792016513139,1.3523707453264822,1.0301068146244283,0.9135143666100302,-0.017981732378410435,-1.0488622804729142
-0.43841114120129615,1.1035002210365945,0.34616103057054903,0.07486918035077125,0.3347372841792286,0.29707699571066987,-0.688048664776623,-0.8168335587453986,1.2090047154314767,-0.6392216365847708,-0.06792415317619498,0.8440444198248812,1.1043508732482439,-0.602062652567613,0.009120258903259229,0.2966565466134069,-1.3941625509470177,-0.46690556510807324,0.34885567574259546,-1.1126796112728048
0.5664953844071692,-0.21192658005840534,0.131139959306209,0.3232547338477444,1.1363946300728116,-1.9066697201890854,-0.5287204053087112,0.8422645672644467,-1.2035378356484032,1.6094881871792879,0.2796313800448887,1.0029368218920398,1.0812626873048696,0.366626802677915,-1.2091973809341783,-0.4361912685183007,-0.3889957659044508,-0.45618440275375655,-0.9364052896898121,0.40414370558031787
0.00826895260242488,-1.3728894505623048,0.8109671773023834,-1.5442163574308887,0.8968053562163423,1.5053845872621063,-0.12442075454538297,1.365957407449276,-0.9795526567508674,1.2254695222728194,1.709373815916324,-1.1152966376014188,-0.1218138040957449,1.6899811920684111,0.6452762174935411,-1.4336802398088593,-1.8412002126036953,0.2991900706168694,1.6909267782371986,0.16936128517871052
1.1873813328197436,-0.10714949074616166,0.4621789302122788,0.6760547255909081,-0.9001662993433676,1.033989522154972,0.6432150908788378,-1.216655476188737,0.7732774663204119,-1.989408131820974,-1.28767105535866,-0.30238466761017907,-0.35717612469543353,0.9477626400448836,1.0910490178416732,-1.7515476037730078,1.7302714864285187,0.75800290397274,0.2601682277600238,1.021061918816892
0.35611537764392337,-1.1277090344531053,-0.7669349453939104,-1.4281634703099944,1.5217874312371893,-0.5019489940574696,-0.8663137893301439,-1.1130905962357929,0.5560279468126437,0.24096272251540315,-0.18761327169207412,0.9961896715944406,0.34687215866244137,1.2687460946828129,0.7012643753492243,-0.04242646530630292,0.5855047472206542,-0.006574479771839649,0.11368780193540153,-1.126234460493816
-0.1412202380178102,0.6794136237156483,-0.9518968541604381,-0.9704553469070833,0.5961414578998168,-0.6541111516636595,-0.38783271268815467,1.1205814686811333,0.8504658358886585,1.257727130367443,0.4029461620595575,0.3876248927341371,-0.22494373366693557,-0.07626114669669118,-0.8488867593018412,0.7644551795365478,0.4570151237917773,0.16794017917965842,0.5832376347365132,0.21474043589105304
-0.3072694953499771,-0.24044393509761366,0.7322330621617622,-0.0013316067037062718,0.7519915524302855,0.6680191005198755,0.7138484662788627,-0.7629853771535534,-0.4645940386479233,1.5775454218977578,1.5962159843101233,1.7162777070302917,1.7308891684291525,-1.1559187470104864,-3.1609766146246643,0.5877059257871821,-1.4401592928317026,-1.5751213375854074,1.3020348768961356,-1.9303379129913174
-1.6482890474033822,-0.7507562425647085,0.2683902201065815,-0.6846400839613284,-0.5691762693875102,-0.33292455372627855,-0.38960472538673746,-0.9782239957175696,-0.12834622836914925,0.501823240072368,-0.2917413641748816,-0.03447016901807918,1.6115630833295367,-1.493266643594464,-0.12171079429791481,0.4689989799362934,1.5042092930223618,-0.26782099147687316,-0.4172066494176332,-0.8076753963224818
-0.6343139807957503,-0.6088406502562747,0.5709167381514141,-1.7482893411592813,0.6209414964743907,0.683714044837688,-0.46286704772231596,0.3718457581848995,0.9582458702854666,0.8564345737021495,0.7157737291851386,0.9871359100295115,0.5383374501153914,0.3416773762790033,-0.976208001126196,0.25856955009170546,0.7998397136799009,-0.31199351155148436,0.19096177358890198,-1.3832404222677133
0.5206902170498589,-0.9817273626138866,-1.2620561795753993,0.5936848188802447,0.873053161409246,-0.2837982364067233,0.2561176738533618,-1.2928010758219752,1.0280476359061639,0.9902794129364022,-0.7385486172750191,-2.232056740108626,-0.2138438021933103,1.1357146637546962,2.4734352652203717,-0.08504890728538451,0.08213769739666672,-0.11795944650408352,0.7507892691437171,0.3882617528694406
-0.8210176931676594,-0.20684110543131712,-1.510239255589596,-0.4806867446957891,-0.08627976316277856,-1.0097413091537946,-0.9287653916313922,-0.6443194386858014,1.4659443176504214,0.8511181831247601,0.5252636131954759,-0.8583766167524716,-0.42380997492704325,-0.07915032912130401,0.11201971356569339,0.6153547238633327,1.0590501818225369,0.29106671770096565,0.48271097705517696,0.5970372999228047
-0.1730817395291947,-0.035575921347953114,0.30356828254638407,2.1291166298558792,-1.0616347136916462,0.27429383769369986,0.18390805517634728,-0.761681079384436,-1.0712227686740863,-0.8767472322829797,-0.7345599764110685,0.16001383817515608,1.9618172320531153,-0.48599443450874363,-1.5307844862943132,1.117626221657197,0.31804421985142295,-1.4703126481599167,-0.9790729373358674,-0.47211534815111955
0.30827041462657545,-1.40302080104043,-0.377130166047927,-0.7737293773610722,0.7849928170062149,1.4428596835513778,-0.6773224222697201,-0.4419489901540466,0.7297652030039976,-0.036234403404335924,-1.0297584502295776,-0.2321213808282027,-0.06234178590928176,1.9729599319264783,0.691166800210386,-0.25823207650558605,-0.06267839574978268,-1.343785231783666,0.7179436653951772,-0.6470306863201682
2.0649963852435294,-1.5115804281951615,0.4828576898259992,-0.9776754786244125,1.018392301277101,0.31868868748748586,3.1125222277394657,0.05921228818508146,1.1161407088902366,1.7073370013790543,0.8774705114429667,-0.630152461897829,-0.07677978430251096,1.1067269255602326,0.2135367482309284,-0.48762360842148705,-0.7075936683931063,-0.4681185718075665,0.751949443235196,-0.41349524689874395
-0.44234061240989336,2.1158877016293176,-0.8088310613331556,0.057388924865945226,0.5804952654079748,-1.5414133340534806,-1.5342550592712183,1.9308440909926459,0.38740363656819876,0.5556710816172408,1.7207987131938678,0.33626485827732683,0.5792459077812478,-1.301952990708188,-0.9225184311938237,1.1567522220588717,-1.2883169728451604,0.9577071604626717,-0.11861531397909979,0.7534671407101426
0.22882341825801403,0.42342338007764896,-0.11880319866013457,0.4904716111038031,0.9675003877863922,-0.7518354786808366,-0.32573723540638555,0.07861793948899574,-0.7037331320426948,0.4266542841135403,0.4995880140228613,0.5688458928280514,-0.27004138993112603,0.8080620054719752,0.1599732314056329,0.23876323118913692,-0.26649989513323974,-0.03051046887252244,0.007135920033354042,0.06450569535789981
-0.382775598221492,-0.48374179714805465,-0.6068322552474066,-0.16393380707276023,0.5657360933301652,0.3596919368056905,-1.3683897311599775,0.7599510854041361,0.650740940204575,0.277900056815881,0.14503902177037978,1.1313812010456517,2.0473343334071834,0.6375392437937797,0.4750442812406171,-0.1145517942571535,-1.7632446678974951,-0.2631991187993114,1.5274679074228972,0.3202290598928333
-0.41182345624509514,-0.6294097112090931,-0.5543516821916642,0.28965609796967273,-0.7645534695971601,-0.490373533800833,0.76121728533923,-0.49921279393528056,-0.23497588935078342,-0.17958628359416592,0.15206327237491188,-0.5013896063403658,0.26977104946630204,-0.5805585394001339,0.9179592235206256,0.4213413779188051,-0.34490259232622866,0.8018069391481282,-0.13293532261256003,0.12967282864113328
0.7084892395672253,-0.3552464789267041,1.5992943638240025,-0.6466400353483859,0.1698090398308199,1.1493170403334598,2.258798238201808,-0.6708094020670305,-0.8553510425070048,0.1806240291961748,-1.3917112119422697,1.7664840340416812,1.027592429229368,-0.06477557039166151,-1.1126653966017652,-1.3344243446283581,0.07175493893331325,-1.227549843961227,-0.380514075387891,-0.9989026036819169
0.609356235931164,-1.3052592268956928,-0.7915784811642996,-0.8909626796043534,2.7542067936054004,-1.0458364988927629,-1.3249334776100896,-0.14409785722539717,0.20873347446913884,0.3508234430048242,1.2629756914549437,0.8543682053239138,-1.4381287282196553,-0.7977795600770983,-0.18233493060990041,2.255794219146649,0.311715592578651,1.188399624359414,-0.7290561044108818,-2.0659186138645635
-1.2936047214938808,0.49267993704906227,0.9074958588043376,-1.2996405544947431,-1.0846544546669756,0.5416927845998347,-0.6521482134679655,0.2808028697232107,-0.135619313787852,-0.09251680892129654,-0.8732484558906879,0.47655992890165727,0.7809487570640865,-1.059253643316788,-0.48945385757890053,-0.7820093980938972,0.47100932572271914,-0.1137699298606574,0.04358800065257492,0.03704273002175926
0.3467353771728475,-0.907842315264743,-0.943636751405909,-0.9501016498283145,1.6120637804326794,0.1621021983679942,0.9408874409684571,-1.1333036131285292,0.4752782066119646,0.24810009607532285,0.35759590267670527,-0.43191752975786096,0.4753811393258322,-0.1858280063582599,1.4109274218646701,0.7442069268666036,0.22451275534461584,1.329727912337212,1.034007158896017,-0.7547073349055604
-1.774958275634841,-1.0147292287806575,-0.12424416044754989,0.3206353804827364,-0.1394737948446579,-0.13609057960718493,0.21349850724550862,-2.0136566133435276,1.3037667713704024,1.3406257240719057,0.20569246383026124,-0.8113688838205279,-0.12591014278098422,-1.3996388317320925,-0.5009048262869428,-0.7422640270894496,1.334724145258498,0.4378266480254831,1.4481301338861,-0.14190256788462755
-1.3318888601904952,0.6291116764248551,0.05538021480931741,-1.6941397166870376,-1.1365692185356384,-0.37523840724765434,-2.0821630022026354,1.3767020965448218,0.6467664017183892,0.2552030179933093,-1.2160677889422007,0.15886958368533297,0.8529880771885341,-2.143596501064697,-0.5045451538647082,0.16827484620337424,0.6505815107306449,0.18123546520668263,-0.38007425491377644,0.5489378802702036
-0.42507465017303536,-0.4132243551539874,0.9917043200052379,0.28974955352456877,-0.1790069825154125,0.11796104649505894,-1.0831895082537697,0.15809745343191278,0.44721872450668787,0.3941603596291567,0.6961817173022214,1.359556026305116,0.13608344491052743,-1.6154646269153001,-0.916679313852,0.05649063404151919,0.14861395950283526,-0.027328816657317127,0.38758948055830866,-0.48255828372958054
1.5921407864220125,-0.5662118691873996,2.8568753019554634,0.8044693404627745,-1.1647898499934102,0.7036787627923927,0.4369622582310822,0.6426754838388136,0.2166358581904972,0.3853391390747523,1.2167211176205333,-0.22408896256057118,0.4686976837680445,-0.21609048686559618,-0.7540943879973399,-2.220280863884874,0.462254975168029,0.8502379527227241,-0.20657110109791185,0.33550766365516016
1.0160597952638268,0.29014262370658245,0.1206133129374271,1.228700980148848,-1.1461869803782045,-0.8477677331298352,-1.1391838273624815,0.6092239033855776,-0.3162833493385415,-0.1456239695875231,-2.604863987479249,0.4163502997606272,-0.2379374203334732,-1.306919073840069,-0.4711054961533312,-0.3925282773848379,0.5920899411691429,0.8002077905684846,-0.6435863039395089,1.4436762694703162
0.9796702375393678,-0.30452780780653405,-1.0216212344679885,-0.6380886644452827,-0.722521128436385,-0.26254675352809603,0.2537251187270435,1.6283121512733325,-0.8649324346111766,-1.0932422074137909,1.4232088656178383,-1.1823065024925188,0.22245829966208458,1.247529194954612,1.309668005816777,0.11632376019401576,-1.548566878908057,-0.3022743148015689,-0.7684743756116433,1.0405038085038159
0.9987093078794781,1.0094887955499832,-1.4031851771134354,0.4521265101504136,-0.43593919397972447,-1.0534915749060503,-1.165182675929342,0.7812022859653698,0.23843778559414874,-0.9953045810710333,-0.7629309540490206,0.053628847751738644,-0.8355050673411462,0.027869992414601225,1.9178521528647408,1.1476523843089743,1.3467736437872055,0.43304740330977487,-0.9869625857110501,1.010561083846236
-0.6067006572453575,1.6495407068415042,-1.4740235739311334,0.778154999330854,0.26306762917139265,-2.1328998918411597,-2.0131150023475044,-0.3928851664487917,-0.6077041376419422,0.6205534810692817,-0.20343491751130252,0.3186754599994695,0.25119485490847504,-2.0318274933427163,-1.198900973266095,2.492168316436418,-0.7598415368959355,-0.23594253624443493,-0.6791971703431712,-0.26612915306625273
1.0693963073575767,0.8878506103660521,1.1116335665027008,1.7940301714203237,-0.28582071849026863,0.5910444453487174,0.17452187770326782,0.1690744651847371,1.7415071452676592,0.8455267005447387,-0.6404816295839777,-0.3802665437856233,-1.4675632926946165,0.8543800516986007,1.2345405855317695,-1.481408347769065,-0.5231730297680552,0.19736031021672362,1.53693654831119,1.391201203917157
-0.5673260059681174,-1.0345731457719596,-0.6887315241201425,-0.43231908269862707,0.1251415784008647,0.901538903458469,-0.529858642438344,0.21417425165297724,0.7834363199191402,0.2727020943243071,-0.4592314080634457,0.5414928056504045,-1.2074699774484474,0.010091728587885172,-0.33041021763580525,0.2457005591063511,-0.4163160425292593,-0.2838775226363479,1.5832842563575522,0.04802676372831005
0.15764608033040123,0.499808157571353,0.1759613785281327,-1.1276868058597094,-0.03296862045869618,0.6070654968864604,-1.7624590834683822,0.07321269639424142,-0.4939726304542153,-0.007945492696186909,-1.3305046707917614,1.3732761544720782,1.9069435884565227,-0.6849364622103054,-1.1276157333429893,0.6259778695397088,0.12982050074901713,-1.8770201056083244,-0.5551119633628283,-1.6596710390410208
1.289897936094178,-0.669221222945887,0.7231882402027263,-0.5868994607104387,1.7474935265175293,2.015195509619437,1.799957911835573,-0.30994617335954044,1.5535967098510954,1.575470925738103,1.3164696053118947,1.129851453544577,-0.3327899209310433,1.8938828907642689,-0.60555219875109,0.4044075208309645,-0.7592072208455228,-1.5642174603936665,2.106887282548183,-1.8892053675230773
1.5657684758686778,0.9733292655876569,-0.5149490041336346,1.0905643083335408,-1.6424901594556955,0.06139467892278555,-0.2815458391882792,0.620798070764493,-1.76133117512935,-3.047511985751088,-0.8732106012372051,0.3610447804804494,-1.132821193998587,0.5267389360087054,0.7379102650975209,-0.08883205104162802,-0.19692697304911516,-0.23529167919721294,-1.215160000254395,1.467657419625214
-1.4455309664370857,-0.7778111630330296,-0.7857833973291699,-0.008367038433927648,-0.20154064837910268,0.2718033715807618,0.6492097024582919,-0.8916306577588418,0.35393790118838986,0.4209452319236595,-0.7027183065651408,1.135781697527936,-0.12718072241054035,-0.2806895174209841,-0.792587782421481,1.3539510568625597,0.659702072899442,-1.0346248524669692,0.5101940813467336,-1.2202712672261975
0.10526069826467432,-0.6860249881985874,1.065405180852778,0.012976442073486461,1.3641009621254256,-0.10645037516845646,-1.9243503315162849,0.37721663027154695,-1.2117276720342247,-0.6595822989214417,0.047038885429702755,0.935116094499883,-0.7256438046615815,0.130469488361662,-1.9079451387939486,1.0233889604677606,-0.15600644565740965,0.13550856806272796,-1.3017058118149016,-1.4320674188374842
-0.3995765698273614,0.13267766307170692,-0.19393025009956735,1.2356275211763175,0.22806726883723222,-1.9863476255028663,-0.34104916866955354,1.1147398199818943,-1.7317609430217982,0.48818092054519846,-0.9933220955864791,0.7595722349309352,-1.13276376426609,-1.0051954144319017,0.19648817413073558,1.888374982640433,-0.11253027044577213,0.791911777442085,-1.7401292655112097,0.5066635683058748
0.15342114522272068,2.4234471005069613,-0.6580939580561417,2.1822363191534992,0.14762778155806663,-1.3900569214414873,0.7566593073927516,1.3998880398347406,-1.3930367925505596,-1.6528790032780252,-0.049281197900085616,-0.14432749477166082,-0.99818253862572,-0.1810852815735255,1.056105354360826,1.0749111205178021,1.2512754601112344,2.0109457893401403,-2.0167690148832724,1.5173611624303678
1.2182011503981058,0.17554098431130744,-0.22093740134829803,-0.5046796053657846,0.24377218646235496,-0.5351721854165401,-0.14196108514277414,-0.2792830107637906,-0.75834824939412,1.0132789975628218,0.21421754500258033,-0.22941387322492732,0.555178344919902,0.35134672310192194,0.09895436087955617,0.3746796150298329,1.6834381227266404,0.36617821887333524,-0.1450440368833587,-0.5645688051685304
-0.3768549351039085,0.193696061104332,-0.8375741632700162,1.5829757453648095,0.7737033027379278,0.29778865436243507,-0.5507314884936391,-0.40145065830320426,-2.1620172099884534,-0.9649878012321597,0.8744903245682814,0.26460769587935407,-1.9181574142772184,1.5931137979475682,-0.3991209484692379,1.7474049316584497,-1.2449166689870486,-0.9995240354843563,0.2455370022472575,-0.9481781883656328
-0.14726390777945825,-0.21428059544019906,-0.9755104907268877,-0.8885467035329798,0.36277821385545606,0.6417504613991432,0.31453475929000024,-1.1277503732546381,-0.9832797960139137,0.5133360914692215,-0.2474819352781919,-0.2909668716616574,-0.6504202201667401,-0.7403146204357131,0.06550395854151818,1.2030088827505465,0.08212712074299305,-0.6456483864840316,0.6208850068896935,-1.493949721558861
0.788651457159949,-0.10843963011768239,1.5307453119024608,0.2150692822440117,0.6738099366116086,0.8950175080143291,0.46491933118461787,-0.1263786026624806,-1.2010305184251961,-0.09773499434531023,0.17553243898164883,-0.3053404117676113,-1.012102270518316,0.18265899745524367,-0.0454064174618114,0.16030249204080577,0.6594664334143748,-0.8118356689972493,-1.290061561574876,-1.3638171491584778
0.9169689923706602,-0.6195902734222773,0.7435678879420385,2.2143735564636846,-0.7925835038876275,-0.39685041519296876,-0.799073657823919,0.14982617513514254,1.637715779365318,0.12478263910499489,1.1580002696859617,-0.3643172447071881,0.5263988258568766,0.325897467074457,0.5963567165600742,0.2387638170064746,1.2591390525549786,1.3532408325266547,-0.060720304192269814,0.22456254013124
-0.7451545577714641,-1.4624852101863968,-0.9697883869088622,-0.7346152024712838,1.2580137784512837,0.37989835745402023,-0.577927061519528,0.9204820365517042,1.76327050951216,-0.9680006165127101,1.6104107135542658,1.2473783681117894,-1.427723019841903,1.4605779727700055,-0.1322427099758337,0.8364301176078708,0.11228619604520455,0.8737695177981077,1.006831037249506,-0.127444630633563
-2.092079136688892,0.03136674248618355,1.5634049796729743,-0.2098846989589419,-1.4203276510512628,1.0069337191311492,0.829365899726735,-1.6331891368364009,0.8883788728208447,0.20250781609166948,-2.025934677503054,0.008898661356647191,0.6975061682827088,-0.9762450867384425,-0.6491487972670349,-1.2467200645772953,1.5225281534692812,0.27879198077121653,-0.03794692177966003,-0.6065498946667879
0.06707003346078927,0.9540235643182658,0.7580634309294435,1.0035892379234277,-0.475572833614252,0.2046773795961789,0.9448352240367425,0.95128839741632,2.184723421452141,1.3804212195894212,0.2519427371679049,0.5862746402315165,-0.158883835150408,1.0109027934252586,0.6366489951349331,-1.9047626463773792,0.7820857693149261,-0.995240844764527,1.1801238843749409,1.3299477071442876
0.7552349938536668,0.7582602367326851,3.1372843197995017,0.761774986648894,0.8613158134728783,0.11672913138159,-0.30436723805135796,1.7651564852032504,1.7307916237932046,0.9875973058591805,1.7266861532231195,1.5068987756309542,0.05235105384518105,0.18026240532941304,-1.108187588277583,-0.3270620913345609,0.04915320275993952,1.9683502744866581,-0.33808611047975046,-0.7173220010868744
0.5804080747467779,-0.673670460921078,-1.0700968502556316,-0.3143420576102582,-0.1952877286066644,0.7761538935080072,-0.43794808654898276,-1.3348476423144058,-0.7114539589658294,-0.7138746369842213,-1.9881319363371042,-0.9341757922493339,0.7687170049869679,0.8902838882179495,0.9569833864826897,-0.014935544668395088,1.7838521649087435,0.008945372033398357,0.2724493982442011,0.044885856827688995
-1.1702610100947815,-0.5519523210750855,0.567284184983162,1.1126576557129257,-0.775788164499517,-0.7445991638885696,-1.9876530977493627,0.9262737198136464,0.9437433688657612,-0.3123242503230756,0.6881105119419871,-0.8792308081675587,-1.3197743428098825,0.38840531422206137,0.5121147446528729,0.4066875631716531,0.7709145603374772,0.5980803986017386,-0.7268404275683552,0.774583151201507
-0.4415482151269207,-0.1320378184764487,0.23367494750291598,-0.6356535802724694,0.06937058398716464,0.3012610138761806,0.3325057339994982,-0.16996224458584472,0.3573515570868406,0.5141787848232218,0.7089279241538421,0.6925843645981576,0.873659902094895,0.5387262981360975,-0.2594113949266969,-0.3134505817327355,-0.12091615339280573,-0.7666672458269231,0.21323004557524347,-0.8702310713971517
-1.0772500305824606,1.0241262393396307,-0.1066614096854749,0.35071652364794687,0.48057276485900347,0.0938625792137235,-0.4502042895643683,-0.06372364181094753,-0.2402404300896119,0.7978959344418257,0.56958550243346,1.6266376519144445,1.5620152845302144,-0.9222134591686529,-1.6750786178673898,0.6567514329927436,-0.28264965163424993,-1.0707472665123539,1.0196919140153549,-0.3706374904247614
-0.9499963031675106,1.7215420562335118,0.6808024031315899,1.5836372785239075,-0.015446134992511337,-1.1746380578885558,-0.030540132294485996,0.4684024062472467,0.31600719298744534,0.8430091669556169,0.11813010568895241,1.685597182184404,1.221577769623802,-0.6617402564648083,-2.444841191284198,0.13235845257247883,-0.3996843444307485,-0.3610685802993088,-0.43323157808711216,0.2050904350172331
1.314040601830814,-0.4254313007723348,1.0436483663007463,-0.43429035219448575,-0.4914408813340899,1.9602800932668072,-0.9825174178601082,0.41813884268613755,-1.0805228983131343,-1.2161586025719238,0.4363903766403575,-1.492473127261206,0.1864723008621468,0.5361536021291802,0.8121740736644284,-2.296350227746353,-0.5377775284874398,-0.9141381324351041,0.8103471990270659,0.49982266810352716
-0.3596413765416364,0.9021512096079827,-0.2047557376024013,-0.2561781291490064,0.010044139298587402,-1.6653460272764335,0.07664308754116969,1.2075333476111023,0.6456863434584249,0.9694970455801939,0.16264845933588215,-0.7517825640889032,-0.6526959825838231,0.1717618793346607,1.3065917521392787,0.20704295740951373,-0.3139025251741162,0.7791228207470857,-1.309919076877281,0.6883758124029125
-0.21667146173731136,2.374483298914737,1.5699800175090917,1.9150798216817475,-1.0169205966611874,0.295670382830684,-0.08203284465152993,1.724488991364945,-0.4032775267934568,-0.5453113380416422,0.8631569371442918,0.46767697891166304,0.502085204130275,-0.35485625506361795,-1.5118812958367358,0.24197597754841405,-0.7437096793760266,-1.0818328412469178,-1.241675183739985,0.04167216499717572
0.5339600213397508,0.9070425351674053,1.233198647008398,1.5153718906476994,-0.5422193361883957,-0.876522103547575,-0.3936282588537647,1.2848832338967642,1.7216172394683809,1.3622212913538096,-1.329141500197155,-0.7977015633342293,-0.613058956731712,-1.3813099001561087,0.2574036658191715,-2.5002286099305326,-1.7023351419129893,2.1679167365940946,1.2451618912541937,2.822726882340923
-0.9925055148416707,-1.0259989687356965,0.16960317615329717,-1.0677056042938868,0.9264017485344769,0.6752742583532398,0.23963405991328518,-0.3996906320505328,0.6790148242703135,0.6026798763327196,1.353173375620932,1.1750809155386113,-0.5583177891108673,-0.810146025551519,-2.1746917250155193,0.8472372961253551,1.2254261610931143,0.3357772708037418,0.4819826792732558,-1.6109630068492002
0.6214949193067194,1.7600815060842863,1.4239762554495394,-0.803194946222689,-0.8337856788303215,0.07206402580407874,0.4677790987055444,3.2269413987231026,0.31523451847887785,-0.907698355294399,0.8905564748758847,0.1907387713606462,0.4293016352170207,0.3870363189898974,-0.38622940623155516,-0.7072686400406325,0.10202987182817158,0.2761280889708205,-1.7892070664261732,0.6906050034082012
-0.8957772818747101,-0.11668264584936018,-1.3913552134149791,-0.48168654335993527,0.5852324066851852,-0.4567342325395356,-0.5919226123614618,-0.11313526460434403,1.0945353984827637,-0.20929714899899698,-0.08657208885848937,0.6996795057279838,0.4166205540982996,0.307997465041764,0.06324535063525143,0.6825633402609547,0.5457796261286085,0.31832844930441007,0.2888537341783014,-0.0735398363937847
-0.8010682946577624,0.23892616469810826,-0.39234141220431057,1.8922699228040951,-1.6257071812433321,-0.9140727939167637,-0.7906386425185296,0.024395160869583075,-0.638754599655495,-0.5492541937767892,0.338917775815045,-0.7483670064180643,0.5129722423127616,-0.7632359910424286,-1.3931783397450446,0.6018525073378926,0.29602680710269574,-0.41589226767684623,-0.7477184508990211,0.41371454489078324
-0.9577658984926096,1.0908672397848729,0.6686887877853146,0.5683176393181784,-0.8522142742435764,1.1347624216870176,1.6158543642428476,1.0043822858215994,0.6959636542115752,-0.6962088136854907,1.4000185513017567,-0.465764233049889,0.2810695113642543,-0.34393221269337254,0.0956498155669317,-1.2402610645713663,-1.548865693825276,0.5745884107890012,1.586367979074834,1.237624138389955
-0.6504532638642812,-0.09708841447485252,0.1449016973639145,0.15645340780335484,-1.6210609642114107,2.124645924149713,0.028929691585879155,-1.40932839766826,0.7203955597294186,-0.3760785248683941,0.9957167946990947,-0.4398053800086181,1.9295311164334872,0.815650949957903,-0.2208645889156622,-0.33792624645061575,-0.5999299248668161,-1.5932051223302977,1.8077258801763627,-1.1196647359173417
1.0297644431765418,0.850589953901396,-0.0037805275690600735,1.1829350401977168,0.4228059479449175,-0.7477572363650238,-2.374069443525933,1.1578214243716014,0.009061571018641051,-1.9457348097386116,0.7800477180281818,0.5657929168556661,0.12419007408091112,1.0784721383903288,-0.9762471677552744,1.6131126004223413,0.5736665510191009,1.3635950710896787,-1.865049215391819,-0.09395062231365552
0.5931572625925732,0.03822882405395151,0.06310346267620315,-3.281472219907794,1.7175852244429375,0.9548442763266388,-1.1833508736515779,2.0686882038151015,-0.6787275863080595,-0.20504614838924032,0.5911192091218576,1.3384342728062488,-0.7554140286078009,0.9238040849905268,-0.054558656372623825,0.4088104305294071,-1.1600997960412456,0.25028492338461256,0.44696245417803016,-0.5348828406749773
-1.0487622042051261,0.361489000110257,1.6822805060171888,-0.4913481129920574,-0.012861491453848066,2.9938449105961187,2.0023814211091664,-0.044566282799536394,-0.2510490901325374,0.314327911436385,0.02761975758116503,-0.657703401776796,-0.11577362008769897,0.010890155917826643,-0.5954596866088331,-1.9192116782158777,-1.0510738849968015,-0.33287956288141385,2.4449696555676304,-0.15653038222013912
-1.1340559724651125,-1.215614190217596,-0.8218474552806456,-0.033674787415120803,1.2824701838587895,-1.1952282707861144,-0.1793880191774626,0.5132916464128475,1.8629579724727128,2.3927615456676756,0.29590221773763564,0.03209048794139698,-0.6970543320125694,0.12549455049493494,0.24970809761712331,-0.33539993220655573,-1.2827792277328536,1.098467957239478,1.7035688931322615,1.2178422569505105
-1.4266694658475314,0.3898547129567639,-0.6025578883078612,0.13443299597855102,0.06676296786810337,0.8388926150695091,0.14214288536966044,-0.30241835398581923,-1.3445774697968709,-2.5196714698444884,-0.03379992977285307,-2.9057885038718734,-0.7728693777608673,0.303037025835111,1.5000734515269807,0.5417423332118073,-0.841084726362089,-0.2602634966633463,-1.0288208406543278,0.2887257218920675
-0.8766786060589418,-0.4850142144076955,-0.9169515640477266,-0.4712292717951803,2.1167907549510936,0.24335808245098955,0.3752997157439617,-0.5268341334727112,0.3085461611470303,-0.3419883612792331,1.4832485560934672,0.7645007421790061,-1.600227767114455,-1.0338365608883056,-1.1720255969538835,1.9993408843419307,-0.600184764991843,0.4889092170240338,0.32194179033642856,-1.7569713314734898
1.8183450165208324,1.498682697312879,1.0067831534299634,1.0190387393400724,0.5683769352418576,-0.17798588813891322,-1.860819512740436,0.5878287626578826,0.08278589529294142,0.25937964395185525,1.2909308600300378,1.6475843533931465,1.0301306630211184,0.8047052395596054,-2.0431925192291662,-0.029039107195768153,-0.16318763696696723,-0.1187297623698371,0.1958076078743773,-0.41430254268339206
1.3549071647824675,0.2652294189054335,-0.5752896631687079,0.9090382034487349,1.1798019155235093,-0.9154356228640255,0.05091356787069784,0.22438789124174105,0.6712713867140468,-0.7701557394632741,1.4151251919949335,0.4768604213175782,-0.9896737383384473,0.9025911072745068,0.6116915932315931,0.5663261070669033,-0.29039402467286984,0.9328342325556083,-0.4740307196280438,0.3408709781594105
-0.9086948697009162,0.7326382996822153,0.7821189128586744,-0.35185878796414105,-0.11450072470345093,1.0977698200902106,-1.3139789045228896,0.5528949376072125,-0.7293171206244327,-1.092509312220746,1.5054952806790283,-0.3459011348650459,-0.4517137049100755,0.3763696798436493,-0.3602819080341869,0.6177805137770934,-1.2887122571251746,-1.0128818669995414,-0.25058734447502784,-1.2831781075671034
-0.8167119954803562,-0.22460500470826203,-0.2632583802651436,-0.2556164495026484,0.8548898213299235,-0.242586484081004,1.951160163135621,0.17355768870730115,-0.07862480959553801,-1.0163390054714259,0.5696948939450232,0.7658102531716395,0.31715478379191175,-0.05522539617858269,0.1530965866051229,0.5448835646297121,0.4897225277817779,1.4047786889424714,-0.6033886063363797,-0.40834356128811156
1.5517019194517323,-1.6116447379119483,0.8761392840376817,-0.44577977058713664,2.1879820353984507,0.14272364677589078,-0.446730989983001,-0.7696687246721514,-0.127220608541404,1.7371404215518658,-0.83850761212938,0.2694940059217446,1.5934526525973052,0.13413469537788333,0.2362334756521022,-0.5336593763493392,-1.7218748685670946,0.5201289110861435,1.5327152959305115,-0.7919528845756995
0.169621319934035,0.9932610217124646,1.1062621030442303,1.623934118645616,-1.078814639789518,0.3669614487117689,0.28731377966307886,1.384198671906916,0.002655329686134397,-0.881463037429476,0.2651377690674129,0.864316582704118,0.08856055923949892,0.8694671758853427,-0.34761246017957304,-1.095954089142789,-0.9749722885068753,0.6962328135853031,0.3531058653120918,1.5984595116062714
-0.8857879187533091,-2.332150298706679,-0.7305108990549477,-0.12192765543702092,1.0464120639867276,0.8866869233302946,0.24101530882509764,-0.17332112274802777,-0.3160559585525436,0.6574995699973879,-0.28881402278185925,-0.31175533493926766,0.5249658429850367,1.3728607867665734,1.3446453845903603,0.10460501127654531,0.5519130899811946,-1.1117339999987281,1.1628085653062186,-0.3672063001826965
-0.07776837408679832,-0.5398952628972721,0.8989475024524921,-0.09048456413147313,1.117599991737516,0.5138996375178362,0.28280616818534476,-0.7873799481691421,-0.2044501279799981,-0.11379570678146701,-0.2855194752019967,2.325047719846847,-0.44351098917205556,-0.14070120572076947,-0.8882037612819906,-0.17885416100145868,-0.7005249708736451,-0.28024717644444946,0.657422942260797,-0.9097476883360056
-0.8393799057867176,0.6730511162162517,0.46381996328078223,1.4189426859215224,-0.3095133246499711,-1.0802450077371397,1.2190064734562176,-0.6131233250421619,-0.17467003721116822,-0.03536554304924998,-1.5901319255551907,-1.7374918399745753,0.9083313210747512,0.09763684410451304,1.9427736295256455,-1.288681441870067,-0.4270341740488232,0.8704946058962294,-0.9148771143001942,1.6292624902602908
-0.5412739202726256,0.7121149423233858,-0.14494107588976177,1.6054872153902096,-1.895486051276888,0.5292874897150899,-0.32488243026214375,1.5600953650315452,0.9725426491511762,-2.174620170151661,1.7141320110183416,-0.7043325966341032,0.5246430588209486,-0.5865563777263111,-0.6263910017648247,1.6713676101483357,1.8156067858073042,0.6871347763910276,-0.7471195063031071,0.5865246086709973
-1.2709965486535362,0.7783339719189644,0.39103250581858356,0.9959535581578707,-2.861147386571838,0.3524215740116027,-0.4491392295806592,-0.41910340069757895,-0.29963119331593435,0.14373747989189553,-0.37512685569158855,-1.6904263936653696,1.9398991962517003,-1.5119143413935896,-0.2682624067076719,-0.2274501843880428,0.4468549778703558,-1.986768203269642,-0.37907496227604015,0.06768795418399837
2.0428308158013686,0.09854219883063499,0.1376236185299232,-1.4961371956190215,1.395655895802225,0.2055427475535872,-0.7205731438542152,1.9751298914118514,0.43409381068890135,-0.24685953093502924,0.09808441474384744,-0.691248843381417,-1.0992485554753015,1.2307840727287762,1.006154916847918,-0.9549813708433866,-1.2648504497640816,1.273922460526956,0.05483349082166954,1.226995331726355
0.9427037812232653,1.6891942647484859,0.594158990134204,-1.4482373751272024,-0.6728113001618631,2.0988874879076285,-0.9431872431537452,1.437896662393244,0.6227525749945252,-0.8566669004289708,2.594051882482238,0.9476686007557351,1.580166233393292,-0.035295838582214446,-2.4485135209618303,1.0584972998305693,-0.38737119923157454,-1.5013303045369,0.7246541635786888,-1.4748521971328499
1.2604938279643192,-0.22495655308930743,-0.5788444336238278,-0.8856209802531021,2.13081111920151,-0.6871237346994045,-0.4203328396273737,0.2780217900168345,1.0856309028267614,0.24625463087336064,-1.6452077661087463,0.26338655045961534,-2.160967791097822,1.3815720094058852,1.7478705491038944,-0.41814770136170354,0.846377594747204,1.9184151144381014,-0.20201995750410479,0.5998680876404674
-1.1251875343287445,0.324620059402,-0.607145310070857,-2.206749680285055,-0.6093203916693567,-0.4263777699552625,-0.42241011650617094,0.5365724293880693,0.7061747248508898,2.0260220232057264,-0.12937265154545946,-0.6328754672933117,0.20745824253815745,-0.5894896051098396,-0.20754239521060736,-0.8154663143961313,0.7928660178143879,-0.70449327495149,0.6348594104777916,0.38727164133052144
-0.2696045690300343,-0.9550430257142863,0.04000783283503155,0.8795715944188789,1.4832183755308475,-0.18164613068065832,0.19348132888583822,-0.4919837401610936,-0.7280831367989535,0.7228607405885568,2.1986617451418233,0.8732531066896344,-0.18445888645428737,-0.8036025059754186,-1.0001881497968523,0.7620493959692227,-1.4102381447819217,-0.3333763562927154,0.6570224656550261,-1.1777131242833423
-1.868783221871972,0.9448208203830649,-1.944295912264368,0.10951486471606621,-1.3068154450571676,-0.9693448396532189,-1.472507046658342,1.2372164643932837,0.21937512233981218,-0.5901931997271354,-0.3086802030856504,-0.7222701958411688,-0.03271191027920553,-1.5014332197696207,0.8527384244883105,1.0107387610918035,-0.6307792782115786,0.1544961588831194,-0.19722186566500588,1.5744556320715468
-0.5731597668905073,-0.16124988910504318,-0.6169240058395965,0.0370318434231025,-0.03940674945228062,-0.3858163280574869,-0.7932880708901773,-0.038017982754093564,-0.7019280776853974,-0.3833920406952958,0.1778644420525058,-0.9115897070212889,1.3798188662144144,-0.5261978338329445,0.4327964308991003,0.35073052526214005,-1.5482575406256698,-1.4936921888757753,-0.7311210084345313,0.21437931311640523
-0.07242437613096858,-1.670175489223016,0.27877960635092,0.9661867833503184,-0.9941983158344541,-0.030004446000108872,0.4434306731619419,0.3281871608093182,1.0678098161151974,-0.1253065698215496,-1.0590814832220639,0.589405217752321,0.869637237106334,0.26542672654699057,-0.4009717974465292,-1.5953354801713526,1.8752289690236887,0.9764137259601215,0.28143818086108047,1.784246284545255
1.1617057541891873,-1.8913425496822376,0.6307646211421384,-0.2396776436943522,1.7156741238035385,-0.03291528678092235,0.031767823120559424,-1.1397532333112732,-1.5263647282351602,-0.13792331644339528,-0.8217801530922794,-0.9163440330633624,0.19149037673676444,1.6982175414138192,1.3817122276532667,-0.3452870688109402,-0.09465120015283968,0.5744992033257924,-0.6655170773198946,-0.6360694961024825
-0.11583118323729728,-0.2472416635444153,-0.005678765792248832,0.7912192979725837,-0.8736927597659796,-0.9583369383412276,-0.06721615785500648,0.5354863135195398,-0.5998564771565594,0.7957088604705402,-0.6683089547448806,-1.9915295190216868,-0.02879675942245886,-0.5975659624044262,0.4992388091114102,-0.4182998332514635,0.7641133811075826,-0.1255602961673392,-0.9537343987207239,1.4635725333703384
0.4829395538164025,2.033425342200625,-0.20903434560259757,1.2015695943622917,-1.385926581067941,-1.154581402089976,-0.3119559523331887,-0.10936228936402241,-0.7194437484687952,-1.6147920947296472,-0.2286595006344957,1.072849803755256,-0.842243757039629,-1.0530497096702989,0.024408860826886303,-0.1668287762180839,0.028689355520404105,0.8301168117371627,-0.7965826472332243,1.2465001845102595
-0.7464095622453325,1.0695680893922923,-0.5415187688467699,-0.03747411577598343,0.3967829476605327,0.41822912746079893,0.7009777062657111,0.1627756971831201,-0.9012180055794281,-0.4901506426902907,-0.6803314933644546,0.31831434423088156,0.8303241055939368,-0.5472943674796431,-0.18095925292422346,0.8328818593684373,-1.7106998503056887,-0.6235271035070643,0.3932112023331145,0.2850389162110859
0.07555790519346828,0.49368092879954,1.9698439330763955,-0.3200757423169594,-0.4902555146865904,0.9327500166116851,1.0567387452506927,0.6057238184192208,0.12806129188754278,0.11197864271692103,-0.2749984719029882,0.9447979770170771,0.8168940757867122,0.37213078638768743,0.2522546045310769,-0.728141387454536,0.39466053185868544,-1.2055319799281876,-0.8103453228759537,-0.4289135272326759
1.5478031630048683,-0.03916021206115616,1.404080903464783,-0.8846448785347509,-0.2962837602326718,-0.43436617001370964,-0.19771660288953874,1.0017970158226952,-0.9406863604087411,0.6200140446553287,-0.018068108008652748,0.40336077276996846,0.9247287390447891,-0.044394751782214935,0.3683253141216664,-1.1176577437450521,-0.3627808471369248,-0.18850197307333919,-0.8866835856645043,0.23540513240849398
-0.6590077856971834,0.07215048251123499,0.20153116145480734,-0.6569354795949099,0.1551279428485318,0.778323552040909,-0.10137019477990171,0.712390414599924,-1.0296990877943335,0.08551520603797047,0.4209928134405853,-1.7739921328983197,0.3067694614762616,1.073220920530318,0.4763024675715167,-1.1746652153273813,-0.44299987489168147,-1.4121873858055856,-0.10131633719769474,0.36099261510737995
1.0021746987050948,1.1309888186262382,0.5866645883122802,0.4291946687636451,0.8928620293006422,-0.9471816492861665,-0.11374887290399427,1.4182938233876266,0.28323629583927895,0.7793820871608178,1.429749184526187,0.27628577293643874,1.3941110046200287,-0.08124563496472423,-1.3911831880903947,0.0998331674639897,-0.15406714327929766,0.4748139251884181,-0.8159286169773575,0.15118235926849047
0.3235656903741178,-0.22645620527415186,1.001985638362072,0.40865955916237706,-0.16564880172123692,0.6658636496540475,0.09402419156986702,0.052192469535409,1.0579253474365025,0.5848575815294541,-0.8739895197636158,-1.1400940802957453,0.5669023634410079,0.5222426659226197,0.3413036543119402,-0.9443966163065812,0.4315805162533748,0.38102202240664906,0.04013134387693012,-0.14031745149111904
0.1893708258153977,0.19568147285236537,1.13848062116429,-0.006381214059233525,-0.7729182567378189,1.24823342321806,-0.4393056073870811,0.6441012508551057,0.5015863262626747,-0.2922903927240296,0.328337781304598,-0.4636544882657528,-1.5582454404951005,1.0988611575748695,1.2064741801398637,-0.9576721502932253,0.3215789059284518,0.5826096434234475,0.31956544082280397,0.012499821966403438
0.2676073754691838,1.0517027733849913,-0.2529591447660315,0.47450084626563765,-0.12937549252951905,-0.9465220501436845,0.4139999580958616,-0.489242098531963,0.5092965659757426,0.818436644159883,1.137861534391324,-0.028304361496394065,-0.3096221866736087,-0.25046702603927395,-1.192649917948324,0.021138913327394173,1.1333968017036946,0.5312020081766353,-0.23490646798666262,0.18833803373880453
0.16659859190855558,0.3788328595073943,1.2927635427578001,0.5719227299307466,-0.26377078871968174,1.4986777159904319,1.467146367803918,0.2698298655411899,0.11827466819345561,-0.6963838760330054,-0.26854430104402643,-0.3186546381477024,-0.2223740889137105,1.5025835594123145,0.8368266077633307,-0.31360056615717724,-0.06687964830379897,-0.8550895779412165,-0.1100271672795902,-0.25450483219178205
-1.0345522304741035,0.5999817643708673,-0.55430865339725,1.3841040325645153,-0.09588036277103644,-1.7295238675361981,-1.36612340405229,0.12854273821389547,-0.7697976787743325,-0.047120669455590666,-0.6015527492174423,0.10368676522385759,1.1136392302280507,-0.22579380426768267,-0.5345673807441029,0.8705427382219383,-1.2212076713107223,-0.32456662573594186,-0.8340152570798158,0.5765450061088744
-0.16677545258546247,0.07783464869926732,0.18920759843962778,0.18368052155492476,-1.632458840199832,0.1690427486841101,0.14935798356440436,-2.3648656799544354,0.1265937626776414,0.5986391747831207,-1.9241795255583425,0.6327435132941065,0.6854655045830957,-0.7562973910797292,-1.283540755458303,-0.019484596061325767,0.7043985619367044,-1.5013141593180643,0.05320157341374389,-1.3472562636728789
0.33791092726337957,-1.6985678713913792,0.9574421294391499,0.210123124379908,1.518833377701549,0.6038300998652022,2.027510250968901,-3.3427456297590488,1.6259115484749957,1.190957124742458,-0.40015625876684957,-0.046868446722203395,0.3370917641904093,-0.3229693984160808,-0.053482121452959275,-0.561984919492106,-0.014537012840923255,0.48160844883955073,1.5216606975757574,-1.8476716335676047
2.0806002970655464,-0.4350426707758191,1.163295132252248,-0.18149130224384372,-0.15549024629223154,0.9397276649600131,0.2826699543608383,-0.36080509452005527,1.238243644284112,0.012559793373513775,1.06061767729627,0.42006489053336754,-0.23499671041021084,0.3425505202801257,-0.40271061871946456,-0.9306299755395115,-0.8141063270068081,-0.6861591473278053,1.0229349501318825,-0.4933978635536522
-1.2180730349255207,-0.5017627545771846,0.35408643163740794,-0.04406334476916196,0.8885409436143215,-0.4204119736241864,0.8110908913949824,-1.293087851900317,-1.842382059128673,0.5552838566978526,0.4724065095039461,1.318759484953453,0.9336359202385299,-0.669824926409738,-1.8594114153903456,0.44507964451727894,-0.10781617056171262,-1.0688801692452385,-0.9632023630127143,-1.3340185062204712
-1.604335449589708,-0.9359908609434157,0.5375586388283519,0.011305302236932763,-0.44320900115323175,1.4034241342295453,1.0155278066650084,-1.212953085477179,0.637385776590905,-0.1402576430874892,0.8211332294390085,-0.2691682761778283,0.5532154256895166,-0.30376191787331647,-0.4151497613117285,-0.8183549243636183,-0.19867083282734294,-1.0406895067966522,0.9149206942458814,-0.9674684203527266
-0.974836978612832,1.799873270014523,0.5651898278420109,-1.0858929279532326,-0.5733687040482219,0.10601896066746344,-0.16626717124455284,1.9108593160964582,-1.060447986061233,-0.47314485094126346,0.6331169181451524,0.38736247704486954,0.6836920988679431,-2.173955559195707,-1.8900917028785076,1.1390568796125418,0.017842034886366844,0.5171932038468178,-1.756673141595464,-0.6672922910050892
-1.5796703751181354,0.47952523118418044,-0.9044027685999768,1.0037061253033706,-0.26700443087773684,0.10011757722111315,-1.0500024931416978,1.0250343711613086,1.249211261199612,-0.23858946937734427,1.3152322462684087,-1.628492923827738,-0.10245639133967926,1.7499350544056202,1.0590332897513552,0.7879717888999703,1.887874942383805,0.13150237299194023,-0.2893513516640548,0.8225056543339448
1.2381452848053587,-1.354595731124233,-2.6462784709065796,-0.7131348736663883,2.1765444673878327,-0.6147733100736169,0.10854211597076217,-2.3751754786763324,-1.3349544081768547,0.3488446623839064,0.4241668091858568,-0.7468927763928214,-0.9624989071621854,1.0918910104241724,-0.1871144350301117,2.7375885375925564,-0.9221641151600584,-1.4733290037089863,0.5294143420058807,-2.1178711325398245
-1.8085301257856274,0.7995787563304173,-1.0500507743021599,-0.35432845088728787,0.7813225844919626,-2.2180449558955506,-0.03634521021892706,-1.1206558980811658,-0.014688399559626662,1.7673139238979214,-0.39393058257402613,-0.9038756394912784,0.18152484522248122,-1.7812828664359504,1.103433302905864,0.7297734485020495,-0.7349642116302703,1.052374285410578,-0.26781772753266736,0.06447071538824488
-0.691010802362273,-0.5129866703624719,-2.592471497523114,-1.6690746876316958,-1.112773449252648,-1.2251899152669596,-1.3794267845821246,-1.2480811107704908,-0.29367975464199375,0.9175517321675132,-2.4735990982811717,-0.06465228251295356,0.6818716480646316,-3.1824354140226023,-0.0337716681639116,1.3024326648478903,0.32317273431121285,-1.522905969212298,-0.12876698875248305,-0.20505545709669473
0.38295386133479653,-0.882070347242398,0.6788120780458661,-0.49019601831892884,0.6475532716362153,-0.467709306158159,1.6342296580655031,-0.07387100688345272,0.04627997102576686,-0.007113339440409294,0.2327869074270761,1.3649137273951963,-1.3832830852462359,-0.3703050528691853,0.1491151725454753,0.21404108041775313,1.435543081669347,2.0509199630657107,-0.8357465964697877,-0.6241920965525898
-1.1885438808751236,2.579735811382768,-1.5358312205246294,0.7149042072952807,-1.6846120683591,-0.31655112218454146,0.03246786884523929,0.3414913358819977,-1.220328265255568,-1.0848017334767965,0.717412755251197,-1.9702705597618224,-1.431049833146194,-3.1099900213911207,0.2263838609501562,0.0797368196272924,-2.5849975132048115,-0.37084751513578945,0.8560011689915141,1.8254910278084515
0.33500445225535136,0.19511847764170742,0.5615163312942125,0.15114943124748068,-0.9407349066129465,-0.5590258591089398,0.23639511287509848,-0.47278922608819246,0.607702199531635,0.8850574940985166,-0.28385155543197166,0.48617506171370334,0.4404461879829265,-0.13555259514603965,-0.0009933416526123205,0.035742875816748135,2.8089009593856398,0.25873731927291976,-0.5839099938064902,-0.398758960803184
0.7838620923982828,-0.3113588262022896,1.6073926817511177,-0.02730994924747184,-2.413422200204643,1.5183659267238214,0.1662342240957098,-0.8048012328071311,-0.9150890920022198,-1.129034247008753,-0.8716520114089351,-1.6173003343249073,0.951695203491307,-0.5085129301070435,1.6567587874332315,-1.7822326178280483,-0.02722586658973378,-1.2179508746499057,-0.1982691402526027,0.16921693711200894
-0.96802212811178,0.40919070888558606,0.4265221642028286,0.57110569179605,0.04878213469099997,0.19022628386112383,-0.09353851946780392,0.24999986238681454,-0.3007639547249524,-0.528483933272664,-0.21115722829059824,-1.2330924236522616,0.7121714128875639,-0.2219374244118825,-0.5355272637465786,-0.02454205261241383,0.12029324702156333,0.11842491077951034,-0.7168311986921427,0.3135332094729129
-0.04553432948621021,-1.2486520508011654,-1.4888304841099471,-1.0008132510170085,-0.5459767896037415,-0.10352031045787627,0.24935804917281834,-0.5038143659720633,0.4466078314945409,0.16347423723704496,0.3363039728781858,0.34975804106558767,-1.3492787494815452,-0.6613117739038334,-0.16960074998936628,-0.4216327256557709,0.7888063902530853,-0.8184480114286301,1.4034769953110888,0.8373248690703656
2.196878726499401,0.1139504708941577,0.6523603237416656,1.7439592564299395,-0.25412027896424466,-1.452926255558152,0.33146675357716365,1.2478657168948024,0.16755271595764948,-1.19873559219222,-0.4638214745075054,0.3196615499398092,-3.5927576228358142,0.9223492724089318,0.7767375112762548,-0.4542549975282059,0.9100316570989819,2.2444609487877125,-1.644974485572305,2.199201309645253
-0.9091508119887851,0.44185450509697366,-2.005200851045361,0.23913417820119243,0.21866437383596032,-2.147870823184454,-1.849244070710499,0.23392622582403055,-0.28750292149974627,-0.03512673971551063,0.43839744611550263,0.8098709700247899,0.6040842770286545,-1.240886520804646,-0.8001049041333983,0.9750684663000537,-1.8906343009712565,-0.3992049142146781,0.1349663593683338,0.6244808278939982
0.5093680500099743,-2.0321614144284093,-1.4041805074923066,-1.3033098942681756,-0.0793280203526134,0.7726378111889116,-0.8946143032088152,0.13053988738684158,-1.5848791995903242,-1.1736760680996374,-0.23407915366838403,-0.8153814384315109,0.21183495443065958,0.9938457583789512,1.1763432639717086,-0.2955918953987517,-0.3811615170839981,-1.0059958141561238,0.2829000065424938,-0.06873125769757163
0.18188287405556602,-0.3156569641565232,-0.41914571019951524,0.033416719721517385,-0.80099160915757,-0.6599110837052452,-0.9187486727696179,-0.15839620007231794,-0.23844477993000038,1.054258967733239,-0.1314431246274682,0.25214704305404306,1.033516994119684,-0.017065242927495308,-0.1864753760911306,-0.9201668368648177,-1.7328962696103947,-1.3396454400372095,1.2204487362160332,0.49942574099670284
-1.8486506133484886,-0.8070716738144493,-1.4987499526466193,-0.6347198144458711,-0.27227201829273295,-0.32877143208775667,0.6015331807084248,-0.2811180730354211,0.14238402946918083,0.8547467275428471,1.136927874047299,-0.9252605227732161,1.6080302181475956,-0.028056096898167352,0.01362242499099027,1.4810860938908266,-0.277031246417125,-0.2767336864709952,0.38554747437999204,-0.6417811092427509
-0.5564115861959187,-0.5322418793221136,-0.13815205099537206,-0.5336318288175846,-0.8319391612468084,0.7743357471024541,0.39050651148383786,-2.506977807788947,-2.308226403589825,0.4662951022734028,-1.4758203083867183,0.06466373022765833,1.6827039610602086,-1.129287999865144,-0.6336863459769193,-0.5025850375937004,-1.0020920445593642,-1.924769262860309,0.9020207431149933,-1.1305662866558177
-1.4962006022516998,-0.9351394083531717,-0.7199231098949189,0.4327131201196461,-1.0712501001904107,-0.9794582702634222,0.7470276657072237,-0.5274933902538932,0.5541775317149408,1.642010512214979,-0.15214838039062095,-0.8075824090777206,0.1080694971162394,0.5502847930541119,1.845051627649016,0.06229848203367342,0.38191067896083314,0.40522447636307984,0.7632485087630861,1.2930408783353737
0.36591136475993646,-0.11973964732445765,0.23428991656608783,0.22898016331351412,0.1748615772223296,-0.7907867160436773,-0.6947260421280949,1.3125689877279954,0.5928813668751503,-0.700049697507576,-0.12344563772379426,1.0328146884183484,-1.7323087347327504,-0.13660711766330055,0.6712749216619661,-1.008336704381693,-0.10008306370635142,0.7019007128238405,-0.3862312753824704,1.4703740501499227
0.04632447309273433,-2.0151662746858148,-0.19999147939702658,1.2557755678177398,0.785665470298968,-0.17898009724424463,1.4967751365733133,-2.5293410969092713,0.40404028035904116,3.2986598834591825,-0.8219060633431927,1.0714761995381443,-0.12699335539133771,1.1087355192377844,-0.12939221328192962,-1.4658695767598708,-1.5259326441877066,-1.848885242792169,3.163327282007556,0.2767623193257184
0.09006119524363008,-0.35610346303762,1.3794776785800948,0.1734874604462782,2.011725034115724,-0.020823183553395512,0.30272936636765,0.044112834491157944,-0.6489098224142503,1.29020677011443,1.875490639113206,0.8048257516148221,-0.09069464406559315,0.6608714207069694,-0.9179235844641017,0.24670917728756972,-3.001743236141596,-0.09143742944616756,0.8897974645753169,-1.0323971267615502
1.0427704946690066,-1.1928472523019626,0.7038551544660251,-0.9712737537147041,0.3506656537435169,0.6661901117716167,2.24841892721715,-1.1337398049826108,-0.6504485090165466,0.6874566913646445,-0.9216469417100958,0.02007504535018911,0.21163875187709258,0.975395685091235,0.39833247071988603,-1.2373147504420108,-0.1154131366150667,-1.431282159709366,-0.23387402816433914,-0.7189064022808638
0.38431096562905587,-0.2333609451989639,-2.1827686812035276,-0.8527602624109829,0.7852521250569406,-1.1437490544109448,0.17861980818812068,0.46974627174778144,-0.29021922273776846,-1.717647077408011,-0.008164887284040922,-2.340391632583977,-1.5644255819997406,1.5787965030598112,2.195952871968549,1.025758338986943,1.5379093572545595,1.001187310920831,-2.460022551761809,0.9460742987793869
0.31796792302884286,0.09499037818266494,0.4922773886762173,-0.33597674402003036,0.7173743056523416,0.6448752491977215,1.7808512268789496,-1.3164284824592234,-0.8903716683857996,-0.037309296006397256,1.1895431564035286,-0.48083911179201483,0.4002027051051942,-0.19204132335318838,-1.8368423860033702,-0.18132137837972295,-0.4308178199968806,-0.324402654557438,0.36716674932790216,-1.1158605215450246
-0.954739066488869,-1.3823604619026986,-1.7078796387446762,-1.3226750219753196,-0.834296766231005,0.31727659095844396,1.3665628157035588,-0.9764930905666511,-1.574705707341023,-0.08721047114400934,-1.0155238881475361,-0.19575877383842136,0.5321621738473324,-0.06594944235500823,0.0025741105330280675,0.8929547712949384,-0.1821383321153494,-1.3591233567105614,0.11797679487306369,-0.8174935713649831
-0.16940659175892717,0.9315296465575376,0.18785835402496917,0.008675564133043956,-1.8127463665443821,-0.33290712987534815,-0.8149161220717386,1.0308767252227433,0.37830711445393617,0.1959278864369056,-0.8322311377334398,-0.42066657389301043,-0.6757898923074651,-1.8891009534071763,0.40708484273004963,-1.3917825821992704,-1.1182303483146874,0.013983185348626682,0.12197789203378652,1.463249608140053
0.9703278192614806,0.4885042359297302,0.09298769770719648,1.6889734337579447,-1.5855569582104496,-0.6798582803198354,-0.2351100940076238,-0.28889012344697584,-0.515526274531214,-1.1387956001998245,-2.366957817508655,-1.8134208819134063,-0.6964317223141626,0.1269003991617152,2.918193952294069,-0.610504840888952,2.379304542218828,1.5569429837070259,-1.6535262368713768,1.9173090103673078
-0.7543657620338594,0.3149196397844516,-0.27494364467422083,0.39458910728718394,0.12984846106815687,-2.4427736115619543,0.4883467470971005,1.042230201218119,-1.4291515204049956,0.4882477038928561,0.8448818468103735,-1.5128536282947886,-1.1445153603140783,0.37813519392206685,0.6546290097954738,0.15723630907092292,1.1502878482456766,2.1454257076786303,-2.3912814813078342,1.456980463076021
1.279363250319697,-0.1576329428096787,-0.1704652733047962,-0.8780093638051981,-0.1045318215603431,1.1970518340196539,-1.041625012848719,0.20400477900732938,0.5270896837714945,-0.34733009588811287,0.043220605988620424,1.0432029235780826,0.19090638255773143,0.6108896201250608,-1.7778236615496852,0.3475157055298743,-0.9144410696818124,-1.7272440809910947,0.6909930711557996,-1.1075300059302475
0.29816252540426735,-1.7029870846076782,0.6792961719376138,0.14118208810248317,-0.3872895138760771,0.8784333749762467,1.5185360142915016,0.039984265143498184,-0.8308527875577685,-0.40204685963134135,1.4788378853881696,-0.9768159353499697,-0.25633517991403953,1.175197867148654,0.9246766239602398,-0.18909663006409155,0.555290150987628,-0.05868755575811059,0.12461559837859389,-0.6668075432235551
0.5166977231747383,0.4504684703855096,0.0288566677173726,-0.46326461233990174,1.0171287861223794,-0.7207384463937415,0.3778315944119682,-0.6360449533595008,-0.7268607055536175,-0.19253847806429802,-0.9369826616494619,-1.7836675934869086,-0.7747601710024148,-1.23731276745787,1.133688665005452,-0.5952517470094151,-0.3606355553790271,1.557361393658751,-0.7095532054095464,0.5690525550808639
-1.809972198839158,0.39232895942549967,-2.0107321376970346,-0.6556851589965215,-1.0216623532299192,-0.6896166864513323,-1.7461706728435598,-0.6767323526109645,-1.0371366615025832,-1.2944031711129138,-1.0787063777778203,-0.0788360267247483,-0.6321807011031857,-3.039362101280037,-0.07119128957103647,2.3533351939638565,0.8026787209069494,0.8574668129844879,-0.7969167251751035,-0.5751435271081079
-0.22962679993158772,-0.7456546098489867,-0.08069989373487124,0.17439654642881458,0.8301818081578639,-0.3305794098007767,-0.024082031730664578,-0.25148720799488616,-1.1501343148576189,-0.1450249051707632,-0.12069715790856379,1.1095973854036463,-0.4413608847829518,0.7726241909378051,-0.01675409862267973,-0.3935964679054183,-2.301464985174407,0.03295241668673357,0.15660885101278396,-0.4335279092345182
0.7018345356246511,0.5814525381656658,-0.6554096766297501,0.591003924730335,-0.4675030644974549,0.7674081507856756,0.23216674699021406,-2.4901973100173405,-2.4537783171319374,-0.8677106583422339,-0.1815791594057988,-1.1148346789309223,-0.4924587369459686,0.22979374705617767,0.6594346790788395,0.11102519250563563,-0.5237548020017416,-1.0828950933739572,0.49877490288448045,-0.7622270725907218
-0.2941283187318004,-0.6760386330350044,0.8942503822279569,-0.20243275236372346,-1.422586926726011,1.2367755498298554,0.6760809267442489,-1.7969227966036112,-2.1040742022184205,-0.6078703120648277,-1.4782674958591782,-0.4517922237063765,1.7551452187681431,0.5975246056598423,0.8730362075258414,-1.4082384283389267,1.2553404510600523,-0.5923209285750397,0.0413490947719364,-0.3443379619246779
-1.5234463522783188,1.0349118752041722,0.17144242590747105,0.14395263804281008,-0.7749488052272447,0.6936410365988006,-0.7439720439100217,0.219902144442601,-0.05179259626096371,-2.48304541636234,-0.37858682993788034,0.0676283392689223,0.9263957968311117,-0.35495411971498775,-0.42774960196403283,0.6297506057211962,-0.4949201867739782,-0.4421576863648727,-1.0822442285224563,-0.3392645059464544
-1.7886292502372194,-0.7750931260324944,-1.8587779729966714,0.650631238467576,0.2515736489970503,-0.12975796800437944,-0.4484028755412842,-1.0265509814818077,1.6268321648788584,-0.6261027824827926,-0.10372790984281918,-0.4434424697495836,-1.543402661106807,-0.07407360606977964,0.12025950194518698,0.6361809386331002,0.3911326326701406,0.6594066531597647,1.246123122422147,0.35948730767004383
0.15590518723086355,-0.5259985820681642,-0.8933441511162414,0.25961847579748676,0.6645961223740698,-0.37981137901490064,0.2662233034945619,1.032551088108776,-0.05079630621472931,0.09783679716559066,1.1357872484882428,-0.9232618917168217,-1.0897402401934106,0.6716098374005284,0.9317747343839649,-0.39885352424337983,-0.949528485838108,0.4377722036338234,0.2898054912712758,1.5562004970212475
-1.0397991529104378,-1.067675359943851,1.1147454159345593,0.10039556261274821,-0.19378614387984652,-1.2723024817249005,-1.8426867294132752,0.5499648114466399,-1.5305236754590632,-1.6366542195604594,-1.0627401938884233,0.4269707516699879,-0.7483982679755797,0.5557620221581124,1.167889302164516,-1.4140110344761296,1.3487086309271217,1.104474262649631,-2.3925007661686024,1.0994651726734737
0.9381089610008664,0.5676201880354472,0.7327322817133669,-0.3425458556227526,-0.45090657339945966,0.34796941664904074,-0.816200748612399,-0.47980139135620004,2.2887433698248016,1.285333562702375,-1.4558296271831332,2.435455015765223,2.031404705673547,-1.0478438932684653,-1.2977179576543192,-1.2304785317726759,-0.30612860877596615,-0.01816967633551703,1.7285567908964266,0.03340241713392881
0.055485061816304644,-0.7185161064012049,-1.0192820804652973,-0.861693972595174,0.7676773632844227,-0.1301753547544607,1.0586875659795159,0.31150531235879625,1.0063497190880346,0.03701179293478337,1.0179295844586604,-1.0860201762452306,-0.6696481367814395,0.15002391625381623,0.4258016264509242,0.6488279878436617,0.9459219223118155,1.4483600290540566,-0.016440691165085976,-0.1535720065954423
0.8842795918904911,-1.4875003450373452,-0.613734169139866,0.41748062372132627,0.6762719109697362,-0.7223674820622612,1.856422398351429,-1.3480098052503895,-0.8048490830728069,-0.5744140184505554,-1.6297871889110154,-0.2257301274185013,-1.5073154512044578,0.7788653216955813,0.8743698173478661,-0.3226164426185953,1.1851321804176795,0.06797926041345148,-0.7951588941440535,0.4681869742595364
-0.707208931829385,0.9749874559269167,0.2942501225655407,1.502353816318068,-0.5824079590933003,-1.3337400710733054,-1.0228948444111967,0.17755846739334494,-0.1710698618940089,-0.6027829801121722,-0.0948503452605063,-1.0578405633914765,0.016576886998137964,-2.1399474638759726,0.4150490887789637,0.8782643448163499,0.25638756476171737,-0.045122995243541034,-2.039904020274203,0.24568110783897826
2.4553764700936362,1.142897185387312,0.8873278061484368,0.3862578343131651,-1.9730502558833949,1.3122567377121601,0.7015497947450597,0.9697394436344946,1.214426756124896,0.15458145511607393,0.01966687236351401,-1.0723830421499982,2.0693363704724184,-0.18302848353589693,0.14073917924139523,-1.3688014702485103,0.07982004350059071,-1.6324129861308565,0.22286754091568656,0.9612107943360431
0.8602471458724976,-1.0089069178894905,0.9916859763036232,-2.674836511111978,0.28338349788229017,3.0793008995891773,0.5950784977399908,-0.11753168378769255,1.2315448677100649,-0.8745181843537305,-0.7240660267345278,-0.6222672599480503,-1.0136058244467758,1.6259851346795733,1.2849048642586562,-1.528347973387127,1.6871695458483058,-0.48075023334273337,1.1401435394994435,-0.6451815292115844
2.017704418048684,-0.2197995629134697,1.0342472176272615,-0.6830107237871339,1.3023957651155478,-0.774139287188799,1.0591529364558376,-0.3582315302563899,-1.2906038808383096,0.31852127532797064,-0.04198788556685776,0.8627965820222531,-1.1419143076735183,0.4298803214957618,-0.31602637265739714,0.030628517359854085,-0.44901597772230367,1.0111259971484123,-1.15914733002028,-1.0104470286683715
-1.0485952560539695,-0.05483674530835028,-1.6445184998851081,0.5486194109386943,-0.6084307850900417,-0.04856811384644997,-0.7163446390424508,-0.9077240644714721,-0.9980768054164038,-0.9038308381146661,-0.5574053114179834,-1.8829552279892765,-1.1620606849165318,0.3156494354556167,0.7976562858456586,0.5896207486187816,0.05812136015781223,-1.7138629390834745,-0.3217723372607952,0.24775966394282484
0.10824865246258142,-1.6309905582288606,-0.7616308420957978,-2.437961782271128,0.1707266913415386,0.6782051835575922,-0.07497041163099885,0.2176142192448815,0.06008785357753244,-0.9717143354155682,0.5417848673256547,0.3016666919490184,0.18289101767103574,0.09013515463235716,-0.5179706409665007,1.1350025462634137,0.7365258668364189,0.030345752356545578,-0.30318259167290046,-1.3543873838188052
0.9223718618788762,-0.7561812190726768,-0.9681095225848055,1.055881924334051,-0.32472464744924107,0.25975025569270427,0.5191754589678887,0.7669745632792213,0.8478245742650593,1.3335260714148442,-0.34437323238712814,-0.04909156773374413,-0.282501473643589,1.5913687168001753,0.06462716145150724,-0.6442702460057909,1.122919478531232,-0.5469877121072858,1.599550126522778,1.7940397764273768
-0.6001263879738418,-0.9119237824016391,-0.8765158345253783,-0.48256214774221906,-0.9541104323767483,-0.1988395480861019,1.7641765980848458,-0.01113828813796543,2.2947603886174157,-0.18994737955134178,0.3786625829918305,1.0425158853688006,-0.8786996038630432,-0.8251567031355993,0.7361247836370911,-0.19873724612449042,0.7894073007264792,0.631817842166912,0.5773139180587865,0.9486174635578181
0.7065733172103931,0.10007177164456282,0.01730162106272674,1.359039459346837,-1.618212024734408,0.9638497398113232,-1.0667786205854346,0.19910075544275907,1.2497524527078212,-0.9163180776349713,1.2381628475020159,1.6821614192785301,0.17137783426116174,-0.7742575794203727,-0.46733266734187495,0.15932303460803116,0.4235932756212074,-0.8434044431065142,1.031409233432299,-0.04930125305856711
1.6790394634084278,0.4277788209907464,-2.114491443131587,-1.0716925381758202,1.1168792986005134,-0.254517956372155,0.07046809973282585,0.4103745663444152,-0.6926133708036797,0.1498830154754538,1.640181429397413,0.7875195803334172,-0.8180789130681178,0.17973493957324094,-1.0626602562560439,2.301194534047822,0.6019970015242887,-0.7563437608737583,0.04009176198633666,-0.8775359876440221
-0.954039525280941,1.4197424173998794,0.6483451616859212,-0.4564771025132284,-0.5624102364662302,-0.2540143198455993,-0.3532898737009479,-0.3123530762630699,-1.4385888050469349,-0.5864820090589232,-2.196623103960267,-0.6825881890756785,-0.22344087047461503,-0.4433833502972337,-0.273343934833687,0.6635951683936434,1.748561927662196,0.49533874305750275,-2.404005408490635,-0.83895211798388
0.5469867353949297,-1.1666940696689612,0.6633388774491797,0.5746814563462426,0.7580231579195974,0.9493766933217141,0.18360696920743755,-1.0059617672607477,0.438429348433503,-0.18071044316558638,-0.05591709425023419,-0.8071938046934027,-2.1581059727549152,1.4447021802996918,0.4200677203340923,-0.44349189805056827,-0.27330398865882466,1.0770610735282613,0.7307456213331873,-0.09158269622582858
0.6373390738897531,-2.3335198944302147,-0.16773572234545164,-1.9656058813849235,2.004935604515825,1.1594891422732365,0.44576784441332623,0.7203803517560493,0.16622792567601746,0.0056036217057284475,-0.4318966044891773,0.9346395969989596,-1.361059316491673,1.526791506674376,1.1517247447606391,-0.2692876679140795,-0.6885648996754344,0.2880832306584566,1.1745196236244602,-0.4723687016591627
-1.7622323852821005,1.012298473191816,-1.7262388163044933,1.2146938652034323,-1.35320131391624,-0.28166970014707765,-0.17633221931685483,-0.8984898342606583,-1.943319617125602,-2.347434101948585,-0.08658263900223769,1.234243708553472,-0.16623672514083224,-2.245432922392117,-2.444353015861687,3.1759005086116874,0.4847997276035502,-0.7744414174204962,-1.6984470455235374,-1.1821104440858372
0.5769950456857187,-0.012470664326454458,-0.0005632317115055035,-0.24351062960454756,-0.7000838182709012,-1.774546011286415,0.5075425837418406,-1.0568838472235684,-1.8428914682479283,0.23422031826204,-2.8604030086606254,-1.3660095365148552,0.40998331405607225,0.17975565248570452,1.8354381145114895,-1.8642772658005118,-0.42887704102548313,1.110628739789957,-0.7696805361652403,1.5940859693257998
0.8507968817677044,-0.4935614960626109,0.036012648563831594,-0.7640604130616442,0.4428048891911701,0.04712696327993993,-0.2212328951134863,-0.02265584265311368,1.4873091702894532,1.7420941670868415,-1.0999387886985728,-0.5244456003186325,-0.09576155436166163,0.7860081136194436,0.6273658012942401,-0.4084709687332391,0.6715051576586808,-0.6256550274472994,0.5061956109170874,-0.006629143144512145
2.535018630204859,-0.87152010199933,0.8788463090047637,-0.3077584903671541,0.7952027882807078,0.6586692053505934,1.4052704871252404,-0.698398622483715,-0.3670013930120461,-0.545692010224723,-0.38214331923950534,1.092458212650983,-2.196597498049653,-0.10543144948049459,-1.1490525678424792,-0.21720168272935994,-0.18054125126417156,0.39768266585038053,-0.25312609221250165,-1.0561104387995277
0.16439240369242145,0.9470799650566832,0.5359143420209111,-1.5716572935307263,1.23671355377567,1.0592067631465143,0.11142907811719459,-1.0542383915486024,-0.4988679994497425,0.5412050703462732,-1.6941576171213697,1.1930455189989002,1.1640403982725325,0.3891368192782571,-0.8606681108520188,-1.070867543889049,-2.2866589809246944,-1.1712488969916912,1.7136804505320726,-0.6729330964627825
-1.178853061959848,0.39101626989938226,1.165111794227046,0.2476035380137783,-0.22772194074360289,-0.6964650857990081,-0.16858679383669423,-0.32587196454455236,0.5248621549529594,1.550700944509206,1.455726760744403,0.46571287860381433,0.8356428064145908,-1.2759432361897745,-1.1813099585025228,-0.6475230765412403,-0.8636122258553195,0.6404919665692924,0.2903140143560379,-0.17193716673877713
