X1,X2,X3,X4,X5,X6,X7,X8,X9,X10,X11,X12,X13,X14,X15,X16,X17,X18,X19,X20
-0.30891032382631384,-0.9652291555282044,-0.7754284388008252,-0.5271087025729653,-0.987905550047268,-0.457243035165676,0.7482235201564927,-1.109182972771869,0.8616083728232338,1.0381863507242208,-0.34550567964840906,0.12580341308735968,-0.31971440345235635,-0.9647365385430211,0.18680837653065505,0.6159962864066572,-0.9247929248494393,0.07805765179732974,-0.8863346035186939,0.3953786054982103
-1.3752796095863837,-0.7460952146798496,0.6740144667075868,-1.5391510909136297,0.17830678699875252,-1.3188120038412543,0.5986025268028251,-0.7610928963078945,0.24676318340448306,-0.2816782413197342,0.0283250932015888,-0.21757254273126966,1.4248775151950734,1.2319989777928448,-1.9456585934714716,1.3256859322645864,0.2676298822033384,0.45843743876849263,1.5541249649941797,-0.04336251005826655
1.624508788722071,1.7562146083688621,0.7584574388977547,0.9600797494896031,0.5280868059087337,0.4370417945990928,1.1550723849353937,-1.6267719967971777,0.574044192407638,-0.6980224180481335,0.4663070397729896,-0.93064570143898,1.8752262358266027,0.5642859004569165,-0.6452284404222136,-1.022469799755743,2.298778186446216,0.1510433919072308,-1.2211690682155083,0.22230799785079236
1.0414225651587221,-0.1526174091414703,0.717810421681048,-1.8509146540135046,0.18710309617210866,-1.1353819326358525,-1.340885310804997,1.06451349696129,0.02717991541734669,-0.0022216068412132784,-0.6228574274735003,0.9708096601918322,-0.3922530194113698,-0.8706900211205565,0.9432942839871892,-0.8309384993098085,0.1988742434176787,1.1966174278253712,0.948900453969378,-2.1255095492190184
-0.573931979249407,1.2901663093831035,-1.4094213671729887,0.11015191247019084,-0.048137443310742024,0.47678618755012514,-1.110171892085092,-0.7265664882163773,0.6559912647298761,0.3613161397343568,2.1810719686204516,-1.9130607530538206,0.17198197573587634,-1.1279542877852329,-0.4486259741617499,-0.3789828663553278,-0.3169325713430657,1.385615203658867,-0.4027762265952465,-0.5515076309973315
-0.34589680172130094,-0.579384002852805,-0.922231498718294,0.010729806872189777,0.16299427520410412,-1.7732120679695826,0.7508159179800029,-1.1284076277314024,1.260681439894557,0.7610523615877507,-0.23351878377917304,0.5603732326499595,0.23394777535920755,0.07557629236803826,1.730631509373541,-0.40144909715401683,-1.1406086740243864,1.4485245883419942,-1.0046156326695694,-1.178100413061768
-1.1133590564969376,-0.5016036780698954,0.5850762715586305,-1.552918590576997,0.8748409274521941,2.089213392750167,-0.5248682237892917,0.20688062126182322,-1.3736509961760912,1.1648435763528768,1.0332826459713798,0.2354883697958917,0.8538334576363983,-0.3025055940096366,-1.6230978410071455,-1.4714093653349904,-0.12022363190959003,0.8598340407334818,-0.5282233104406661,0.08979630457136338
0.08417705094126723,1.1328328495498192,0.011148445105242565,-0.5432074228058597,-0.6333752310401687,-0.14171552255517242,1.8557778784063468,-0.7966222206138444,1.2401328823467166,-0.3223079694530333,-0.3973682620793476,-0.96231473052299,-0.7576251817869935,-0.05850286386258309,-0.7213624278096685,0.4466534984707586,0.3767584238317247,-0.6311882825352049,1.605053491646088,-0.75268545211189
0.15927957987115451,-0.6922516596210536,0.4342848789160679,-0.5499608997518366,-1.9600365214422708,-2.037110550978046,-0.03896743518046303,-1.4478987416291793,-0.8041825398124106,-0.6073274293124428,-0.808665620516107,0.6479518381583033,-0.6407949411003051,0.3799556874161818,1.1695822597996348,2.4036145391454427,0.22322348709567946,-0.32720927307836045,-2.120459067152497,2.060018200531964
-0.1385918716164105,-0.2817818230925014,0.9366856539453471,1.1456668032095991,1.5919757337515745,0.4042604811449356,0.20583764412007197,-1.3593034979367535,0.267767903143093,1.0468912124921612,1.116678077369992,0.017106588408849287,-0.1051938969740926,0.20238673519963812,-1.0387833324876754,-1.3788246382209708,-0.42354957386516134,0.46406435873567703,0.4718316306620356,-1.3497416793510655
1.2666567080135256,-0.8888059719035486,-0.3485353629646947,0.3421024751366103,-0.926865510737863,1.3511347159920883,0.43288253702244234,0.6441673056529138,-0.09317841427703723,0.9408149753140345,-0.26897534760708197,-0.623563775455959,0.5323689636591071,-1.5431873452821547,-0.2974991153071509,0.29411242372441376,-0.2967893896644633,-1.3792476078591847,0.8737765637097616,-0.08220815608435127
-0.31563526894337307,-0.12606750370915684,0.8034175733815366,-0.640910122132736,0.36297067763483676,-0.2788814984734608,-0.048324143588920766,-0.39704355566454635,-1.2553694368230228,-0.44185606206412253,0.0751144123594022,0.5160920171935756,0.1017022134048954,0.6548946928119714,0.31074226742244143,0.45077512853673296,-0.47551783329978614,0.022303583498569306,-0.45085124287689166,0.6747012321455732
0.3750681903431462,1.0549338793607124,-0.4782162819007934,0.9808127069032699,-0.3135899161501828,1.0780335184808618,-1.3480208877228295,0.9156581932828745,0.8028276528815373,1.051083449920383,1.3883924919566537,-0.6542821606180131,-0.6252256994867516,-0.8759843216510169,0.9602589159260587,-0.007674703677150342,-0.697927100012146,-0.37304016378683086,-0.34319505235304854,0.3222832097920824
0.19718239828150633,-0.3812196433028456,-1.9078057752163913,1.0927848425359439,1.2283788266752296,0.17331520058490354,0.013337268066802063,0.5322539439731887,-0.2073210037298555,-0.3783240338974693,-1.00736909328633,0.4940967281351231,-1.6390274396471503,-0.3889350159275648,1.3795486594117747,-1.100869860018088,-2.2711345084138865,0.2345763258699707,0.3316465136571462,-1.3004115873643265
0.0876286195429766,-0.956189258346397,-0.6572468726616699,0.17602751997185193,-0.32268688627380127,0.618727170027632,-0.0582789945875853,-0.6215443981558416,0.43844361885964206,1.4941488103613674,0.19147947548610708,0.34517251984776265,0.8255339581270935,-0.4860379205473653,-0.9139080360971217,-0.7656005320719074,0.11388372013669655,0.7924260372212025,-1.4073539996791349,0.3636423562986337
0.420302379207921,0.1741286762450385,-0.06581426522125663,0.4311116052791453,-0.022931730639903974,0.49919480018154694,0.1564474676233212,-0.22159694196851362,-1.2612437018564886,-0.9535641028588531,-1.7825349303436335,-0.20599376819844603,-0.514225557387722,0.2495587795247604,0.7810152861807113,0.5212369604516341,-1.792364638537654,-1.2549434736442042,-0.3545505852781992,0.5016420527286419
0.06643682619308114,-0.174757551301473,-0.06511860684072175,-0.1305580993546857,-0.31063451834368555,1.0036130069321758,0.5918521047118589,-0.36150237869978613,1.3746703114055472,-0.7968169026390706,0.19443079436315738,-1.608657857999538,-0.15339041922348695,0.7711353598098435,0.51236463245014,-0.4699176831411646,0.6766962862205559,-0.23997372727097827,0.1706538933614768,-0.9475943695484199
1.392067130723345,0.05870910831217931,-2.454605376487766,1.204955629821289,-0.3696729686707966,1.9231934543680425,-0.37514943866134864,-0.10671516340551457,-0.15120800531718442,0.3046129032934976,-1.465966527658924,-0.9882551413794338,-0.10275713749850623,-2.091346210836182,0.3129005877087141,-1.310003183882064,-0.7761707422675372,0.0495715309800538,-0.7424398404778652,-0.4814251649544984
-0.8297526104901021,2.4742134888546397,-1.0589782778498278,-0.4461383762196642,-0.44570137011459743,-0.9031442935856797,2.0477551911894287,-0.29937141410591767,-0.4316541452790434,-0.3741696743876148,-1.1976193692208932,0.4606761915178824,-0.5104410847380872,0.18495305057126274,-1.4612074155814316,0.408356157096791,-0.34312973684026943,-0.09928033218428813,0.1486035953569794,0.6895783709308381
-0.7367176866948242,-0.6186529916582952,-0.34496479022109366,0.31580812688513094,1.6097460651775575,-1.557028175238009,0.016395904714145943,1.796516688655121,0.006492002673097936,-0.11230738642646396,1.4813992624841497,1.309972606430667,-0.08734899357029231,0.6467257567509247,0.48606832444784687,-0.8649620279092722,1.41062683038778,1.4084342735078108,0.23780363332735885,-0.08379296337933682
0.6000211916841378,0.0005996319687522602,1.3387826177903657,0.03515949021643332,-0.4162533543078053,-1.0901838679648022,0.6248038051497828,0.34976861848698554,-1.0437372579980695,0.13231875882962843,-0.07542179999755157,0.14975506659694465,-0.5741175443696944,-0.0807763735345038,0.29113528593558974,1.7979156693577294,-1.1664141538271298,-1.6062620375885184,-0.3647377790617502,1.4254455928067347
-1.3743130482077606,0.693573379704655,-0.9515584134798906,1.8326754745015512,0.9725591901798443,-1.2017104381438215,1.655144437504311,-2.4564996281415667,1.6703961325341323,2.2262703727041946,1.148971739916656,1.6586559962935803,0.3148889735865764,0.6316598355125808,-1.444459957127694,-0.6734576038259483,-0.37165543447816757,1.127426032628054,-1.7772519292806008,0.826494021905898
-0.6905072091989167,-0.6955870409904898,1.2149923191803338,-0.794299869285934,-0.27985212598447,-1.7776043026327435,0.7496396239977869,0.2323306243456335,1.1515215160171388,0.20821043872699802,-0.6619486354312717,1.3868901465645855,-1.555248201334187,1.233892234036217,0.2966020371795366,1.387318021451496,0.19577466391901807,-0.6566514541510281,0.8389543915033355,0.37902111595019367
1.2965526806963745,0.12932202636941573,-0.43448018143602213,0.5233979413324911,-1.5032736358381953,-0.5065554160149232,0.686913082724077,-0.0743433189014983,-0.1228993604627413,0.33519602020831274,-2.4585458895119827,1.0899963834246926,-0.05840282403854041,-0.890495996121297,-0.390799126543772,0.8025091736491913,0.37531827024910475,-1.0138590771927944,0.16047140156394735,0.6901074366002881
0.0613501375024513,-1.3720900070314936,1.2813025561409503,-0.03865597793227159,1.2175108584451388,0.33537070415378206,1.7777619062588472,-1.1032937675185095,-0.47633469428888947,0.7757948231340271,-0.42200761742904747,0.9441572678598095,-1.6933542841725424,-0.04855953071930727,0.3066929259196288,-1.7274055191782314,-1.125540466839604,-0.13610911987925198,-0.7526424143915751,-0.9396118529127951
-2.1513071140398816,-0.7092773883132371,0.4996285207371594,-0.8224263225538764,0.8601743886193683,0.40190757160580587,0.5391783965448428,-0.5916937410255623,0.19632760363368346,0.13263823739325567,1.8624510426865866,-0.9613570837544678,1.5969469584441964,2.2523435442771147,0.056392307831385644,-0.6873023289661782,1.6660908337453078,1.3892351133810275,-1.6529926577952945,0.9575880990153058
0.20263919871179223,1.7733429630757824,1.0893306084870211,-0.7548344688065489,-0.380715159951309,0.1926330478977446,-0.7572751717088883,-1.2267294557024502,0.16320362120377524,0.49009706654068647,-0.8434480126455018,0.7018688737003824,-0.5270128627451983,0.2732382657808788,0.2843666051869849,0.06766770358804476,-0.4196292145200874,0.12664013641018623,-1.17797154518849,0.4525984443289432
-0.5295465965176224,0.358532686112383,-0.3622709695818844,0.6012256427232398,1.4704937277046912,1.976139644084764,-0.6808083304578623,1.795068858682895,0.5228067780757348,0.06052921258440524,-0.5241083470479533,-0.8667472955982019,-1.3009540277445197,-0.09754320444267157,1.0075243579010267,-1.705634258334137,-0.9865017869843052,-0.5651868730365766,0.9174720205423347,-1.013475179996555
0.644702870982052,-0.13080219991643657,-0.021534437438683853,0.6156530370321618,-1.3342976255661725,-0.7344337768100357,0.6389151695142363,0.3524590329026015,1.0037374028117725,0.7821348293501191,-0.2865097706050566,0.2174868479677542,-0.8920286632605654,-0.9260962756751369,-0.3990887594466363,1.838089053851229,-0.6693676434171891,-1.8638305318663917,1.0048934771140552,0.6775643119983144
-0.2317116736030322,0.8513331965741467,0.6668609180639172,1.3993814162389155,0.9439332663710467,0.4158445309945533,-1.6664909077658985,0.9215072110248095,-1.6270855364504022,-1.178079847823059,0.23890492048663436,-0.4934275963107526,-0.16820553228574603,0.612239158360352,0.14834791467506261,0.3276808882959573,-0.21970583170072494,-0.6696751485581257,1.1516476910787388,-0.011692443619339802
-0.5715192230211377,0.060088982885866754,0.3113363798320897,0.829453706324231,-0.27981659483680194,-1.7930506575850276,-0.2653241722980291,0.02112485633202035,-0.42828341991194585,-1.225446177474188,-0.8283862134802396,0.3526621623225711,1.9519438285950974,1.84290229614013,-0.12294706930704895,1.4003863289414007,2.452730496667248,-0.056148505038007265,-0.3144280311831139,1.7025012815588016
0.8771703896386644,-0.028471537619337045,-1.974991373313215,-0.747585038573721,-1.6878240906774784,-1.123514618016897,0.31814641034930363,-0.5630323434623156,1.65214842087439,0.2990296386155715,-1.8610159784856095,0.2086110142051005,0.7810858025952754,-1.8741548277972122,-0.7903793070121771,-0.14203388361107916,0.9066611704420565,1.2010445064090596,0.15028936458791195,-0.8893708718787375
-0.9747732152708698,-1.37580359921188,-0.3330918414716483,-1.9045272923155312,0.00047775974508491447,-0.6444473459887583,-0.004482631499089078,0.4360544642183009,1.303010607577825,1.3889762066277982,-0.211642606969908,1.2063185748047338,0.21812679239053961,-0.8374221088651125,-0.8293033925500647,-0.17712844350797496,-1.5159076135165124,1.0644128577735,0.32546110778474324,-0.4952980332867323
0.2323323309353363,-1.4936586232994544,-0.8299199823858312,0.4438316616832942,-0.4965300073177056,0.7815445854580628,0.5686849893259388,-0.39217198620176413,-0.2311310664537155,0.9313249814265309,-0.908422141544705,-0.3525832917204223,1.022781770962753,-0.6732194222936699,0.19328057080775665,-0.8497876009803319,1.0378581252932353,0.22615952985305743,-2.1871598184838996,1.2167735688944876
-0.32294040830241727,-0.7568852886853552,0.9088183481692351,0.31382147848061637,0.3052202310115937,-1.279485121266879,-0.29045197044041815,0.3736232957041412,-0.689394811204647,0.1751973910464326,1.2296893703292984,1.7264100656143868,1.765224701638297,1.06678600598014,-0.38729264394038304,0.8927604319230309,0.9112782728154262,0.490610143150202,-0.05077365876217079,1.187698093042269
0.7131615437852158,0.6121175736482177,-0.11740760469874102,0.4826926212641471,-0.1616606831397227,-0.3765103139582834,0.457426510704521,1.1165890040199788,-0.3823895929633554,-0.6186246826435537,-0.8902372089234573,-0.07214127279200444,-0.8031833624255114,0.038231515925667335,0.7404917947103368,0.5004411349661159,-0.11575537562392202,-1.250303571309816,0.07875638829233153,0.3560715269593161
-1.3480818362158657,-1.2549454035662537,0.8923798334026828,-0.7828022967597404,-0.012571237802690835,-0.9272069374394843,-1.5432149749439645,-0.012460889140888366,1.0381797819445855,0.3638743725694669,0.45925723971897414,0.7582931105623042,-0.32853190016732786,1.493188277890894,1.6515723112266836,1.0100367681027416,-0.16977554123859934,0.668284399168482,-1.0148225784314646,0.8522098371184226
0.06444898466283284,2.681476709159906,2.80622836240104,-0.4616460610950959,1.6102242861354017,0.010783188401650923,-1.117442564442838,0.7670772645798671,-1.0018600845748222,-0.04412643457855865,-0.7540201134599241,1.4428625491042786,-0.798074936574947,1.3780358850570504,-1.5651799727380442,0.153950845000141,-1.4365364323556822,-1.1136743407894016,1.3455400216181306,-0.0635476895640526
0.5812267594622423,-0.3333881721556085,0.6535530302829557,-0.6265900694681255,-0.14135433931508276,2.144210297829283,-0.674448689537788,-1.1709013665758732,-0.37563119084561813,-0.08688249352732082,0.8100310125885106,-1.1871873209040316,0.7026739976370371,-0.07241787554102987,0.27496011314876234,-1.2796733580633934,-0.6462972452509039,0.7120189302182949,-1.260352015033016,-0.9148954522424103
-1.7911540482435455,0.132572830577039,-0.43383073526160104,-0.713952170145754,-0.8497891160551073,1.5780891503827468,-1.2491641478826616,0.7620607094121425,-2.753176309586262,-1.0762614107654451,0.8070424234910424,-0.753578052610829,0.368887749410897,0.5783121678410661,-0.9101231212728945,0.7833066339283077,0.4766325976303167,-0.1128112370613821,-0.261535225323484,1.8310979532891174
0.05262173040638001,1.2453316471769655,0.2937090835764456,-0.45203581900364115,0.3490416991497425,2.7579482401987887,0.4897089490706322,0.8013907055450923,-2.641591395458653,-1.080320262567357,0.6456833790339922,-1.7578427242183712,0.29795121565374516,-1.2279854926284166,0.2845482857503122,-1.0750570375112591,-1.0025737646738835,-1.0947976593194413,-1.4082761693624024,1.1468045232352362
-1.4336106509331181,0.5333777191355938,0.09400543078072016,1.1080522833319717,1.8219281329546777,-0.9706555135437642,0.3963339160804522,0.20601640123342507,-1.1145292780995906,-0.6664053262515622,0.4626091826345218,1.668628349843516,1.277027526657942,0.9124597438534244,-1.0764931194744984,-0.5928741416229687,0.6098210219420299,0.6142510710626439,-0.5801744999672678,1.4332469664322118
0.06773635690696271,-0.4306361710256859,1.2153041513745404,-0.8229262231232114,0.45852947024227064,2.8111302046374926,0.5079376177918755,-0.1740214455404064,-0.2815270455143304,-0.4597400458186102,-0.7980146429167889,-1.1566752916119842,1.4409589988984253,0.265877483523937,-0.23280020535512375,-2.3609307626921856,1.0963992359454782,0.09574414945312036,-0.8489506613419455,-0.5773902975380159
-1.8421120298096898,1.6212424187583696,0.5488749092315878,1.0696368197254273,1.385774425182725,-1.4607900632391502,0.4573578038790007,-1.110456532889703,2.0854438561374367,0.5476381664580646,-0.6534636134754856,-0.2942785146293602,-0.5061153719644951,1.8324259234978963,0.5196302563955081,0.5547335303308725,-0.9412629139605053,-0.14269844006151755,0.39498040771961734,0.052136867997516
0.20491061675688085,-0.7239512009141209,-0.043355269455776495,0.04824595817188485,0.8688975617543601,-0.5620434894777669,-1.4556796132742527,0.1427677974855684,0.1577358043502549,0.5595761547673885,-1.740692222746596,2.0938352410809666,1.5861461960646885,0.2811928213902243,-0.4831059061795571,-1.0694843458551833,0.32726890527720826,1.5948071947805285,-0.23874901719877414,-0.4395936498007401
0.11784994403906593,-0.5318694952355844,-0.2748626942950622,1.0333519471887784,0.21011454107699643,-1.1972313562536299,1.1961285708975014,-1.5526317414351822,1.9524878076323071,2.519568877655102,1.9321649950858792,-0.6358144742827677,-0.06600374569849476,-1.272093922479578,0.848606410406927,-0.13365048075521782,-0.9934827194597955,0.14094462882558967,-1.5276632357506867,-0.08353186414688321
-1.8313839578360276,-0.33901567850526015,2.35745297106808,-0.6038663184078555,0.44465469158133253,0.5255382293662592,-0.061167727865609305,0.5454667036776351,-1.5787786857860804,-1.4840978715436421,0.09894174043914246,-0.37714512753481344,-1.000153976856532,3.5705530249725133,1.9654132492110858,1.306885869708041,-0.7232671278529201,-1.4008803746423706,-1.2120425649457864,1.9110432103964716
-0.3535718462733812,-0.18988899028211081,0.8260520620248182,0.49406477632947443,1.3882243470818163,-1.1074088435077531,1.4220067563590977,-0.15814272005721408,1.252626583018978,1.9951279900232632,1.956174413411799,1.613965327701923,0.23780402729980446,0.4165070978436707,-0.5873138571500075,-0.764786567336719,-0.12921697283830746,0.5502879344464782,0.8196649073815666,-0.8880395287918984
-0.3668938036085244,1.1456418023182957,-2.033964406569243,-0.3712526949829555,-0.5637041026961419,1.724371845453022,1.175783903826698,0.3361327065472922,-0.9915667360246079,-0.485275891035421,0.31096529426042796,-1.9320205959116223,-0.41535302858044704,-2.4987766317055753,-0.2429752175334524,-1.5716122370214436,0.5198667490999753,0.17345650461610607,0.24512233892615087,-0.9192231743003821
0.6638337940399389,-0.16958032732144274,-1.0080501534840658,0.9514715116206829,-1.7960099376272134,-0.6616352738863369,0.9193989515416242,-3.0158600160386033,0.41355407074042466,-0.3328884264935783,0.36858806215866535,-1.177014324483692,-0.523828329295133,-0.013192275213885905,1.5540570044050908,1.1347207647848636,0.8008833098539575,-0.00608930959325177,-2.1379689761295135,0.593356789767004
-1.0762763086314144,-0.784597764785402,0.2134285480633931,-0.5915735832142769,1.0143793880774146,-0.7503856775355535,0.8131673117421331,-0.19219049265076268,0.8583614529014094,-0.17899784373052618,-1.2159568632445052,0.05676799563631947,1.7744097070916518,0.8025459062603215,-0.4568844439002172,-0.6524743956905596,0.8231261569795186,0.7945436320482728,-0.18231630658348008,0.1045973240483161
0.3432685124604817,1.5699883501692558,1.8876099829540707,0.04595706835880237,0.4995680136694413,-0.044929895844690274,0.46150554370143937,-0.5466877418825931,-0.9788241637088003,0.32841862526497423,-1.0210238669491278,-0.5224076446069468,-0.6337994263457286,-0.30993731740897656,-0.7478202693511955,0.8982300593467991,-1.2955502766669695,-1.7528293919192943,0.3810845251201377,0.5958756051948766
-0.14067183939723021,0.0976049945572744,3.2424065353285414,1.6754401825455094,0.574031854889313,-0.7106503409065851,-0.31115583913531236,0.2817206109817334,-0.5137007891843951,1.0517737159083465,-1.6037101311578814,0.35966242783829555,0.5484546791165751,2.057457359011917,0.6235421044131277,1.3991308456910334,1.3309546603424367,-2.3781427776774575,-1.0736914288395107,2.6396810856923154
-0.7206382963545855,1.667199953393545,-1.3816461921462755,-0.3176943532499629,1.3106717839548052,1.2337929111085488,-0.003014296465083376,-0.6619192247574032,-0.04916265241381697,0.16201838067227659,0.542933550636094,0.14818607250339585,1.0939421788407977,-0.6169729685328963,-1.8472724138119097,-2.27616538808157,-1.259744514102004,2.093948305849311,-1.3949817703914302,-0.20956601189758833
0.8050895977947864,0.4450817224856112,-0.708474528081982,1.1559893851361807,-0.6917420454422117,-0.008704742071698598,-1.5282517044129849,0.7788869178128649,-1.5650197793253886,-0.757511965733995,-0.6118872179698721,1.3354913797591907,-1.5765377591431957,-0.36652154345035926,0.934396758192035,0.3076110879723523,0.3113701866176314,0.10035163120025839,-0.38836159219959904,0.840622115867567
0.8565290893277699,0.45793847440389795,-0.8739624183262319,-0.027951642376862065,-0.8861118335236188,1.0492361397046182,0.3260307002623072,-0.9548361477980936,0.5944321673185179,1.0696791509008337,-0.14454270634180436,-1.0266463930381649,-0.08290046992319289,-1.6642747959176736,0.20721395843947862,-0.23696256855993247,-1.0177163991808271,-0.43657244310520377,-0.6230671119529454,-0.41638128053518936
1.544185478257207,0.28169306880334527,0.7855503154695662,0.010456305073117003,-1.1001532009064887,-0.0985203907880611,-0.24041694442049544,-0.3830376605332068,0.3272369306490897,-0.12051922044628569,-0.4403192432033819,0.1255592948233853,-0.3264866357721615,0.14760330140084385,-0.5040452204394592,0.6144187024445062,2.278849319592195,-0.35549586054523646,0.32330149757586085,0.14409494285722946
-0.21649646979363596,-0.5525269477902589,0.8874138973827427,0.5189781302433092,0.6385543169469965,-0.7852618786502966,0.8019372608141531,-0.5914945464403036,1.8001804322432609,0.02400262158745395,0.10818114997325706,-0.1611960624207954,-0.709447151864323,0.5085702757735402,0.016171350591995298,0.34908438675142234,-0.19466006016286302,-0.8957397025015555,0.4560151271071442,-0.13799446832371723
-1.6691085722983519,0.4333196765435459,-0.21008162361596702,-0.694263916895774,0.15771675959665069,-0.8190172973389108,0.4584642238068463,-0.17325768708411865,1.4954323674167274,0.2649424597318322,3.159433374003663,-0.9918066240324332,0.5350535166375096,0.5814305161411163,-0.20463794492370102,0.2367366744074511,0.7512119290473713,0.8814605298340988,0.17652758643132047,-0.05963551308268965
2.4456609030762837,2.859766300140487,0.8595278520667532,2.9762813514937783,0.7969365698680293,-0.6259043874956968,-0.3174500468174588,1.0032855479240645,0.03287861982893012,-0.6527928468428426,1.9557274630175605,-0.059322359898995626,-0.7052232217651402,-1.1955137430206204,0.6809213275612666,-0.021305209558812814,1.3549499583472056,-1.444630350055941,0.2843545988271615,0.5506557544053665
-0.9832662906361695,0.05546002973884069,-0.4046718936089738,0.8195345870017285,-0.2910485682390836,-1.4848436541564065,1.9489493643701483,-1.7015099415050283,0.6526024417786417,-0.6397788396036118,0.14611118333939732,-0.3251793103333015,-0.26538786554124616,1.301049796397433,-0.12332404315669493,1.4442498872681742,0.6643666985966217,-0.399582892697902,-1.6369593747397024,2.0753481242341127
0.8769176011567665,0.39949438016757066,-1.922059954762324,-1.2588944346089488,-2.861828670399348,-0.5061846063804872,1.208683287262512,0.9983754880950472,-1.0265442292779534,-2.119102016870944,0.08842894421287362,-1.0796976091484614,-0.7405177646619898,-0.2285191329690033,1.2038629105152434,1.9287168865918594,1.0115428295104418,-0.633542976230554,0.6410997434843192,0.4391207605871673
-0.6626518946404495,1.5367527061041688,-0.1397572735117547,2.744966885180971,1.9047065190199903,0.16211506815453636,2.553764117265722,-1.9124205820415914,0.5585177281383121,-0.6472854833171132,0.5463564848949892,-1.8047019284713346,2.1044501135316827,0.8264174449072758,-2.2885991551401443,0.148710768813983,-0.6547705786751884,-1.4706321580740538,0.27669455904761403,1.1995706308824898
-0.9042543268519748,0.24859741444430766,0.7043037396800449,0.7824591181810857,0.35370865497209913,-1.6808664015378907,-0.4820641369237001,-0.30855998832118087,0.07837741970996054,-1.269793007471102,-1.6881014651798265,1.0429771117970683,0.7087952614744338,1.333311531661355,-1.393069685703923,0.3799802951989676,2.3540876196906724,0.5814653270646648,-0.18206814125170365,1.1740318072191802
-0.5507464724725173,-2.0816914896712375,-0.18013809028617211,-1.1136976634638593,0.8852400858728847,-0.19475702031768927,0.156757512560978,0.24534651535401722,0.8338727580323321,0.8911466564583074,-1.4194299582446277,1.3368804986959546,-0.19168380057432077,0.07801268638557371,0.32505324109506195,-0.4266292502570941,-2.3347094645828417,0.5390877240377088,0.3305745997223309,-0.7861520830620276
-0.32578605013949,-2.609695250681815,-0.6596821291987414,0.03521407767352145,1.1945803850107763,0.4854716579480442,0.6242827833723475,0.8477211185721286,1.0618806598124528,-0.08914062369566049,-0.7761275708814289,0.4143655388484501,0.6609028849591322,-0.04409917839500753,-0.6414282439574054,-0.8165564804781402,0.5603005963549672,-0.03449793101387306,1.9899877918398212,-0.9178456654801415
0.4998403815792467,-0.5190872447732577,-1.7619137788504684,1.8434918043275426,-1.5515974055694943,-1.2398626859620212,1.6983840941378312,-1.3411792034873826,0.485864665287596,0.5030076293551516,-0.6584503715859147,0.5899725688086216,-0.7769753794431878,-0.872999646353249,0.11083248232433886,1.5884762105234862,-0.4939514243631188,-1.1845221185852919,-0.687841482034857,1.3264200815826084
0.9275741942165896,-1.0194978258524843,-0.4906065145352594,-0.6885892296976053,-1.287311470850262,1.3021709644714765,-2.387251482571049,2.3535412603800094,-0.9808621996209117,0.29285966225966337,0.49747809576134133,-0.6474348791098926,-0.471120759536028,-1.2973045974422268,1.651412278711544,0.390026111856598,-1.5362235057348905,-0.367142595358151,0.5491102834949836,-0.7749818741085215
-1.456500086453209,-0.15454830125527297,-0.29438003243112204,-2.175353796302896,-0.3757506532258821,-1.344609555177384,-2.1777580585192298,1.7859958379440108,-0.670601014269176,-0.7760449818376696,-1.7263606588437133,1.7973270069089402,-0.3788146400087751,0.040025198715083914,-1.2842523596233075,0.673621355276872,0.18231364507709702,1.7326370112348897,2.865583571455584,-1.0387662922364973
0.2153693338876336,-1.185231524980523,0.5210576181138153,-0.23849939620197766,-0.10406857144470277,-0.5078883789646317,1.9124429007158616,-0.762063979414964,-0.3096395767158804,0.03915323474019893,0.20608917171113195,-0.016029539216416592,1.951688027334993,-0.06087573948490439,-0.32441770501069034,-0.2504004536584471,0.6253790531951905,0.23437916206612128,-0.8677799061170255,0.20191882659801297
1.48897256304305,0.4254653782016402,0.016727093976105122,-0.1695755364512429,-0.6852800263254457,-0.5441740556736591,-0.13316085759610005,-1.3938087619466009,0.2011438415630886,1.6680369461725348,0.19773406827173176,1.7361127128381584,-0.24623413815815093,-0.3996109174839441,0.8936430382294466,-1.343874575642959,1.1348024495122297,1.8732484820564157,-2.0687104753262777,-0.8723608123349447
-0.40847403910676017,2.7080659029165464,0.6251510413423621,0.7608220563362678,0.6755292901883773,1.3715136200841858,2.069710136235683,0.5652650411979229,-0.3486392134758547,0.1612140383572845,1.3516156457618165,-1.349586510987074,-0.17910479004532215,-0.09712169754762932,-0.16685255934781545,-0.04508762863382381,-1.1705927617801577,-2.005883403825233,0.8397910846928098,0.5946035284898382
-0.7288686176497341,0.14451158950192733,1.2090276401632147,-0.761445089767681,-0.35055104683060573,-1.055290558529709,0.12467575728762682,-0.15230801614787734,-0.3954180462857723,-1.393026154620586,0.9077162470887093,-0.2652438157376399,-1.0257012248763726,0.31683159732851995,0.3324178743716126,1.4402834802296034,0.49343971333776976,-0.6598701560177974,0.18459171221152593,0.6612568013335262
0.5176232469677057,1.625968957349805,-2.461221713955104,2.10130811980157,1.0449940659639245,1.2311315159636824,1.7309485272753724,-0.6278408193227967,0.34170892955250215,-1.8046435908145746,-1.2354202016125027,-2.503674989739384,1.4662936277817329,-0.2547368379832612,-0.9584825233603238,-2.1293017388139326,1.5585622706760411,0.2321715928340258,-0.5309376779273032,-0.4393669681412386
0.387819281866391,0.3488736289629065,0.47929418349052955,1.0051033408199055,-0.01878046423492293,-0.46982884617261705,1.7761604790288343,-0.9951421935154455,-0.6755593144663651,-0.8387294603615423,-1.3004099490143277,-0.19376327121530426,-1.3587719060068684,0.536464026667327,0.39091910916201417,0.5097225240079052,-0.014034885315091191,-1.6194215103635448,-0.700688745953834,0.8600329105864242
0.8136192658871093,0.8353671573344108,-1.3200891563962787,-0.2582462973840486,-0.3436189953520739,-0.6735470464328508,0.0989662144213647,-0.37738129452218794,1.0591817383620583,-1.6878578277091778,-0.4644874137700543,-0.6942785876571751,1.479063735562599,-0.30715912073870283,-0.5077164352196958,0.3666598312380414,0.39838513093020483,0.511325738686361,1.683415793007367,-1.2780010483634179
-0.2430962964234883,-1.4385585994155574,-1.1118383818713173,-0.1990571738165401,0.47543743525384835,0.716139918856857,0.2636860938207617,0.7507276820992661,-0.37047095626754795,-1.6155243363181677,1.0425651371343745,-0.39826240320985756,0.6797433041782314,0.3521666814916719,-0.1912300448706819,-0.8580554799913266,-0.10069620543960206,0.9683692463423086,1.2972623563696855,-1.352218091033825
0.3402405135821193,-0.36634225427108874,0.37655082334855616,0.3082649030997503,-0.6678317941378384,0.40536701805412306,-1.2377285526589366,1.1555179739435841,-0.2780700633318771,-0.5912801895850831,-0.6634444990902497,-0.5420439494448968,-1.1121803328089888,-0.08110465407075916,0.7970965061845863,0.6685403630799774,0.5565131629383873,-0.8609790408022092,-0.40726559474202645,0.8667844879385558
0.938007382888675,-1.2707437409948286,0.7642027626498626,1.234901725610529,0.7707586339785844,0.3837517315126893,-0.3133418544964909,0.4394800003451065,1.1359551970226793,2.1694412315030096,-0.19417105438219368,1.647379951863558,-0.5289598769806984,-0.12722602547241252,0.6206883576810147,-0.5514048792273888,-1.654168380932425,-0.813111508440062,-0.03778537981378717,-0.2535430931468656
0.44572195981341767,0.39259810690305835,1.1685547849826208,-0.4787482071821434,0.2349545316284057,0.6694181243405619,0.21875821550713637,0.21191439989647037,0.4246905028115813,0.23720127858900053,-0.5360908321186557,-0.27179414662856444,0.005599679061916357,0.8241966107878372,-0.0833578917414459,-0.152765759550521,0.0567290908011971,-0.6710582794104469,1.427386165884439,-1.1912113976650225
2.67567855863652,0.15726416248414885,-1.1722409789789623,1.271210904937557,-1.4039436410619215,-0.6948138584705672,0.5277214527473159,-0.47645897984680985,-0.43795211559646813,-0.006206459545756825,0.1620575499656367,-0.41319803896477986,2.3369765317731614,-2.4361729527295397,-1.1269082304222078,0.7910786110165434,0.9114474175408193,-0.2418004218297944,-0.5405005539836322,0.7726807508709613
0.18048205155499175,-0.6112423485258381,-0.8487806051837796,-0.34514762424239054,1.03241910011324,1.7103741264808014,-0.868394083208733,0.3371320996108547,-1.7964079692301576,-0.25781237331123197,1.2598742215643122,0.5691799610130378,0.13873333529556778,-1.2388582468242109,-0.231810445891916,-2.445286369119649,-0.5502202499753277,1.7613190205585318,-0.22761026005993534,-1.3492993586547173
-1.4311396292612382,-0.10831646850032244,-0.2560803557652429,-1.3403987288515413,-0.6903057058753759,0.05364834273072375,-0.8105439796736179,0.9975812431866757,-0.8522447123087699,-2.17272439292603,-1.380950650663321,-1.4038346325534925,-1.2368709376792284,1.6783896455991054,1.3683258376697118,1.6659130464735592,-1.0694105202882622,-0.7495261608224901,0.050978417783497695,0.8521163259725688
-1.4271587514782778,0.272186255325218,1.1841324034179814,-0.20397893093513247,1.9518061235195394,0.8068108709394463,1.0088431054133824,-0.1550027026579927,-0.2384424590299399,-1.6828429183661688,0.12560087560882555,-0.4667857420014015,0.5947796356171833,2.0724819470263207,-1.1252867811651355,-0.7540785652119366,-0.036939593274828965,-0.22978945962493025,0.7505600833762791,-0.05552584948489552
-0.15589583770654125,-0.13442282709419487,-0.19506148390474654,-1.033038460719765,-0.9317423864860448,-0.4199175299613772,-0.8879775277478535,-0.005976383527896665,-0.73370859263975,1.0202937126179892,1.0104603793281675,0.7801655909343882,-0.5815206067383436,-1.177515062306808,-0.39313327585060454,0.44911735879634973,-0.14112578650992197,0.8610659220024822,-0.8007720250063279,0.5138916499050824
0.5533747961433231,-1.018757286358686,-0.060960124288249616,-1.4184426543908695,-0.7214040484129439,1.6182553645102948,-0.6071423797577089,1.0033888571897862,-0.6900675107544387,-2.7510577243957135,-0.3743745503361548,-1.724893002736319,0.2985092577821988,0.4301034259886206,0.22471313299168932,-0.18100400655790216,0.8172389813223785,-0.06945661311715415,1.4063551627373663,-1.2625541383957823
2.239288273814455,0.6745216755754402,-1.2255146053673365,0.2111687534846338,-1.153049686682191,1.1844572466448824,-1.0006030779895152,1.3701385276429623,0.05284158067440211,-0.9020649168568453,-2.1370217538184657,-0.9748022088348915,-1.167351097475679,-1.8173498128992338,1.3149902056075926,0.2246505681235122,-0.493994060539228,-1.0057125023330482,0.9439363532299958,-0.76785914498554
-0.280186521021126,0.2412420067133586,-1.049160774024649,-0.013479163738923754,-0.2613917513176303,1.0932350116119944,0.12863115482560716,1.053645401411382,-0.1799574734423331,-0.4077559579672597,0.9096570738280993,0.11088546530630934,1.595316281708421,-0.2021742365949475,-1.3546913554785125,-1.2789765687328918,2.397090652971934,1.2177669037370928,0.3000621076546592,0.1939224887230235
-0.12960041317024515,-1.737337138291276,1.107933337119915,1.509816957504542,0.6954253849427035,-0.3169378496180277,0.6858808438917235,-0.08730838347329554,0.5669286434130222,-0.10795704687057406,1.3606545275633497,-0.035176709250257815,-0.159493053076819,1.6067992788861132,1.3658519111451015,0.5252622805928673,-0.09287742574586653,-1.0638175582167047,-1.444042591025314,1.4764855208431822
1.1185975049986328,-0.12158531034006013,0.039755852088273376,0.5116767404693859,-1.5344938768873118,-0.7955973966073235,-1.4938072812469168,1.903597459860805,0.559119971418116,0.7785945819165817,-0.60106538627287,1.317157372638592,-0.44158233296207644,-0.14528678698685574,0.3638732802217519,1.3346269084985545,-0.017828956565987784,-0.7798122226018467,0.9620775064736008,0.0927272413083082
0.13566186811254186,-0.4090547972179549,-0.11296931255924011,-0.14933164781528255,-0.07320689353689479,0.02525082632688318,-0.0868457456697612,1.1026434456417393,-0.1123641275975213,-0.8726730145921687,-0.33392459538799896,-0.857649794648606,2.529840763887851,-0.09610605965731825,-0.9498875924061871,0.7303004354928899,1.0265158161811765,-0.4262797422255901,0.9807777880111712,0.7899764996788843
0.8754989998323465,0.6250441305294069,1.4437363287987086,0.5416462404440237,0.5946349275746899,0.21320255288092219,0.7391429893300727,0.16177064276809358,-0.4688933618236193,-0.6623283559714991,-0.219814391817679,-0.8243841605423987,1.8134870659110507,0.8630162819590361,-1.2001390962364487,1.0094898857940606,0.06880246275869624,-1.7559159598456384,0.22725222998683095,1.2955372620537982
0.3534340645808335,-1.2319478406380542,-0.9008902245903545,0.5668676746120686,-1.9055379999407245,0.49758382914749266,0.11208501040868245,-0.27447557198369615,-0.31220982402502884,-0.6558990583438525,-1.5203772038892531,-0.5575493512942281,-1.8010993041459296,-0.33155818028908723,1.2532668537313043,0.42803256024961006,1.323216075425308,-0.8728376513504778,-0.8663674332203136,0.7159009416433474
1.3381476172425135,0.4535809016631444,0.32328254458694505,0.04237991711409479,0.5324934417088488,0.9735410325801612,-0.33391167348341494,0.41745810701319147,-0.6205282800280806,0.4562462364181434,0.500813431414965,1.344441776262112,-0.059745393670148,-0.336401204555663,-0.841006625928216,-1.5265669058745102,0.6764440203040227,0.6181146612582418,0.06672805230992211,-0.6621226846571164
-0.8102004708036928,1.6020289853792655,0.30751953381050245,0.1033993505168778,0.7311703217588891,-0.8975918999494,1.5731699857047954,-1.091827684939974,0.972869993724536,0.4723345947238229,-0.4303568977962478,0.6296217659877467,1.0167697047868116,0.08537153523713496,-1.925921128784891,0.09907050768000611,0.20000521173905383,-0.05482281305057255,-0.7330941758534928,1.5943403640417535
-0.37819022604396096,-1.3618251416312475,-0.4035721304606674,0.347906312048342,0.660230918880676,0.4601017262957011,0.591952998632013,0.6687203338796244,0.3933882642857433,-0.040486673019019925,-1.031715562698779,-0.13856839180790248,-2.0687951441291053,0.18680024423624988,1.4501084884493594,0.034915698333149434,-2.3476566420342015,-1.4407056497263853,1.4422807380291551,-1.2017665128482067
-1.012732568375271,0.41020276868598066,-0.05382688844470266,-2.5204009445995905,-0.6232943762998501,-0.3447543547915918,0.5850445677714317,-0.3975710941233766,1.3260025475849448,-0.43960389463149563,0.4231715016023634,0.29840028788576195,-0.6810458563797431,0.003199549485894133,-0.9398019412480958,0.04568344458432359,0.07771845323308267,0.845509095776427,0.2766733792860108,-0.44307443976457117
-1.2272371504512793,-0.13733352195141024,1.5087536323509119,0.2687150871161431,1.5722437304058798,-1.4055342659607153,0.2884932990175585,-0.3475032360962459,1.4164718974336437,1.199320405698051,-0.20047895162353058,0.3316525276886077,0.6770609856189805,0.788443803027203,-1.143937034240662,-0.01891567455467115,-0.5236751495046227,0.21104617591331504,1.1131005594187295,-0.4633695744926687
1.351735904352375,-1.8516751654802408,1.4210784129833656,-1.5186401383280512,-1.1651890049057372,0.34763661757221465,-2.3143470583778503,0.19460690344611983,-1.1243738604051647,0.47035863944823814,-0.9108721722193763,0.5843588383978128,-0.6925163877066042,-0.851052001298798,2.095303748131056,0.5515442864778113,-0.79351905725284,-0.28981852883165105,-1.8828707419544706,0.473589913739475
-0.5731452501658885,-0.6826747460006003,-0.6594791786472378,-1.5470364083047174,-1.0139523457734465,-0.5828910591827487,-0.481158135354206,-1.8793541614742149,1.541810468475782,0.3484636338817923,2.328080737183488,-1.1383801375742315,-0.8414365695495029,-0.2172643001727084,0.9123490494684976,-0.2860192960040012,0.4491343976739057,2.2643016650444845,-1.3416496381532859,-1.317796623746114
1.149430586054506,0.12896509524029945,-0.7926962279310263,0.1827407678239851,0.3796645443836916,0.5736546701588551,-1.0563278034972687,1.4022017817639838,-1.2395704102845793,-0.07336494012248074,0.8972752635803972,1.0852806953221097,1.755500685824708,-0.6484504358413767,-1.4771650409804593,-0.5829903868770191,-0.4525721801994736,0.8052915287610712,0.9647216285460086,-0.5680118769034141
-0.642303430187773,-0.8955895462007027,-0.3244306784987118,0.8094238002066299,1.3397244836739146,1.5636740442912553,0.31482385805477514,-1.316698440224669,-1.174075060136336,-0.2746263003870019,1.5247479395331704,-0.21006402855063816,1.961073757325034,0.03245041222024688,-1.9693640751261268,-2.00495977070989,1.6129476916315342,1.5396926303726957,-1.0823590704964983,0.512310218753311
1.1990023290830933,0.5188371964619168,-0.6559560344754358,-2.0656879707384985,-2.8351983063335244,-0.3312762319879996,0.38096690226366564,1.373090464531109,-0.8754022072556087,-1.7470131654733894,-0.1515875797239138,-1.4252975104598067,0.1286387268816598,-0.10317600895994551,0.9311225802784363,2.750946015818991,-0.872462704314168,-1.0950298152115518,0.8043481525498881,0.4964717237408037
-1.2016909756936986,0.4383089756689844,0.04072097028168967,-0.6786508178627865,0.7156036753529121,0.28712646671172953,-0.8293844496114354,0.25028537798425915,-0.542951019090573,-0.23320368676177813,1.3707568801015828,-0.9079246054907023,0.7214692737890461,-0.3683488344218483,-1.1123463177597108,-0.41254781775537286,1.0382610894128301,0.9191895139790976,1.2267208697349339,-0.5750036708887132
1.03799913928957,0.7132707955151448,0.6879600958432429,1.8827131885555186,-0.20664215156980742,0.23346569469483408,0.8437397571848588,-0.3673246533207541,1.1993181236706996,0.004947325203362568,-0.14599153356074676,-2.3846056943331,-0.9044509381171392,0.38010067272504355,2.1123320345923897,1.2022425627861135,-1.011307084459541,-2.38271657158766,-0.18071464722103936,0.2666315501593756
1.8028500259482223,0.8669907593898469,0.19791884059273565,0.3597866838552403,0.5314074429432903,0.3385160783173944,0.6362087237516081,-0.45044999829880283,0.6398611688804425,1.1129654656373396,-0.3430898869269588,-0.026314194693734163,0.6268129244803419,-1.610165218596208,0.40063833392794096,-1.0477806666839777,-1.2748682022593778,-0.1304711852696064,-0.5205863298962549,-0.6505112488342965
-0.3984783576475476,0.8217302764459531,-1.3356658482817638,0.03754964742476972,1.6894548778852572,1.5752862991754526,-0.7478758227400468,-0.32052160359228643,-0.6589005621498303,-0.7821617943469618,0.9424120081722936,-0.25192384214936236,0.3959876459575871,-0.4713475528537173,-0.7382125042460964,-2.100726286173206,-2.1631086936107375,1.7196489641597728,-0.3272204893859871,-1.0710749444319054
-1.42842801209878,-0.7893757148169178,0.13396841276304922,-1.7033544998635952,-0.04643835299574041,0.7442675319035181,0.5828262707507623,0.6740779289805557,-0.8148835487646146,-1.2627013625543622,0.7123594619980047,-0.7140769599329483,1.515886608146865,2.2502478138961886,-0.20310784636426776,0.5599220228661472,-0.12933439203578598,0.28442096222321434,-0.8077616219635978,1.2116443194947484
-3.634242834074473,-0.17456519613257895,1.3963537366224836,-0.6926671896083768,0.8391664278871229,-0.7375500582600772,0.27496519607050457,1.621646473597513,-1.1964617599774696,-0.19796467475995413,1.625071565424699,1.1073305452618358,0.906720965602962,2.4238609462344765,-1.652285750133104,1.5613475903520695,1.2170252140721654,-0.5638016068967759,0.6549639750135552,2.832643983616017
0.2930452460240824,1.4382725223245576,0.7285978084175427,-0.17835353444818958,0.6188414646099023,0.6759697814513527,0.4875009535419652,0.8848835858520017,-0.6355977244409902,0.6595721596232977,-0.5397479595540076,1.2572801120138428,-1.8608877035453388,-0.09930898586335121,0.05865854655729389,-0.32483596049703495,-1.6059646190974988,-1.063455854631144,0.27720123466835117,0.19597598388310347
1.960271163276387,1.073829198986812,-1.6368277274896288,1.7903134031635957,-0.7372377597350912,0.3307791061381379,1.0995631945321782,-0.8059742149200535,0.1263092077022767,0.2158859173639544,-0.047748940803883894,-0.37030803537374446,0.7071859891222295,-1.283475526918654,-0.2080324018456629,0.12441496006364962,-0.8380922475059231,-0.6367604147238174,0.5891049742153592,-0.5470491937064326
-0.7538319674647547,0.5894557467426883,0.45269012820841253,0.6636137589728116,1.564804728408754,0.8100116081673198,-0.31703226505313314,0.079700284986078,0.012462991635423673,0.5639745060139351,0.3320057202006516,1.7710516837757857,1.2692049317808207,1.078246566834519,-1.8686324948833342,-0.9202700101091628,-0.5265706009671226,0.45463525181850484,0.8203156733074772,0.017215758036822244
-1.7230858288814688,-0.6061357317483174,0.25595456329131644,-0.6843566985166867,0.3525067131640349,-0.2573440788875559,1.9782580082045076,-0.16014411267615963,0.4192615257835942,-0.9721430086605988,-1.2210816605517412,-0.5200942847249653,0.2118886419131843,2.065029852010383,0.1499621026017892,0.7820358713143374,-0.05327795644111228,-0.8230520932173087,0.08758884183351513,0.8498934962634623
-0.4040689006319617,-0.31005650079444547,0.21675670730083288,0.4692952348785472,0.8298143296680297,0.14386587040966065,0.9424609061761298,-1.096788212660649,0.7170141800991269,0.8050473672115327,2.3458509935632312,-0.9275252094466674,0.6213066513736978,0.5400818051057517,-0.40011081148353184,0.17988658789623443,-2.180214230269689,-0.29198933641423747,0.6772559827219872,-1.128997834030031
0.939804527725506,0.8004937741398168,-0.1678362673208492,0.03587667290490889,-0.001108651982588283,0.3334982195407158,0.2411830480586555,-1.2385267342919872,-0.9627209738413166,1.269994196965834,0.21772439082753914,-0.621636713030351,1.0866853142951178,-2.54443015297577,-1.5787369844712182,-0.35859800216165166,-0.8235788903969381,-0.20707428354450674,-0.1319312598113935,-0.30553091618753053
-0.6157965817774096,1.102372715166511,-1.2451619690907525,0.051754836267337026,-2.611660710176075,-0.9118671676856586,0.508929048019645,-1.10969372589418,-0.8643437126023107,-3.096337656075199,-2.3167457729611076,-1.4856933763303277,-0.8608851612317571,1.4342442842311458,0.017777075571823862,3.1124983889629765,2.1337335927777983,-1.4657849626585988,-0.013740063936415628,2.1075086486410397
-0.2208892368038435,0.8894032298246091,-0.6516435890587746,0.00457732426043033,-1.1366022171444716,0.12073532190225994,-0.08476933269280322,0.7570966675002568,-0.8034857076673166,-0.3893334097271604,0.4823938108173798,0.44828453989532824,-0.13384598681247678,-0.0495189333121334,-1.1732809524200951,0.7355351856629373,-0.1732049266380715,-0.268106080908193,0.7645457305165605,0.2701430265578451
0.2154134326893912,-0.9362005962471744,-1.221264170239812,1.0426634742661098,-0.25966015832956674,0.8518253409646486,0.2071821989898706,0.04330640383278865,-0.7823430249543813,-1.3751698708226774,-1.1288678532573737,-0.21142241140136514,-0.5852903218929113,0.13783138535136719,0.6952134912312017,-0.40192042671473954,0.8242313587819332,-0.283285689564085,0.6894197116787707,-0.4682398590665804
-0.7919832766009499,-2.2205523908121454,0.17952517274411073,0.2758546577468036,0.5281850854273841,-1.1614488921958634,-0.5948180655594031,0.16191535288301193,-0.048461650723229534,0.6146529614232288,0.788972123055484,1.5087628985434876,-0.3578073456956745,1.1177751247564298,1.483902608445361,0.3294459008499388,-0.37955633741213324,0.5384926204978145,-0.5274880187421354,0.40741281854354033
0.4472857065410305,0.2685000544983514,-0.1333115526425657,0.46958475158240487,-0.8696405327624447,-0.908109544782415,0.941383316594523,-1.2759704537010021,-0.01972145066455841,0.5570143745329518,-1.6388559762405395,0.9522353052606849,-0.2138042202051105,-0.11359450501267326,-1.2374590396066412,1.3557346687726692,-0.49124641104870154,-1.1400439525383923,0.5669305886090817,0.4075055961754815
-1.3844065161337495,1.38408574035026,1.2137030252995922,-1.034310552450742,0.8008294564251717,-1.0976556773557136,0.5793473252267076,-0.8085623083123367,2.151478332928798,3.0795842719116,-0.20989098479933463,2.2041298281166744,-1.4704574520640787,-0.060886990053260835,-0.5207802949481212,-1.1429373816123967,-0.37483597265147267,0.8725426801353721,-1.2653767227565,-0.139266215572985
-1.3009126934202822,1.6431428956466057,1.7630663416766137,0.030279079546244494,1.7891531641827467,0.3055438468738013,-0.04633731702602247,1.232857358830836,-0.6319120521820467,-0.21724306469650603,0.3128497355184564,0.4851433669308995,2.0726645890721915,1.8245518730299173,-1.9268450280353338,0.1838518002864553,-0.1482194875644143,-0.4417547124408238,2.173721419927104,0.3611786793989858
0.17962617106126755,1.091176373141407,-1.9601441310686856,-1.6851468450387,-0.5914689467663032,1.6672054591423073,-2.4606537154930117,1.0904936145933293,0.3654819340087516,-0.44280975652104354,0.40595103863297816,-0.2492130091665246,0.9355617441554064,-0.7102666988032179,-0.689216651806753,-1.1853725080462532,-0.01736467979373322,2.197644694295814,0.9363619994527901,-1.5289144506072438
0.26695568651198737,-1.5131173806039813,-0.7194757759244019,0.2691149083565864,0.4871589298863809,0.6597971594094436,0.15331500821593405,0.32497336055856957,-1.3357839786034036,0.28611076879969166,-1.4463713757154435,0.0026014459023441325,0.1191340080964656,-1.0356991390006205,0.8467306667444854,-0.22112207209567714,-1.8524202061421784,-0.39128923530262893,-2.1877926908604275,1.668385491359965
0.311323866855546,0.6594627251600998,2.2777893183881135,1.0661354306968716,0.5400312041682862,0.6247946924129983,0.8470991161442054,-0.10346665526845408,-0.36692731667750955,-0.3778648712545899,0.42375161880863144,-1.2103343964317606,-0.4959951699383089,1.2115238459350446,1.22597439685988,0.8318520209533083,-0.25433137438177034,-2.5267137463903153,-0.5490250520789871,1.276970754862799
0.24177880592065898,-0.19855242525465544,0.8527989210650462,-0.6711035867016318,-1.3274062734463552,-1.8872902845687423,-0.07922765911285069,-0.2288769515557625,1.2226954363830682,-0.1103886589116924,-0.5382516834356474,-0.076989041132659,-0.5183166241275272,0.42094125346274647,-0.37591969651334417,2.530583011666001,0.002449153544907293,-1.3123957103853472,0.5355784469833249,0.7771028069562022
1.7136088818398993,-1.0538137391675222,-0.06345592219615763,0.7080533996219041,-1.4524416616185596,1.6081211886245437,-1.3496499899244183,-0.03469029907493891,-1.648063318766842,0.10486073297601237,0.37372220220846575,-1.0305908035306601,1.2133519052700188,-0.6867451905553498,1.399685652911718,-0.4112438563300507,1.1886886666546257,0.2289216081587493,-1.9495181086348141,0.615579059758856
-0.05132784873751086,0.2877103110704287,-0.1797317499322688,-1.1957054546527084,0.302991551049378,0.8769046888586242,-1.5306068713165217,0.6297652918390082,-0.8346934053884117,0.04130222111764402,0.9550540964991868,0.2650851429876742,-0.7530053503270697,-0.7904084193876916,-0.7176958859548754,-0.8821305728550706,-0.48402789533594653,0.9600260858503297,0.6947904494706904,-1.3475305276080154
0.21073772877233832,-0.5774217270431111,1.1164560716225946,1.769089300538624,0.9186516920299816,0.004006214389704248,-0.42767190837994307,0.7985788541691414,1.7974878880946379,-0.3239808479265134,-0.8784043121917996,-0.9701779519949078,-0.6694824054944802,0.6730130528794672,1.25060493116185,0.19622486743823028,-0.20026446824037933,-1.5462942735645437,0.6032140161412994,-0.23939721729309202
0.2698448854982514,0.6271224534405979,-0.008169370183911333,-1.210565290319861,-1.2644854579451443,0.17350894345812518,-1.4988883666143662,-0.19611054166717878,-0.6266296582008739,-0.9956845763528842,-1.09718712504823,-0.033988336476545325,0.01758931505051109,0.1952707212552259,-1.2843440341155081,0.22748500927232126,1.7107002378376417,1.1084985152095914,-0.16938996236397352,0.12156529219141282
0.2514775174226764,-0.9199819923574403,-0.85263715040714,1.3496428916010317,-0.23760988085850773,1.4909519984031905,-1.050368783737244,0.9948261724304496,-1.0632912623388735,-0.35087258235725377,1.1806326353908605,-1.474565416531565,-0.2920816358066086,-0.49793583004577535,1.1869309377652388,-0.3218410143246428,1.001171793356828,-0.595399931893787,-0.6283966556106046,0.5467821602510315
1.8021533344796659,0.7231811556292964,-0.04090830147846778,-0.21681157142165025,-1.1475740302734008,0.5412320109689271,-0.21480501250460157,-1.5650384913490165,-0.1213661411248892,-0.33421404921207376,0.0018470916353602491,-1.1228245024081538,-0.6500910247683258,-1.1155795454625579,1.014643482353433,-0.01400439585977252,-0.6024728068009427,-0.09295852423913993,-0.9057302437410611,-0.8046787738983588
2.0643170993199833,1.3249274338728563,1.5296591310799095,1.2566534307476618,1.9592865414836516,0.3405628548120842,0.18719550613635672,0.6191453352193592,-0.36377507767393974,0.3501378831338524,0.577294163230134,0.9535295893515439,0.1788185867638602,-1.1975286873500057,-0.7408070287391773,-1.465250872871168,-0.9999856803857715,-0.7633286961130858,1.3555570859709374,-1.3093425967145358
0.3898313792326587,-0.3448725266275943,-0.6132567794894203,-0.6560081667442696,-0.8232075373196492,-0.6130350904614581,0.8794703603276463,-1.3267394101636873,0.7577592322979111,-0.5017098434530829,-1.0712876355015228,0.30901295592265965,0.08548096698483197,0.2385945055609263,0.09177321623984351,-0.039182898114303935,1.135550749328392,0.5052736998418722,-0.902083920140728,-0.17515944661554753
0.48890116214971563,-1.1399715233483927,-0.9333616953182536,0.4581991030753429,-0.34589555079184586,-0.23289203540373035,-1.292921022346523,1.1633301866841514,1.4291798813293792,1.458420349675235,-0.10695849368994402,0.8302849204843501,-0.7557018523679282,-0.6691893504779328,1.1360829995099484,0.04020937613404157,-0.889922756136593,-0.09358069683900937,0.48628838387090395,-0.8227608608520581
0.31929806609391914,1.6860228668175927,0.42693870389069655,1.9391540110779546,1.7554220620177479,0.47316690391162347,-0.9776828205837479,1.6883947452879469,-1.3882633771170327,-0.4710894697901831,0.913888136259039,0.349419679063779,2.2292825454498253,-0.5274663720165778,-2.4932993527717247,-1.0380098441953174,1.648221632404933,0.1641395049548959,2.3338949564746754,-0.31105345146847546
1.2900185975341072,-0.18895482513175532,0.3169279274470426,1.723582725533561,-0.1895323328200987,0.31724846140409935,-1.5986281033717469,0.6555555247599708,-1.4545264897832784,0.7395874949708479,1.1756023179568607,0.9906807887905343,-0.8737340727012206,-0.8469074991341534,0.4751703253094615,0.4745081040795592,-0.16820990281873544,-0.810792442570237,0.7754099269673106,0.04785198414526544
-2.6159770169574665,0.050126513463716826,2.3795987367102636,0.0909306127486844,2.173899838895992,-0.4536007335115963,-0.09724160379336176,-0.272291637952615,-0.054449463681956585,1.2583589501417418,1.4104490250421386,1.2761390671766226,0.9889850243350937,1.615149191708029,-1.5294032313626107,-0.5820042605094512,1.1011750174265662,0.46832795150427303,-1.0578173273874223,1.7207392774892913
-0.922714916901999,0.5595161071084288,-0.10077253644242876,1.2037027597655878,0.6825360690793693,-0.7018334675803077,0.20234450438577242,-1.6699823509600782,-1.2556684023502642,-0.42511568036729164,0.5864281478240052,0.052397512715775155,-0.24492896624898364,0.7101651580785094,-0.7742736362985903,-0.44681165242320986,0.6038006504006368,0.7178976388325375,-0.5357103695881804,-0.09231610264922539
1.3805927035710113,1.0019769282592796,0.6851374487079132,-0.21806082803515822,-0.3489574973180962,0.8794044224886014,-1.0268061379806288,0.08529708044949846,0.5534104185124237,1.328004547585135,1.6742390340662974,-0.26620423859181735,-1.2283238498377491,-0.7927178968005113,1.0654779760144153,-1.4575190158079605,1.0301339287395206,0.7957372174905964,-0.2888265898743561,-1.6632815117284714
-0.16687720819761867,-0.8049404303574765,-0.8309992250969488,0.11045043816931767,-1.3503918862816733,-1.0693777591470686,1.2155377484404655,0.20521248905933998,1.0175062919222724,-1.7456823067716807,-0.9169839684977098,0.022141974054721892,-2.4132744926281435,1.2281649619339738,1.9314091141163163,2.0833867000400583,-0.7328359922587354,-1.77141534981326,0.5352699250661871,0.4401989894190068
-0.17119133219210353,1.2830667730027498,0.7236462957808355,-1.1465045757205297,-0.9771643544776396,0.14393631925966646,1.1336857160020795,-1.8835158217816146,-0.31554240827798963,0.6542551421688984,-0.6107412371393403,0.2999238366516915,0.006163470630324688,-0.07388741001628861,-1.2105704348189017,0.4266195578162677,0.4407437182922184,-0.19854458697469016,-0.9981420460610237,0.8611075622984936
-0.753774795523412,1.813261298439214,0.41563511596417485,-1.1449825430658405,-0.11300052324045544,-0.45397310320334994,0.6606636519043667,-0.8908174067809819,-1.018619590197813,0.02922444320334468,-0.6486303056971158,1.3096249696193094,0.566205053782072,0.4036669188768852,-1.7130765440641222,0.17486834075832614,-0.16731511697745702,0.3491013938564419,-0.6195086250761828,0.759759347699215
-1.5701233592009363,0.7024660837291918,-0.2459602284201017,0.36560703478794976,0.9604832361222447,0.020337903588694094,0.4331013747041852,0.6054068222042642,-0.34265181282034557,-0.092679840310716,0.22697282459549206,0.4337149013974305,-0.18353605580914467,0.6452338764152478,-0.49317643444443593,-0.47751998978054455,0.04349241148701868,0.2830397208588663,0.6454253896408919,0.16653606961334336
1.9744467853373968,0.26434515960837907,-0.9338806338178647,0.47501465457213465,-0.752023844155483,-0.4606881674943247,-0.3697306501119084,-0.3186681593080535,-0.03211976853931672,0.531628110637405,-0.4800973684700951,-0.04757359149109501,0.7769164866185763,-2.313726958026008,-0.2053588977845207,0.014477312796873823,-0.9709698454622777,0.06615285081288276,0.21792739255116433,-0.8588545708358062
-0.9714639938229347,0.18733315014802443,-0.6397551223480964,-1.3539521279876143,0.04023152603294209,-0.8064979502897733,0.8688846196397415,-1.9581240323642963,1.1040364369326094,0.18207641975721625,-0.07132619606624857,0.4966543233105424,-1.525429314564844,0.27976084499558,-0.6557546260040138,-0.9998464681016156,0.030328113429505234,1.8768435833418737,-0.33872112141813104,-1.440312841539585
0.35468332548925807,-0.7353023414238924,0.6013249398249491,-0.9184004636856345,0.1786842993391317,-1.2116751384045394,-1.5061920883672784,1.2677417118730159,-0.8424375357059466,-1.3247610719794118,1.5704592333242444,-0.6516058983216717,-0.612129389324483,0.234458465127213,0.9352518183055052,0.22835334024827286,1.5854103196387175,0.9606255990815784,1.754743658595006,-1.8614879453442665
0.27079287561817167,-0.11814949557630657,-0.9150558306223744,-1.0182565495420532,-1.8772116477384,-0.1158186131983542,0.2506951243967899,0.11941123625332785,-0.28906851933195493,-0.3979601765054989,0.5106082493064203,0.15112342053265182,0.2517136753885994,-0.9111824717722571,-1.130992606313807,1.1984472307617977,0.43835781349988207,-0.22366609316655375,0.697573240222782,0.3075008883381504
-0.3112704555907267,-2.8889228151408375,0.5132641809522229,-0.809505781175911,0.22157080206148938,-0.5406649999373396,-2.525911749902425,2.145382785649024,-0.8247300115814138,-0.39738411796205547,-1.5416466097760524,1.9057224059162792,0.598599523351163,0.6264927084371011,0.23633138189377081,0.4736846588919965,-1.1218977887845538,0.3967411418681888,1.0897611078677714,-0.4338632868185059
-0.1936173635332786,0.007450601986042486,-0.45562568112867435,1.440012226389726,0.4807463160502616,0.4586827922844628,-0.28894490235638015,0.3294409735802677,0.955775425884105,-0.07290494679764412,-0.17710277070700914,-0.6441476146381571,-1.9665790621272417,0.31035026022790024,1.4114481807312627,-0.49091103002364855,0.44049498130873205,-0.8143371603243863,0.19511049720053628,-0.25568181135043455
-0.5320899131633368,-1.2581702792092104,-0.8584997859609215,-0.29438923909039755,-1.2754163748758267,-1.8413520976641968,-0.5980775053034645,-1.0053556910474863,0.762382732240038,-0.017064836817349206,0.2076911667869911,0.07720154156208169,-0.3022912525303817,0.36360534974886416,0.6797576228668881,1.6457775449717682,0.2205677537134408,0.7139293455329874,0.23743002486984652,-0.20637810406965076
1.3493290494488774,-1.0546004936718176,-1.2340601455492082,-0.4532283180591444,-1.415357562808322,0.7500588882253085,-0.8980008516198447,1.1065027849920415,-0.24964772744832112,-1.3854746355029322,0.06466090971920274,-0.5781317677821953,0.16586793065571528,-0.29038370775592015,1.1968019255219067,-0.23980196898541892,0.6563193541504951,0.4278205588382472,-0.042961030602481125,-0.7778452230961821
-0.15230208015089522,-1.1854930080018846,0.254521477626703,2.6378324601469085,0.5956646226509342,-0.439907084299808,1.0664886968507434,-0.2405845533151337,1.1149704908779485,0.05050363858138013,0.7211398078020614,-0.9079734800986818,0.4233733489323303,2.060803688102832,1.1372754777566005,0.6722922038137753,1.021249529886506,-1.2016749889159277,-0.3021062150325729,0.7058497177916903
-1.046320170322112,-0.6365188937465256,-0.6616407837824514,1.4379620727582683,-0.10359648768199739,-0.5539724107957058,1.9238054091975336,0.4834946429786756,0.3272741050172063,1.1592466309207548,0.45583597948902754,0.3767775529584009,-1.407809282633072,-0.2917539039207606,0.9868121605780986,-0.0011587741291662426,0.4774370711456371,-1.2466425671986738,0.4319864448370852,0.28272644096178423
-0.2702969262706638,-0.42341277305230046,-0.9433656809872176,-0.9683427844155996,0.018257708947345075,0.2509996205938772,-0.693670400267989,-0.00949359766909366,0.029373311965768974,-0.9861010536824957,1.6717788427237414,-1.1153259953774075,-0.061968920710950275,-0.7512878871654737,-0.5395114577942812,-0.38815969289777885,-0.02503845397822426,1.153491634722431,1.0244374945159829,-1.568739838937745
0.5544302784814953,0.24300090987524312,1.1520732002320164,-0.3249922682410268,1.4559432148728306,0.6252988728547296,-2.151845198998351,1.027575244691027,-0.4752398913544453,0.22092268166190493,-0.5740717472981194,0.767684201753074,0.7896272279348158,0.12413593978148553,-0.7311868351780224,-1.5582760075982347,1.1465604673450085,1.1564705653597236,1.474075510370814,-1.5226304503092825
0.43452145246025564,-0.9075637474962477,-0.5297520749339686,1.0708651264879985,0.001333553325403392,1.053658769905547,0.1568476448225586,-0.7966020971048065,-0.018111147938557916,1.8037591818917285,-0.39399589985534056,-0.4545890750985731,0.9253745684129591,-1.5439644559997956,0.05273688713591834,-0.3826208322849124,-1.637785037316022,-0.249065608004637,-0.7774803247639753,0.25646508768947884
-1.1107091259348894,0.024959339095001854,-0.054489032426685305,-2.202119841331201,-0.30184033475968636,-1.6159800481659488,-0.5364571837312642,0.39130519899998534,0.8748309984665917,0.3033600457325669,0.31269127708716055,0.2001316748739594,-1.0977753477705219,-0.1271315879855027,-0.33522969265852365,0.8334980385284945,0.5523579266398898,0.8671823687381857,1.8964363087995422,-1.246510725201993
-1.3137602003771804,-2.0287000610535864,-0.9666452637765911,-0.9073023285363777,-0.1848655323682517,-2.2878390251935024,0.6671164701878876,-1.5814615196276942,2.4414142542249246,0.8284392819377614,-0.41892462546326636,0.37251790006474467,-1.4966374996466503,1.0922627900348019,2.031948956708128,0.11412912980801537,-0.7435350539174828,1.7428167369664875,-0.7815922011444184,-1.2520127759961985
-0.1510986899472251,1.0999284634523299,-0.15241025782955994,2.250824631044538,-0.6071673922860811,0.04650623556824187,1.3153062240956666,-0.5396972548480796,-1.4435102354432958,-0.2787882637484812,0.28973807136936214,-0.5117001196877866,-0.44461109777457536,1.1078523788764227,0.9267480022718975,1.3006280798260859,0.33801527593472325,-1.9911802882302163,-2.2283564575203223,3.0913042048970647
0.09157801812015995,0.27518558884113153,0.9969881867626041,1.0731665713347636,0.4798323157216874,-0.09749137507029343,1.1042004111233468,0.9431551717379801,1.314394773570277,2.286336214756897,0.8999682935422263,0.5505957509423652,1.0398048137168208,-0.35080245184050185,-0.7098258263653262,0.1341712764042593,0.09818244279406796,-1.2154721111645583,0.530434097951045,0.563730477234203
0.20151793718144187,-0.06584484788100119,0.9022355017687329,-0.22988652223206446,0.902583488521256,-0.11536458920000718,-1.3976669223401321,-0.006591584652576035,0.7721595538140649,1.3579898440971374,-0.31175256589143474,0.18815029320642343,1.306928917053962,-1.124679683463255,-0.6937388210463619,-0.7589505732660075,-0.24689204477363957,0.7429687054817459,-0.3307057502996097,-0.12575277841473675
-0.3049224992222573,-0.10750262297683107,-0.36593474561300743,0.014737526010649742,0.18375864190726238,0.4045695602418999,-0.15439856195664814,-0.13586945319657853,-0.21394378154301935,0.20255504685397105,1.2308716028071158,-1.042893285871744,-0.3314410148212254,-0.3387492839858934,0.4488547385118037,0.06311334221444866,-1.2996106320855825,-0.025329707583251985,-0.18567883889578715,-0.24344689656091606
-0.4308014753938829,0.6240650558061009,0.09736986360386432,0.21144496904467042,1.5290576757931684,2.55483398887151,0.5521042171704948,0.7459064179076604,-1.9357510868878682,-0.5287730433566521,1.5996407713029772,-0.5038401306847631,-0.40287237257452635,-0.45903170750463373,-1.2886132084591781,-1.6702049983278437,-2.1658732086748884,-0.582619971920001,1.814732485331652,-1.4635887445822449
0.3047336175500799,-1.7200128750572754,-0.3798272131921444,-0.7123611504361544,-1.0653081901956951,0.1438297519705893,0.05195435938947281,-0.8073291785388371,1.1940889063834035,0.6330711703336911,0.4106776120834814,-0.46832713323335246,-1.2861660520840097,-0.9763468964160187,1.6764694283869168,0.43536674020402927,-1.3849266866303094,-0.38798951861357833,-0.5524723034789031,-0.6433417888129339
-1.9249505320298317,-1.1775646683637389,1.0604051728097172,-1.4823354008199707,0.48290718989645065,-0.07444065272498608,-0.21239906083588675,-0.5176400415626193,1.3045551359036471,1.3021848518426795,-0.5051466442777043,0.8905795189073269,-0.12247750012706123,0.9617993935751028,-0.9639333215873233,-0.4497693947006043,0.01246689469458121,0.8839936698789762,-0.9608650887924333,0.36592898077800756
0.8142450554712238,1.3380827243875486,-0.42685325516060235,-1.894396942248282,-1.5473618011025787,-0.6175258521569786,-0.9060036817163266,-0.5550850203960075,-0.03295236589938331,0.8905127212767973,0.18438355823995425,0.42991273656530044,-1.4014820338316671,-1.366338120116012,0.8527569384646659,0.09871033075629378,0.05381268181363343,1.5208918579058346,-0.839768207952831,-0.7553686444062191
1.6079103243357815,-0.5040002076303206,0.23943431520189926,1.0175014844737722,-0.4521093023249679,-0.33398389247443083,-0.4409499323295054,1.1303510095152456,-0.33157061182773423,-0.782867956093081,0.4006412326747083,0.22317048536941528,-1.6620085146193289,-0.32639213651253907,0.7059225528393107,1.0732200053414185,0.5039897676294001,-1.180808730628729,2.0101877302895437,-0.7264024520666551
-1.0608534589012046,-1.134656181876786,-0.012370799204277383,-0.9134063269516949,0.499871035107384,-0.18468398868529012,-0.6862411359918077,0.10620900865358515,-1.615475067687387,-1.8693259409997276,0.10162333531287618,-1.221573108789132,1.280208507137667,1.2342975751660368,0.31952731065428897,0.9436913142501132,-0.2610864116885656,0.41692786971108853,-0.5787106088999432,1.2118953783729702
1.1947694172319119,1.3748156373467337,-0.48061377779439557,0.3663521135746596,-0.471434778665488,-0.6949621584746162,-1.0595376901549094,1.401998471220661,0.03351775865837938,0.032310277349874315,-1.6932747860738724,1.3562906689315128,0.045240246988984385,-0.4140562837070922,0.3650825489575746,0.40790284807779786,-0.14283526463583854,-0.027278801170697985,1.5396289171474469,-0.73831321886835
0.80368586186931,-0.5872568611189204,-0.07745470405601036,-1.0941313736414446,-0.3855269557537574,-0.6585979371714387,1.5866138337960445,-1.5690767819978932,1.6557069096863748,0.7837567515274741,0.0019724544990490857,-0.013653193309924167,0.019069311835801864,-0.7079185827621424,0.04274876388061397,-0.3317467728135871,0.24727594030685454,0.39488203837361324,-0.004103808669169186,-1.30428124962221
-0.20063659489892247,1.8810999060259443,0.7213369924108305,0.2893512394921017,0.46661192353581676,0.9923100895067253,1.0650853028888712,-1.2049076745816654,-1.3822413718653197,-2.0918594301950266,0.057668239343350365,-1.676476941312728,1.7317166715993415,0.43963618211477035,-0.27219799855576154,-0.48066321304497167,1.7126017730359797,-0.2665861046507667,-1.3120473112490774,1.433729906682991
1.3718643469596046,-0.23478634115982538,-0.3512923865617936,0.4185991585086056,-0.9455379044789267,0.9246854470455751,-1.6280673378519093,1.8376040308706993,-1.4992103179093421,-2.0748171268092466,-1.5092086563031077,0.23027212387065382,-1.3307613253191781,-0.29362512938444,0.8605057428465974,-0.20676495143100979,2.2763060286797425,-0.6973786102481938,0.6773701153345006,-0.1282843345433586
-0.9919405396293532,0.12405274119729637,2.3834104128070543,-0.16922326820518938,1.1846082028509817,-1.8476792111676312,-0.8036393097215561,1.929819476836905,-0.26921673795695217,1.1288452643561018,0.8043051305511622,2.117098848508823,-0.17748957768839815,1.1566704748205097,-0.26795142577801323,0.7404826588439962,0.9502939680914776,-0.28125887748875555,0.8346725018764009,1.0268508591887788
0.5976483098926296,-0.9484199610684532,0.24312658670652487,0.14545761168513424,-1.1770623967532525,-2.2492068790822914,-0.7639294699121297,-0.45981833353763185,-0.5130373348353903,0.23274669068531373,0.2101297664424418,3.1093511570561176,-0.07371104893295427,-0.0981536730193043,0.02926008098777638,0.9038811218596693,1.2793006554050792,0.9922691284669402,-1.623315001451369,1.5062144877409733
-0.4129581348338949,-0.5595573374154093,0.039052493957213066,-2.0410576868598995,-0.8025520535403423,0.9081550925049581,-0.8362183328916927,-0.26376009125353744,0.8963916773294204,-1.5716252428783977,-0.722173893762467,-1.6994829292963363,-0.7060277258244761,0.19541749830064842,0.6499026760106398,0.4697175054516827,-0.35845450964026265,0.21860663093794006,0.8821130831935939,-0.9169367786578478
1.2210402159440057,-0.9714366395124655,0.736740614058597,0.4228638236462969,0.4222880519105658,0.12820796063129855,-0.11955283909587451,0.26194206423203653,1.4813775603561445,0.3990813243780582,-0.2504339937384726,-1.533191526128055,-0.7597796294218295,0.012891974524142738,1.2842340170939535,0.04701902423548311,-1.0598048993946965,-0.9023927476356288,1.6044683846245693,-2.1659865077281357
-0.011630632337329966,0.6138977602174043,0.7361091091805912,-0.17042779006435976,-0.4921681493941012,-0.6675459648545433,-0.17723291927444146,0.20658469030908844,0.7134286731662212,0.8673981984328432,-0.6749703122699303,0.8932529729839221,-0.27976191771601155,0.5610600849733653,-0.6011793511169655,0.9567132185277581,-0.5089878889631645,-0.19066754485607834,0.6885752639161098,-0.00016248814427946803
0.4411917632719343,0.3802514585462989,-1.1140088847851863,-0.39942902254096097,-0.3037495644120453,0.4313212472611128,0.8585080522695143,-1.512437589808114,0.3519428536549406,0.08456294590587346,0.6013061590535077,-0.8117164296689074,-0.712722949231183,-1.0067820049762728,-0.024345755467733706,-0.9819910730468034,0.1917928737081084,1.0927817886969453,0.3035032764499326,-1.7266506304265585
-1.5740748726591034,0.3261775742247738,2.2108333746412208,0.974463948667737,1.68948111401408,0.8216920769187319,-0.5958986095477433,0.9815897334040538,-0.5457765226927411,0.05592840218325438,1.3030004993466107,-1.092040736090994,-2.037963453391069,1.561243463146503,1.5834929377822766,0.1028260808963909,-0.8646945763942928,-1.6863067888060759,0.24336351314045743,0.4614129195963632
-0.1663670664337892,-0.06041361873045666,-0.18489269591824906,-0.17766036201653762,-0.28264685027465564,0.7714418492337415,-0.5439151005743575,1.80260306013818,-1.9487777729130926,-1.7905498162646638,-0.27611055499981463,-1.129033229134142,0.8109078115471056,-0.5392690742714501,-0.08442041952856962,0.6026304949684429,-1.0248439421223952,-0.9300631663646942,0.8620845493938055,0.43024193283181705
1.114911552919212,-1.032129892672249,0.34844626269955425,-0.18647947720094035,-0.743532903910326,-0.07149632477745492,-1.2293337405141254,2.297774080866678,0.31871816473907033,1.709276281543448,-1.9800133273505967,0.9208650181533733,-0.029835679209243675,-1.454118423454654,1.4143250192846386,0.2780354223358646,0.2820695396165806,-0.8857259624772124,-0.39981643965270486,0.9727435609423886
1.124531823148051,-0.28276892359278755,-1.9999909065658759,0.39896092652992676,-1.650141953102521,0.9042049654637251,-0.06751323290411292,-1.2128663122800059,-0.1662277497239197,-0.746526211401373,-1.2366318929779965,-0.7169029247236857,0.43441221526876445,-0.35885163755101307,0.08292819194440035,0.03299984663866997,-0.11035984078701551,0.5256103946951336,-0.7223314133493592,-0.41198350090140184
-0.21611874037413445,0.1670151451878597,1.2275383730071094,-0.4799661768923598,0.7778870369795569,0.22080468371810744,-1.5596438397088004,0.0604289450878641,-0.03975450185842884,-0.0603128526756116,0.19476918197270426,1.2336309150669604,0.37057955999385805,0.30876529837052946,-1.0183256978798736,-0.7999837477396875,0.6505971536648659,1.1193752261792036,-0.35125798101395944,-0.0021446282341300777
0.6451023617107201,-0.5064340026685973,-0.608282087071405,0.18410835793363445,0.10452943391587245,-1.031145835869337,0.9066250151283111,-0.6414228955595196,2.3836740918272485,1.1203737105132245,-0.2636312815440414,0.7003299704354994,0.12918945425065673,-0.36644744558153564,-0.19878461192601893,-0.7430404747795025,-0.24409990145973895,0.8228365092637301,1.154121194862177,-2.1865767888060716
2.0227422609961105,0.28350896268005493,-0.05197399865138971,0.07828577431526998,-0.7848032541671922,-0.06254209955492555,1.0101882345294126,-0.30284744775259764,-0.5691795095030937,0.28919696739355777,-0.579781902464898,0.1749314144604125,-1.4714704098175482,-1.4447337127475102,1.4511358231381624,-0.04016651177181902,-0.48602473629813636,-0.7453958819948081,-0.5350118759052962,-0.4751571356152658
-0.008898829966557808,0.15798943435698234,-2.552561276174065,-0.9462087089342682,-2.0214742504347094,-0.2575903056789616,-0.8247788547502329,-1.1485782091011534,2.360331943859035,1.5139619211747248,-0.09972378206670669,-0.6608466457924375,1.790663476420124,-1.6390555792387778,-0.86423711646514,-0.7312442218013472,1.7528562470220435,2.716671087165589,-1.0424177643849988,-1.0094800740113217
-0.6861370012361326,0.7136621897675981,-0.6943919387614913,-0.897176109014574,1.0322099324256144,0.32662421403255626,0.7831237045212394,-0.5068952324396583,0.028724857217908628,-0.5320349161043422,-0.3350631571224531,-1.0620667265895654,0.41957006915112044,-0.2107233084840403,-0.12532555746393362,-0.7351165366450487,-1.0155527763287078,0.5115801631674513,-0.5120031773826416,-0.11394234505010735
-1.0141622731086315,-1.9274236579027362,-1.3710329094018794,0.1194695551969759,0.010786824478866279,0.08398171632679285,-1.576733006424682,1.2416321165793465,-0.6005920043346873,1.0260112474075762,0.22197275713394415,1.5301908447702655,0.1760442383260019,-0.3499090107919771,-0.1958751347878646,-0.16055984430789536,-1.5379718494617596,0.9734147646976912,-0.8191422756850487,0.5523668283861884
-0.5357881570646053,0.3756160120522579,0.024354408997864202,-1.2691772751579757,-0.3620497685704855,0.8704402498606567,-0.23990842477189558,-1.1114657994210306,1.669783037866343,1.1833412953320541,1.145180393777996,-0.5089860415523616,1.5108776882213926,-0.5983990615848572,-0.3053577485214758,-0.594698418759353,0.10934711356025191,1.5792208444133395,-1.220362707241246,0.12461015216296797
-0.5410261630769104,-0.27644040232956457,0.39203496228676943,-0.4792725167409835,0.07204214597640085,-1.2169238726872238,-1.6447018442595394,1.303072352989864,-0.01799233160707935,0.08687533126810054,-0.7143831691342327,1.0630599093241322,-0.3436481373260114,-0.0563496474695005,-0.13795138496439835,0.7406918233979454,-0.44049641888321456,0.2270606846069752,0.24397634811015936,0.44032460164143283
0.10166322016269655,-0.13506831127179936,-0.3919990173442027,-1.3990891940253978,-0.8050958046512809,-0.1094894656675812,-0.12953966290942703,-0.8033249107865456,1.1343123732818157,1.4722239617595785,1.3872242054621216,0.2284777251375102,0.7657875501754764,-1.5050120424247162,-1.576910492979011,-0.48815244323253365,0.797398431272659,1.557871016290956,0.5407453452655001,-1.3389845230749646
-1.0639829475400204,-1.5423984146113616,1.1478856212604713,-0.1012803684314442,1.0065484153532982,0.9009079790585105,-0.19961017030105446,-0.8764053128508323,-1.2173422779715264,1.5167170792277473,0.16622539556693658,-0.0195176482224645,-1.241877276799854,0.40695074140433424,1.461541712097719,-1.3141869317648764,-0.5078570717549402,0.40673388111395137,-1.720708966655575,-0.17309097762855138
1.484224146785409,0.4207778255440411,-1.501970536735459,-0.1269879690542855,-1.20412897853899,-0.7590284413914861,-0.6047496829135293,1.397158855458585,-1.9424091145928069,-1.312195306728447,-0.537481443626609,0.6096373657473929,-0.2756286078795304,-0.8770041402624684,0.5870407107072947,0.9272964425573326,0.17435217801272143,0.0005213964375107423,0.5814542186365956,0.15887094161356086
0.28050369326143665,-1.4425824651308086,-1.3170836145315015,-0.6461315200588914,0.6354942688931111,2.0075524782623777,-1.470904823254537,2.2852519314467674,-0.7094902114774648,-0.18234854153779465,0.805746428932944,-1.3699575264729786,-0.45657981386919966,-0.7924335183886592,1.4775451716213686,-1.516882456297371,-0.7589486465499057,0.6512165465444157,1.4641117039898193,-2.2351372047499964
-0.22769333280566662,0.2102859214509169,-0.31277666077881294,0.5355921591658411,1.1521342271636985,-1.5044476271688074,-0.1294771313629267,-0.48288707466891956,1.0798938719469329,-0.362767661794573,0.21867502587963353,0.35727269916656346,0.08149695819033774,0.40764994622420914,0.7491438653494655,-0.3948103075403301,0.4715518934661785,1.253094844777861,0.39568998547507556,-1.0889633183885756
-0.3212264510379455,0.9038165268248185,0.17352167620999748,-0.6871701091391702,0.877469362434853,0.8055316914771405,0.10203575948060764,-0.763092969976667,0.41786699423226453,-0.47961428968216274,0.3980416565762721,-0.9130364734356026,-0.8883995166769475,-0.09641420416926513,0.24450249292734041,-1.6135022422578122,0.5732211076030361,0.8081956668798581,-0.5700976396791261,-0.7659773838122591
0.6031991871301325,0.42765231993371217,-0.13401722143914513,-0.13300149759219704,-1.469267582749305,-1.4945819143248436,1.367857420261209,0.12958198186164915,-0.33495079469109207,0.3272481942139275,-1.7037121090223286,1.9623931348662915,-1.1132864307108559,-0.20228868899843339,0.5189133935721931,1.5955617620762426,0.18375629763089754,-1.0242481651222994,-0.44706718956402447,1.6979934045455038
-0.25104399409146366,-0.45119842077208366,-0.18169161004100112,0.37045174468894143,0.2855315240930792,0.6267190344999007,-0.12706081987878173,1.3009875600120675,-0.42804265688267823,-1.253912626256039,0.9853437779041557,-1.576946823021139,0.19085909328667686,0.7376327523564804,0.07942969283180268,-0.20157375637460706,1.7539462061440207,-0.388887535232767,1.4760288576273608,-0.8542714754062232
-0.7403906820396009,0.9058157584315881,0.5462954670434844,-0.4851951888668692,1.4130961324251536,0.3339905601615203,-0.4046276068013214,0.28701195389867146,0.755581071532694,0.7302078376755852,-0.912685180693492,0.4419445276935745,-0.3618266059394415,0.6047952309898169,0.24044070633551345,-1.3775208225395124,-0.2598866159891409,0.2605655098200081,-0.3705389188430717,-0.43670050692834417
